Keyframe: 0 Frame: 0 Frame from vFrameID : 68
Tcw:
[0.99962997, -0.024693172, 0.011407739, 0.08832074;
 0.011706927, 0.012005764, -0.99985939, -0.0028056072;
 0.024552742, 0.999623, 0.012290403, 0.015407753;
 0, 0, 0, 1]
Twc:
[0.99962997, 0.011706927, 0.024552742, -0.088633515;
 -0.024693172, 0.012005764, 0.999623, -0.013187341;
 0.011407739, -0.99985939, 0.012290403, -0.0040021199;
 0, 0, 0, 1]
Ow:
[0.08832074;
 -0.0028056072;
 0.015407753]
Keyframe: 1 Frame: 67 Frame from vFrameID : 68
Tcw:
[0.99951881, -0.028483538, 0.012281179, 0.087639317;
 0.013012256, 0.025624949, -0.99958694, -0.0010481119;
 0.028157067, 0.99926573, 0.025983253, 0.016324766;
 0, 0, 0, 1]
Twc:
[0.99951881, 0.013012256, 0.028157067, -0.088043168;
 -0.028483538, 0.025624949, 0.99926573, -0.013789644;
 0.012281179, -0.99958694, 0.025983253, -0.0025481638;
 0, 0, 0, 1]
Ow:
[0.087639317;
 -0.0010481119;
 0.016324766]
Keyframe: 2 Frame: 72 Frame from vFrameID : 73
Tcw:
[0.9996376, -0.020805709, 0.017081687, 0.09193632;
 0.017225785, 0.0067664366, -0.99982876, -0.011559436;
 0.020686563, 0.99976063, 0.0071223788, 0.03581633;
 0, 0, 0, 1]
Twc:
[0.9996376, 0.017225785, 0.020686563, -0.0924448;
 -0.020805709, 0.0067664366, 0.99976063, -0.03381674;
 0.017081687, -0.99982876, 0.0071223788, -0.013382982;
 0, 0, 0, 1]
Ow:
[0.09193632;
 -0.011559436;
 0.03581633]
Keyframe: 3 Frame: 76 Frame from vFrameID : 77
Tcw:
[0.99946672, -0.020420104, 0.025482234, 0.095710218;
 0.025614079, 0.0062212455, -0.99965256, -0.023752205;
 0.020254478, 0.99977213, 0.0067409701, 0.057176836;
 0, 0, 0, 1]
Twc:
[0.99946672, 0.025614079, 0.020254478, -0.09620887;
 -0.020420104, 0.0062212455, 0.99977213, -0.055061623;
 0.025482234, -0.99965256, 0.0067409701, -0.02656829;
 0, 0, 0, 1]
Ow:
[0.095710218;
 -0.023752205;
 0.057176836]
Keyframe: 4 Frame: 80 Frame from vFrameID : 81
Tcw:
[0.9984594, -0.022851981, 0.050562624, 0.1030549;
 0.050467923, -0.0047023492, -0.99871463, -0.037144184;
 0.02306037, 0.99972779, -0.003541813, 0.068079017;
 0, 0, 0, 1]
Twc:
[0.9984594, 0.050467923, 0.02306037, -0.10259147;
 -0.022851981, -0.0047023492, 0.99972779, -0.065880142;
 0.050562624, -0.99871463, -0.003541813, -0.042066041;
 0, 0, 0, 1]
Ow:
[0.1030549;
 -0.037144184;
 0.068079017]
Keyframe: 5 Frame: 84 Frame from vFrameID : 85
Tcw:
[0.99831718, -0.012357575, 0.056658026, 0.11471687;
 0.056680039, 0.0014381188, -0.99839133, -0.03348735;
 0.012256215, 0.99992263, 0.0021361264, 0.082967743;
 0, 0, 0, 1]
Twc:
[0.99831718, 0.056680039, 0.012256215, -0.11364262;
 -0.012357575, 0.0014381188, 0.99992263, -0.081495538;
 0.056658026, -0.99839133, 0.0021361264, -0.040110342;
 0, 0, 0, 1]
Ow:
[0.11471687;
 -0.03348735;
 0.082967743]
Keyframe: 6 Frame: 89 Frame from vFrameID : 90
Tcw:
[0.99890327, -0.018838154, 0.042864349, 0.13345864;
 0.042648103, -0.011734852, -0.99902123, -0.056822374;
 0.019322723, 0.99975365, -0.010918571, 0.13370024;
 0, 0, 0, 1]
Twc:
[0.99890327, 0.042648103, 0.019322723, -0.13347237;
 -0.018838154, -0.011734852, 0.99975365, -0.13181999;
 0.042864349, -0.99902123, -0.010918571, -0.06102756;
 0, 0, 0, 1]
Ow:
[0.13345864;
 -0.056822374;
 0.13370024]
Keyframe: 7 Frame: 95 Frame from vFrameID : 96
Tcw:
[0.9996168, -0.020095699, 0.019035645, 0.1442693;
 0.018718708, -0.015843425, -0.99969923, -0.090967081;
 0.020391244, 0.99967253, -0.015461188, 0.13949902;
 0, 0, 0, 1]
Twc:
[0.9996168, 0.018718708, 0.020391244, -0.14535579;
 -0.020095699, -0.015843425, 0.99967253, -0.13799538;
 0.019035645, -0.99969923, -0.015461188, -0.091529168;
 0, 0, 0, 1]
Ow:
[0.1442693;
 -0.090967081;
 0.13949902]
Keyframe: 8 Frame: 101 Frame from vFrameID : 102
Tcw:
[0.99981189, -0.0073550558, 0.017947501, 0.16459116;
 0.017711118, -0.031033561, -0.9993614, -0.095876507;
 0.0079073338, 0.99949127, -0.030897457, 0.16211152;
 0, 0, 0, 1]
Twc:
[0.99981189, 0.017711118, 0.0079073338, -0.16414399;
 -0.0073550558, -0.031033561, 0.99949127, -0.16379388;
 0.017947501, -0.9993614, -0.030897457, -0.093760446;
 0, 0, 0, 1]
Ow:
[0.16459116;
 -0.095876507;
 0.16211152]
Keyframe: 9 Frame: 108 Frame from vFrameID : 109
Tcw:
[0.99826097, 0.001024548, 0.058940481, 0.19435349;
 0.058935635, -0.038943037, -0.99750191, -0.075932935;
 0.0012733329, 0.99924093, -0.038935695, 0.2231985;
 0, 0, 0, 1]
Twc:
[0.99826097, 0.058935635, 0.0012733329, -0.18982455;
 0.001024548, -0.038943037, 0.99924093, -0.22618525;
 0.058940481, -0.99750191, -0.038935695, -0.078508146;
 0, 0, 0, 1]
Ow:
[0.19435349;
 -0.075932935;
 0.2231985]
Keyframe: 10 Frame: 115 Frame from vFrameID : 116
Tcw:
[0.99833399, -0.0027993936, 0.057631522, 0.22145559;
 0.057570741, -0.018354941, -0.9981727, -0.099618733;
 0.0038521013, 0.99982762, -0.018163199, 0.27015319;
 0, 0, 0, 1]
Twc:
[0.99833399, 0.057570741, 0.0038521013, -0.21639217;
 -0.0027993936, -0.018354941, 0.99982762, -0.27131516;
 0.057631522, -0.9981727, -0.018163199, -0.10729267;
 0, 0, 0, 1]
Ow:
[0.22145559;
 -0.099618733;
 0.27015319]
Keyframe: 11 Frame: 123 Frame from vFrameID : 124
Tcw:
[0.99993807, -0.010862839, -0.0024082672, 0.28023669;
 -0.0028081543, -0.03694864, -0.99931324, -0.14356396;
 0.010766397, 0.9992581, -0.036976855, 0.32859451;
 0, 0, 0, 1]
Twc:
[0.99993807, -0.0028081543, 0.010766397, -0.28416029;
 -0.010862839, -0.03694864, 0.9992581, -0.33061105;
 -0.0024082672, -0.99931324, -0.036976855, -0.13064009;
 0, 0, 0, 1]
Ow:
[0.28023669;
 -0.14356396;
 0.32859451]
Keyframe: 12 Frame: 132 Frame from vFrameID : 133
Tcw:
[0.99930531, -0.036011711, 0.0095974384, 0.35216358;
 0.0081105307, -0.041210838, -0.99911755, -0.15666835;
 0.036375452, 0.9985013, -0.040890131, 0.44369534;
 0, 0, 0, 1]
Twc:
[0.99930531, 0.0081105307, 0.036375452, -0.36678788;
 -0.036011711, -0.041210838, 0.9985013, -0.43680477;
 0.0095974384, -0.99911755, -0.040890131, -0.1417672;
 0, 0, 0, 1]
Ow:
[0.35216358;
 -0.15666835;
 0.44369534]
Keyframe: 13 Frame: 141 Frame from vFrameID : 142
Tcw:
[0.9997952, -0.020125175, 0.0021288057, 0.38557366;
 0.0012985171, -0.041179609, -0.99915093, -0.23300733;
 0.020195751, 0.99894905, -0.041145045, 0.47201324;
 0, 0, 0, 1]
Twc:
[0.9997952, 0.0012985171, 0.020195751, -0.39472482;
 -0.020125175, -0.041179609, 0.99894905, -0.47335258;
 0.0021288057, -0.99915093, -0.041145045, -0.21420929;
 0, 0, 0, 1]
Ow:
[0.38557366;
 -0.23300733;
 0.47201324]
Keyframe: 14 Frame: 150 Frame from vFrameID : 151
Tcw:
[0.99796432, -0.034718134, 0.053496189, 0.38982719;
 0.050752338, -0.075606234, -0.99584532, -0.12533566;
 0.038618535, 0.99653316, -0.073690303, 0.68858004;
 0, 0, 0, 1]
Twc:
[0.99796432, 0.050752338, 0.038618535, -0.4092645;
 -0.034718134, -0.075606234, 0.99653316, -0.68213499;
 0.053496189, -0.99584532, -0.073690303, -0.094927534;
 0, 0, 0, 1]
Ow:
[0.38982719;
 -0.12533566;
 0.68858004]
Keyframe: 15 Frame: 159 Frame from vFrameID : 160
Tcw:
[0.9992258, -0.034539793, 0.018836634, 0.39363939;
 0.016074851, -0.078563467, -0.9967795, -0.11732644;
 0.035908431, 0.99631059, -0.077947423, 0.74694324;
 0, 0, 0, 1]
Twc:
[0.9992258, 0.016074851, 0.035908431, -0.41827017;
 -0.034539793, -0.078563467, 0.99631059, -0.7398088;
 0.018836634, -0.9967795, -0.077947423, -0.066141136;
 0, 0, 0, 1]
Ow:
[0.39363939;
 -0.11732644;
 0.74694324]
Keyframe: 16 Frame: 168 Frame from vFrameID : 169
Tcw:
[0.99952632, -0.0041635735, 0.030491916, 0.40493053;
 0.030282572, -0.04344758, -0.99859667, -0.1285437;
 0.0054825307, 0.99904704, -0.043300916, 0.75454497;
 0, 0, 0, 1]
Twc:
[0.99952632, 0.030282572, 0.0054825307, -0.40498292;
 -0.0041635735, -0.04344758, 0.99904704, -0.75772488;
 0.030491916, -0.99859667, -0.043300916, -0.10803792;
 0, 0, 0, 1]
Ow:
[0.40493053;
 -0.1285437;
 0.75454497]
Keyframe: 17 Frame: 178 Frame from vFrameID : 179
Tcw:
[0.99760425, -0.0043661911, 0.069041289, 0.41001761;
 0.068559386, -0.070897765, -0.9951247, -0.10922135;
 0.009239777, 0.99747401, -0.070428565, 0.80194694;
 0, 0, 0, 1]
Twc:
[0.99760425, 0.068559386, 0.009239777, -0.40895697;
 -0.0043661911, -0.070897765, 0.99747401, -0.80587459;
 0.069041289, -0.9951247, -0.070428565, -0.080517024;
 0, 0, 0, 1]
Ow:
[0.41001761;
 -0.10922135;
 0.80194694]
Keyframe: 18 Frame: 189 Frame from vFrameID : 190
Tcw:
[0.99928844, -0.037604161, 0.0029292279, 0.47303623;
 -0.00025468908, -0.084386602, -0.99643308, -0.16887182;
 0.037717216, 0.99572325, -0.084336132, 0.86312121;
 0, 0, 0, 1]
Twc:
[0.99928844, -0.00025468908, 0.037717216, -0.50529712;
 -0.037604161, -0.084386602, 0.99572325, -0.8558923;
 0.0029292279, -0.99643308, -0.084336132, -0.096862786;
 0, 0, 0, 1]
Ow:
[0.47303623;
 -0.16887182;
 0.86312121]
Keyframe: 19 Frame: 200 Frame from vFrameID : 201
Tcw:
[0.99911213, -0.037056692, 0.02004255, 0.48048824;
 0.018522417, -0.040919688, -0.99899071, -0.15908793;
 0.037839428, 0.99847502, -0.040196978, 0.86910689;
 0, 0, 0, 1]
Twc:
[0.99911213, 0.018522417, 0.037839428, -0.51000148;
 -0.037056692, -0.040919688, 0.99847502, -0.85648608;
 0.02004255, -0.99899071, -0.040196978, -0.13362209;
 0, 0, 0, 1]
Ow:
[0.48048824;
 -0.15908793;
 0.86910689]
Keyframe: 20 Frame: 211 Frame from vFrameID : 212
Tcw:
[0.99729955, -0.048830245, 0.054856345, 0.51950598;
 0.052170288, -0.05468034, -0.99714005, -0.12377523;
 0.051690158, 0.99730921, -0.051985189, 1.0596037;
 0, 0, 0, 1]
Twc:
[0.99729955, 0.052170288, 0.051690158, -0.5664168;
 -0.048830245, -0.05468034, 0.99730921, -1.0381529;
 0.054856345, -0.99714005, -0.051985189, -0.096835747;
 0, 0, 0, 1]
Ow:
[0.51950598;
 -0.12377523;
 1.0596037]
Keyframe: 21 Frame: 222 Frame from vFrameID : 223
Tcw:
[0.9986912, -0.048932768, 0.014882961, 0.61395395;
 0.011838651, -0.061925713, -0.99801058, -0.24456552;
 0.049757056, 0.99688053, -0.061265368, 1.1072463;
 0, 0, 0, 1]
Twc:
[0.9986912, 0.011838651, 0.049757056, -0.66534835;
 -0.048932768, -0.061925713, 0.99688053, -1.0888947;
 0.014882961, -0.99801058, -0.061265368, -0.18538056;
 0, 0, 0, 1]
Ow:
[0.61395395;
 -0.24456552;
 1.1072463]
Keyframe: 22 Frame: 234 Frame from vFrameID : 235
Tcw:
[0.9954288, -0.071398914, 0.063432187, 0.62231201;
 0.059140991, -0.06069231, -0.99640292, -0.28931314;
 0.074991934, 0.99559963, -0.056192271, 1.249676;
 0, 0, 0, 1]
Twc:
[0.9954288, 0.059140991, 0.074991934, -0.6960727;
 -0.071398914, -0.06069231, 0.99559963, -1.2173036;
 0.063432187, -0.99640292, -0.056192271, -0.25752494;
 0, 0, 0, 1]
Ow:
[0.62231201;
 -0.28931314;
 1.249676]
Keyframe: 23 Frame: 245 Frame from vFrameID : 246
Tcw:
[0.99549472, -0.07159932, 0.062159676, 0.71930474;
 0.059911452, -0.033132929, -0.99765366, -0.34049791;
 0.073490851, 0.99688303, -0.028694035, 1.3040769;
 0, 0, 0, 1]
Twc:
[0.99549472, 0.059911452, 0.073490851, -0.791502;
 -0.07159932, -0.033132929, 0.99688303, -1.2597921;
 0.062159676, -0.99765366, -0.028694035, -0.34699151;
 0, 0, 0, 1]
Ow:
[0.71930474;
 -0.34049791;
 1.3040769]
Keyframe: 24 Frame: 257 Frame from vFrameID : 258
Tcw:
[0.99731684, -0.07295315, -0.0060781534, 0.75586939;
 -0.0088738799, -0.038059495, -0.99923605, -0.3748298;
 0.072666086, 0.99660891, -0.038604755, 1.3842686;
 0, 0, 0, 1]
Twc:
[0.99731684, -0.0088738799, 0.072666086, -0.85775685;
 -0.07295315, -0.038059495, 0.99660891, -1.3386972;
 -0.0060781534, -0.99923605, -0.038604755, -0.31650981;
 0, 0, 0, 1]
Ow:
[0.75586939;
 -0.3748298;
 1.3842686]
Keyframe: 25 Frame: 267 Frame from vFrameID : 268
Tcw:
[0.99835956, -0.053714134, 0.019822486, 0.77708781;
 0.016757341, -0.056925461, -0.99823779, -0.30599105;
 0.054747883, 0.99693245, -0.055931974, 1.4865663;
 0, 0, 0, 1]
Twc:
[0.99835956, 0.016757341, 0.054747883, -0.85207188;
 -0.053714134, -0.056925461, 0.99693245, -1.4576843;
 0.019822486, -0.99823779, -0.055931974, -0.23770906;
 0, 0, 0, 1]
Ow:
[0.77708781;
 -0.30599105;
 1.4865663]
Keyframe: 26 Frame: 277 Frame from vFrameID : 278
Tcw:
[0.99694937, -0.062961198, 0.046128906, 0.79326409;
 0.043817218, -0.037616402, -0.99833113, -0.41483018;
 0.064591326, 0.99730682, -0.034742862, 1.4817158;
 0, 0, 0, 1]
Twc:
[0.99694937, 0.043817218, 0.064591326, -0.86837339;
 -0.062961198, -0.037616402, 0.99730682, -1.4433848;
 0.046128906, -0.99833113, -0.034742862, -0.39925122;
 0, 0, 0, 1]
Ow:
[0.79326409;
 -0.41483018;
 1.4817158]
Keyframe: 27 Frame: 288 Frame from vFrameID : 289
Tcw:
[0.99610329, -0.086240664, 0.018459085, 0.84489703;
 0.013655452, -0.055961911, -0.99833953, -0.37035167;
 0.087130472, 0.99470139, -0.05456619, 1.5919392;
 0, 0, 0, 1]
Twc:
[0.99610329, 0.013655452, 0.087130472, -0.97525382;
 -0.086240664, -0.055961911, 0.99470139, -1.5313652;
 0.018459085, -0.99833953, -0.05456619, -0.29846665;
 0, 0, 0, 1]
Ow:
[0.84489703;
 -0.37035167;
 1.5919392]
Keyframe: 28 Frame: 298 Frame from vFrameID : 299
Tcw:
[0.99657398, -0.079297766, 0.023498304, 0.84777331;
 0.017902296, -0.070556901, -0.99734712, -0.3186636;
 0.080745362, 0.99435085, -0.068895556, 1.679629;
 0, 0, 0, 1]
Twc:
[0.99657398, 0.017902296, 0.080745362, -0.97478628;
 -0.079297766, -0.070556901, 0.99435085, -1.6253978;
 0.023498304, -0.99734712, -0.068895556, -0.22202046;
 0, 0, 0, 1]
Ow:
[0.84777331;
 -0.3186636;
 1.679629]
Keyframe: 29 Frame: 309 Frame from vFrameID : 310
Tcw:
[0.99705654, -0.072762497, 0.024163432, 0.92790776;
 0.020475755, -0.051007334, -0.99848837, -0.19814931;
 0.073885016, 0.9960441, -0.049367331, 1.8507482;
 0, 0, 0, 1]
Twc:
[0.99705654, 0.020475755, 0.073885016, -1.0578618;
 -0.072762497, -0.051007334, 0.9960441, -1.7860169;
 0.024163432, -0.99848837, -0.049367331, -0.12890473;
 0, 0, 0, 1]
Ow:
[0.92790776;
 -0.19814931;
 1.8507482]
Keyframe: 30 Frame: 321 Frame from vFrameID : 322
Tcw:
[0.99498701, -0.099247277, -0.012280875, 0.97087944;
 -0.015288495, -0.029600775, -0.9994449, -0.37758461;
 0.098828666, 0.99462241, -0.030969728, 1.8388332;
 0, 0, 0, 1]
Twc:
[0.99498701, -0.015288495, 0.098828666, -1.1535146;
 -0.099247277, -0.029600775, 0.99462241, -1.7437644;
 -0.012280875, -0.9994449, -0.030969728, -0.30850357;
 0, 0, 0, 1]
Ow:
[0.97087944;
 -0.37758461;
 1.8388332]
Keyframe: 31 Frame: 330 Frame from vFrameID : 331
Tcw:
[0.99510098, -0.098702863, -0.0056434069, 1.0027014;
 -0.012077958, -0.064715691, -0.99783063, -0.36802846;
 0.098123528, 0.9930104, -0.065590769, 1.9656456;
 0, 0, 0, 1]
Twc:
[0.99510098, -0.012077958, 0.098123528, -1.1951101;
 -0.098702863, -0.064715691, 0.9930104, -1.8767542;
 -0.0056434069, -0.99783063, -0.065590769, -0.23264323;
 0, 0, 0, 1]
Ow:
[1.0027014;
 -0.36802846;
 1.9656456]
Keyframe: 32 Frame: 342 Frame from vFrameID : 343
Tcw:
[0.99662369, -0.081704296, 0.0080997432, 1.0519317;
 0.0042422125, -0.047276881, -0.99887282, -0.43722218;
 0.08199513, 0.99553466, -0.046770651, 2.0599585;
 0, 0, 0, 1]
Twc:
[0.99662369, 0.0042422125, 0.08199513, -1.2154319;
 -0.081704296, -0.047276881, 0.99553466, -1.9854833;
 0.0080997432, -0.99887282, -0.046770651, -0.3489041;
 0, 0, 0, 1]
Ow:
[1.0519317;
 -0.43722218;
 2.0599585]
Keyframe: 33 Frame: 353 Frame from vFrameID : 354
Tcw:
[0.99556714, -0.087641373, -0.034132272, 1.0980324;
 -0.036988359, -0.031173427, -0.99882936, -0.47671992;
 0.086474754, 0.99566418, -0.034276951, 2.131521;
 0, 0, 0, 1]
Twc:
[0.99556714, -0.036988359, 0.086474754, -1.295121;
 -0.087641373, -0.031173427, 0.99566418, -2.0409071;
 -0.034132272, -0.99882936, -0.034276951, -0.36562148;
 0, 0, 0, 1]
Ow:
[1.0980324;
 -0.47671992;
 2.131521]
Keyframe: 34 Frame: 360 Frame from vFrameID : 361
Tcw:
[0.99768043, -0.068023518, 0.0025704729, 1.0915264;
 -0.00029628084, -0.042099964, -0.99911338, -0.51356721;
 0.068071418, 0.99679506, -0.042022463, 2.1350436;
 0, 0, 0, 1]
Twc:
[0.99768043, -0.00029628084, 0.068071418, -1.2344822;
 -0.068023518, -0.042099964, 0.99679506, -2.0755725;
 0.0025704729, -0.99911338, -0.042022463, -0.42619777;
 0, 0, 0, 1]
Ow:
[1.0915264;
 -0.51356721;
 2.1350436]
Keyframe: 35 Frame: 367 Frame from vFrameID : 368
Tcw:
[0.99716169, -0.058639407, 0.047222819, 1.0941854;
 0.044436418, -0.047945838, -0.99786103, -0.53865492;
 0.060778115, 0.99712718, -0.045204025, 2.156085;
 0, 0, 0, 1]
Twc:
[0.99716169, 0.044436418, 0.060778115, -1.1981865;
 -0.058639407, -0.047945838, 0.99712718, -2.1115549;
 0.047222819, -0.99786103, -0.045204025, -0.49170953;
 0, 0, 0, 1]
Ow:
[1.0941854;
 -0.53865492;
 2.156085]
Keyframe: 36 Frame: 375 Frame from vFrameID : 376
Tcw:
[0.99641013, -0.036153965, 0.076548778, 1.1124426;
 0.0752583, -0.035801049, -0.99652117, -0.59831738;
 0.03876872, 0.99870473, -0.032951646, 2.1611569;
 0, 0, 0, 1]
Twc:
[0.99641013, 0.0752583, 0.03876872, -1.1472059;
 -0.036153965, -0.035801049, 0.99870473, -2.1395588;
 0.076548778, -0.99652117, -0.032951646, -0.61017841;
 0, 0, 0, 1]
Ow:
[1.1124426;
 -0.59831738;
 2.1611569]
Keyframe: 37 Frame: 383 Frame from vFrameID : 384
Tcw:
[0.99722534, -0.010085865, 0.073755398, 0.97665608;
 0.0731287, -0.05254522, -0.99593735, -0.43237874;
 0.013920384, 0.99856764, -0.05166186, 2.3027122;
 0, 0, 0, 1]
Twc:
[0.99722534, 0.0731287, 0.013920384, -0.97438157;
 -0.010085865, -0.05254522, 0.99856764, -2.3122828;
 0.073755398, -0.99593735, -0.05166186, -0.3836934;
 0, 0, 0, 1]
Ow:
[0.97665608;
 -0.43237874;
 2.3027122]
Keyframe: 38 Frame: 392 Frame from vFrameID : 393
Tcw:
[0.99846154, 0.018409228, 0.052303731, 0.97573155;
 0.05186348, 0.023630802, -0.99837458, -0.47409108;
 -0.019615283, 0.99955124, 0.022639681, 2.3497021;
 0, 0, 0, 1]
Twc:
[0.99846154, 0.05186348, -0.019615283, -0.90355229;
 0.018409228, 0.023630802, 0.99955124, -2.3554068;
 0.052303731, -0.99837458, 0.022639681, -0.57755136;
 0, 0, 0, 1]
Ow:
[0.97573155;
 -0.47409108;
 2.3497021]
Keyframe: 39 Frame: 401 Frame from vFrameID : 402
Tcw:
[0.99768317, -0.064161219, 0.022620045, 1.121199;
 0.022866754, 0.0031133445, -0.99973369, -0.59170371;
 0.064073712, 0.9979347, 0.0045732902, 2.3098779;
 0, 0, 0, 1]
Twc:
[0.99768317, 0.022866754, 0.064073712, -1.2530733;
 -0.064161219, 0.0031133445, 0.9979347, -2.2313275;
 0.022620045, -0.99973369, 0.0045732902, -0.62747145;
 0, 0, 0, 1]
Ow:
[1.121199;
 -0.59170371;
 2.3098779]
Keyframe: 40 Frame: 411 Frame from vFrameID : 412
Tcw:
[0.99630064, -0.075548291, 0.040957738, 1.1342139;
 0.045036815, 0.053103473, -0.9975729, -0.55487025;
 0.073189929, 0.99572712, 0.056309476, 2.3280466;
 0, 0, 0, 1]
Twc:
[0.99630064, 0.045036815, 0.073189929, -1.2754179;
 -0.075548291, 0.053103473, 0.99572712, -2.2029457;
 0.040957738, -0.9975729, 0.056309476, -0.73106945;
 0, 0, 0, 1]
Ow:
[1.1342139;
 -0.55487025;
 2.3280466]
Keyframe: 41 Frame: 420 Frame from vFrameID : 421
Tcw:
[0.99442846, -0.10227449, -0.025534632, 1.1926332;
 -0.022692334, 0.028858783, -0.99932587, -0.57715923;
 0.10294244, 0.9943375, 0.026377147, 2.4069152;
 0, 0, 0, 1]
Twc:
[0.99442846, -0.022692334, 0.10294244, -1.4468591;
 -0.10227449, 0.028858783, 0.9943375, -2.2546542;
 -0.025534632, -0.99932587, 0.026377147, -0.60980427;
 0, 0, 0, 1]
Ow:
[1.1926332;
 -0.57715923;
 2.4069152]
Keyframe: 42 Frame: 428 Frame from vFrameID : 429
Tcw:
[0.9940691, -0.10875002, 3.552793e-05, 1.2082039;
 0.0042961105, 0.038943715, -0.99923217, -0.57103419;
 0.10866514, 0.99330598, 0.039179947, 2.4820659;
 0, 0, 0, 1]
Twc:
[0.9940691, 0.0042961105, 0.10866514, -1.4682992;
 -0.10875002, 0.038943715, 0.99330598, -2.3118205;
 3.552793e-05, -0.99923217, 0.039179947, -0.6678859;
 0, 0, 0, 1]
Ow:
[1.2082039;
 -0.57103419;
 2.4820659]
Keyframe: 43 Frame: 437 Frame from vFrameID : 438
Tcw:
[0.99363506, -0.088600203, 0.069565527, 1.2141705;
 0.071826041, 0.022582412, -0.99716151, -0.65057874;
 0.086777754, 0.99581122, 0.028802479, 2.4761982;
 0, 0, 0, 1]
Twc:
[0.99363506, 0.071826041, 0.086777754, -1.3745929;
 -0.088600203, 0.022582412, 0.99581122, -2.3435585;
 0.069565527, -0.99716151, 0.028802479, -0.80451715;
 0, 0, 0, 1]
Ow:
[1.2141705;
 -0.65057874;
 2.4761982]
Keyframe: 44 Frame: 446 Frame from vFrameID : 447
Tcw:
[0.9942261, -0.079221658, 0.072377115, 1.1422782;
 0.072431818, -0.0021867033, -0.99737096, -0.39272523;
 0.079171643, 0.9968546, 0.0035640912, 2.7144434;
 0, 0, 0, 1]
Twc:
[0.9942261, 0.072431818, 0.079171643, -1.3221439;
 -0.079221658, -0.0021867033, 0.9968546, -2.6162713;
 0.072377115, -0.99737096, 0.0035640912, -0.48404208;
 0, 0, 0, 1]
Ow:
[1.1422782;
 -0.39272523;
 2.7144434]
Keyframe: 45 Frame: 455 Frame from vFrameID : 456
Tcw:
[0.99175227, -0.1194359, 0.046503264, 1.2173532;
 0.048639964, 0.015035965, -0.99870318, -0.42929626;
 0.11858179, 0.99272805, 0.020721311, 2.7481272;
 0, 0, 0, 1]
Twc:
[0.99175227, 0.048639964, 0.11858179, -1.5123097;
 -0.1194359, 0.015035965, 0.99272805, -2.5762923;
 0.046503264, -0.99870318, 0.020721311, -0.54229528;
 0, 0, 0, 1]
Ow:
[1.2173532;
 -0.42929626;
 2.7481272]
Keyframe: 46 Frame: 465 Frame from vFrameID : 466
Tcw:
[0.99614525, -0.070997894, 0.051516138, 1.2601774;
 0.05319228, 0.021922229, -0.99834365, -0.42881674;
 0.06975095, 0.99723554, 0.025614263, 2.8929887;
 0, 0, 0, 1]
Twc:
[0.99614525, 0.05319228, 0.06975095, -1.4342985;
 -0.070997894, 0.021922229, 0.99723554, -2.7861204;
 0.051516138, -0.99834365, 0.025614263, -0.5671277;
 0, 0, 0, 1]
Ow:
[1.2601774;
 -0.42881674;
 2.8929887]
Keyframe: 47 Frame: 475 Frame from vFrameID : 476
Tcw:
[0.99223936, -0.092717484, 0.082852244, 1.2257065;
 0.085255086, 0.022255313, -0.99611056, -0.53908181;
 0.090512969, 0.9954437, 0.029987235, 2.9645867;
 0, 0, 0, 1]
Twc:
[0.99223936, 0.085255086, 0.090512969, -1.4385682;
 -0.092717484, 0.022255313, 0.9954437, -2.8254375;
 0.082852244, -0.99611056, 0.029987235, -0.72743738;
 0, 0, 0, 1]
Ow:
[1.2257065;
 -0.53908181;
 2.9645867]
Keyframe: 48 Frame: 485 Frame from vFrameID : 486
Tcw:
[0.99217308, -0.11714888, 0.043229461, 1.2459391;
 0.042633139, -0.0075925482, -0.99906194, -0.42969096;
 0.11736721, 0.99308532, -0.0025386971, 3.0623128;
 0, 0, 0, 1]
Twc:
[0.99217308, 0.042633139, 0.11736721, -1.5772833;
 -0.11714888, -0.0075925482, 0.99308532, -2.8984401;
 0.043229461, -0.99906194, -0.0025386971, -0.47537488;
 0, 0, 0, 1]
Ow:
[1.2459391;
 -0.42969096;
 3.0623128]
Keyframe: 49 Frame: 495 Frame from vFrameID : 496
Tcw:
[0.99369967, -0.10709582, 0.033037607, 1.2802253;
 0.034061328, 0.0077433987, -0.99938977, -0.52224064;
 0.10677464, 0.99421853, 0.011342438, 3.0638773;
 0, 0, 0, 1]
Twc:
[0.99369967, 0.034061328, 0.10677464, -1.5815157;
 -0.10709582, 0.0077433987, 0.99421853, -2.9050131;
 0.033037607, -0.99938977, 0.011342438, -0.59896934;
 0, 0, 0, 1]
Ow:
[1.2802253;
 -0.52224064;
 3.0638773]
Keyframe: 50 Frame: 505 Frame from vFrameID : 506
Tcw:
[0.99264538, -0.099870838, 0.068417139, 1.2726805;
 0.068831079, 0.00070080569, -0.99762809, -0.51923543;
 0.099586003, 0.99500018, 0.0075698686, 3.1013486;
 0, 0, 0, 1]
Twc:
[0.99264538, 0.068831079, 0.099586003, -1.5364319;
 -0.099870838, 0.00070080569, 0.99500018, -2.9583747;
 0.068417139, -0.99762809, 0.0075698686, -0.62855381;
 0, 0, 0, 1]
Ow:
[1.2726805;
 -0.51923543;
 3.1013486]
Keyframe: 51 Frame: 515 Frame from vFrameID : 516
Tcw:
[0.99390042, -0.10128295, 0.043632269, 1.332039;
 0.046402011, 0.025152564, -0.99860615, -0.5750308;
 0.10004431, 0.99453968, 0.029698877, 3.1280971;
 0, 0, 0, 1]
Twc:
[0.99390042, 0.046402011, 0.10004431, -1.6101797;
 -0.10128295, 0.025152564, 0.99453968, -2.9616399;
 0.043632269, -0.99860615, 0.029698877, -0.72525012;
 0, 0, 0, 1]
Ow:
[1.332039;
 -0.5750308;
 3.1280971]
Keyframe: 52 Frame: 526 Frame from vFrameID : 527
Tcw:
[0.99382234, -0.10984235, 0.01586931, 1.4506657;
 0.017879136, 0.017336626, -0.99968982, -0.60089064;
 0.10953316, 0.99379784, 0.019193413, 3.2375371;
 0, 0, 0, 1]
Twc:
[0.99382234, 0.017879136, 0.10953316, -1.7855783;
 -0.10984235, 0.017336626, 0.99379784, -3.0476954;
 0.01586931, -0.99968982, 0.019193413, -0.68586469;
 0, 0, 0, 1]
Ow:
[1.4506657;
 -0.60089064;
 3.2375371]
Keyframe: 53 Frame: 537 Frame from vFrameID : 538
Tcw:
[0.98901427, -0.13916165, 0.049848296, 1.3492844;
 0.048898969, -0.010234662, -0.99875128, -0.69731694;
 0.13949805, 0.99021679, -0.0033173654, 3.2594814;
 0, 0, 0, 1]
Twc:
[0.98901427, 0.048898969, 0.13949805, -1.7550547;
 -0.13916165, -0.010234662, 0.99021679, -3.0469613;
 0.049848296, -0.99875128, -0.0033173654, -0.75289285;
 0, 0, 0, 1]
Ow:
[1.3492844;
 -0.69731694;
 3.2594814]
Keyframe: 54 Frame: 547 Frame from vFrameID : 548
Tcw:
[0.99040985, -0.12757286, 0.053042728, 1.4656721;
 0.054336626, 0.0066812751, -0.99850035, -0.70588142;
 0.12702715, 0.99180669, 0.013549079, 3.330843;
 0, 0, 0, 1]
Twc:
[0.99040985, 0.054336626, 0.12702715, -1.8363683;
 -0.12757286, 0.0066812751, 0.99180669, -3.1118562;
 0.053042728, -0.99850035, 0.013549079, -0.82769591;
 0, 0, 0, 1]
Ow:
[1.4656721;
 -0.70588142;
 3.330843]
Keyframe: 55 Frame: 556 Frame from vFrameID : 557
Tcw:
[0.98787522, -0.15498781, 0.0090206359, 1.4874247;
 0.0056147152, -0.022399131, -0.99973333, -0.72833192;
 0.15514855, 0.98766243, -0.021257333, 3.4424646;
 0, 0, 0, 1]
Twc:
[0.98787522, 0.0056147152, 0.15514855, -1.9993938;
 -0.15498781, -0.022399131, 0.98766243, -3.1857741;
 0.0090206359, -0.99973333, -0.021257333, -0.66837758;
 0, 0, 0, 1]
Ow:
[1.4874247;
 -0.72833192;
 3.4424646]
Keyframe: 56 Frame: 563 Frame from vFrameID : 564
Tcw:
[0.98873538, -0.14814313, 0.021352733, 1.4880507;
 0.021410093, -0.0012076548, -0.99977005, -0.71724719;
 0.14813484, 0.98896521, 0.0019777068, 3.4945116;
 0, 0, 0, 1]
Twc:
[0.98873538, 0.021410093, 0.14813484, -1.9735911;
 -0.14814313, -0.0012076548, 0.98896521, -3.236372;
 0.021352733, -0.99977005, 0.0019777068, -0.75576735;
 0, 0, 0, 1]
Ow:
[1.4880507;
 -0.71724719;
 3.4945116]
Keyframe: 57 Frame: 570 Frame from vFrameID : 571
Tcw:
[0.98958158, -0.14189981, 0.024346106, 1.5039135;
 0.02412422, -0.0032840525, -0.99970359, -0.75430936;
 0.14193769, 0.98987556, 0.000173384, 3.5042412;
 0, 0, 0, 1]
Twc:
[0.98958158, 0.02412422, 0.14193769, -1.9674319;
 -0.14189981, -0.0032840525, 0.98987556, -3.2578351;
 0.024346106, -0.99970359, 0.000173384, -0.79130775;
 0, 0, 0, 1]
Ow:
[1.5039135;
 -0.75430936;
 3.5042412]
Keyframe: 58 Frame: 577 Frame from vFrameID : 578
Tcw:
[0.98846489, -0.13795292, 0.062499117, 1.5290745;
 0.063097231, -3.7553698e-05, -0.99800736, -0.72981584;
 0.1376804, 0.99043876, 0.0086673275, 3.5603318;
 0, 0, 0, 1]
Twc:
[0.98846489, 0.063097231, 0.1376804, -1.955575;
 -0.13795292, -3.7553698e-05, 0.99043876, -3.315378;
 0.062499117, -0.99800736, 0.0086673275, -0.85478598;
 0, 0, 0, 1]
Ow:
[1.5290745;
 -0.72981584;
 3.5603318]
Keyframe: 59 Frame: 585 Frame from vFrameID : 586
Tcw:
[0.98667127, -0.16073462, 0.025379991, 1.5539719;
 0.024658339, -0.0064831404, -0.99967492, -0.72588378;
 0.1608469, 0.98697639, -0.00243328, 3.6225836;
 0, 0, 0, 1]
Twc:
[0.98667127, 0.024658339, 0.1608469, -2.0980418;
 -0.16073462, -0.0064831404, 0.98697639, -3.330333;
 0.025379991, -0.99967492, -0.00243328, -0.75627285;
 0, 0, 0, 1]
Ow:
[1.5539719;
 -0.72588378;
 3.6225836]
Keyframe: 60 Frame: 594 Frame from vFrameID : 595
Tcw:
[0.98009497, -0.19849312, -0.0037884612, 1.5771224;
 -0.0047988323, -0.0046093999, -0.99997789, -0.7334038;
 0.19847126, 0.98009145, -0.0054701846, 3.6629395;
 0, 0, 0, 1]
Twc:
[0.98009497, -0.0047988323, 0.19847126, -2.2762375;
 -0.19849312, -0.0046093999, 0.98009145, -3.2803483;
 -0.0037884612, -0.99997789, -0.0054701846, -0.70737571;
 0, 0, 0, 1]
Ow:
[1.5771224;
 -0.7334038;
 3.6629395]
Keyframe: 61 Frame: 602 Frame from vFrameID : 603
Tcw:
[0.98517519, -0.17139493, -0.0073222364, 1.6061152;
 -0.010765545, -0.019169072, -0.9997583, -0.77782714;
 0.17121314, 0.98501593, -0.020730054, 3.7410538;
 0, 0, 0, 1]
Twc:
[0.98517519, -0.010765545, 0.17121314, -2.2311962;
 -0.17139493, -0.019169072, 0.98501593, -3.4246278;
 -0.0073222364, -0.9997583, -0.020730054, -0.68832654;
 0, 0, 0, 1]
Ow:
[1.6061152;
 -0.77782714;
 3.7410538]
Keyframe: 62 Frame: 610 Frame from vFrameID : 611
Tcw:
[0.98432684, -0.1681696, 0.053100113, 1.5483707;
 0.050590236, -0.019177141, -0.99853534, -0.71160865;
 0.1689416, 0.9855715, -0.010368835, 3.781966;
 0, 0, 0, 1]
Twc:
[0.98432684, 0.050590236, 0.1689416, -2.1270339;
 -0.1681696, -0.019177141, 0.9855715, -3.4806559;
 0.053100113, -0.99853534, -0.010368835, -0.75357044;
 0, 0, 0, 1]
Ow:
[1.5483707;
 -0.71160865;
 3.781966]
Keyframe: 63 Frame: 620 Frame from vFrameID : 621
Tcw:
[0.98229027, -0.18695763, -0.012354237, 1.6445811;
 -0.013790719, -0.0063847546, -0.99988455, -0.73481184;
 0.18685716, 0.98234725, -0.0088499626, 3.7915962;
 0, 0, 0, 1]
Twc:
[0.98229027, -0.013790719, 0.18685716, -2.3340764;
 -0.18695763, -0.0063847546, 0.98234725, -3.4218886;
 -0.012354237, -0.99988455, -0.0088499626, -0.68085396;
 0, 0, 0, 1]
Ow:
[1.6445811;
 -0.73481184;
 3.7915962]
Keyframe: 64 Frame: 630 Frame from vFrameID : 631
Tcw:
[0.98259437, -0.18560728, 0.0076284767, 1.6476835;
 0.0099776126, 0.011725692, -0.99988145, -0.72546613;
 0.18549584, 0.98255402, 0.013373516, 3.8952875;
 0, 0, 0, 1]
Twc:
[0.98259437, 0.0099776126, 0.18549584, -2.3343258;
 -0.18560728, 0.011725692, 0.98255402, -3.5130019;
 0.0076284767, -0.99988145, 0.013373516, -0.79004312;
 0, 0, 0, 1]
Ow:
[1.6476835;
 -0.72546613;
 3.8952875]
Keyframe: 65 Frame: 638 Frame from vFrameID : 639
Tcw:
[0.98741114, -0.1535766, 0.037860956, 1.6777575;
 0.03493442, -0.021710867, -0.99915373, -0.78563142;
 0.15426864, 0.98789823, -0.016072443, 4.0096979;
 0, 0, 0, 1]
Twc:
[0.98741114, 0.03493442, 0.15426864, -2.2477615;
 -0.1535766, -0.021710867, 0.98789823, -3.7205653;
 0.037860956, -0.99915373, -0.016072443, -0.78404248;
 0, 0, 0, 1]
Ow:
[1.6777575;
 -0.78563142;
 4.0096979]
Keyframe: 66 Frame: 647 Frame from vFrameID : 648
Tcw:
[0.9864068, -0.14872918, 0.06986583, 1.7438399;
 0.06816151, -0.016532058, -0.99753731, -0.82777834;
 0.14951794, 0.98873979, -0.0061697294, 4.0566649;
 0, 0, 0, 1]
Twc:
[0.9864068, 0.06816151, 0.14951794, -2.270257;
 -0.14872918, -0.016532058, 0.98873979, -3.7653112;
 0.06986583, -0.99753731, -0.0061697294, -0.92254609;
 0, 0, 0, 1]
Ow:
[1.7438399;
 -0.82777834;
 4.0566649]
Keyframe: 67 Frame: 657 Frame from vFrameID : 658
Tcw:
[0.99024791, -0.13071644, 0.048189692, 1.770806;
 0.046510115, -0.015873434, -0.99879169, -0.75115019;
 0.13132343, 0.99129272, -0.0096389996, 4.2129154;
 0, 0, 0, 1]
Twc:
[0.99024791, 0.046510115, 0.13132343, -2.2718554;
 -0.13071644, -0.015873434, 0.99129272, -3.9566822;
 0.048189692, -0.99879169, -0.0096389996, -0.7949689;
 0, 0, 0, 1]
Ow:
[1.770806;
 -0.75115019;
 4.2129154]
Keyframe: 68 Frame: 668 Frame from vFrameID : 669
Tcw:
[0.98832905, -0.12028166, 0.093477435, 1.7843814;
 0.091598183, -0.021071205, -0.9955731, -0.8573494;
 0.12171887, 0.99251616, -0.0098077012, 4.3105297;
 0, 0, 0, 1]
Twc:
[0.98832905, 0.091598183, 0.12171887, -2.209697;
 -0.12028166, -0.021071205, 0.99251616, -4.081707;
 0.093477435, -0.9955731, -0.0098077012, -0.97807699;
 0, 0, 0, 1]
Ow:
[1.7843814;
 -0.8573494;
 4.3105297]
Keyframe: 69 Frame: 677 Frame from vFrameID : 678
Tcw:
[0.9853785, -0.12463354, 0.11617092, 1.7932054;
 0.11585863, -0.0097758593, -0.99321759, -0.81936008;
 0.1249239, 0.99215466, 0.0048069498, 4.3618822;
 0, 0, 0, 1]
Twc:
[0.9853785, 0.11585863, 0.1249239, -2.2169592;
 -0.12463354, -0.0097758593, 0.99215466, -4.1121783;
 0.11617092, -0.99321759, 0.0048069498, -1.0430886;
 0, 0, 0, 1]
Ow:
[1.7932054;
 -0.81936008;
 4.3618822]
Keyframe: 70 Frame: 687 Frame from vFrameID : 688
Tcw:
[0.98046929, -0.18290871, 0.072279625, 1.6447899;
 0.071447819, -0.01114226, -0.9973821, -0.66169101;
 0.18323524, 0.98306674, 0.0021437842, 4.4277263;
 0, 0, 0, 1]
Twc:
[0.98046929, 0.071447819, 0.18323524, -2.3767052;
 -0.18290871, -0.01114226, 0.98306674, -4.0592771;
 0.072279625, -0.9973821, 0.0021437842, -0.78833562;
 0, 0, 0, 1]
Ow:
[1.6447899;
 -0.66169101;
 4.4277263]
Keyframe: 71 Frame: 696 Frame from vFrameID : 697
Tcw:
[0.98453832, -0.15456307, 0.08242888, 1.6274673;
 0.080977589, -0.015673075, -0.9965927, -0.73799688;
 0.15532835, 0.98785859, -0.002914598, 4.4488873;
 0, 0, 0, 1]
Twc:
[0.98453832, 0.080977589, 0.15532835, -2.2335811;
 -0.15456307, -0.015673075, 0.98785859, -4.1548915;
 0.08242888, -0.9965927, -0.002914598, -0.85666585;
 0, 0, 0, 1]
Ow:
[1.6274673;
 -0.73799688;
 4.4488873]
Keyframe: 72 Frame: 705 Frame from vFrameID : 706
Tcw:
[0.98778784, -0.12814917, 0.088616967, 1.6850853;
 0.08715304, -0.016997455, -0.99604994, -0.72649753;
 0.12914923, 0.99160922, -0.0056212894, 4.4679928;
 0, 0, 0, 1]
Twc:
[0.98778784, 0.08715304, 0.12914923, -2.1782281;
 -0.12814917, -0.016997455, 0.99160922, -4.2269096;
 0.088616967, -0.99604994, -0.0056212894, -0.847839;
 0, 0, 0, 1]
Ow:
[1.6850853;
 -0.72649753;
 4.4679928]
Keyframe: 73 Frame: 715 Frame from vFrameID : 716
Tcw:
[0.98087054, -0.17412974, 0.087016135, 1.75858;
 0.087847687, -0.00294112, -0.99612957, -0.57952499;
 0.17371172, 0.98471832, 0.012412037, 4.6542149;
 0, 0, 0, 1]
Twc:
[0.98087054, 0.087847687, 0.17371172, -2.4825208;
 -0.17412974, -0.00294112, 0.98471832, -4.278574;
 0.087016135, -0.99612957, 0.012412037, -0.78807509;
 0, 0, 0, 1]
Ow:
[1.75858;
 -0.57952499;
 4.6542149]
Keyframe: 74 Frame: 724 Frame from vFrameID : 725
Tcw:
[0.98280841, -0.16526961, 0.082301818, 1.6988139;
 0.082742818, -0.0042265938, -0.99656194, -0.53358656;
 0.16504927, 0.98623937, 0.0095209414, 4.647893;
 0, 0, 0, 1]
Twc:
[0.98280841, 0.082742818, 0.16504927, -2.3925896;
 -0.16526961, -0.0042265938, 0.98623937, -4.305428;
 0.082301818, -0.99656194, 0.0095209414, -0.7158199;
 0, 0, 0, 1]
Ow:
[1.6988139;
 -0.53358656;
 4.647893]
Keyframe: 75 Frame: 734 Frame from vFrameID : 735
Tcw:
[0.98368633, -0.14858161, 0.10141378, 1.7374194;
 0.098566063, -0.02642503, -0.99477959, -0.59838337;
 0.15048581, 0.98854703, -0.011348838, 4.7941308;
 0, 0, 0, 1]
Twc:
[0.98368633, 0.098566063, 0.15048581, -2.3715441;
 -0.14858161, -0.02642503, 0.98854703, -4.4968877;
 0.10141378, -0.99477959, -0.011348838, -0.71705002;
 0, 0, 0, 1]
Ow:
[1.7374194;
 -0.59838337;
 4.7941308]
Keyframe: 76 Frame: 745 Frame from vFrameID : 746
Tcw:
[0.97917503, -0.11443014, 0.16769633, 1.774635;
 0.17130166, 0.022366013, -0.98496473, -0.69102407;
 0.10895896, 0.9931795, 0.041502316, 4.8293757;
 0, 0, 0, 1]
Twc:
[0.97917503, 0.17130166, 0.10895896, -2.1455083;
 -0.11443014, 0.022366013, 0.9931795, -4.5779099;
 0.16769633, -0.98496473, 0.041502316, -1.1786643;
 0, 0, 0, 1]
Ow:
[1.774635;
 -0.69102407;
 4.8293757]
Keyframe: 77 Frame: 752 Frame from vFrameID : 753
Tcw:
[0.9848873, -0.14406347, 0.096138828, 1.8442259;
 0.097056799, -0.00065882248, -0.9952786, -0.55419946;
 0.14344664, 0.98956823, 0.013333473, 5.0220647;
 0, 0, 0, 1]
Twc:
[0.9848873, 0.097056799, 0.14344664, -2.482964;
 -0.14406347, -0.00065882248, 0.98956823, -4.7043548;
 0.096138828, -0.9952786, 0.013333473, -0.79584622;
 0, 0, 0, 1]
Ow:
[1.8442259;
 -0.55419946;
 5.0220647]
Keyframe: 78 Frame: 762 Frame from vFrameID : 763
Tcw:
[0.97610575, -0.20202769, 0.080014668, 1.8421123;
 0.08673007, 0.024594961, -0.99592823, -0.69824541;
 0.19923711, 0.97907096, 0.04152916, 5.0218196;
 0, 0, 0, 1]
Twc:
[0.97610575, 0.08673007, 0.19923711, -2.7380705;
 -0.20202769, 0.024594961, 0.97907096, -4.5273867;
 0.080014668, -0.99592823, 0.04152916, -1.0513501;
 0, 0, 0, 1]
Ow:
[1.8421123;
 -0.69824541;
 5.0218196]
Keyframe: 79 Frame: 772 Frame from vFrameID : 773
Tcw:
[0.97648424, -0.17392012, 0.12739828, 1.8253955;
 0.13289206, 0.020268366, -0.99092323, -0.75219834;
 0.16975933, 0.98455113, 0.042904343, 5.0397835;
 0, 0, 0, 1]
Twc:
[0.97648424, 0.13289206, 0.16975933, -2.538059;
 -0.17392012, 0.020268366, 0.98455113, -4.6292062;
 0.12739828, -0.99092323, 0.042904343, -1.1941516;
 0, 0, 0, 1]
Ow:
[1.8253955;
 -0.75219834;
 5.0397835]
Keyframe: 80 Frame: 780 Frame from vFrameID : 781
Tcw:
[0.98170489, -0.16542736, 0.094283238, 1.8625559;
 0.098403022, 0.016868781, -0.99500364, -0.6266228;
 0.16301039, 0.98607773, 0.032838717, 5.1234579;
 0, 0, 0, 1]
Twc:
[0.98170489, 0.098403022, 0.16301039, -2.6019955;
 -0.16542736, 0.016868781, 0.98607773, -4.7334394;
 0.094283238, -0.99500364, 0.032838717, -0.96734756;
 0, 0, 0, 1]
Ow:
[1.8625559;
 -0.6266228;
 5.1234579]
Keyframe: 81 Frame: 787 Frame from vFrameID : 788
Tcw:
[0.98246551, -0.18132707, 0.043382663, 1.8986167;
 0.050587062, 0.035295289, -0.99809581, -0.65602648;
 0.17945059, 0.98278928, 0.043849207, 5.1487403;
 0, 0, 0, 1]
Twc:
[0.98246551, 0.050587062, 0.17945059, -2.7560833;
 -0.18132707, 0.035295289, 0.98278928, -4.6927013;
 0.043382663, -0.99809581, 0.043849207, -0.96291244;
 0, 0, 0, 1]
Ow:
[1.8986167;
 -0.65602648;
 5.1487403]
Keyframe: 82 Frame: 793 Frame from vFrameID : 794
Tcw:
[0.97784323, -0.20419613, 0.046114661, 1.8799814;
 0.056070004, 0.043236613, -0.99749023, -0.69846022;
 0.20168979, 0.97797471, 0.053727906, 5.1603923;
 0, 0, 0, 1]
Twc:
[0.97784323, 0.056070004, 0.20168979, -2.839963;
 -0.20419613, 0.043236613, 0.97797471, -4.6326494;
 0.046114661, -0.99749023, 0.053727906, -1.0606591;
 0, 0, 0, 1]
Ow:
[1.8799814;
 -0.69846022;
 5.1603923]
Keyframe: 83 Frame: 800 Frame from vFrameID : 801
Tcw:
[0.97495496, -0.19610694, 0.10490424, 1.8835969;
 0.1097215, 0.013832989, -0.99386609, -0.68322229;
 0.19345289, 0.98048496, 0.035003688, 5.2047143;
 0, 0, 0, 1]
Twc:
[0.97495496, 0.1097215, 0.19345289, -2.7683251;
 -0.19610694, 0.013832989, 0.98048496, -4.7243066;
 0.10490424, -0.99386609, 0.035003688, -1.058813;
 0, 0, 0, 1]
Ow:
[1.8835969;
 -0.68322229;
 5.2047143]
Keyframe: 84 Frame: 807 Frame from vFrameID : 808
Tcw:
[0.9805547, -0.13789624, 0.1396319, 1.8801603;
 0.14481263, 0.028230572, -0.98905629, -0.6581018;
 0.13244525, 0.9900443, 0.047650736, 5.2252212;
 0, 0, 0, 1]
Twc:
[0.9805547, 0.14481263, 0.13244525, -2.4403543;
 -0.13789624, 0.028230572, 0.9900443, -4.8953547;
 0.1396319, -0.98905629, 0.047650736, -1.1624157;
 0, 0, 0, 1]
Ow:
[1.8801603;
 -0.6581018;
 5.2252212]
Keyframe: 85 Frame: 814 Frame from vFrameID : 815
Tcw:
[0.98085898, -0.12441869, 0.14978532, 1.8991717;
 0.15586069, 0.0405677, -0.98694563, -0.65830171;
 0.11671804, 0.99140012, 0.059183173, 5.2599239;
 0, 0, 0, 1]
Twc:
[0.98085898, 0.15586069, 0.11671804, -2.3741443;
 -0.12441869, 0.0405677, 0.99140012, -4.9516912;
 0.14978532, -0.98694563, 0.059183173, -1.2454751;
 0, 0, 0, 1]
Ow:
[1.8991717;
 -0.65830171;
 5.2599239]
Keyframe: 86 Frame: 821 Frame from vFrameID : 822
Tcw:
[0.98900473, -0.091117285, 0.11647858, 1.9274765;
 0.11825681, 0.014348077, -0.99287939, -0.64152133;
 0.088797227, 0.99573678, 0.024965554, 5.2875676;
 0, 0, 0, 1]
Twc:
[0.98900473, 0.11825681, 0.088797227, -2.2999406;
 -0.091117285, 0.014348077, 0.99573678, -5.0801945;
 0.11647858, -0.99287939, 0.024965554, -0.99347013;
 0, 0, 0, 1]
Ow:
[1.9274765;
 -0.64152133;
 5.2875676]
Keyframe: 87 Frame: 829 Frame from vFrameID : 830
Tcw:
[0.98594826, -0.12463747, 0.11122748, 1.9550411;
 0.11418954, 0.01685646, -0.99331599, -0.70957142;
 0.12192949, 0.99205917, 0.030851893, 5.3504438;
 0, 0, 0, 1]
Twc:
[0.98594826, 0.11418954, 0.12192949, -2.4989207;
 -0.12463747, 0.01685646, 0.99205917, -5.0523243;
 0.11122748, -0.99331599, 0.030851893, -1.0873542;
 0, 0, 0, 1]
Ow:
[1.9550411;
 -0.70957142;
 5.3504438]
Keyframe: 88 Frame: 839 Frame from vFrameID : 840
Tcw:
[0.98527163, -0.1159298, 0.1256983, 1.968598;
 0.13005941, 0.030824145, -0.99102694, -0.71385086;
 0.11101502, 0.99277902, 0.04544792, 5.3760486;
 0, 0, 0, 1]
Twc:
[0.98527163, 0.13005941, 0.11101502, -2.443583;
 -0.1159298, 0.030824145, 0.99277902, -5.0870047;
 0.1256983, -0.99102694, 0.04544792, -1.1992251;
 0, 0, 0, 1]
Ow:
[1.968598;
 -0.71385086;
 5.3760486]
Keyframe: 89 Frame: 847 Frame from vFrameID : 848
Tcw:
[0.98468536, -0.094262436, 0.14666069, 1.985389;
 0.14726131, -0.00059048843, -0.98909748, -0.76910198;
 0.093321338, 0.99554724, 0.013299763, 5.4249315;
 0, 0, 0, 1]
Twc:
[0.98468536, 0.14726131, 0.093321338, -2.3479862;
 -0.094262436, -0.00059048843, 0.99554724, -5.2140822;
 0.14666069, -0.98909748, 0.013299763, -1.1240456;
 0, 0, 0, 1]
Ow:
[1.985389;
 -0.76910198;
 5.4249315]
Keyframe: 90 Frame: 856 Frame from vFrameID : 857
Tcw:
[0.98025095, -0.14140451, 0.1382491, 2.0107224;
 0.14580806, 0.044520658, -0.98831064, -0.80534959;
 0.13359663, 0.98895031, 0.064259335, 5.4575858;
 0, 0, 0, 1]
Twc:
[0.98025095, 0.14580806, 0.13359663, -2.5827012;
 -0.14140451, 0.044520658, 0.98895031, -5.0771008;
 0.1382491, -0.98831064, 0.064259335, -1.4246169;
 0, 0, 0, 1]
Ow:
[2.0107224;
 -0.80534959;
 5.4575858]
Keyframe: 91 Frame: 866 Frame from vFrameID : 867
Tcw:
[0.97627455, -0.21298321, 0.039065506, 2.0425625;
 0.047496393, 0.034610882, -0.99827158, -0.72506022;
 0.21126299, 0.97644264, 0.043905657, 5.5664539;
 0, 0, 0, 1]
Twc:
[0.97627455, 0.047496393, 0.21126299, -3.1356499;
 -0.21298321, 0.034610882, 0.97644264, -4.9751964;
 0.039065506, -0.99827158, 0.043905657, -1.0479996;
 0, 0, 0, 1]
Ow:
[2.0425625;
 -0.72506022;
 5.5664539]
Keyframe: 92 Frame: 876 Frame from vFrameID : 877
Tcw:
[0.97787112, -0.20469806, 0.043206781, 2.0799906;
 0.055674423, 0.055542503, -0.99690288, -0.71816534;
 0.20166427, 0.97724801, 0.065709852, 5.5834064;
 0, 0, 0, 1]
Twc:
[0.97787112, 0.055674423, 0.20166427, -3.1199527;
 -0.20469806, 0.055542503, 0.97724801, -4.9907146;
 0.043206781, -0.99690288, 0.065709852, -1.1726956;
 0, 0, 0, 1]
Ow:
[2.0799906;
 -0.71816534;
 5.5834064]
Keyframe: 93 Frame: 885 Frame from vFrameID : 886
Tcw:
[0.980977, -0.17215934, 0.089695252, 2.0812657;
 0.091028489, -0.00015107385, -0.9958483, -0.74241257;
 0.17145814, 0.9850691, 0.015523205, 5.6278863;
 0, 0, 0, 1]
Twc:
[0.980977, 0.091028489, 0.17145814, -2.9390402;
 -0.17215934, -0.00015107385, 0.9850691, -5.1856594;
 0.089695252, -0.9958483, 0.015523205, -1.0133728;
 0, 0, 0, 1]
Ow:
[2.0812657;
 -0.74241257;
 5.6278863]
Keyframe: 94 Frame: 894 Frame from vFrameID : 895
Tcw:
[0.97924006, -0.17738003, 0.098108143, 2.0864925;
 0.11094309, 0.063926786, -0.9917686, -0.80075336;
 0.1696482, 0.98206401, 0.082278758, 5.65133;
 0, 0, 0, 1]
Twc:
[0.97924006, 0.11094309, 0.1696482, -2.9130771;
 -0.17738003, 0.063926786, 0.98206401, -5.1286759;
 0.098108143, -0.9917686, 0.082278758, -1.4638485;
 0, 0, 0, 1]
Ow:
[2.0864925;
 -0.80075336;
 5.65133]
Keyframe: 95 Frame: 904 Frame from vFrameID : 905
Tcw:
[0.97808522, -0.19938445, 0.059959684, 2.121568;
 0.072529435, 0.05634192, -0.99577361, -0.6819303;
 0.19516352, 0.97830027, 0.06956844, 5.8260326;
 0, 0, 0, 1]
Twc:
[0.97808522, 0.072529435, 0.19516352, -3.1626432;
 -0.19938445, 0.05634192, 0.97830027, -5.2381806;
 0.059959684, -0.99577361, 0.06956844, -1.2115647;
 0, 0, 0, 1]
Ow:
[2.121568;
 -0.6819303;
 5.8260326]
Keyframe: 96 Frame: 913 Frame from vFrameID : 914
Tcw:
[0.97988129, -0.18101023, 0.084071048, 2.1408825;
 0.094635032, 0.050523181, -0.99422914, -0.70833141;
 0.17571811, 0.98218262, 0.066636629, 5.8486891;
 0, 0, 0, 1]
Twc:
[0.97988129, 0.094635032, 0.17571811, -3.0584981;
 -0.18101023, 0.050523181, 0.98218262, -5.3211722;
 0.084071048, -0.99422914, 0.066636629, -1.2739669;
 0, 0, 0, 1]
Ow:
[2.1408825;
 -0.70833141;
 5.8486891]
Keyframe: 97 Frame: 923 Frame from vFrameID : 924
Tcw:
[0.98095983, -0.16854291, 0.096494071, 2.1301553;
 0.094612449, -0.019178389, -0.99532944, -0.65456182;
 0.16960631, 0.98550773, -0.0028669727, 5.9658713;
 0, 0, 0, 1]
Twc:
[0.98095983, 0.094612449, 0.16960631, -3.0395167;
 -0.16854291, -0.019178389, 0.98550773, -5.5329432;
 0.096494071, -0.99532944, -0.0028669727, -0.839948;
 0, 0, 0, 1]
Ow:
[2.1301553;
 -0.65456182;
 5.9658713]
Keyframe: 98 Frame: 932 Frame from vFrameID : 933
Tcw:
[0.98174989, -0.14133452, 0.1272466, 2.140157;
 0.13648, 0.05764256, -0.98896438, -0.59869611;
 0.13243999, 0.98828226, 0.075879909, 5.9870977;
 0, 0, 0, 1]
Twc:
[0.98174989, 0.13648, 0.13243999, -2.81232;
 -0.14133452, 0.05764256, 0.98828226, -5.5799541;
 0.1272466, -0.98896438, 0.075879909, -1.3187172;
 0, 0, 0, 1]
Ow:
[2.140157;
 -0.59869611;
 5.9870977]
Keyframe: 99 Frame: 942 Frame from vFrameID : 943
Tcw:
[0.97184467, -0.22719629, 0.062448364, 2.1809313;
 0.073782615, 0.041733291, -0.99640077, -0.43813109;
 0.22377238, 0.97295433, 0.057321411, 6.1613188;
 0, 0, 0, 1]
Twc:
[0.97184467, 0.073782615, 0.22377238, -3.4659331;
 -0.22719629, 0.041733291, 0.97295433, -5.4808979;
 0.062448364, -0.99640077, 0.057321411, -0.92592525;
 0, 0, 0, 1]
Ow:
[2.1809313;
 -0.43813109;
 6.1613188]
Keyframe: 100 Frame: 952 Frame from vFrameID : 953
Tcw:
[0.96812189, -0.2425341, 0.062587351, 2.1924653;
 0.082330264, 0.072131932, -0.99399132, -0.46946973;
 0.23656224, 0.96745759, 0.089800395, 6.1755066;
 0, 0, 0, 1]
Twc:
[0.96812189, 0.082330264, 0.23656224, -3.5448139;
 -0.2425341, 0.072131932, 0.96745759, -5.4089293;
 0.062587351, -0.99399132, 0.089800395, -1.1584324;
 0, 0, 0, 1]
Ow:
[2.1924653;
 -0.46946973;
 6.1755066]
Keyframe: 101 Frame: 960 Frame from vFrameID : 961
Tcw:
[0.96855098, -0.23233907, 0.08903683, 2.1874154;
 0.099382952, 0.03318733, -0.99449569, -0.50358009;
 0.22810529, 0.97206849, 0.05523416, 6.1980782;
 0, 0, 0, 1]
Twc:
[0.96855098, 0.099382952, 0.22810529, -3.4823904;
 -0.23233907, 0.03318733, 0.97206849, -5.5000224;
 0.08903683, -0.99449569, 0.05523416, -1.0379144;
 0, 0, 0, 1]
Ow:
[2.1874154;
 -0.50358009;
 6.1980782]
Keyframe: 102 Frame: 969 Frame from vFrameID : 970
Tcw:
[0.97615075, -0.18597415, 0.11199723, 2.2097621;
 0.12263983, 0.046707176, -0.99135154, -0.57207477;
 0.1791347, 0.98144388, 0.068401083, 6.1834049;
 0, 0, 0, 1]
Twc:
[0.97615075, 0.12263983, 0.1791347, -3.1945639;
 -0.18597415, 0.046707176, 0.98144388, -5.6309862;
 0.11199723, -0.99135154, 0.068401083, -1.2375661;
 0, 0, 0, 1]
Ow:
[2.2097621;
 -0.57207477;
 6.1834049]
Keyframe: 103 Frame: 979 Frame from vFrameID : 980
Tcw:
[0.97856665, -0.19525701, 0.065437436, 2.2642455;
 0.071629122, 0.024811996, -0.9971227, -0.49447834;
 0.19307156, 0.98043817, 0.038266279, 6.2642403;
 0, 0, 0, 1]
Twc:
[0.97856665, 0.071629122, 0.19307156, -3.3897426;
 -0.19525701, 0.024811996, 0.98043817, -5.6873217;
 0.065437436, -0.9971227, 0.038266279, -0.88093114;
 0, 0, 0, 1]
Ow:
[2.2642455;
 -0.49447834;
 6.2642403]
Keyframe: 104 Frame: 989 Frame from vFrameID : 990
Tcw:
[0.97920203, -0.1991127, 0.03895583, 2.3327703;
 0.052839443, 0.064894438, -0.99649221, -0.67182851;
 0.19588624, 0.97782558, 0.074065767, 6.3255444;
 0, 0, 0, 1]
Twc:
[0.97920203, 0.052839443, 0.19588624, -3.4878414;
 -0.1991127, 0.064894438, 0.97782558, -5.677197;
 0.03895583, -0.99649221, 0.074065767, -1.2288532;
 0, 0, 0, 1]
Ow:
[2.3327703;
 -0.67182851;
 6.3255444]
Keyframe: 105 Frame: 999 Frame from vFrameID : 1000
Tcw:
[0.98594075, -0.14892682, 0.075773321, 2.352453;
 0.082428105, 0.039023723, -0.99583268, -0.68803424;
 0.14534923, 0.98807788, 0.050750837, 6.4494247;
 0, 0, 0, 1]
Twc:
[0.98594075, 0.082428105, 0.14534923, -3.2000849;
 -0.14892682, 0.039023723, 0.98807788, -5.9953418;
 0.075773321, -0.99583268, 0.050750837, -1.1907339;
 0, 0, 0, 1]
Ow:
[2.352453;
 -0.68803424;
 6.4494247]
Keyframe: 106 Frame: 1009 Frame from vFrameID : 1010
Tcw:
[0.98270535, -0.12005419, 0.14098659, 2.3653643;
 0.15068288, 0.07589379, -0.98566467, -0.69379956;
 0.10763316, 0.9898622, 0.092671342, 6.4643302;
 0, 0, 0, 1]
Twc:
[0.98270535, 0.15068288, 0.10763316, -2.9156885;
 -0.12005419, 0.07589379, 0.9898622, -6.0621691;
 0.14098659, -0.98566467, 0.092671342, -1.6163964;
 0, 0, 0, 1]
Ow:
[2.3653643;
 -0.69379956;
 6.4643302]
Keyframe: 107 Frame: 1019 Frame from vFrameID : 1020
Tcw:
[0.98387951, -0.15391408, 0.091058306, 2.3543901;
 0.09712074, 0.032323685, -0.99474758, -0.78103697;
 0.15016231, 0.98755538, 0.046750858, 6.5041885;
 0, 0, 0, 1]
Twc:
[0.98387951, 0.09712074, 0.15016231, -3.2172654;
 -0.15391408, 0.032323685, 0.98755538, -6.0356264;
 0.091058306, -0.99474758, 0.046750858, -1.2953979;
 0, 0, 0, 1]
Ow:
[2.3543901;
 -0.78103697;
 6.5041885]
Keyframe: 108 Frame: 1030 Frame from vFrameID : 1031
Tcw:
[0.98187423, -0.17520848, 0.072283834, 2.3636158;
 0.089489706, 0.092370585, -0.99169517, -0.78415895;
 0.1670765, 0.98018861, 0.10637566, 6.5253625;
 0, 0, 0, 1]
Twc:
[0.98187423, 0.089489706, 0.1670765, -3.3408341;
 -0.17520848, 0.092370585, 0.98018861, -5.9095273;
 0.072283834, -0.99169517, 0.10637566, -1.6426375;
 0, 0, 0, 1]
Ow:
[2.3636158;
 -0.78415895;
 6.5253625]
Keyframe: 109 Frame: 1040 Frame from vFrameID : 1041
Tcw:
[0.98658919, -0.10345823, 0.12624654, 2.3259902;
 0.13497673, 0.082224444, -0.98743123, -0.71442199;
 0.09177734, 0.9912293, 0.095086195, 6.6129179;
 0, 0, 0, 1]
Twc:
[0.98658919, 0.13497673, 0.09177734, -2.8052824;
 -0.10345823, 0.082224444, 0.9912293, -6.2555323;
 0.12624654, -0.98743123, 0.095086195, -1.6278881;
 0, 0, 0, 1]
Ow:
[2.3259902;
 -0.71442199;
 6.6129179]
Keyframe: 110 Frame: 1049 Frame from vFrameID : 1050
Tcw:
[0.98808002, -0.10959386, 0.10810658, 2.422966;
 0.11560286, 0.064508975, -0.99119854, -0.86142671;
 0.10165543, 0.99188095, 0.076409392, 6.6313334;
 0, 0, 0, 1]
Twc:
[0.98808002, 0.11560286, 0.10165543, -2.968612;
 -0.10959386, 0.064508975, 0.99188095, -6.256381;
 0.10810658, -0.99119854, 0.076409392, -1.6224797;
 0, 0, 0, 1]
Ow:
[2.422966;
 -0.86142671;
 6.6313334]
Keyframe: 111 Frame: 1059 Frame from vFrameID : 1060
Tcw:
[0.98645788, -0.13672991, 0.090585664, 2.425766;
 0.096691959, 0.038685467, -0.99456227, -0.83806819;
 0.13248207, 0.98985273, 0.051382266, 6.712729;
 0, 0, 0, 1]
Twc:
[0.98645788, 0.096691959, 0.13248207, -3.2011979;
 -0.13672991, 0.038685467, 0.98985273, -6.2805171;
 0.090585664, -0.99456227, 0.051382266, -1.3981658;
 0, 0, 0, 1]
Ow:
[2.425766;
 -0.83806819;
 6.712729]
Keyframe: 112 Frame: 1067 Frame from vFrameID : 1068
Tcw:
[0.98257649, -0.17002384, 0.075068675, 2.4436202;
 0.07988067, 0.02163049, -0.99656969, -0.82472241;
 0.16781685, 0.98520255, 0.034835231, 6.7669635;
 0, 0, 0, 1]
Twc:
[0.98257649, 0.07988067, 0.16781685, -3.4707747;
 -0.17002384, 0.02163049, 0.98520255, -6.2335172;
 0.075068675, -0.99656969, 0.034835231, -1.2410614;
 0, 0, 0, 1]
Ow:
[2.4436202;
 -0.82472241;
 6.7669635]
Keyframe: 113 Frame: 1075 Frame from vFrameID : 1076
Tcw:
[0.97893184, -0.1861572, 0.083892122, 2.4283526;
 0.094740272, 0.050148632, -0.99423808, -0.82215202;
 0.18087751, 0.98123932, 0.066728674, 6.7845349;
 0, 0, 0, 1]
Twc:
[0.97893184, 0.094740272, 0.18087751, -3.5264707;
 -0.1861572, 0.050148632, 0.98123932, -6.1639671;
 0.083892122, -0.99423808, 0.066728674, -1.4738575;
 0, 0, 0, 1]
Ow:
[2.4283526;
 -0.82215202;
 6.7845349]
Keyframe: 114 Frame: 1084 Frame from vFrameID : 1085
Tcw:
[0.98485917, -0.13518088, 0.10852884, 2.4912453;
 0.11550054, 0.044821985, -0.99229562, -0.80907196;
 0.12927492, 0.98980659, 0.059756812, 6.8462253;
 0, 0, 0, 1]
Twc:
[0.98485917, 0.11550054, 0.12927492, -3.2451227;
 -0.13518088, 0.044821985, 0.98980659, -6.4034061;
 0.10852884, -0.99229562, 0.059756812, -1.4823191;
 0, 0, 0, 1]
Ow:
[2.4912453;
 -0.80907196;
 6.8462253]
Keyframe: 115 Frame: 1091 Frame from vFrameID : 1092
Tcw:
[0.98543453, -0.12613469, 0.11405637, 2.4910159;
 0.12072282, 0.046510473, -0.9915961, -0.80027658;
 0.11976985, 0.99092221, 0.061060362, 6.8786345;
 0, 0, 0, 1]
Twc:
[0.98543453, 0.12072282, 0.11976985, -3.1819744;
 -0.12613469, 0.046510473, 0.99092221, -6.464767;
 0.11405637, -0.9915961, 0.061060362, -1.4976792;
 0, 0, 0, 1]
Ow:
[2.4910159;
 -0.80027658;
 6.8786345]
Keyframe: 116 Frame: 1100 Frame from vFrameID : 1101
Tcw:
[0.97513413, -0.21669988, 0.046417527, 2.5107355;
 0.058132872, 0.048001491, -0.99715418, -0.8263368;
 0.21385509, 0.97505742, 0.059405275, 6.9328179;
 0, 0, 0, 1]
Twc:
[0.97513413, 0.058132872, 0.21385509, -3.8828852;
 -0.21669988, 0.048001491, 0.97505742, -6.1761546;
 0.046417527, -0.99715418, 0.059405275, -1.3523734;
 0, 0, 0, 1]
Ow:
[2.5107355;
 -0.8263368;
 6.9328179]
Keyframe: 117 Frame: 1108 Frame from vFrameID : 1109
Tcw:
[0.97705549, -0.20364225, 0.062388681, 2.4962134;
 0.077498004, 0.067077138, -0.99473351, -0.84807348;
 0.19838491, 0.97674483, 0.081319958, 6.9825106;
 0, 0, 0, 1]
Twc:
[0.97705549, 0.077498004, 0.19838491, -3.7584398;
 -0.20364225, 0.067077138, 0.97674483, -6.2549105;
 0.062388681, -0.99473351, 0.081319958, -1.56716;
 0, 0, 0, 1]
Ow:
[2.4962134;
 -0.84807348;
 6.9825106]
Keyframe: 118 Frame: 1116 Frame from vFrameID : 1117
Tcw:
[0.98183095, -0.16556869, 0.092709459, 2.5275888;
 0.099431865, 0.032767553, -0.99450469, -0.86231381;
 0.16162097, 0.98565376, 0.048635002, 7.0133886;
 0, 0, 0, 1]
Twc:
[0.98183095, 0.099431865, 0.16162097, -3.529434;
 -0.16556869, 0.032767553, 0.98565376, -6.4660268;
 0.092709459, -0.99450469, 0.048635002, -1.4330027;
 0, 0, 0, 1]
Ow:
[2.5275888;
 -0.86231381;
 7.0133886]
Keyframe: 119 Frame: 1125 Frame from vFrameID : 1126
Tcw:
[0.97998405, -0.16069743, 0.1175056, 2.5496516;
 0.12665389, 0.047887411, -0.99079037, -0.86034554;
 0.15359043, 0.98584133, 0.067281857, 7.0484538;
 0, 0, 0, 1]
Twc:
[0.97998405, 0.12665389, 0.15359043, -3.4722269;
 -0.16069743, 0.047887411, 0.98584133, -6.4977345;
 0.1175056, -0.99079037, 0.067281857, -1.6262535;
 0, 0, 0, 1]
Ow:
[2.5496516;
 -0.86034554;
 7.0484538]
Keyframe: 120 Frame: 1134 Frame from vFrameID : 1135
Tcw:
[0.97498029, -0.21890505, 0.038651787, 2.542613;
 0.044837065, 0.023356671, -0.99872124, -0.7836979;
 0.21772234, 0.97546655, 0.032587353, 7.0738044;
 0, 0, 0, 1]
Twc:
[0.97498029, 0.044837065, 0.21772234, -3.9839842;
 -0.21890505, 0.023356671, 0.97546655, -6.3253641;
 0.038651787, -0.99872124, 0.032587353, -1.1114888;
 0, 0, 0, 1]
Ow:
[2.542613;
 -0.7836979;
 7.0738044]
Keyframe: 121 Frame: 1143 Frame from vFrameID : 1144
Tcw:
[0.96975964, -0.24276635, 0.025114696, 2.6109233;
 0.047114626, 0.085244827, -0.99524546, -0.75218379;
 0.23947121, 0.96633214, 0.094104841, 7.0836782;
 0, 0, 0, 1]
Twc:
[0.96975964, 0.047114626, 0.23947121, -4.1928663;
 -0.24276635, 0.085244827, 0.96633214, -6.147222;
 0.025114696, -0.99524546, 0.094104841, -1.4807885;
 0, 0, 0, 1]
Ow:
[2.6109233;
 -0.75218379;
 7.0836782]
Keyframe: 122 Frame: 1152 Frame from vFrameID : 1153
Tcw:
[0.96814668, -0.23053879, 0.097692475, 2.554852;
 0.10672798, 0.027022533, -0.99392098, -0.77833277;
 0.22649744, 0.97268784, 0.050766714, 7.2002449;
 0, 0, 0, 1]
Twc:
[0.96814668, 0.10672798, 0.22649744, -4.0212388;
 -0.23053879, 0.027022533, 0.97268784, -6.3935657;
 0.097692475, -0.99392098, 0.050766714, -1.3887239;
 0, 0, 0, 1]
Ow:
[2.554852;
 -0.77833277;
 7.2002449]
Keyframe: 123 Frame: 1160 Frame from vFrameID : 1161
Tcw:
[0.9669624, -0.2058346, 0.15038569, 2.5313385;
 0.16714032, 0.066488862, -0.98368865, -0.8003335;
 0.19247818, 0.97632545, 0.098695487, 7.287159;
 0, 0, 0, 1]
Twc:
[0.9669624, 0.16714032, 0.19247818, -3.7165601;
 -0.2058346, 0.066488862, 0.97632545, -6.5403881;
 0.15038569, -0.98368865, 0.098695487, -1.8871658;
 0, 0, 0, 1]
Ow:
[2.5313385;
 -0.8003335;
 7.287159]
Keyframe: 124 Frame: 1169 Frame from vFrameID : 1170
Tcw:
[0.97047871, -0.22837962, 0.077548809, 2.5703907;
 0.088506192, 0.038118463, -0.99534601, -0.8161242;
 0.2243607, 0.97282565, 0.057206169, 7.3483748;
 0, 0, 0, 1]
Twc:
[0.97047871, 0.088506192, 0.2243607, -4.0709639;
 -0.22837962, 0.038118463, 0.97282565, -6.5305529;
 0.077548809, -0.99534601, 0.057206169, -1.432029;
 0, 0, 0, 1]
Ow:
[2.5703907;
 -0.8161242;
 7.3483748]
Keyframe: 125 Frame: 1178 Frame from vFrameID : 1179
Tcw:
[0.97673577, -0.19320174, 0.093060806, 2.5671129;
 0.10252555, 0.039560761, -0.99394339, -0.82056344;
 0.18835002, 0.98036116, 0.058448527, 7.3995614;
 0, 0, 0, 1]
Twc:
[0.97673577, 0.10252555, 0.18835002, -3.8169699;
 -0.19320174, 0.039560761, 0.98036116, -6.7258101;
 0.093060806, -0.99394339, 0.058448527, -1.4869846;
 0, 0, 0, 1]
Ow:
[2.5671129;
 -0.82056344;
 7.3995614]
Keyframe: 126 Frame: 1188 Frame from vFrameID : 1189
Tcw:
[0.97473317, -0.16466179, 0.15093616, 2.5891011;
 0.15545174, 0.014814851, -0.98773241, -0.87908453;
 0.1604057, 0.98623884, 0.04003749, 7.431253;
 0, 0, 0, 1]
Twc:
[0.97473317, 0.15545174, 0.1604057, -3.5790427;
 -0.16466179, 0.014814851, 0.98623884, -6.8896408;
 0.15093616, -0.98773241, 0.04003749, -1.5566179;
 0, 0, 0, 1]
Ow:
[2.5891011;
 -0.87908453;
 7.431253]
Keyframe: 127 Frame: 1198 Frame from vFrameID : 1199
Tcw:
[0.97713113, -0.17336985, 0.12311657, 2.6410041;
 0.13131221, 0.036579866, -0.99066597, -0.86862195;
 0.16724801, 0.98417723, 0.058508899, 7.503983;
 0, 0, 0, 1]
Twc:
[0.97713113, 0.13131221, 0.16724801, -3.7215731;
 -0.17336985, 0.036579866, 0.98417723, -6.8956046;
 0.12311657, -0.99066597, 0.058508899, -1.6247153;
 0, 0, 0, 1]
Ow:
[2.6410041;
 -0.86862195;
 7.503983]
Keyframe: 128 Frame: 1207 Frame from vFrameID : 1208
Tcw:
[0.97659123, -0.21148823, 0.03927255, 2.6744204;
 0.044504844, 0.02003558, -0.99880826, -0.81747353;
 0.21044934, 0.97717518, 0.028978821, 7.5329394;
 0, 0, 0, 1]
Twc:
[0.97659123, 0.044504844, 0.21044934, -4.1607361;
 -0.21148823, 0.02003558, 0.97717518, -6.7790141;
 0.03927255, -0.99880826, 0.028978821, -1.1398263;
 0, 0, 0, 1]
Ow:
[2.6744204;
 -0.81747353;
 7.5329394]
Keyframe: 129 Frame: 1216 Frame from vFrameID : 1217
Tcw:
[0.97297317, -0.22358252, 0.057741642, 2.6900024;
 0.07261201, 0.058862839, -0.99562174, -0.85525644;
 0.21920478, 0.97290599, 0.073506743, 7.5943785;
 0, 0, 0, 1]
Twc:
[0.97297317, 0.07261201, 0.21920478, -4.2199225;
 -0.22358252, 0.058862839, 0.97290599, -6.7368355;
 0.057741642, -0.99562174, 0.073506743, -1.565075;
 0, 0, 0, 1]
Ow:
[2.6900024;
 -0.85525644;
 7.5943785]
Keyframe: 130 Frame: 1224 Frame from vFrameID : 1225
Tcw:
[0.97378796, -0.20091803, 0.10662539, 2.6729937;
 0.11387109, 0.024823675, -0.99318534, -0.88883382;
 0.19690201, 0.97929347, 0.04705175, 7.6458893;
 0, 0, 0, 1]
Twc:
[0.97378796, 0.11387109, 0.19690201, -4.0072074;
 -0.20091803, 0.024823675, 0.97929347, -6.928453;
 0.10662539, -0.99318534, 0.04705175, -1.5275382;
 0, 0, 0, 1]
Ow:
[2.6729937;
 -0.88883382;
 7.6458893]
Keyframe: 131 Frame: 1231 Frame from vFrameID : 1232
Tcw:
[0.96938312, -0.19864231, 0.14435214, 2.7057173;
 0.16107801, 0.070706166, -0.98440564, -0.86193955;
 0.18533804, 0.9775182, 0.10053828, 7.6880651;
 0, 0, 0, 1]
Twc:
[0.96938312, 0.16107801, 0.18533804, -3.9089282;
 -0.19864231, 0.070706166, 0.9775182, -6.9168096;
 0.14435214, -0.98440564, 0.10053828, -2.0120192;
 0, 0, 0, 1]
Ow:
[2.7057173;
 -0.86193955;
 7.6880651]
Keyframe: 132 Frame: 1237 Frame from vFrameID : 1238
Tcw:
[0.97022176, -0.20627995, 0.12695807, 2.7151539;
 0.1456344, 0.077970907, -0.98626119, -0.89725554;
 0.19354688, 0.97538155, 0.10569052, 7.7046285;
 0, 0, 0, 1]
Twc:
[0.97022176, 0.1456344, 0.19354688, -3.9948368;
 -0.20627995, 0.077970907, 0.97538155, -6.8849101;
 0.12695807, -0.98626119, 0.10569052, -2.0439453;
 0, 0, 0, 1]
Ow:
[2.7151539;
 -0.89725554;
 7.7046285]
Keyframe: 133 Frame: 1245 Frame from vFrameID : 1246
Tcw:
[0.97137451, -0.20591883, 0.11844408, 2.7478547;
 0.12939219, 0.040491015, -0.99076647, -0.89490235;
 0.19922155, 0.97773099, 0.065976232, 7.7408552;
 0, 0, 0, 1]
Twc:
[0.97137451, 0.12939219, 0.19922155, -4.0955477;
 -0.20591883, 0.040491015, 0.97773099, -6.9664035;
 0.11844408, -0.99076647, 0.065976232, -1.7228186;
 0, 0, 0, 1]
Ow:
[2.7478547;
 -0.89490235;
 7.7408552]
Keyframe: 134 Frame: 1253 Frame from vFrameID : 1254
Tcw:
[0.97524601, -0.19650578, 0.10139356, 2.7672639;
 0.11510998, 0.059656121, -0.9915598, -0.90995514;
 0.18879849, 0.97868615, 0.08079917, 7.7729626;
 0, 0, 0, 1]
Twc:
[0.97524601, 0.11510998, 0.18879849, -4.061542;
 -0.19650578, 0.059656121, 0.97868615, -7.0092235;
 0.10139356, -0.9915598, 0.08079917, -1.8109066;
 0, 0, 0, 1]
Ow:
[2.7672639;
 -0.90995514;
 7.7729626]
Keyframe: 135 Frame: 1261 Frame from vFrameID : 1262
Tcw:
[0.97932643, -0.17419744, 0.10283498, 2.7771361;
 0.11218169, 0.044661414, -0.99268353, -0.87243491;
 0.16833018, 0.98369741, 0.063279867, 7.8045545;
 0, 0, 0, 1]
Twc:
[0.97932643, 0.11218169, 0.16833018, -3.9355936;
 -0.17419744, 0.044661414, 0.98369741, -7.1545863;
 0.10283498, -0.99268353, 0.063279867, -1.6455097;
 0, 0, 0, 1]
Ow:
[2.7771361;
 -0.87243491;
 7.8045545]
Keyframe: 136 Frame: 1269 Frame from vFrameID : 1270
Tcw:
[0.9775936, -0.17103067, 0.12271635, 2.7808518;
 0.13094708, 0.037660789, -0.99067378, -0.84323585;
 0.164814, 0.98454565, 0.059212912, 7.8444786;
 0, 0, 0, 1]
Twc:
[0.9775936, 0.13094708, 0.164814, -3.9010036;
 -0.17103067, 0.037660789, 0.98454565, -7.2158799;
 0.12271635, -0.99067378, 0.059212912, -1.6411221;
 0, 0, 0, 1]
Ow:
[2.7808518;
 -0.84323585;
 7.8444786]
Keyframe: 137 Frame: 1278 Frame from vFrameID : 1279
Tcw:
[0.96926659, -0.21103397, 0.12643926, 2.794739;
 0.14035311, 0.052249037, -0.98872191, -0.834975;
 0.20204759, 0.97608131, 0.080262519, 7.9443264;
 0, 0, 0, 1]
Twc:
[0.96926659, 0.14035311, 0.20204759, -4.1967878;
 -0.21103397, 0.052249037, 0.97608131, -7.1208968;
 0.12643926, -0.98872191, 0.080262519, -1.8165545;
 0, 0, 0, 1]
Ow:
[2.794739;
 -0.834975;
 7.9443264]
Keyframe: 138 Frame: 1286 Frame from vFrameID : 1287
Tcw:
[0.96167618, -0.26234254, 0.07972011, 2.770648;
 0.088866375, 0.023166111, -0.99577409, -0.92137361;
 0.25938711, 0.96469671, 0.045591731, 7.9756541;
 0, 0, 0, 1]
Twc:
[0.96167618, 0.088866375, 0.25938711, -4.6513691;
 -0.26234254, 0.023166111, 0.96469671, -6.9458833;
 0.07972011, -0.99577409, 0.045591731, -1.5019802;
 0, 0, 0, 1]
Ow:
[2.770648;
 -0.92137361;
 7.9756541]
Keyframe: 139 Frame: 1295 Frame from vFrameID : 1296
Tcw:
[0.96379358, -0.24495029, 0.1053628, 2.7506866;
 0.11337487, 0.018800791, -0.99337441, -0.94024444;
 0.24134645, 0.96935332, 0.045891289, 8.0045156;
 0, 0, 0, 1]
Twc:
[0.96379358, 0.11337487, 0.24134645, -4.4763551;
 -0.24495029, 0.018800791, 0.96935332, -7.0677452;
 0.1053628, -0.99337441, 0.045891289, -1.5911723;
 0, 0, 0, 1]
Ow:
[2.7506866;
 -0.94024444;
 8.0045156]
Keyframe: 140 Frame: 1302 Frame from vFrameID : 1303
Tcw:
[0.96530056, -0.21374634, 0.15002449, 2.7127395;
 0.15371969, 0.00067539472, -0.98811424, -0.94367528;
 0.21110448, 0.97688895, 0.033508983, 8.0141392;
 0, 0, 0, 1]
Twc:
[0.96530056, 0.15371969, 0.21110448, -4.1653681;
 -0.21374634, 0.00067539472, 0.97688895, -7.2484484;
 0.15002449, -0.98811424, 0.033508983, -1.607982;
 0, 0, 0, 1]
Ow:
[2.7127395;
 -0.94367528;
 8.0141392]
Keyframe: 141 Frame: 1312 Frame from vFrameID : 1313
Tcw:
[0.97783023, -0.15525201, 0.14051646, 2.6839223;
 0.15022804, 0.052642081, -0.9872489, -0.5975855;
 0.1458753, 0.9864713, 0.074798226, 8.1951542;
 0, 0, 0, 1]
Twc:
[0.97783023, 0.15022804, 0.1458753, -3.7301164;
 -0.15525201, 0.052642081, 0.9864713, -7.6361413;
 0.14051646, -0.9872489, 0.074798226, -1.5800837;
 0, 0, 0, 1]
Ow:
[2.6839223;
 -0.5975855;
 8.1951542]
Keyframe: 142 Frame: 1320 Frame from vFrameID : 1321
Tcw:
[0.96516228, -0.24848478, 0.081957974, 2.7768059;
 0.088542938, 0.015421518, -0.99595296, -0.82246017;
 0.24621524, 0.96851301, 0.036885839, 8.2579803;
 0, 0, 0, 1]
Twc:
[0.96516228, 0.088542938, 0.24621524, -4.6404858;
 -0.24848478, 0.015421518, 0.96851301, -7.2952843;
 0.081957974, -0.99595296, 0.036885839, -1.3513156;
 0, 0, 0, 1]
Ow:
[2.7768059;
 -0.82246017;
 8.2579803]
Keyframe: 143 Frame: 1329 Frame from vFrameID : 1330
Tcw:
[0.96876854, -0.22754443, 0.098544419, 2.6666677;
 0.10274807, 0.0066731791, -0.99468505, -0.7333051;
 0.22567743, 0.97374481, 0.029844517, 8.3298101;
 0, 0, 0, 1]
Twc:
[0.96876854, 0.10274807, 0.22567743, -4.3878884;
 -0.22754443, 0.0066731791, 0.97374481, -7.4994307;
 0.098544419, -0.99468505, 0.029844517, -1.240792;
 0, 0, 0, 1]
Ow:
[2.6666677;
 -0.7333051;
 8.3298101]
Keyframe: 144 Frame: 1339 Frame from vFrameID : 1340
Tcw:
[0.96984071, -0.20655851, 0.129393, 2.6925151;
 0.13017085, -0.0098795509, -0.99144238, -0.7430554;
 0.2060692, 0.97838438, 0.017306307, 8.3348284;
 0, 0, 0, 1]
Twc:
[0.96984071, 0.13017085, 0.2060692, -4.2321382;
 -0.20655851, -0.0098795509, 0.97838438, -7.605844;
 0.129393, -0.99144238, 0.017306307, -1.2293344;
 0, 0, 0, 1]
Ow:
[2.6925151;
 -0.7430554;
 8.3348284]
Keyframe: 145 Frame: 1348 Frame from vFrameID : 1349
Tcw:
[0.96935767, -0.20752628, 0.13144788, 2.7396698;
 0.14057355, 0.029790575, -0.98962194, -0.7348718;
 0.20145665, 0.97777575, 0.058050428, 8.3799324;
 0, 0, 0, 1]
Twc:
[0.96935767, 0.14057355, 0.20145665, -4.2406096;
 -0.20752628, 0.029790575, 0.97777575, -7.6032491;
 0.13144788, -0.98962194, 0.058050428, -1.5738279;
 0, 0, 0, 1]
Ow:
[2.7396698;
 -0.7348718;
 8.3799324]
Keyframe: 146 Frame: 1358 Frame from vFrameID : 1359
Tcw:
[0.95992994, -0.27135414, 0.07001026, 2.7907784;
 0.078149624, 0.019292468, -0.99675494, -0.66495055;
 0.26912293, 0.96228617, 0.039725643, 8.5008163;
 0, 0, 0, 1]
Twc:
[0.95992994, 0.078149624, 0.26912293, -4.9147506;
 -0.27135414, 0.019292468, 0.96228617, -7.4101005;
 0.07001026, -0.99675494, 0.039725643, -1.1958764;
 0, 0, 0, 1]
Ow:
[2.7907784;
 -0.66495055;
 8.5008163]
Keyframe: 147 Frame: 1365 Frame from vFrameID : 1366
Tcw:
[0.95702022, -0.27611914, 0.088715628, 2.7656629;
 0.10386521, 0.040704276, -0.99375808, -0.67412639;
 0.27078453, 0.96026111, 0.067633994, 8.5113602;
 0, 0, 0, 1]
Twc:
[0.95702022, 0.10386521, 0.27078453, -4.8815222;
 -0.27611914, 0.040704276, 0.96026111, -7.3820357;
 0.088715628, -0.99375808, 0.067633994, -1.4909334;
 0, 0, 0, 1]
Ow:
[2.7656629;
 -0.67412639;
 8.5113602]
Keyframe: 148 Frame: 1373 Frame from vFrameID : 1374
Tcw:
[0.95471358, -0.26361194, 0.13795176, 2.6871731;
 0.13870259, -0.015854996, -0.99020714, -0.66295224;
 0.26321766, 0.96449852, 0.02142668, 8.6184111;
 0, 0, 0, 1]
Twc:
[0.95471358, 0.13870259, 0.26321766, -4.7420454;
 -0.26361194, -0.015854996, 0.96449852, -7.614584;
 0.13795176, -0.99020714, 0.02142668, -1.2118243;
 0, 0, 0, 1]
Ow:
[2.6871731;
 -0.66295224;
 8.6184111]
Keyframe: 149 Frame: 1383 Frame from vFrameID : 1384
Tcw:
[0.96039325, -0.21599655, 0.17604071, 2.81318;
 0.18388745, 0.016621884, -0.98280674, -0.70922202;
 0.20935674, 0.97625262, 0.0556826, 8.6724653;
 0, 0, 0, 1]
Twc:
[0.96039325, 0.18388745, 0.20935674, -4.386981;
 -0.21599655, 0.016621884, 0.97625262, -7.8470912;
 0.17604071, -0.98280674, 0.0556826, -1.6751678;
 0, 0, 0, 1]
Ow:
[2.81318;
 -0.70922202;
 8.6724653]
Keyframe: 150 Frame: 1391 Frame from vFrameID : 1392
Tcw:
[0.96197402, -0.23729493, 0.13526675, 2.7841489;
 0.1468695, 0.031833965, -0.98864347, -0.71248615;
 0.230294, 0.97091591, 0.065474831, 8.7043982;
 0, 0, 0, 1]
Twc:
[0.96197402, 0.1468695, 0.230294, -4.5782075;
 -0.23729493, 0.031833965, 0.97091591, -7.7678933;
 0.13526675, -0.98864347, 0.065474831, -1.6509167;
 0, 0, 0, 1]
Ow:
[2.7841489;
 -0.71248615;
 8.7043982]
Keyframe: 151 Frame: 1401 Frame from vFrameID : 1402
Tcw:
[0.9602176, -0.25592417, 0.11173603, 2.8202128;
 0.12511668, 0.036559705, -0.99146819, -0.74421912;
 0.24965565, 0.96600527, 0.067125656, 8.7293901;
 0, 0, 0, 1]
Twc:
[0.9602176, 0.12511668, 0.24965565, -4.7942457;
 -0.25592417, 0.036559705, 0.96600527, -7.6836681;
 0.11173603, -0.99146819, 0.067125656, -1.6389551;
 0, 0, 0, 1]
Ow:
[2.8202128;
 -0.74421912;
 8.7293901]
Keyframe: 152 Frame: 1411 Frame from vFrameID : 1412
Tcw:
[0.95852423, -0.25748244, 0.12220511, 2.826139;
 0.13457686, 0.030917486, -0.9904207, -0.74769211;
 0.25123766, 0.96578825, 0.064286336, 8.7621803;
 0, 0, 0, 1]
Twc:
[0.95852423, 0.13457686, 0.25123766, -4.8096905;
 -0.25748244, 0.030917486, 0.96578825, -7.7116127;
 0.12220511, -0.9904207, 0.064286336, -1.6491868;
 0, 0, 0, 1]
Ow:
[2.826139;
 -0.74769211;
 8.7621803]
Keyframe: 153 Frame: 1420 Frame from vFrameID : 1421
Tcw:
[0.96873033, -0.2049599, 0.13983217, 2.8335276;
 0.14834853, 0.026713619, -0.98857427, -0.7482664;
 0.19888265, 0.97840577, 0.056283791, 8.8212757;
 0, 0, 0, 1]
Twc:
[0.96873033, 0.14834853, 0.19888265, -4.3883185;
 -0.2049599, 0.026713619, 0.97840577, -8.0300388;
 0.13983217, -0.98857427, 0.056283791, -1.6324301;
 0, 0, 0, 1]
Ow:
[2.8335276;
 -0.7482664;
 8.8212757]
Keyframe: 154 Frame: 1428 Frame from vFrameID : 1429
Tcw:
[0.96345425, -0.23437719, 0.12970437, 2.7476985;
 0.14398703, 0.044815842, -0.98856425, -0.63725591;
 0.22588409, 0.97111219, 0.076925293, 8.85958;
 0, 0, 0, 1]
Twc:
[0.96345425, 0.14398703, 0.22588409, -4.5567632;
 -0.23437719, 0.044815842, 0.97111219, -7.9310889;
 0.12970437, -0.98856425, 0.076925293, -1.6678827;
 0, 0, 0, 1]
Ow:
[2.7476985;
 -0.63725591;
 8.85958]
Keyframe: 155 Frame: 1436 Frame from vFrameID : 1437
Tcw:
[0.94605362, -0.3122378, 0.086545475, 2.7782576;
 0.080155537, -0.033267941, -0.99622703, -0.49822819;
 0.31393895, 0.94942129, -0.0064456672, 8.990449;
 0, 0, 0, 1]
Twc:
[0.94605362, 0.080155537, 0.31393895, -5.4108968;
 -0.3122378, -0.033267941, 0.94942129, -7.6848216;
 0.086545475, -0.99622703, -0.0064456672, -0.67884463;
 0, 0, 0, 1]
Ow:
[2.7782576;
 -0.49822819;
 8.990449]
Keyframe: 156 Frame: 1441 Frame from vFrameID : 1442
Tcw:
[0.95691609, -0.27990061, 0.077247612, 2.8443363;
 0.078300267, -0.0074366368, -0.99690211, -0.51323843;
 0.27960798, 0.96000016, 0.014800056, 8.9922256;
 0, 0, 0, 1]
Twc:
[0.95691609, 0.078300267, 0.27960798, -5.1959028;
 -0.27990061, -0.0074366368, 0.96000016, -7.8402243;
 0.077247612, -0.99690211, 0.014800056, -0.86445206;
 0, 0, 0, 1]
Ow:
[2.8443363;
 -0.51323843;
 8.9922256]
Keyframe: 157 Frame: 1448 Frame from vFrameID : 1449
Tcw:
[0.96380669, -0.24860564, 0.0962907, 2.8196337;
 0.097060367, -0.0091894409, -0.9952361, -0.51879513;
 0.24830616, 0.96856117, 0.015272909, 9.0029135;
 0, 0, 0, 1]
Twc:
[0.96380669, 0.097060367, 0.24830616, -4.9027066;
 -0.24860564, -0.0091894409, 0.96856117, -8.0236635;
 0.0962907, -0.9952361, 0.015272909, -0.92532885;
 0, 0, 0, 1]
Ow:
[2.8196337;
 -0.51879513;
 9.0029135]
Keyframe: 158 Frame: 1456 Frame from vFrameID : 1457
Tcw:
[0.96625948, -0.23187521, 0.11214512, 2.8174491;
 0.10840754, -0.028840752, -0.99368811, -0.54431659;
 0.23364599, 0.97231787, -0.0027306275, 8.9973364;
 0, 0, 0, 1]
Twc:
[0.96625948, 0.10840754, 0.23364599, -4.7655702;
 -0.23187521, -0.028840752, 0.97231787, -8.110673;
 0.11214512, -0.99368811, -0.0027306275, -0.83227569;
 0, 0, 0, 1]
Ow:
[2.8174491;
 -0.54431659;
 8.9973364]
Keyframe: 159 Frame: 1462 Frame from vFrameID : 1463
Tcw:
[0.96815968, -0.20784183, 0.13952984, 2.8040535;
 0.14010145, -0.012042298, -0.99006391, -0.5243271;
 0.20745695, 0.97808832, 0.017460072, 8.9991436;
 0, 0, 0, 1]
Twc:
[0.96815968, 0.14010145, 0.20745695, -4.5082479;
 -0.20784183, -0.012042298, 0.97808832, -8.2254715;
 0.13952984, -0.99006391, 0.017460072, -1.0674922;
 0, 0, 0, 1]
Ow:
[2.8040535;
 -0.5243271;
 8.9991436]
