Keyframe: 0 Frame: 0 Frame from vFrameID : 95
Tcw:
[0.99821275, -0.015268439, -0.057776891, 0.074321084;
 -0.057907231, -0.0082365554, -0.99828798, -0.011684898;
 0.014766417, 0.9998495, -0.0091059878, -0.067607112;
 0, 0, 0, 1]
Twc:
[0.99821275, -0.057907231, 0.014766417, -0.073866583;
 -0.015268439, -0.0082365554, 0.9998495, 0.068635456;
 -0.057776891, -0.99828798, -0.0091059878, -0.0079864813;
 0, 0, 0, 1]
Ow:
[0.074321084;
 -0.011684898;
 -0.067607112]
Keyframe: 1 Frame: 142 Frame from vFrameID : 95
Tcw:
[0.99867034, -0.018621946, -0.048069987, 0.068366364;
 -0.04838964, -0.017112603, -0.9986819, -0.016428277;
 0.017774798, 0.99968016, -0.017990958, -0.063736022;
 0, 0, 0, 1]
Twc:
[0.99867034, -0.04838964, 0.017774798, -0.067937523;
 -0.018621946, -0.017112603, 0.99968016, 0.064707622;
 -0.048069987, -0.9986819, -0.017990958, -0.014266925;
 0, 0, 0, 1]
Ow:
[0.068366364;
 -0.016428277;
 -0.063736022]
Keyframe: 2 Frame: 146 Frame from vFrameID : 147
Tcw:
[0.99912328, -0.024202442, -0.034160219, 0.071406923;
 -0.034626342, -0.019109303, -0.99921763, -0.015684446;
 0.023530729, 0.99952441, -0.019930592, -0.067970328;
 0, 0, 0, 1]
Twc:
[0.99912328, -0.034626342, 0.023530729, -0.070288025;
 -0.024202442, -0.019109303, 0.99952441, 0.069366515;
 -0.034160219, -0.99921763, -0.019930592, -0.014587588;
 0, 0, 0, 1]
Ow:
[0.071406923;
 -0.015684446;
 -0.067970328]
Keyframe: 3 Frame: 149 Frame from vFrameID : 150
Tcw:
[0.99929988, -0.035850521, -0.010699124, 0.053129733;
 -0.011722642, -0.028462088, -0.99952614, -0.025103612;
 0.03552901, 0.99895179, -0.028862424, -0.065482102;
 0, 0, 0, 1]
Twc:
[0.99929988, -0.011722642, 0.03552901, -0.0510603;
 -0.035850521, -0.028462088, 0.99895179, 0.066603683;
 -0.010699124, -0.99952614, -0.028862424, -0.026413247;
 0, 0, 0, 1]
Ow:
[0.053129733;
 -0.025103612;
 -0.065482102]
Keyframe: 4 Frame: 151 Frame from vFrameID : 152
Tcw:
[0.99927282, -0.036448784, -0.011192854, 0.049161922;
 -0.012537736, -0.036880795, -0.99924099, -0.024477895;
 0.036008317, 0.99865472, -0.037310962, -0.062061742;
 0, 0, 0, 1]
Twc:
[0.99927282, -0.012537736, 0.036008317, -0.047198329;
 -0.036448784, -0.036880795, 0.99865472, 0.062867381;
 -0.011192854, -0.99924099, -0.037310962, -0.026224639;
 0, 0, 0, 1]
Ow:
[0.049161922;
 -0.024477895;
 -0.062061742]
Keyframe: 5 Frame: 154 Frame from vFrameID : 155
Tcw:
[0.99912632, -0.041081768, -0.0076749818, 0.045615584;
 -0.0088677676, -0.028931398, -0.99954206, -0.023317173;
 0.040840909, 0.99873686, -0.029270424, -0.062694229;
 0, 0, 0, 1]
Twc:
[0.99912632, -0.0088677676, 0.040840909, -0.04322201;
 -0.041081768, -0.028931398, 0.99873686, 0.063814402;
 -0.0076749818, -0.99954206, -0.029270424, -0.024791483;
 0, 0, 0, 1]
Ow:
[0.045615584;
 -0.023317173;
 -0.062694229]
Keyframe: 6 Frame: 158 Frame from vFrameID : 159
Tcw:
[0.99832147, -0.056462593, -0.012892012, 0.042823948;
 -0.01448933, -0.027972447, -0.99950367, -0.022594595;
 0.056073949, 0.99801278, -0.028743599, -0.061424512;
 0, 0, 0, 1]
Twc:
[0.99832147, -0.01448933, 0.056073949, -0.039635133;
 -0.056462593, -0.027972447, 0.99801278, 0.063088372;
 -0.012892012, -0.99950367, -0.028743599, -0.023796856;
 0, 0, 0, 1]
Ow:
[0.042823948;
 -0.022594595;
 -0.061424512]
Keyframe: 7 Frame: 162 Frame from vFrameID : 163
Tcw:
[0.99718243, -0.070553035, -0.025485065, 0.039508361;
 -0.027448505, -0.027000956, -0.99925852, -0.022111541;
 0.069812596, 0.99714255, -0.028861454, -0.060861658;
 0, 0, 0, 1]
Twc:
[0.99718243, -0.027448505, 0.069812596, -0.035755064;
 -0.070553035, -0.027000956, 0.99714255, 0.062878147;
 -0.025485065, -0.99925852, -0.028861454, -0.022844827;
 0, 0, 0, 1]
Ow:
[0.039508361;
 -0.022111541;
 -0.060861658]
Keyframe: 8 Frame: 166 Frame from vFrameID : 167
Tcw:
[0.99628073, -0.078472264, -0.035593048, 0.039185148;
 -0.03767607, -0.025225449, -0.99897158, -0.019160783;
 0.077493712, 0.99659711, -0.028088154, -0.060130518;
 0, 0, 0, 1]
Twc:
[0.99628073, -0.03767607, 0.077493712, -0.03510157;
 -0.078472264, -0.025225449, 0.99659711, 0.062517509;
 -0.035593048, -0.99897158, -0.028088154, -0.019435314;
 0, 0, 0, 1]
Ow:
[0.039185148;
 -0.019160783;
 -0.060130518]
Keyframe: 9 Frame: 171 Frame from vFrameID : 172
Tcw:
[0.99540871, -0.073912106, -0.06081479, 0.05493772;
 -0.062517226, -0.020940093, -0.99782419, -0.013178653;
 0.072477818, 0.99704486, -0.025464732, -0.064994827;
 0, 0, 0, 1]
Twc:
[0.99540871, -0.062517226, 0.072477818, -0.050798696;
 -0.073912106, -0.020940093, 0.99704486, 0.068587363;
 -0.06081479, -0.99782419, -0.025464732, -0.011464029;
 0, 0, 0, 1]
Ow:
[0.05493772;
 -0.013178653;
 -0.064994827]
Keyframe: 10 Frame: 177 Frame from vFrameID : 178
Tcw:
[0.99673069, -0.065682426, -0.047050774, 0.057680011;
 -0.047196224, -0.00066370302, -0.99888539, -0.011994652;
 0.065577991, 0.99784034, -0.0037614957, -0.062971242;
 0, 0, 0, 1]
Twc:
[0.99673069, -0.047196224, 0.065577991, -0.05392801;
 -0.065682426, -0.00066370302, 0.99784034, 0.066615857;
 -0.047050774, -0.99888539, -0.0037614957, -0.0095042605;
 0, 0, 0, 1]
Ow:
[0.057680011;
 -0.011994652;
 -0.062971242]
Keyframe: 11 Frame: 182 Frame from vFrameID : 183
Tcw:
[0.99739063, -0.059669577, -0.040637862, 0.053264212;
 -0.040927421, -0.0036380927, -0.99915552, -0.017738737;
 0.059471339, 0.99821156, -0.0060707214, -0.061918825;
 0, 0, 0, 1]
Twc:
[0.99739063, -0.040927421, 0.059471339, -0.050168835;
 -0.059669577, -0.0036380927, 0.99821156, 0.064921804;
 -0.040637862, -0.99915552, -0.0060707214, -0.015935104;
 0, 0, 0, 1]
Ow:
[0.053264212;
 -0.017738737;
 -0.061918825]
Keyframe: 12 Frame: 186 Frame from vFrameID : 187
Tcw:
[0.9986468, -0.042408559, -0.030100916, 0.056980155;
 -0.030506922, -0.0089591378, -0.99949437, -0.02832742;
 0.042117439, 0.99906015, -0.010240769, -0.060708769;
 0, 0, 0, 1]
Twc:
[0.9986468, -0.030506922, 0.042117439, -0.055210337;
 -0.042408559, -0.0089591378, 0.99906015, 0.062814377;
 -0.030100916, -0.99949437, -0.010240769, -0.027219649;
 0, 0, 0, 1]
Ow:
[0.056980155;
 -0.02832742;
 -0.060708769]
Keyframe: 13 Frame: 192 Frame from vFrameID : 193
Tcw:
[0.99993271, -0.010914876, -0.003932158, 0.070106268;
 -0.0040211226, -0.0081408266, -0.99995875, -0.041788608;
 0.010882415, 0.99990731, -0.0081841685, -0.063517042;
 0, 0, 0, 1]
Twc:
[0.99993271, -0.0040211226, 0.010882415, -0.069578364;
 -0.010914876, -0.0081408266, 0.99990731, 0.063936159;
 -0.003932158, -0.99995875, -0.0081841685, -0.04203105;
 0, 0, 0, 1]
Ow:
[0.070106268;
 -0.041788608;
 -0.063517042]
Keyframe: 14 Frame: 200 Frame from vFrameID : 201
Tcw:
[0.99975169, 0.012699341, 0.018310431, 0.089193285;
 0.018412968, -0.0080047576, -0.99979842, -0.081737481;
 -0.012550212, 0.99988735, -0.0082366029, -0.044664077;
 0, 0, 0, 1]
Twc:
[0.99975169, 0.018412968, -0.012550212, -0.088226646;
 0.012699341, -0.0080047576, 0.99988735, 0.042872056;
 0.018310431, -0.99979842, -0.0082366029, -0.083722055;
 0, 0, 0, 1]
Ow:
[0.089193285;
 -0.081737481;
 -0.044664077]
Keyframe: 15 Frame: 208 Frame from vFrameID : 209
Tcw:
[0.99983239, -0.0081877653, -0.016377067, 0.1199856;
 -0.016547408, -0.021188403, -0.99963856, -0.13435376;
 0.0078378022, 0.99974197, -0.021320336, 0.021494841;
 0, 0, 0, 1]
Twc:
[0.99983239, -0.016547408, 0.0078378022, -0.12235716;
 -0.0081877653, -0.021188403, 0.99974197, -0.023353623;
 -0.016377067, -0.99963856, -0.021320336, -0.13188191;
 0, 0, 0, 1]
Ow:
[0.1199856;
 -0.13435376;
 0.021494841]
Keyframe: 16 Frame: 217 Frame from vFrameID : 218
Tcw:
[0.99945676, -0.0018031278, -0.032908287, 0.12127383;
 -0.032953113, -0.038110938, -0.99873, -0.18845819;
 0.00054667232, 0.99927187, -0.038149651, 0.13188094;
 0, 0, 0, 1]
Twc:
[0.99945676, -0.032953113, 0.00054667232, -0.12749033;
 -0.0018031278, -0.038110938, 0.99927187, -0.13874857;
 -0.032908287, -0.99873, -0.038149651, -0.17919673;
 0, 0, 0, 1]
Ow:
[0.12127383;
 -0.18845819;
 0.13188094]
Keyframe: 17 Frame: 226 Frame from vFrameID : 227
Tcw:
[0.99970764, 0.0078211566, -0.022880394, 0.15925284;
 -0.022085443, -0.089903481, -0.9957056, -0.24817945;
 -0.0098445965, 0.99591976, -0.089704461, 0.19783117;
 0, 0, 0, 1]
Twc:
[0.99970764, -0.022085443, -0.0098445965, -0.16273986;
 0.0078211566, -0.089903481, 0.99591976, -0.22058173;
 -0.022880394, -0.9957056, -0.089704461, -0.22572355;
 0, 0, 0, 1]
Ow:
[0.15925284;
 -0.24817945;
 0.19783117]
Keyframe: 18 Frame: 237 Frame from vFrameID : 238
Tcw:
[0.99786741, 0.060220066, 0.025182908, 0.21554069;
 0.02914694, -0.065880105, -0.99740177, -0.3445977;
 -0.058404546, 0.99600869, -0.067494839, 0.27580526;
 0, 0, 0, 1]
Twc:
[0.99786741, 0.02914694, -0.058404546, -0.18892878;
 0.060220066, -0.065880105, 0.99600869, -0.31038648;
 0.025182908, -0.99740177, -0.067494839, -0.33051485;
 0, 0, 0, 1]
Ow:
[0.21554069;
 -0.3445977;
 0.27580526]
Keyframe: 19 Frame: 247 Frame from vFrameID : 248
Tcw:
[0.99907881, -0.01341065, -0.040763482, 0.28228241;
 -0.041769184, -0.086064674, -0.9954136, -0.42000324;
 0.0098408479, 0.99619931, -0.086545542, 0.49166393;
 0, 0, 0, 1]
Twc:
[0.99907881, -0.041769184, 0.0098408479, -0.30440396;
 -0.01341065, -0.086064674, 0.99619931, -0.52215707;
 -0.040763482, -0.9954136, -0.086545542, -0.36401877;
 0, 0, 0, 1]
Ow:
[0.28228241;
 -0.42000324;
 0.49166393]
Keyframe: 20 Frame: 256 Frame from vFrameID : 257
Tcw:
[0.99862105, -0.030158559, -0.042970706, 0.30041155;
 -0.045139253, -0.075347707, -0.99613512, -0.48803884;
 0.026804257, 0.99670118, -0.076605141, 0.62288105;
 0, 0, 0, 1]
Twc:
[0.99862105, -0.045139253, 0.026804257, -0.33872288;
 -0.030158559, -0.075347707, 0.99670118, -0.64853883;
 -0.042970706, -0.99613512, -0.076605141, -0.42552784;
 0, 0, 0, 1]
Ow:
[0.30041155;
 -0.48803884;
 0.62288105]
Keyframe: 21 Frame: 265 Frame from vFrameID : 266
Tcw:
[0.99958146, 0.022996211, -0.017551659, 0.30177104;
 -0.016224435, -0.05668246, -0.99826044, -0.59486139;
 -0.023951078, 0.9981274, -0.056285638, 0.69000626;
 0, 0, 0, 1]
Twc:
[0.99958146, -0.016224435, -0.023951078, -0.29476967;
 0.022996211, -0.05668246, 0.9981274, -0.72937196;
 -0.017551659, -0.99826044, -0.056285638, -0.54969257;
 0, 0, 0, 1]
Ow:
[0.30177104;
 -0.59486139;
 0.69000626]
Keyframe: 22 Frame: 275 Frame from vFrameID : 276
Tcw:
[0.99979573, -0.0042281258, -0.019764334, 0.41168219;
 -0.020079946, -0.096387729, -0.99514127, -0.69322067;
 0.0023025435, 0.99533486, -0.096452937, 0.87226075;
 0, 0, 0, 1]
Twc:
[0.99979573, -0.020079946, 0.0023025435, -0.42752632;
 -0.0042281258, -0.096387729, 0.99533486, -0.9332689;
 -0.019764334, -0.99514127, -0.096452937, -0.59758383;
 0, 0, 0, 1]
Ow:
[0.41168219;
 -0.69322067;
 0.87226075]
Keyframe: 23 Frame: 287 Frame from vFrameID : 288
Tcw:
[0.99677485, -0.026705094, -0.075675339, 0.48194644;
 -0.077274702, -0.065050475, -0.99488544, -0.84478843;
 0.021645794, 0.99752456, -0.066904306, 1.0722996;
 0, 0, 0, 1]
Twc:
[0.99677485, -0.077274702, 0.021645794, -0.56888366;
 -0.026705094, -0.065050475, 0.99752456, -1.1117287;
 -0.075675339, -0.99488544, -0.066904306, -0.73225474;
 0, 0, 0, 1]
Ow:
[0.48194644;
 -0.84478843;
 1.0722996]
Keyframe: 24 Frame: 292 Frame from vFrameID : 293
Tcw:
[0.99929744, -0.008048255, -0.036604732, 0.51872867;
 -0.03705838, -0.066255771, -0.99711424, -0.90641183;
 0.0055997549, 0.99777019, -0.066507474, 1.0757211;
 0, 0, 0, 1]
Twc:
[0.99929744, -0.03705838, 0.0055997549, -0.55797815;
 -0.008048255, -0.066255771, 0.99777019, -1.1292027;
 -0.036604732, -0.99711424, -0.066507474, -0.81326473;
 0, 0, 0, 1]
Ow:
[0.51872867;
 -0.90641183;
 1.0757211]
Keyframe: 25 Frame: 299 Frame from vFrameID : 300
Tcw:
[0.99943399, 0.022911847, -0.024631007, 0.53421396;
 -0.023538791, -0.046776906, -0.99862796, -0.94566816;
 -0.024032572, 0.99864256, -0.046211112, 1.2735388;
 0, 0, 0, 1]
Twc:
[0.99943399, -0.023538791, -0.024032572, -0.52556509;
 0.022911847, -0.046776906, 0.99864256, -1.3282853;
 -0.024631007, -0.99862796, -0.046211112, -0.87236083;
 0, 0, 0, 1]
Ow:
[0.53421396;
 -0.94566816;
 1.2735388]
Keyframe: 26 Frame: 306 Frame from vFrameID : 307
Tcw:
[0.99946284, 0.011258154, 0.030778304, 0.609882;
 0.031391043, -0.059048567, -0.99776143, -1.1412643;
 -0.0094155371, 0.99819165, -0.059370253, 1.3487289;
 0, 0, 0, 1]
Twc:
[0.99946284, 0.031391043, -0.0094155371, -0.56102991;
 0.011258154, -0.059048567, 0.99819165, -1.4205461;
 0.030778304, -0.99776143, -0.059370253, -1.0774063;
 0, 0, 0, 1]
Ow:
[0.609882;
 -1.1412643;
 1.3487289]
Keyframe: 27 Frame: 312 Frame from vFrameID : 313
Tcw:
[0.99964887, -0.019893523, -0.01750496, 0.73052233;
 -0.019206356, -0.088827446, -0.99586183, -1.2523408;
 0.018256281, 0.99584836, -0.089178331, 1.4726552;
 0, 0, 0, 1]
Twc:
[0.99964887, -0.019206356, 0.018256281, -0.78120387;
 -0.019893523, -0.088827446, 0.99584836, -1.5632509;
 -0.01750496, -0.99586183, -0.089178331, -1.1030416;
 0, 0, 0, 1]
Ow:
[0.73052233;
 -1.2523408;
 1.4726552]
Keyframe: 28 Frame: 318 Frame from vFrameID : 319
Tcw:
[0.99952781, -0.026532056, -0.015499983, 0.71247023;
 -0.016995128, -0.057087168, -0.99822456, -1.3012322;
 0.0256001, 0.9980166, -0.057511125, 1.5138545;
 0, 0, 0, 1]
Twc:
[0.99952781, -0.016995128, 0.0256001, -0.77300322;
 -0.026532056, -0.057087168, 0.9980166, -1.5662322;
 -0.015499983, -0.99822456, -0.057511125, -1.2008151;
 0, 0, 0, 1]
Ow:
[0.71247023;
 -1.3012322;
 1.5138545]
Keyframe: 29 Frame: 324 Frame from vFrameID : 325
Tcw:
[0.99989647, -0.014157454, -0.0025809905, 0.7364465;
 -0.0032124261, -0.044761106, -0.99899256, -1.3999819;
 0.014027663, 0.99889737, -0.04480195, 1.5492017;
 0, 0, 0, 1]
Twc:
[0.99989647, -0.0032124261, 0.014027663, -0.76259929;
 -0.014157454, -0.044761106, 0.99889737, -1.5997322;
 -0.0025809905, -0.99899256, -0.04480195, -1.3272635;
 0, 0, 0, 1]
Ow:
[0.7364465;
 -1.3999819;
 1.5492017]
Keyframe: 30 Frame: 330 Frame from vFrameID : 331
Tcw:
[0.99839789, 0.055538669, 0.010820062, 0.76287943;
 0.012553249, -0.030953461, -0.99944198, -1.1350846;
 -0.05517276, 0.9979766, -0.031601064, 1.825262;
 0, 0, 0, 1]
Twc:
[0.99839789, 0.012553249, -0.05517276, -0.64670354;
 0.055538669, -0.030953461, 0.9979766, -1.8990729;
 0.010820062, -0.99944198, -0.031601064, -1.0850254;
 0, 0, 0, 1]
Ow:
[0.76287943;
 -1.1350846;
 1.825262]
Keyframe: 31 Frame: 337 Frame from vFrameID : 338
Tcw:
[0.99539292, 0.094894588, -0.013707547, 0.8727423;
 -0.0238514, 0.10660249, -0.99401557, -0.76095128;
 -0.092865445, 0.98976308, 0.10837474, 1.6478755;
 0, 0, 0, 1]
Twc:
[0.99539292, -0.0238514, -0.092865445, -0.73384058;
 0.094894588, 0.10660249, 0.98976308, -1.6327055;
 -0.013707547, -0.99401557, 0.10837474, -0.92302239;
 0, 0, 0, 1]
Ow:
[0.8727423;
 -0.76095128;
 1.6478755]
Keyframe: 32 Frame: 343 Frame from vFrameID : 344
Tcw:
[0.99962348, 0.0089754723, -0.025928512, 0.86968106;
 -0.025684368, -0.026324159, -0.99932343, -1.2487888;
 -0.0096519459, 0.99961317, -0.026083719, 1.874562;
 0, 0, 0, 1]
Twc:
[0.99962348, -0.025684368, -0.0096519459, -0.88333488;
 0.0089754723, -0.026324159, 0.99961317, -1.914516;
 -0.025928512, -0.99932343, -0.026083719, -1.1764989;
 0, 0, 0, 1]
Ow:
[0.86968106;
 -1.2487888;
 1.874562]
Keyframe: 33 Frame: 350 Frame from vFrameID : 351
Tcw:
[0.99743617, 0.01422713, -0.070133455, 0.87529993;
 -0.069801353, -0.022632148, -0.99730414, -0.94019842;
 -0.015776047, 0.99964261, -0.02158105, 2.2536697;
 0, 0, 0, 1]
Twc:
[0.99743617, -0.069801353, -0.015776047, -0.90312892;
 0.01422713, -0.022632148, 0.99964261, -2.2865963;
 -0.070133455, -0.99730414, -0.02158105, -0.8276394;
 0, 0, 0, 1]
Ow:
[0.87529993;
 -0.94019842;
 2.2536697]
Keyframe: 34 Frame: 355 Frame from vFrameID : 356
Tcw:
[0.99112207, 0.049713243, -0.12331126, 1.2887372;
 -0.12330621, -0.0031801832, -0.99236357, -1.0636315;
 -0.049725763, 0.99875849, 0.0029780015, 2.2896085;
 0, 0, 0, 1]
Twc:
[0.99112207, -0.12330621, -0.049725763, -1.2945956;
 0.049713243, -0.0031801832, 0.99875849, -2.3542156;
 -0.12331126, -0.99236357, 0.0029780015, -0.90341181;
 0, 0, 0, 1]
Ow:
[1.2887372;
 -1.0636315;
 2.2896085]
Keyframe: 35 Frame: 362 Frame from vFrameID : 363
Tcw:
[0.99857342, 0.018679755, -0.050022028, 0.91039973;
 -0.049755782, -0.014456307, -0.99865681, -1.3078502;
 -0.019377798, 0.99972099, -0.013506257, 2.4572036;
 0, 0, 0, 1]
Twc:
[0.99857342, -0.049755782, -0.019377798, -0.92655891;
 0.018679755, -0.014456307, 0.99972099, -2.4924307;
 -0.050022028, -0.99865681, -0.013506257, -1.2273657;
 0, 0, 0, 1]
Ow:
[0.91039973;
 -1.3078502;
 2.4572036]
Keyframe: 36 Frame: 370 Frame from vFrameID : 371
Tcw:
[0.9993701, 0.025830511, 0.024336191, 0.90440232;
 0.023125011, 0.046195384, -0.99866474, -1.5722077;
 -0.026920239, 0.9985984, 0.045568954, 2.3068068;
 0, 0, 0, 1]
Twc:
[0.9993701, 0.023125011, -0.026920239, -0.80537546;
 0.025830511, 0.046195384, 0.9985984, -2.2543061;
 0.024336191, -0.99866474, 0.045568954, -1.6972368;
 0, 0, 0, 1]
Ow:
[0.90440232;
 -1.5722077;
 2.3068068]
Keyframe: 37 Frame: 377 Frame from vFrameID : 378
Tcw:
[0.99991542, 0.0091484822, 0.0092452327, 1.0072703;
 0.0088790013, 0.039293643, -0.99918824, -1.7641773;
 -0.0095043341, 0.9991858, 0.03920909, 2.433594;
 0, 0, 0, 1]
Twc:
[0.99991542, 0.0088790013, -0.0095043341, -0.96839136;
 0.0091484822, 0.039293643, 0.9991858, -2.3715067;
 0.0092452327, -0.99918824, 0.03920909, -1.8674768;
 0, 0, 0, 1]
Ow:
[1.0072703;
 -1.7641773;
 2.433594]
Keyframe: 38 Frame: 385 Frame from vFrameID : 386
Tcw:
[0.99989998, -0.0036248749, -0.013670408, 1.0411478;
 -0.01342126, 0.06160073, -0.99801064, -1.9115002;
 0.0044597709, 0.99809426, 0.061545916, 2.4703097;
 0, 0, 0, 1]
Twc:
[0.99989998, -0.01342126, 0.0044597709, -1.0777154;
 -0.0036248749, 0.06160073, 0.99809426, -2.3440783;
 -0.013670408, -0.99801064, 0.061545916, -2.0455022;
 0, 0, 0, 1]
Ow:
[1.0411478;
 -1.9115002;
 2.4703097]
Keyframe: 39 Frame: 390 Frame from vFrameID : 391
Tcw:
[0.99989146, -0.0012279188, -0.014683479, 1.0281794;
 -0.014575366, 0.06374301, -0.9978599, -1.7738305;
 0.00216126, 0.99796557, 0.063718192, 2.5767097;
 0, 0, 0, 1]
Twc:
[0.99989146, -0.014575366, 0.00216126, -1.059491;
 -0.0012279188, 0.06374301, 0.99796557, -2.4571359;
 -0.014683479, -0.9978599, 0.063718192, -1.9191204;
 0, 0, 0, 1]
Ow:
[1.0281794;
 -1.7738305;
 2.5767097]
Keyframe: 40 Frame: 398 Frame from vFrameID : 399
Tcw:
[0.99948984, -0.024271602, 0.020758588, 0.99777126;
 0.021916725, 0.048465855, -0.99858433, -1.6476187;
 0.02323116, 0.99852991, 0.048973083, 2.7126324;
 0, 0, 0, 1]
Twc:
[0.99948984, 0.021916725, 0.02323116, -1.0241694;
 -0.024271602, 0.048465855, 0.99852991, -2.6045737;
 0.020758588, -0.99858433, 0.048973083, -1.7988446;
 0, 0, 0, 1]
Ow:
[0.99777126;
 -1.6476187;
 2.7126324]
Keyframe: 41 Frame: 406 Frame from vFrameID : 407
Tcw:
[0.99959731, 0.00028116841, 0.028375108, 0.9959951;
 0.028278446, 0.07318642, -0.99691731, -1.7877259;
 -0.0023569742, 0.99731827, 0.073148996, 2.8372312;
 0, 0, 0, 1]
Twc:
[0.99959731, 0.028278446, -0.0023569742, -0.93835264;
 0.00028116841, 0.07318642, 0.99731827, -2.699065;
 0.028375108, -0.99691731, 0.073148996, -2.0180168;
 0, 0, 0, 1]
Ow:
[0.9959951;
 -1.7877259;
 2.8372312]
Keyframe: 42 Frame: 411 Frame from vFrameID : 412
Tcw:
[0.99996036, -0.002915645, 0.0084160184, 1.0414015;
 0.0086214542, 0.079611935, -0.99678862, -2.0017004;
 0.0022362662, 0.99682164, 0.079633914, 2.8590412;
 0, 0, 0, 1]
Twc:
[0.99996036, 0.0086214542, 0.0022362662, -1.0304962;
 -0.002915645, 0.079611935, 0.99682164, -2.6875587;
 0.0084160184, -0.99678862, 0.079633914, -2.2317133;
 0, 0, 0, 1]
Ow:
[1.0414015;
 -2.0017004;
 2.8590412]
Keyframe: 43 Frame: 416 Frame from vFrameID : 417
Tcw:
[0.99959666, -0.028247667, -0.0029294405, 1.0216459;
 -0.00079209538, 0.075380698, -0.99715453, -1.8296082;
 0.028388113, 0.99675465, 0.075327918, 3.0087059;
 0, 0, 0, 1]
Twc:
[0.99959666, -0.00079209538, 0.028388113, -1.1080946;
 -0.028247667, 0.075380698, 0.99675465, -2.8321652;
 -0.0029294405, -0.99715453, 0.075327918, -2.0480487;
 0, 0, 0, 1]
Ow:
[1.0216459;
 -1.8296082;
 3.0087059]
Keyframe: 44 Frame: 421 Frame from vFrameID : 422
Tcw:
[0.99854207, -0.052368119, -0.013088216, 1.0610182;
 -0.0088576181, 0.080217108, -0.99673808, -2.0189269;
 0.053247195, 0.99540085, 0.079636298, 3.0932579;
 0, 0, 0, 1]
Twc:
[0.99854207, -0.0088576181, 0.053247195, -1.2420615;
 -0.052368119, 0.080217108, 0.99540085, -2.8615153;
 -0.013088216, -0.99673808, 0.079636298, -2.2447898;
 0, 0, 0, 1]
Ow:
[1.0610182;
 -2.0189269;
 3.0932579]
Keyframe: 45 Frame: 427 Frame from vFrameID : 428
Tcw:
[0.99760985, -0.06120754, -0.032065861, 1.0535245;
 -0.026831755, 0.08449892, -0.99606222, -1.9925398;
 0.063676052, 0.99454188, 0.082654648, 3.0929945;
 0, 0, 0, 1]
Twc:
[0.99760985, -0.026831755, 0.063676052, -1.3014193;
 -0.06120754, 0.08449892, 0.99454188, -2.8432615;
 -0.032065861, -0.99606222, 0.082654648, -2.2065618;
 0, 0, 0, 1]
Ow:
[1.0535245;
 -1.9925398;
 3.0929945]
Keyframe: 46 Frame: 433 Frame from vFrameID : 434
Tcw:
[0.99805266, -0.055373527, -0.028717421, 1.169085;
 -0.022909738, 0.10280303, -0.99443787, -1.9384065;
 0.058017772, 0.99315923, 0.10133424, 3.1802065;
 0, 0, 0, 1]
Twc:
[0.99805266, -0.022909738, 0.058017772, -1.3957254;
 -0.055373527, 0.10280303, 0.99315923, -2.8944411;
 -0.028717421, -0.99443787, 0.10133424, -2.2163155;
 0, 0, 0, 1]
Ow:
[1.169085;
 -1.9384065;
 3.1802065]
Keyframe: 47 Frame: 440 Frame from vFrameID : 441
Tcw:
[0.99800849, -0.062719621, -0.0067290193, 1.1750988;
 0.0011616563, 0.12493122, -0.99216473, -1.998091;
 0.063068859, 0.99018103, 0.12475528, 3.2953892;
 0, 0, 0, 1]
Twc:
[0.99800849, 0.0011616563, 0.063068859, -1.3782738;
 -0.062719621, 0.12493122, 0.99018103, -2.9397058;
 -0.0067290193, -0.99216473, 0.12475528, -2.3856454;
 0, 0, 0, 1]
Ow:
[1.1750988;
 -1.998091;
 3.2953892]
Keyframe: 48 Frame: 447 Frame from vFrameID : 448
Tcw:
[0.99615449, -0.086223699, -0.015547158, 0.54760283;
 -0.0001593339, 0.17566717, -0.98444963, -1.7039078;
 0.087614015, 0.98066634, 0.1749779, 3.2722435;
 0, 0, 0, 1]
Twc:
[0.99615449, -0.0001593339, 0.087614015, -0.83246291;
 -0.086223699, 0.17566717, 0.98066634, -2.8624423;
 -0.015547158, -0.98444963, 0.1749779, -2.241468;
 0, 0, 0, 1]
Ow:
[0.54760283;
 -1.7039078;
 3.2722435]
Keyframe: 49 Frame: 453 Frame from vFrameID : 454
Tcw:
[0.99092543, -0.12297063, -0.05426744, 1.3394841;
 -0.041606292, 0.10328662, -0.99378103, -2.4477293;
 0.12781098, 0.98702079, 0.097232997, 3.6131697;
 0, 0, 0, 1]
Twc:
[0.99092543, -0.041606292, 0.12781098, -1.8909727;
 -0.12297063, 0.10328662, 0.98702079, -3.1487389;
 -0.05426744, -0.99378103, 0.097232997, -2.7111361;
 0, 0, 0, 1]
Ow:
[1.3394841;
 -2.4477293;
 3.6131697]
Keyframe: 50 Frame: 461 Frame from vFrameID : 462
Tcw:
[0.99352688, -0.10636073, -0.039896499, 1.1517569;
 -0.026560668, 0.12397247, -0.99193013, -2.3172424;
 0.11044848, 0.98656893, 0.12034497, 3.5719693;
 0, 0, 0, 1]
Twc:
[0.99352688, -0.026560668, 0.11044848, -1.6003674;
 -0.10636073, 0.12397247, 0.98656893, -3.1142178;
 -0.039896499, -0.99193013, 0.12034497, -2.6824601;
 0, 0, 0, 1]
Ow:
[1.1517569;
 -2.3172424;
 3.5719693]
Keyframe: 51 Frame: 468 Frame from vFrameID : 469
Tcw:
[0.99573475, -0.090282708, 0.019009039, 1.1810088;
 0.032773878, 0.15352601, -0.98760092, -2.2336257;
 0.086244904, 0.98401159, 0.1558301, 3.7100506;
 0, 0, 0, 1]
Twc:
[0.99573475, 0.032773878, 0.086244904, -1.4227399;
 -0.090282708, 0.15352601, 0.98401159, -3.2011883;
 0.019009039, -0.98760092, 0.1558301, -2.8065181;
 0, 0, 0, 1]
Ow:
[1.1810088;
 -2.2336257;
 3.7100506]
Keyframe: 52 Frame: 476 Frame from vFrameID : 477
Tcw:
[0.99381799, -0.10534826, 0.035037085, 1.5129158;
 0.050257809, 0.14549468, -0.98808169, -3.0620141;
 0.09899497, 0.98373425, 0.1498898, 3.681113;
 0, 0, 0, 1]
Twc:
[0.99381799, 0.050257809, 0.09899497, -1.7140845;
 -0.10534826, 0.14549468, 0.98373425, -3.0163469;
 0.035037085, -0.98808169, 0.1498898, -3.6302898;
 0, 0, 0, 1]
Ow:
[1.5129158;
 -3.0620141;
 3.681113]
Keyframe: 53 Frame: 484 Frame from vFrameID : 485
Tcw:
[0.9853093, -0.16703397, -0.03556959, 1.3388958;
 -0.010304151, 0.14975278, -0.98866975, -2.6718194;
 0.17046808, 0.97451204, 0.14583167, 3.9876983;
 0, 0, 0, 1]
Twc:
[0.9853093, -0.010304151, 0.17046808, -2.0265326;
 -0.16703397, 0.14975278, 0.97451204, -3.2623065;
 -0.03556959, -0.98866975, 0.14583167, -3.175456;
 0, 0, 0, 1]
Ow:
[1.3388958;
 -2.6718194;
 3.9876983]
Keyframe: 54 Frame: 491 Frame from vFrameID : 492
Tcw:
[0.98169124, -0.18692036, -0.036647879, 1.3964623;
 -0.0059586549, 0.16216831, -0.98674512, -2.7320805;
 0.19038588, 0.9688974, 0.15808541, 4.1148267;
 0, 0, 0, 1]
Twc:
[0.98169124, -0.0059586549, 0.19038588, -2.1705792;
 -0.18692036, 0.16216831, 0.9688974, -3.2827609;
 -0.036647879, -0.98674512, 0.15808541, -3.2951839;
 0, 0, 0, 1]
Ow:
[1.3964623;
 -2.7320805;
 4.1148267]
Keyframe: 55 Frame: 499 Frame from vFrameID : 500
Tcw:
[0.99379569, -0.11002312, -0.016280347, 0.99578977;
 0.0065922923, 0.20439059, -0.97886723, -2.4406393;
 0.11102557, 0.97268671, 0.20384778, 4.2986202;
 0, 0, 0, 1]
Twc:
[0.99379569, 0.0065922923, 0.11102557, -1.4507791;
 -0.11002312, 0.20439059, 0.97268671, -3.5728071;
 -0.016280347, -0.97886723, 0.20384778, -3.2491143;
 0, 0, 0, 1]
Ow:
[0.99578977;
 -2.4406393;
 4.2986202]
Keyframe: 56 Frame: 503 Frame from vFrameID : 504
Tcw:
[0.98911369, -0.13457735, 0.059523307, 1.1715052;
 0.086448327, 0.2040778, -0.9751302, -2.8044906;
 0.11908305, 0.96966034, 0.21349014, 4.1888471;
 0, 0, 0, 1]
Twc:
[0.98911369, 0.086448327, 0.11908305, -1.4151291;
 -0.13457735, 0.2040778, 0.96966034, -3.3317666;
 0.059523307, -0.9751302, 0.21349014, -3.6987529;
 0, 0, 0, 1]
Ow:
[1.1715052;
 -2.8044906;
 4.1888471]
Keyframe: 57 Frame: 508 Frame from vFrameID : 509
Tcw:
[0.98655581, -0.14121827, 0.082249679, 1.1528808;
 0.10810103, 0.18645646, -0.97649789, -2.7969537;
 0.12256336, 0.97226095, 0.19921555, 4.2624145;
 0, 0, 0, 1]
Twc:
[0.98655581, 0.10810103, 0.12256336, -1.3574436;
 -0.14121827, 0.18645646, 0.97226095, -3.4598613;
 0.082249679, -0.97649789, 0.19921555, -3.6751828;
 0, 0, 0, 1]
Ow:
[1.1528808;
 -2.7969537;
 4.2624145]
Keyframe: 58 Frame: 515 Frame from vFrameID : 516
Tcw:
[0.99235451, -0.11352986, -0.048409477, 1.4380428;
 -0.024962829, 0.19949807, -0.97958022, -2.4586396;
 0.1208692, 0.97329926, 0.1951388, 4.3773036;
 0, 0, 0, 1]
Twc:
[0.99235451, -0.024962829, 0.1208692, -2.017504;
 -0.11352986, 0.19949807, 0.97329926, -3.6066718;
 -0.048409477, -0.97958022, 0.1951388, -3.1930015;
 0, 0, 0, 1]
Ow:
[1.4380428;
 -2.4586396;
 4.3773036]
Keyframe: 59 Frame: 519 Frame from vFrameID : 520
Tcw:
[0.99138749, -0.10215438, -0.081946939, 1.508721;
 -0.0590709, 0.20965512, -0.9759894, -2.5136397;
 0.1168822, 0.97242439, 0.20181513, 4.4374428;
 0, 0, 0, 1]
Twc:
[0.99138749, -0.0590709, 0.1168822, -2.162868;
 -0.10215438, 0.20965512, 0.97242439, -3.6339576;
 -0.081946939, -0.9759894, 0.20181513, -3.2251937;
 0, 0, 0, 1]
Ow:
[1.508721;
 -2.5136397;
 4.4374428]
Keyframe: 60 Frame: 523 Frame from vFrameID : 524
Tcw:
[0.99170125, -0.086858071, -0.094785653, 1.5198047;
 -0.073293321, 0.22376251, -0.97188395, -2.5719757;
 0.10562544, 0.97076571, 0.21553944, 4.454968;
 0, 0, 0, 1]
Twc:
[0.99170125, -0.073293321, 0.10562544, -2.1662588;
 -0.086858071, 0.22376251, 0.97076571, -3.6172109;
 -0.094785653, -0.97188395, 0.21553944, -3.3158274;
 0, 0, 0, 1]
Ow:
[1.5198047;
 -2.5719757;
 4.454968]
Keyframe: 61 Frame: 527 Frame from vFrameID : 528
Tcw:
[0.99062634, -0.11875477, -0.067503743, 1.5772281;
 -0.041751072, 0.20729734, -0.97738665, -2.6212595;
 0.13006267, 0.97104329, 0.20039606, 4.5524583;
 0, 0, 0, 1]
Twc:
[0.99062634, -0.041751072, 0.13006267, -2.263989;
 -0.11875477, 0.20729734, 0.97104329, -3.6899509;
 -0.067503743, -0.97738665, 0.20039606, -3.36781;
 0, 0, 0, 1]
Ow:
[1.5772281;
 -2.6212595;
 4.5524583]
Keyframe: 62 Frame: 532 Frame from vFrameID : 533
Tcw:
[0.99055165, -0.10239858, -0.091224469, 1.5882814;
 -0.065243587, 0.23322347, -0.97023195, -2.6640615;
 0.12062606, 0.9670167, 0.22433905, 4.6026707;
 0, 0, 0, 1]
Twc:
[0.99055165, -0.065243587, 0.12062606, -2.30229;
 -0.10239858, 0.23322347, 0.9670167, -3.6669002;
 -0.091224469, -0.97023195, 0.22433905, -3.4724264;
 0, 0, 0, 1]
Ow:
[1.5882814;
 -2.6640615;
 4.6026707]
Keyframe: 63 Frame: 536 Frame from vFrameID : 537
Tcw:
[0.99177253, -0.1019461, -0.07742282, 1.6010993;
 -0.048607595, 0.25960666, -0.96449035, -2.7026005;
 0.11842551, 0.96031839, 0.25251541, 4.6608849;
 0, 0, 0, 1]
Twc:
[0.99177253, -0.048607595, 0.11842551, -2.2712607;
 -0.1019461, 0.25960666, 0.96031839, -3.6110942;
 -0.07742282, -0.96449035, 0.25251541, -3.6596158;
 0, 0, 0, 1]
Ow:
[1.6010993;
 -2.7026005;
 4.6608849]
Keyframe: 64 Frame: 541 Frame from vFrameID : 542
Tcw:
[0.99293721, -0.0995, -0.064617999, 1.6457001;
 -0.037355971, 0.25474703, -0.96628594, -2.7552853;
 0.1126067, 0.96187508, 0.24923089, 4.7323847;
 0, 0, 0, 1]
Twc:
[0.99293721, -0.037355971, 0.1126067, -2.2699013;
 -0.0995, 0.25474703, 0.96187508, -3.6863151;
 -0.064617999, -0.96628594, 0.24923089, -3.735508;
 0, 0, 0, 1]
Ow:
[1.6457001;
 -2.7552853;
 4.7323847]
Keyframe: 65 Frame: 546 Frame from vFrameID : 547
Tcw:
[0.99187094, -0.10089679, -0.077536248, 1.6389771;
 -0.054862902, 0.21070239, -0.97600949, -2.7719688;
 0.1148133, 0.97232932, 0.20345409, 4.9484377;
 0, 0, 0, 1]
Twc:
[0.99187094, -0.054862902, 0.1148133, -2.3458784;
 -0.10089679, 0.21070239, 0.97232932, -4.0620832;
 -0.077536248, -0.97600949, 0.20345409, -3.5851676;
 0, 0, 0, 1]
Ow:
[1.6389771;
 -2.7719688;
 4.9484377]
Keyframe: 66 Frame: 552 Frame from vFrameID : 553
Tcw:
[0.99257475, -0.10013299, -0.069056548, 1.6543304;
 -0.043284118, 0.23980305, -0.96985614, -2.8387241;
 0.11367457, 0.96564376, 0.23368828, 4.9542489;
 0, 0, 0, 1]
Twc:
[0.99257475, -0.043284118, 0.11367457, -2.3280902;
 -0.10013299, 0.23980305, 0.96564376, -3.9376521;
 -0.069056548, -0.96985614, 0.23368828, -3.7966616;
 0, 0, 0, 1]
Ow:
[1.6543304;
 -2.8387241;
 4.9542489]
Keyframe: 67 Frame: 558 Frame from vFrameID : 559
Tcw:
[0.99040306, -0.11477907, -0.076990232, 1.6076713;
 -0.048266266, 0.23474279, -0.97085845, -2.8471508;
 0.12950712, 0.96525729, 0.22695003, 5.057209;
 0, 0, 0, 1]
Twc:
[0.99040306, -0.048266266, 0.12950712, -2.3846085;
 -0.11477907, 0.23474279, 0.96525729, -4.0286326;
 -0.076990232, -0.97085845, 0.22695003, -3.7881393;
 0, 0, 0, 1]
Ow:
[1.6076713;
 -2.8471508;
 5.057209]
Keyframe: 68 Frame: 564 Frame from vFrameID : 565
Tcw:
[0.98691434, -0.11573321, -0.11227614, 1.7559907;
 -0.084842406, 0.21941067, -0.97193658, -2.929358;
 0.13711992, 0.96874392, 0.20672046, 5.1490211;
 0, 0, 0, 1]
Twc:
[0.98691434, -0.084842406, 0.13711992, -2.6875794;
 -0.11573321, 0.21941067, 0.96874392, -4.1421242;
 -0.11227614, -0.97193658, 0.20672046, -3.7144022;
 0, 0, 0, 1]
Ow:
[1.7559907;
 -2.929358;
 5.1490211]
Keyframe: 69 Frame: 570 Frame from vFrameID : 571
Tcw:
[0.9891181, -0.11243238, -0.094891362, 1.7345387;
 -0.065969191, 0.23756981, -0.96912777, -2.9943655;
 0.13150467, 0.96484172, 0.22756752, 5.2511835;
 0, 0, 0, 1]
Twc:
[0.9891181, -0.065969191, 0.13150467, -2.6037545;
 -0.11243238, 0.23756981, 0.96484172, -4.160172;
 -0.094891362, -0.96912777, 0.22756752, -3.9323287;
 0, 0, 0, 1]
Ow:
[1.7345387;
 -2.9943655;
 5.2511835]
Keyframe: 70 Frame: 577 Frame from vFrameID : 578
Tcw:
[0.98470497, -0.1484289, -0.091241337, 1.6098135;
 -0.056792445, 0.22163658, -0.97347409, -2.9523757;
 0.16471411, 0.96376663, 0.20981701, 5.3800621;
 0, 0, 0, 1]
Twc:
[0.98470497, -0.056792445, 0.16471411, -2.6390359;
 -0.1484289, 0.22163658, 0.96376663, -4.2918262;
 -0.091241337, -0.97347409, 0.20981701, -3.8560083;
 0, 0, 0, 1]
Ow:
[1.6098135;
 -2.9523757;
 5.3800621]
Keyframe: 71 Frame: 584 Frame from vFrameID : 585
Tcw:
[0.96431369, -0.19499342, -0.17909966, 1.7759745;
 -0.13197996, 0.23239249, -0.96362597, -3.0792058;
 0.22952215, 0.95287526, 0.19836403, 5.513124;
 0, 0, 0, 1]
Twc:
[0.96431369, -0.13197996, 0.22952215, -3.3843739;
 -0.19499342, 0.23239249, 0.95287526, -4.1914315;
 -0.17909966, -0.96362597, 0.19836403, -3.7427316;
 0, 0, 0, 1]
Ow:
[1.7759745;
 -3.0792058;
 5.513124]
Keyframe: 72 Frame: 591 Frame from vFrameID : 592
Tcw:
[0.96070933, -0.219459, -0.16992736, 1.737751;
 -0.11116853, 0.25672823, -0.96006882, -3.0391824;
 0.25432089, 0.94123769, 0.22224428, 5.6217484;
 0, 0, 0, 1]
Twc:
[0.96070933, -0.11116853, 0.25432089, -3.4370632;
 -0.219459, 0.25672823, 0.94123769, -4.1297927;
 -0.16992736, -0.96006882, 0.22224428, -3.8719344;
 0, 0, 0, 1]
Ow:
[1.737751;
 -3.0391824;
 5.6217484]
Keyframe: 73 Frame: 598 Frame from vFrameID : 599
Tcw:
[0.96665043, -0.22100188, -0.12940313, 1.7313318;
 -0.075207815, 0.23803672, -0.96833998, -3.0111275;
 0.24480766, 0.94577837, 0.21347722, 5.6970577;
 0, 0, 0, 1]
Twc:
[0.96665043, -0.075207815, 0.24480766, -3.2947361;
 -0.22100188, 0.23803672, 0.94577837, -4.2887673;
 -0.12940313, -0.96833998, 0.21347722, -3.9079473;
 0, 0, 0, 1]
Ow:
[1.7313318;
 -3.0111275;
 5.6970577]
Keyframe: 74 Frame: 606 Frame from vFrameID : 607
Tcw:
[0.9715637, -0.20935223, -0.11061483, 1.8417758;
 -0.054510109, 0.25685626, -0.96491116, -3.1303771;
 0.23041841, 0.94350225, 0.2381404, 5.8537226;
 0, 0, 0, 1]
Twc:
[0.9715637, -0.054510109, 0.23041841, -3.3088453;
 -0.20935223, 0.25685626, 0.94350225, -4.333364;
 -0.11061483, -0.96491116, 0.2381404, -4.2108159;
 0, 0, 0, 1]
Ow:
[1.8417758;
 -3.1303771;
 5.8537226]
Keyframe: 75 Frame: 614 Frame from vFrameID : 615
Tcw:
[0.97734684, -0.18945795, -0.094333969, 1.7806827;
 -0.038420487, 0.27949157, -0.95937914, -2.9993618;
 0.20812756, 0.94127047, 0.26588112, 5.765821;
 0, 0, 0, 1]
Twc:
[0.97734684, -0.038420487, 0.20812756, -3.0556076;
 -0.18945795, 0.27949157, 0.94127047, -4.2515364;
 -0.094333969, -0.95937914, 0.26588112, -4.242569;
 0, 0, 0, 1]
Ow:
[1.7806827;
 -2.9993618;
 5.765821]
Keyframe: 76 Frame: 622 Frame from vFrameID : 623
Tcw:
[0.96610641, -0.20824231, -0.15255669, 1.8066959;
 -0.088103659, 0.28950137, -0.95311421, -3.0160818;
 0.24264407, 0.93425053, 0.2613422, 6.0735474;
 0, 0, 0, 1]
Twc:
[0.96610641, -0.088103659, 0.24264407, -3.4848986;
 -0.20824231, 0.28950137, 0.93425053, -4.4248247;
 -0.15255669, -0.95311421, 0.2613422, -4.1863213;
 0, 0, 0, 1]
Ow:
[1.8066959;
 -3.0160818;
 6.0735474]
Keyframe: 77 Frame: 629 Frame from vFrameID : 630
Tcw:
[0.96939474, -0.2038243, -0.13685584, 1.7582345;
 -0.066323511, 0.31929666, -0.9453311, -3.0104604;
 0.23637906, 0.92547572, 0.29600614, 6.1423988;
 0, 0, 0, 1]
Twc:
[0.96939474, -0.066323511, 0.23637906, -3.3560219;
 -0.2038243, 0.31929666, 0.92547572, -4.3650403;
 -0.13685584, -0.9453311, 0.29600614, -4.4234452;
 0, 0, 0, 1]
Ow:
[1.7582345;
 -3.0104604;
 6.1423988]
Keyframe: 78 Frame: 634 Frame from vFrameID : 635
Tcw:
[0.97248632, -0.19026932, -0.13441713, 1.7980978;
 -0.071825854, 0.30399761, -0.9499613, -2.9842427;
 0.22161098, 0.93347901, 0.28196725, 6.2464781;
 0, 0, 0, 1]
Twc:
[0.97248632, -0.071825854, 0.22161098, -3.3472593;
 -0.19026932, 0.30399761, 0.93347901, -4.5816307;
 -0.13441713, -0.9499613, 0.28196725, -4.3545222;
 0, 0, 0, 1]
Ow:
[1.7980978;
 -2.9842427;
 6.2464781]
Keyframe: 79 Frame: 641 Frame from vFrameID : 642
Tcw:
[0.97881603, -0.17820178, -0.10081328, 1.8001215;
 -0.040255845, 0.3152754, -0.94814605, -3.1144469;
 0.20074525, 0.93211883, 0.30142295, 6.3971748;
 0, 0, 0, 1]
Twc:
[0.97881603, -0.040255845, 0.20074525, -3.1715651;
 -0.17820178, 0.3152754, 0.93211883, -4.6602335;
 -0.10081328, -0.94814605, 0.30142295, -4.6997294;
 0, 0, 0, 1]
Ow:
[1.8001215;
 -3.1144469;
 6.3971748]
Keyframe: 80 Frame: 646 Frame from vFrameID : 647
Tcw:
[0.9656781, -0.21798153, -0.14124404, 1.8257585;
 -0.060042955, 0.34171775, -0.9378826, -3.1454654;
 0.25270671, 0.91417342, 0.31690109, 6.4798155;
 0, 0, 0, 1]
Twc:
[0.9656781, -0.060042955, 0.25270671, -3.5894506;
 -0.21798153, 0.34171775, 0.91417342, -4.4508319;
 -0.14124404, -0.9378826, 0.31690109, -4.7456603;
 0, 0, 0, 1]
Ow:
[1.8257585;
 -3.1454654;
 6.4798155]
Keyframe: 81 Frame: 649 Frame from vFrameID : 650
Tcw:
[0.9775328, -0.20074807, -0.064263746, 1.6186422;
 -0.0065595326, 0.27576059, -0.96120399, -3.2403491;
 0.21068126, 0.94002992, 0.26824823, 6.6103845;
 0, 0, 0, 1]
Twc:
[0.9775328, -0.0065595326, 0.21068126, -2.9962151;
 -0.20074807, 0.27576059, 0.94002992, -4.9954596;
 -0.064263746, -0.96120399, 0.26824823, -4.7838402;
 0, 0, 0, 1]
Ow:
[1.6186422;
 -3.2403491;
 6.6103845]
Keyframe: 82 Frame: 656 Frame from vFrameID : 657
Tcw:
[0.96911001, -0.21219625, -0.12569217, 1.8247328;
 -0.060952336, 0.28776225, -0.95576024, -3.3063672;
 0.23897821, 0.93389809, 0.26593944, 6.6713662;
 0, 0, 0, 1]
Twc:
[0.96911001, -0.060952336, 0.23897821, -3.5642087;
 -0.21219625, 0.28776225, 0.93389809, -4.891727;
 -0.12569217, -0.95576024, 0.26593944, -4.7049193;
 0, 0, 0, 1]
Ow:
[1.8247328;
 -3.3063672;
 6.6713662]
Keyframe: 83 Frame: 665 Frame from vFrameID : 666
Tcw:
[0.95503926, -0.22221829, -0.19626267, 1.9736463;
 -0.10052481, 0.38005599, -0.91948473, -3.1926777;
 0.27891713, 0.89787328, 0.34062994, 6.685833;
 0, 0, 0, 1]
Twc:
[0.95503926, -0.10052481, 0.27891713, -4.0706463;
 -0.22221829, 0.38005599, 0.89787328, -4.3510542;
 -0.19626267, -0.91948473, 0.34062994, -4.8256602;
 0, 0, 0, 1]
Ow:
[1.9736463;
 -3.1926777;
 6.685833]
Keyframe: 84 Frame: 668 Frame from vFrameID : 669
Tcw:
[0.96878904, -0.20968319, -0.1322147, 1.9285409;
 -0.058867093, 0.32350245, -0.94439441, -3.2686667;
 0.24079542, 0.92270207, 0.3010622, 6.8154535;
 0, 0, 0, 1]
Twc:
[0.96878904, -0.058867093, 0.24079542, -3.7018962;
 -0.20968319, 0.32350245, 0.92270207, -4.826829;
 -0.1322147, -0.94439441, 0.3010622, -4.8838048;
 0, 0, 0, 1]
Ow:
[1.9285409;
 -3.2686667;
 6.8154535]
Keyframe: 85 Frame: 674 Frame from vFrameID : 675
Tcw:
[0.969688, -0.20271368, -0.13642699, 2.1507933;
 -0.058663595, 0.34886444, -0.93533534, -3.0026364;
 0.2371998, 0.91498673, 0.32639775, 6.8880081;
 0, 0, 0, 1]
Twc:
[0.969688, -0.058663595, 0.2371998, -3.8955781;
 -0.20271368, 0.34886444, 0.91498673, -4.8189278;
 -0.13642699, -0.93533534, 0.32639775, -4.7632761;
 0, 0, 0, 1]
Ow:
[2.1507933;
 -3.0026364;
 6.8880081]
Keyframe: 86 Frame: 680 Frame from vFrameID : 681
Tcw:
[0.96818841, -0.22983867, -0.098921359, 1.9596806;
 -0.021107037, 0.31890807, -0.94755059, -3.2790926;
 0.2493306, 0.9194954, 0.30391186, 6.9505992;
 0, 0, 0, 1]
Twc:
[0.96818841, -0.021107037, 0.2493306, -3.699549;
 -0.22983867, 0.31890807, 0.9194954, -4.8949046;
 -0.098921359, -0.94755059, 0.30391186, -5.0256214;
 0, 0, 0, 1]
Ow:
[1.9596806;
 -3.2790926;
 6.9505992]
Keyframe: 87 Frame: 687 Frame from vFrameID : 688
Tcw:
[0.92949706, -0.27771932, -0.24270803, 2.1080041;
 -0.11588182, 0.40482986, -0.90701938, -3.1361241;
 0.35015225, 0.87119734, 0.34410554, 6.9945612;
 0, 0, 0, 1]
Twc:
[0.92949706, -0.11588182, 0.35015225, -4.771965;
 -0.27771932, 0.40482986, 0.87119734, -4.2386127;
 -0.24270803, -0.90701938, 0.34410554, -4.7397633;
 0, 0, 0, 1]
Ow:
[2.1080041;
 -3.1361241;
 6.9945612]
Keyframe: 88 Frame: 691 Frame from vFrameID : 692
Tcw:
[0.9269588, -0.28523928, -0.24369234, 1.9672612;
 -0.11148699, 0.41078237, -0.90489143, -3.2140532;
 0.35821509, 0.8659656, 0.34897786, 7.1202846;
 0, 0, 0, 1]
Twc:
[0.9269588, -0.11148699, 0.35821509, -4.7324882;
 -0.28523928, 0.41078237, 0.8659656, -4.2845049;
 -0.24369234, -0.90489143, 0.34897786, -4.913784;
 0, 0, 0, 1]
Ow:
[1.9672612;
 -3.2140532;
 7.1202846]
Keyframe: 89 Frame: 693 Frame from vFrameID : 694
Tcw:
[0.94755799, -0.22182219, -0.23006254, 1.9115301;
 -0.13472296, 0.37553269, -0.91696507, -3.5763407;
 0.28979921, 0.89987224, 0.32595447, 7.0482488;
 0, 0, 0, 1]
Twc:
[0.94755799, -0.13472296, 0.28979921, -4.3356781;
 -0.22182219, 0.37553269, 0.89987224, -4.5754714;
 -0.23006254, -0.91696507, 0.32595447, -5.1370163;
 0, 0, 0, 1]
Ow:
[1.9115301;
 -3.5763407;
 7.0482488]
Keyframe: 90 Frame: 695 Frame from vFrameID : 696
Tcw:
[0.93824762, -0.20599727, -0.2779505, 2.5624015;
 -0.19074093, 0.36226568, -0.9123494, -2.612011;
 0.28863341, 0.90902627, 0.30060282, 7.2625456;
 0, 0, 0, 1]
Twc:
[0.93824762, -0.19074093, 0.28863341, -4.9985981;
 -0.20599727, 0.36226568, 0.90902627, -5.1277547;
 -0.2779505, -0.9123494, 0.30060282, -3.8539875;
 0, 0, 0, 1]
Ow:
[2.5624015;
 -2.612011;
 7.2625456]
Keyframe: 91 Frame: 699 Frame from vFrameID : 700
Tcw:
[0.9614917, -0.21210335, -0.17477389, 2.3855193;
 -0.096480206, 0.33496353, -0.93727851, -2.748683;
 0.25734279, 0.91804773, 0.30160087, 7.286201;
 0, 0, 0, 1]
Twc:
[0.9614917, -0.096480206, 0.25734279, -4.4339018;
 -0.21210335, 0.33496353, 0.91804773, -5.2623949;
 -0.17477389, -0.93727851, 0.30160087, -4.3568797;
 0, 0, 0, 1]
Ow:
[2.3855193;
 -2.748683;
 7.286201]
Keyframe: 92 Frame: 705 Frame from vFrameID : 706
Tcw:
[0.92049837, -0.32942292, -0.21015076, 1.8667231;
 -0.071419813, 0.38691658, -0.91934478, -3.4202921;
 0.38416404, 0.86126423, 0.33262873, 7.5127101;
 0, 0, 0, 1]
Twc:
[0.92049837, -0.071419813, 0.38416404, -4.8487053;
 -0.32942292, 0.38691658, 0.86126423, -4.5321198;
 -0.21015076, -0.91934478, 0.33262873, -5.2510777;
 0, 0, 0, 1]
Ow:
[1.8667231;
 -3.4202921;
 7.5127101]
Keyframe: 93 Frame: 707 Frame from vFrameID : 708
Tcw:
[0.97988921, -0.11901502, -0.16016419, 2.2033334;
 -0.10055736, 0.39876124, -0.91152495, -2.3117795;
 0.17235242, 0.90929914, 0.37877399, 7.2865038;
 0, 0, 0, 1]
Twc:
[0.97988921, -0.10055736, 0.17235242, -3.6473355;
 -0.11901502, 0.39876124, 0.90929914, -5.4415336;
 -0.16016419, -0.91152495, 0.37877399, -4.5142875;
 0, 0, 0, 1]
Ow:
[2.2033334;
 -2.3117795;
 7.2865038]
Keyframe: 94 Frame: 712 Frame from vFrameID : 713
Tcw:
[0.9758513, -0.20802781, -0.06662333, 2.1683314;
 0.014729837, 0.3669768, -0.93011343, -3.935734;
 0.21793869, 0.90667111, 0.36117902, 7.5178099;
 0, 0, 0, 1]
Twc:
[0.9758513, 0.014729837, 0.21793869, -3.6964178;
 -0.20802781, 0.3669768, 0.90667111, -4.920784;
 -0.06662333, -0.93011343, 0.36117902, -6.231493;
 0, 0, 0, 1]
Ow:
[2.1683314;
 -3.935734;
 7.5178099]
Keyframe: 95 Frame: 718 Frame from vFrameID : 719
Tcw:
[0.97065878, -0.21626504, -0.10512373, 1.8101368;
 -0.022049436, 0.35528383, -0.93449837, -3.455261;
 0.23944809, 0.90939695, 0.34009084, 7.5318542;
 0, 0, 0, 1]
Twc:
[0.97065878, -0.022049436, 0.23944809, -3.6366997;
 -0.21626504, 0.35528383, 0.90939695, -5.2303772;
 -0.10512373, -0.93449837, 0.34009084, -5.600162;
 0, 0, 0, 1]
Ow:
[1.8101368;
 -3.455261;
 7.5318542]
Keyframe: 96 Frame: 724 Frame from vFrameID : 725
Tcw:
[0.95017022, -0.25892332, -0.17359516, 1.7546453;
 -0.053348925, 0.41359532, -0.90889651, -3.4074616;
 0.30713266, 0.87286747, 0.37917268, 7.6846266;
 0, 0, 0, 1]
Twc:
[0.95017022, -0.053348925, 0.30713266, -4.2091956;
 -0.25892332, 0.41359532, 0.87286747, -4.8440313;
 -0.17359516, -0.90889651, 0.37917268, -5.7062321;
 0, 0, 0, 1]
Ow:
[1.7546453;
 -3.4074616;
 7.6846266]
Keyframe: 97 Frame: 726 Frame from vFrameID : 727
Tcw:
[0.94180012, -0.29326534, -0.16434106, 1.4919009;
 -0.034096595, 0.40300661, -0.91456169, -3.0777311;
 0.33443978, 0.86693776, 0.36955231, 7.5458941;
 0, 0, 0, 1]
Twc:
[0.94180012, -0.034096595, 0.33443978, -4.0336599;
 -0.29326534, 0.40300661, 0.86693776, -4.8639522;
 -0.16434106, -0.91456169, 0.36955231, -5.3581972;
 0, 0, 0, 1]
Ow:
[1.4919009;
 -3.0777311;
 7.5458941]
Keyframe: 98 Frame: 730 Frame from vFrameID : 731
Tcw:
[0.95372862, -0.24082157, -0.18001863, 1.6544514;
 -0.066635311, 0.41454193, -0.90758729, -2.950011;
 0.29319188, 0.87758756, 0.37931326, 7.6033411;
 0, 0, 0, 1]
Twc:
[0.95372862, -0.066635311, 0.29319188, -4.0037103;
 -0.24082157, 0.41454193, 0.87758756, -5.0512671;
 -0.18001863, -0.90758729, 0.37931326, -5.2636089;
 0, 0, 0, 1]
Ow:
[1.6544514;
 -2.950011;
 7.6033411]
Keyframe: 99 Frame: 734 Frame from vFrameID : 735
Tcw:
[0.9629966, -0.18942638, -0.19171637, 1.9032067;
 -0.1006318, 0.40717626, -0.90778893, -3.4183669;
 0.25002152, 0.89349043, 0.37304702, 7.8920469;
 0, 0, 0, 1]
Twc:
[0.9629966, -0.1006318, 0.25002152, -4.1499596;
 -0.18942638, 0.40717626, 0.89349043, -5.2990737;
 -0.19171637, -0.90778893, 0.37304702, -5.6823845;
 0, 0, 0, 1]
Ow:
[1.9032067;
 -3.4183669;
 7.8920469]
Keyframe: 100 Frame: 739 Frame from vFrameID : 740
Tcw:
[0.9668355, -0.21032895, -0.1448822, 1.8708384;
 -0.046024725, 0.41450554, -0.9088822, -3.4048123;
 0.25121871, 0.88540775, 0.39107832, 8.0135536;
 0, 0, 0, 1]
Twc:
[0.9668355, -0.046024725, 0.25121871, -3.9786534;
 -0.21032895, 0.41450554, 0.88540775, -5.2904577;
 -0.1448822, -0.9088822, 0.39107832, -5.9574494;
 0, 0, 0, 1]
Ow:
[1.8708384;
 -3.4048123;
 8.0135536]
Keyframe: 101 Frame: 744 Frame from vFrameID : 745
Tcw:
[0.97358835, -0.20586205, -0.098724872, 1.8612125;
 -0.0076419129, 0.40278888, -0.91526103, -3.4033594;
 0.22818279, 0.89184189, 0.39057738, 8.0302639;
 0, 0, 0, 1]
Twc:
[0.97358835, -0.0076419129, 0.22818279, -3.6704309;
 -0.20586205, 0.40278888, 0.89184189, -5.4077377;
 -0.098724872, -0.91526103, 0.39057738, -6.0676537;
 0, 0, 0, 1]
Ow:
[1.8612125;
 -3.4033594;
 8.0302639]
Keyframe: 102 Frame: 750 Frame from vFrameID : 751
Tcw:
[0.95395118, -0.20953499, -0.21464455, 1.9081088;
 -0.10605144, 0.4337624, -0.89476436, -3.431567;
 0.28058916, 0.87632483, 0.39156666, 8.0425749;
 0, 0, 0, 1]
Twc:
[0.95395118, -0.10605144, 0.28058916, -4.440825;
 -0.20953499, 0.4337624, 0.87632483, -5.1596084;
 -0.21464455, -0.89476436, 0.39156666, -5.8100829;
 0, 0, 0, 1]
Ow:
[1.9081088;
 -3.431567;
 8.0425749]
Keyframe: 103 Frame: 753 Frame from vFrameID : 754
Tcw:
[0.9488368, -0.21659772, -0.2297698, 1.9161817;
 -0.11251136, 0.44799408, -0.88692868, -3.4378161;
 0.29504225, 0.86740226, 0.40070358, 8.0469446;
 0, 0, 0, 1]
Twc:
[0.9488368, -0.11251136, 0.29504225, -4.5791254;
 -0.21659772, 0.44799408, 0.86740226, -5.0247765;
 -0.2297698, -0.88692868, 0.40070358, -5.8332567;
 0, 0, 0, 1]
Ow:
[1.9161817;
 -3.4378161;
 8.0469446]
Keyframe: 104 Frame: 756 Frame from vFrameID : 757
Tcw:
[0.9166081, -0.22982375, -0.32712486, 1.9982448;
 -0.18213218, 0.48834953, -0.85342991, -3.4826293;
 0.35588974, 0.84184074, 0.40576681, 8.0876751;
 0, 0, 0, 1]
Twc:
[0.9166081, -0.18213218, 0.35588974, -5.3442268;
 -0.22982375, 0.48834953, 0.84184074, -4.64855;
 -0.32712486, -0.85342991, 0.40576681, -5.600215;
 0, 0, 0, 1]
Ow:
[1.9982448;
 -3.4826293;
 8.0876751]
Keyframe: 105 Frame: 759 Frame from vFrameID : 760
Tcw:
[0.90978616, -0.24610169, -0.33425006, 2.0615733;
 -0.17934389, 0.49315715, -0.85125309, -3.4930811;
 0.37433264, 0.83440399, 0.4045307, 8.2163715;
 0, 0, 0, 1]
Twc:
[0.90978616, -0.17934389, 0.37433264, -5.5777097;
 -0.24610169, 0.49315715, 0.83440399, -4.6257782;
 -0.33425006, -0.85125309, 0.4045307, -5.6081896;
 0, 0, 0, 1]
Ow:
[2.0615733;
 -3.4930811;
 8.2163715]
Keyframe: 106 Frame: 762 Frame from vFrameID : 763
Tcw:
[0.9233439, -0.2551344, -0.28695381, 2.0461082;
 -0.14517258, 0.45989436, -0.87602633, -3.4761951;
 0.35547286, 0.8505314, 0.38760212, 8.2459583;
 0, 0, 0, 1]
Twc:
[0.9233439, -0.14517258, 0.35547286, -5.3251243;
 -0.2551344, 0.45989436, 0.8505314, -4.8927317;
 -0.28695381, -0.87602633, 0.38760212, -5.6542511;
 0, 0, 0, 1]
Ow:
[2.0461082;
 -3.4761951;
 8.2459583]
Keyframe: 107 Frame: 766 Frame from vFrameID : 767
Tcw:
[0.930049, -0.24240564, -0.27613109, 2.0165679;
 -0.13427915, 0.47529739, -0.86951798, -3.4940004;
 0.34202045, 0.84577298, 0.40949985, 8.2653437;
 0, 0, 0, 1]
Twc:
[0.930049, -0.13427915, 0.34202045, -5.1715946;
 -0.24240564, 0.47529739, 0.84577298, -4.8410869;
 -0.27613109, -0.86951798, 0.40949985, -5.8659158;
 0, 0, 0, 1]
Ow:
[2.0165679;
 -3.4940004;
 8.2653437]
Keyframe: 108 Frame: 771 Frame from vFrameID : 772
Tcw:
[0.93031269, -0.19731274, -0.30916971, 2.1671302;
 -0.19837405, 0.4383173, -0.876656, -3.5149746;
 0.30848983, 0.87689543, 0.36863044, 8.4396114;
 0, 0, 0, 1]
Twc:
[0.93031269, -0.19837405, 0.30848983, -5.3169227;
 -0.19731274, 0.4383173, 0.87689543, -5.4323797;
 -0.30916971, -0.876656, 0.36863044, -5.5225096;
 0, 0, 0, 1]
Ow:
[2.1671302;
 -3.5149746;
 8.4396114]
Keyframe: 109 Frame: 776 Frame from vFrameID : 777
Tcw:
[0.94952565, -0.2240189, -0.2195828, 2.0001502;
 -0.086799629, 0.48503581, -0.8701759, -3.4209065;
 0.30144137, 0.84531403, 0.44110918, 8.4293642;
 0, 0, 0, 1]
Twc:
[0.94952565, -0.086799629, 0.30144137, -4.7370863;
 -0.2240189, 0.48503581, 0.84531403, -5.018126;
 -0.2195828, -0.8701759, 0.44110918, -6.2558613;
 0, 0, 0, 1]
Ow:
[2.0001502;
 -3.4209065;
 8.4293642]
Keyframe: 110 Frame: 779 Frame from vFrameID : 780
Tcw:
[0.95222592, -0.16395219, -0.25765368, 2.1160412;
 -0.14770454, 0.49118981, -0.85843807, -3.5024955;
 0.26729965, 0.85548365, 0.44350719, 8.4884205;
 0, 0, 0, 1]
Twc:
[0.95222592, -0.14770454, 0.26729965, -4.8012357;
 -0.16395219, 0.49118981, 0.85548365, -5.1943846;
 -0.25765368, -0.85843807, 0.44350719, -6.2261453;
 0, 0, 0, 1]
Ow:
[2.1160412;
 -3.5024955;
 8.4884205]
Keyframe: 111 Frame: 783 Frame from vFrameID : 784
Tcw:
[0.9439106, -0.22818208, -0.23867483, 2.045403;
 -0.11495255, 0.4505246, -0.88533241, -3.5249944;
 0.30954587, 0.86311096, 0.39902484, 8.5911293;
 0, 0, 0, 1]
Twc:
[0.9439106, -0.11495255, 0.30954587, -4.9952335;
 -0.22818208, 0.4505246, 0.86311096, -5.3602772;
 -0.23867483, -0.88533241, 0.39902484, -6.0606799;
 0, 0, 0, 1]
Ow:
[2.045403;
 -3.5249944;
 8.5911293]
Keyframe: 112 Frame: 788 Frame from vFrameID : 789
Tcw:
[0.93109637, -0.28859717, -0.22309457, 2.0300548;
 -0.055903837, 0.49147582, -0.86909509, -3.4707589;
 0.36046398, 0.82168317, 0.44147766, 8.6533003;
 0, 0, 0, 1]
Twc:
[0.93109637, -0.055903837, 0.36046398, -5.2034087;
 -0.28859717, 0.49147582, 0.82168317, -4.8186088;
 -0.22309457, -0.86909509, 0.44147766, -6.3837643;
 0, 0, 0, 1]
Ow:
[2.0300548;
 -3.4707589;
 8.6533003]
Keyframe: 113 Frame: 793 Frame from vFrameID : 794
Tcw:
[0.92268693, -0.25096023, -0.29269063, 2.0860486;
 -0.11324397, 0.5492599, -0.82794285, -3.5595603;
 0.36854395, 0.79707748, 0.4783752, 8.7294178;
 0, 0, 0, 1]
Twc:
[0.92268693, -0.11324397, 0.36854395, -5.5450425;
 -0.25096023, 0.5492599, 0.79707748, -4.4793835;
 -0.29269063, -0.82794285, 0.4783752, -6.5124826;
 0, 0, 0, 1]
Ow:
[2.0860486;
 -3.5595603;
 8.7294178]
Keyframe: 114 Frame: 798 Frame from vFrameID : 799
Tcw:
[0.93815053, -0.24661016, -0.24301642, 2.0365391;
 -0.095815286, 0.48956028, -0.86668921, -3.5223441;
 0.33270556, 0.83636963, 0.4356522, 8.8082905;
 0, 0, 0, 1]
Twc:
[0.93815053, -0.095815286, 0.33270556, -5.1786418;
 -0.24661016, 0.48956028, 0.83636963, -5.1403556;
 -0.24301642, -0.86668921, 0.4356522, -6.3952165;
 0, 0, 0, 1]
Ow:
[2.0365391;
 -3.5223441;
 8.8082905]
Keyframe: 115 Frame: 804 Frame from vFrameID : 805
Tcw:
[0.95003003, -0.18140727, -0.25403601, 2.0471981;
 -0.12082022, 0.53668785, -0.83508599, -3.5966575;
 0.28782871, 0.82404947, 0.4879519, 8.8782454;
 0, 0, 0, 1]
Twc:
[0.95003003, -0.12082022, 0.28782871, -4.9348626;
 -0.18140727, 0.53668785, 0.82404947, -5.0144548;
 -0.25403601, -0.83508599, 0.4879519, -6.8156133;
 0, 0, 0, 1]
Ow:
[2.0471981;
 -3.5966575;
 8.8782454]
Keyframe: 116 Frame: 809 Frame from vFrameID : 810
Tcw:
[0.95224476, -0.17111367, -0.2528834, 2.056881;
 -0.12301767, 0.54301709, -0.83066183, -3.6044044;
 0.2794576, 0.82210249, 0.49603519, 8.9484997;
 0, 0, 0, 1]
Twc:
[0.95224476, -0.12301767, 0.2794576, -4.9027858;
 -0.17111367, 0.54301709, 0.82210249, -5.04737;
 -0.2528834, -0.83066183, 0.49603519, -6.9126611;
 0, 0, 0, 1]
Ow:
[2.056881;
 -3.6044044;
 8.9484997]
Keyframe: 117 Frame: 814 Frame from vFrameID : 815
Tcw:
[0.9346267, -0.21472903, -0.28348607, 2.0513897;
 -0.13941282, 0.51210785, -0.8475315, -3.5979733;
 0.32716504, 0.83164716, 0.44869366, 9.0432129;
 0, 0, 0, 1]
Twc:
[0.9346267, -0.13941282, 0.32716504, -5.377511;
 -0.21472903, 0.51210785, 0.83164716, -5.2377195;
 -0.28348607, -0.8475315, 0.44869366, -6.5254879;
 0, 0, 0, 1]
Ow:
[2.0513897;
 -3.5979733;
 9.0432129]
Keyframe: 118 Frame: 820 Frame from vFrameID : 821
Tcw:
[0.91740054, -0.27482507, -0.28783238, 2.0570948;
 -0.1143132, 0.51080096, -0.85206503, -3.5943389;
 0.38119388, 0.81458795, 0.43719295, 9.0648766;
 0, 0, 0, 1]
Twc:
[0.91740054, -0.1143132, 0.38119388, -5.7535357;
 -0.27482507, 0.51080096, 0.81458795, -4.9828067;
 -0.28783238, -0.85206503, 0.43719295, -6.4336128;
 0, 0, 0, 1]
Ow:
[2.0570948;
 -3.5943389;
 9.0648766]
Keyframe: 119 Frame: 826 Frame from vFrameID : 827
Tcw:
[0.9038412, -0.32562166, -0.27756363, 2.0811505;
 -0.050950188, 0.56218845, -0.8254382, -3.5618846;
 0.42482364, 0.760207, 0.49153861, 9.1032982;
 0, 0, 0, 1]
Twc:
[0.9038412, -0.050950188, 0.42482364, -5.9298048;
 -0.32562166, 0.56218845, 0.760207, -4.240273;
 -0.27756363, -0.8254382, 0.49153861, -6.8370867;
 0, 0, 0, 1]
Ow:
[2.0811505;
 -3.5618846;
 9.1032982]
Keyframe: 120 Frame: 832 Frame from vFrameID : 833
Tcw:
[0.92032003, -0.27608693, -0.27710468, 2.0702777;
 -0.092407644, 0.53490442, -0.83984405, -3.5982494;
 0.3800945, 0.79853195, 0.46677074, 9.1425848;
 0, 0, 0, 1]
Twc:
[0.92032003, -0.092407644, 0.3800945, -5.7128696;
 -0.27608693, 0.53490442, 0.79853195, -4.8043494;
 -0.27710468, -0.83984405, 0.46677074, -6.715776;
 0, 0, 0, 1]
Ow:
[2.0702777;
 -3.5982494;
 9.1425848]
Keyframe: 121 Frame: 838 Frame from vFrameID : 839
Tcw:
[0.92105931, -0.25540259, -0.29397157, 2.07932;
 -0.10636465, 0.56119317, -0.820822, -3.619426;
 0.37461489, 0.78729397, 0.48972636, 9.174737;
 0, 0, 0, 1]
Twc:
[0.92105931, -0.10636465, 0.37461489, -5.7371492;
 -0.25540259, 0.56119317, 0.78729397, -4.6609535;
 -0.29397157, -0.820822, 0.48972636, -6.8527541;
 0, 0, 0, 1]
Ow:
[2.07932;
 -3.619426;
 9.174737]
Keyframe: 122 Frame: 845 Frame from vFrameID : 846
Tcw:
[0.91694951, -0.31288445, -0.24760227, 2.0730574;
 -0.061269626, 0.50277877, -0.86224097, -3.6633568;
 0.39427096, 0.80580199, 0.44185245, 9.2208214;
 0, 0, 0, 1]
Twc:
[0.91694951, -0.061269626, 0.39427096, -5.7608438;
 -0.31288445, 0.50277877, 0.80580199, -4.9396701;
 -0.24760227, -0.86224097, 0.44185245, -6.7196455;
 0, 0, 0, 1]
Ow:
[2.0730574;
 -3.6633568;
 9.2208214]
Keyframe: 123 Frame: 852 Frame from vFrameID : 853
Tcw:
[0.90944946, -0.30823272, -0.2790955, 2.071445;
 -0.095757164, 0.49791253, -0.86192441, -3.6726053;
 0.40463844, 0.81060207, 0.42331079, 9.2744102;
 0, 0, 0, 1]
Twc:
[0.90944946, -0.095757164, 0.40463844, -5.9883351;
 -0.30823272, 0.49791253, 0.81060207, -5.0507326;
 -0.2790955, -0.86192441, 0.42331079, -6.5133348;
 0, 0, 0, 1]
Ow:
[2.071445;
 -3.6726053;
 9.2744102]
Keyframe: 124 Frame: 860 Frame from vFrameID : 861
Tcw:
[0.90887463, -0.25233668, -0.33207396, 2.082571;
 -0.15089969, 0.54331088, -0.82585871, -3.7250443;
 0.38881382, 0.80071187, 0.45572394, 9.2986546;
 0, 0, 0, 1]
Twc:
[0.90887463, -0.15089969, 0.38881382, -6.0703492;
 -0.25233668, 0.54331088, 0.80071187, -4.8961768;
 -0.33207396, -0.82585871, 0.45572394, -6.6224122;
 0, 0, 0, 1]
Ow:
[2.082571;
 -3.7250443;
 9.2986546]
Keyframe: 125 Frame: 867 Frame from vFrameID : 868
Tcw:
[0.92300594, -0.25742632, -0.28599244, 2.0356097;
 -0.12254336, 0.50789493, -0.85265809, -3.6904716;
 0.36475077, 0.82205498, 0.43724415, 9.39781;
 0, 0, 0, 1]
Twc:
[0.92300594, -0.12254336, 0.36475077, -5.7589812;
 -0.25742632, 0.50789493, 0.82205498, -5.3271255;
 -0.28599244, -0.85265809, 0.43724415, -6.6736794;
 0, 0, 0, 1]
Ow:
[2.0356097;
 -3.6904716;
 9.39781]
Keyframe: 126 Frame: 875 Frame from vFrameID : 876
Tcw:
[0.9495312, -0.17022538, -0.26346511, 2.0730872;
 -0.14244878, 0.51431584, -0.84568763, -3.6646171;
 0.27946177, 0.84053707, 0.46411052, 9.4216805;
 0, 0, 0, 1]
Twc:
[0.9495312, -0.14244878, 0.27946177, -5.1234808;
 -0.17022538, 0.51431584, 0.84053707, -5.6816092;
 -0.26346511, -0.84568763, 0.46411052, -6.9256363;
 0, 0, 0, 1]
Ow:
[2.0730872;
 -3.6646171;
 9.4216805]
Keyframe: 127 Frame: 882 Frame from vFrameID : 883
Tcw:
[0.96340257, -0.17078337, -0.20661189, 1.9557208;
 -0.08923997, 0.52246487, -0.847978, -3.6923037;
 0.25276801, 0.83538222, 0.48810333, 9.5543919;
 0, 0, 0, 1]
Twc:
[0.96340257, -0.08923997, 0.25276801, -4.6286922;
 -0.17078337, 0.52246487, 0.83538222, -5.7184653;
 -0.20661189, -0.847978, 0.48810333, -7.3904476;
 0, 0, 0, 1]
Ow:
[1.9557208;
 -3.6923037;
 9.5543919]
Keyframe: 128 Frame: 890 Frame from vFrameID : 891
Tcw:
[0.92462093, -0.26235545, -0.27612644, 2.0582042;
 -0.092207246, 0.54921138, -0.83058089, -3.4575691;
 0.36955923, 0.79343331, 0.48362127, 9.6700764;
 0, 0, 0, 1]
Twc:
[0.92462093, -0.092207246, 0.36955923, -5.795537;
 -0.26235545, 0.54921138, 0.79343331, -5.2336431;
 -0.27612644, -0.83058089, 0.48362127, -6.9801207;
 0, 0, 0, 1]
Ow:
[2.0582042;
 -3.4575691;
 9.6700764]
Keyframe: 129 Frame: 898 Frame from vFrameID : 899
Tcw:
[0.9178021, -0.25155216, -0.30718204, 2.0790198;
 -0.098915003, 0.60442048, -0.79050094, -3.4996858;
 0.38451934, 0.75590831, 0.52985609, 9.6938076;
 0, 0, 0, 1]
Twc:
[0.9178021, -0.098915003, 0.38451934, -5.9817567;
 -0.25155216, 0.60442048, 0.75590831, -4.6893668;
 -0.30718204, -0.79050094, 0.52985609, -7.2641907;
 0, 0, 0, 1]
Ow:
[2.0790198;
 -3.4996858;
 9.6938076]
Keyframe: 130 Frame: 906 Frame from vFrameID : 907
Tcw:
[0.91593945, -0.26230422, -0.30372924, 2.0644782;
 -0.10357182, 0.57668936, -0.8103717, -3.4917097;
 0.38772133, 0.77370918, 0.50104523, 9.7533131;
 0, 0, 0, 1]
Twc:
[0.91593945, -0.10357182, 0.38772133, -6.0341468;
 -0.26230422, 0.57668936, 0.77370918, -4.9910746;
 -0.30372924, -0.8103717, 0.50104523, -7.0893908;
 0, 0, 0, 1]
Ow:
[2.0644782;
 -3.4917097;
 9.7533131]
Keyframe: 131 Frame: 915 Frame from vFrameID : 916
Tcw:
[0.93776417, -0.2190619, -0.26946294, 2.0440087;
 -0.09753146, 0.57857406, -0.80977756, -3.4886503;
 0.33329567, 0.78566146, 0.5212006, 9.7935333;
 0, 0, 0, 1]
Twc:
[0.93776417, -0.09753146, 0.33329567, -5.5211935;
 -0.2190619, 0.57857406, 0.78566146, -5.2281947;
 -0.26946294, -0.80977756, 0.5212006, -7.3786411;
 0, 0, 0, 1]
Ow:
[2.0440087;
 -3.4886503;
 9.7935333]
Keyframe: 132 Frame: 924 Frame from vFrameID : 925
Tcw:
[0.9635064, -0.15913627, -0.21524665, 1.8890942;
 -0.092583768, 0.55636513, -0.82576394, -3.5500474;
 0.2511647, 0.81555712, 0.52132791, 9.9902153;
 0, 0, 0, 1]
Twc:
[0.9635064, -0.092583768, 0.2511647, -4.658021;
 -0.15913627, 0.55636513, 0.81555712, -5.8718457;
 -0.21524665, -0.82576394, 0.52132791, -7.7330585;
 0, 0, 0, 1]
Ow:
[1.8890942;
 -3.5500474;
 9.9902153]
Keyframe: 133 Frame: 933 Frame from vFrameID : 934
Tcw:
[0.96535462, -0.15564972, -0.2094363, 1.9026784;
 -0.08437176, 0.5733192, -0.81497639, -3.572017;
 0.2469247, 0.80441177, 0.54032391, 10.035479;
 0, 0, 0, 1]
Twc:
[0.96535462, -0.08437176, 0.2469247, -4.6161442;
 -0.15564972, 0.5733192, 0.80441177, -5.7285995;
 -0.2094363, -0.81497639, 0.54032391, -7.9350286;
 0, 0, 0, 1]
Ow:
[1.9026784;
 -3.572017;
 10.035479]
Keyframe: 134 Frame: 942 Frame from vFrameID : 943
Tcw:
[0.95555383, -0.13860606, -0.26020229, 1.8643498;
 -0.14310291, 0.55358064, -0.82040846, -3.6040421;
 0.25775653, 0.82118016, 0.50914121, 10.059788;
 0, 0, 0, 1]
Twc:
[0.95555383, -0.14310291, 0.25775653, -4.8902111;
 -0.13860606, 0.55358064, 0.82118016, -6.0073595;
 -0.26020229, -0.82040846, 0.50914121, -7.5935302;
 0, 0, 0, 1]
Ow:
[1.8643498;
 -3.6040421;
 10.059788]
Keyframe: 135 Frame: 951 Frame from vFrameID : 952
Tcw:
[0.96239614, -0.13389325, -0.2363604, 1.8524187;
 -0.12220757, 0.56367469, -0.81690645, -3.6046803;
 0.24260864, 0.81507266, 0.5261156, 10.100606;
 0, 0, 0, 1]
Twc:
[0.96239614, -0.12220757, 0.24260864, -4.6737742;
 -0.13389325, 0.56367469, 0.81507266, -5.9528346;
 -0.2363604, -0.81690645, 0.5261156, -7.8209343;
 0, 0, 0, 1]
Ow:
[1.8524187;
 -3.6046803;
 10.100606]
Keyframe: 136 Frame: 960 Frame from vFrameID : 961
Tcw:
[0.97904307, -0.048398614, -0.19781885, 1.9746507;
 -0.12631148, 0.6176393, -0.77625197, -3.4764071;
 0.15975021, 0.78497088, 0.59858215, 10.092228;
 0, 0, 0, 1]
Twc:
[0.97904307, -0.12631148, 0.15975021, -3.9846137;
 -0.048398614, 0.6176393, 0.78497088, -5.6793685;
 -0.19781885, -0.77625197, 0.59858215, -8.3489723;
 0, 0, 0, 1]
Ow:
[1.9746507;
 -3.4764071;
 10.092228]
Keyframe: 137 Frame: 969 Frame from vFrameID : 970
Tcw:
[0.98087782, -0.056128971, -0.18635528, 1.9776949;
 -0.11409317, 0.60989732, -0.78422445, -3.4800627;
 0.1576753, 0.79049021, 0.59183079, 10.128643;
 0, 0, 0, 1]
Twc:
[0.98087782, -0.11409317, 0.1576753, -3.9339652;
 -0.056128971, 0.60989732, 0.79049021, -5.7731066;
 -0.18635528, -0.78422445, 0.59183079, -8.3550396;
 0, 0, 0, 1]
Ow:
[1.9776949;
 -3.4800627;
 10.128643]
Keyframe: 138 Frame: 978 Frame from vFrameID : 979
Tcw:
[0.97426134, -0.060211815, -0.21723127, 1.9901768;
 -0.13514417, 0.61526787, -0.77664757, -3.4862688;
 0.18041879, 0.78601521, 0.59129441, 10.141573;
 0, 0, 0, 1]
Twc:
[0.97426134, -0.13514417, 0.18041879, -4.2398314;
 -0.060211815, 0.61526787, 0.78601521, -5.7066102;
 -0.21723127, -0.77664757, 0.59129441, -8.2719297;
 0, 0, 0, 1]
Ow:
[1.9901768;
 -3.4862688;
 10.141573]
Keyframe: 139 Frame: 987 Frame from vFrameID : 988
Tcw:
[0.96267456, -0.099848866, -0.25157085, 1.9839454;
 -0.14465751, 0.59577358, -0.79001772, -3.4921794;
 0.22876164, 0.79692161, 0.55909222, 10.141796;
 0, 0, 0, 1]
Twc:
[0.96267456, -0.14465751, 0.22876164, -4.7351174;
 -0.099848866, 0.59577358, 0.79692161, -5.8035727;
 -0.25157085, -0.79001772, 0.55909222, -7.9299798;
 0, 0, 0, 1]
Ow:
[1.9839454;
 -3.4921794;
 10.141796]
Keyframe: 140 Frame: 996 Frame from vFrameID : 997
Tcw:
[0.96102059, -0.11258954, -0.2525135, 1.9842616;
 -0.13922025, 0.59201419, -0.79381162, -3.4939587;
 0.23886646, 0.7980243, 0.55326313, 10.143551;
 0, 0, 0, 1]
Twc:
[0.96102059, -0.13922025, 0.23886646, -4.8162999;
 -0.11258954, 0.59201419, 0.7980243, -5.8029189;
 -0.2525135, -0.79381162, 0.55326313, -7.8845439;
 0, 0, 0, 1]
Ow:
[1.9842616;
 -3.4939587;
 10.143551]
Keyframe: 141 Frame: 1003 Frame from vFrameID : 1004
Tcw:
[0.96733522, -0.095977888, -0.23462918, 1.9892801;
 -0.13185893, 0.59999132, -0.78906506, -3.4921393;
 0.21650827, 0.79422837, 0.56773716, 10.144331;
 0, 0, 0, 1]
Twc:
[0.96733522, -0.13185893, 0.21650827, -4.5811019;
 -0.095977888, 0.59999132, 0.79422837, -5.7707348;
 -0.23462918, -0.78906506, 0.56773716, -8.0480957;
 0, 0, 0, 1]
Ow:
[1.9892801;
 -3.4921393;
 10.144331]
Keyframe: 142 Frame: 1011 Frame from vFrameID : 1012
Tcw:
[0.97337073, -0.079122066, -0.2151491, 1.994527;
 -0.12543122, 0.60175478, -0.78877002, -3.4906633;
 0.19187613, 0.79475206, 0.57580614, 10.146223;
 0, 0, 0, 1]
Twc:
[0.97337073, -0.12543122, 0.19187613, -4.3260703;
 -0.079122066, 0.60175478, 0.79475206, -5.8053975;
 -0.2151491, -0.78877002, 0.57580614, -8.1664677;
 0, 0, 0, 1]
Ow:
[1.994527;
 -3.4906633;
 10.146223]
Keyframe: 143 Frame: 1020 Frame from vFrameID : 1021
Tcw:
[0.97289485, -0.063251905, -0.22242944, 1.996815;
 -0.14234449, 0.59424084, -0.79159069, -3.4827547;
 0.18224628, 0.80179608, 0.5691303, 10.14608;
 0, 0, 0, 1]
Twc:
[0.97289485, -0.14234449, 0.18224628, -4.2875276;
 -0.063251905, 0.59424084, 0.80179608, -5.9391904;
 -0.22242944, -0.79159069, 0.5691303, -8.0872078;
 0, 0, 0, 1]
Ow:
[1.996815;
 -3.4827547;
 10.14608]
Keyframe: 144 Frame: 1029 Frame from vFrameID : 1030
Tcw:
[0.97444904, -0.073198557, -0.21234663, 1.995863;
 -0.12889802, 0.59198761, -0.79557276, -3.4865751;
 0.18394135, 0.80261612, 0.56742656, 10.146793;
 0, 0, 0, 1]
Twc:
[0.97444904, -0.12889802, 0.18394135, -4.260694;
 -0.073198557, 0.59198761, 0.80261612, -5.9338765;
 -0.21234663, -0.79557276, 0.56742656, -8.1075697;
 0, 0, 0, 1]
Ow:
[1.995863;
 -3.4865751;
 10.146793]
Keyframe: 145 Frame: 1037 Frame from vFrameID : 1038
Tcw:
[0.97792542, -0.074718289, -0.1951385, 1.9981918;
 -0.11415543, 0.59115744, -0.79843688, -3.4807744;
 0.1750154, 0.80308783, 0.56957841, 10.147614;
 0, 0, 0, 1]
Twc:
[0.97792542, -0.11415543, 0.1750154, -4.1274209;
 -0.074718289, 0.59115744, 0.80308783, -5.9424381;
 -0.1951385, -0.79843688, 0.56957841, -8.169116;
 0, 0, 0, 1]
Ow:
[1.9981918;
 -3.4807744;
 10.147614]
Keyframe: 146 Frame: 1046 Frame from vFrameID : 1047
Tcw:
[0.97731477, -0.064219557, -0.20182095, 2.0006461;
 -0.1241876, 0.59814537, -0.79170674, -3.4833093;
 0.17156132, 0.79881036, 0.57660103, 10.149569;
 0, 0, 0, 1]
Twc:
[0.97731477, -0.1241876, 0.17156132, -4.129118;
 -0.064219557, 0.59814537, 0.79881036, -5.8955741;
 -0.20182095, -0.79170674, 0.57660103, -8.2062387;
 0, 0, 0, 1]
Ow:
[2.0006461;
 -3.4833093;
 10.149569]
Keyframe: 147 Frame: 1054 Frame from vFrameID : 1055
Tcw:
[0.97261119, -0.055746134, -0.22565423, 1.9977726;
 -0.14841171, 0.59822124, -0.78746766, -3.4837196;
 0.17888942, 0.7993896, 0.57356328, 10.150955;
 0, 0, 0, 1]
Twc:
[0.97261119, -0.14841171, 0.17888942, -4.2759795;
 -0.055746134, 0.59822124, 0.7993896, -5.9191647;
 -0.22565423, -0.78746766, 0.57356328, -8.1147261;
 0, 0, 0, 1]
Ow:
[1.9977726;
 -3.4837196;
 10.150955]
Keyframe: 148 Frame: 1063 Frame from vFrameID : 1064
Tcw:
[0.97009301, -0.060417622, -0.23509425, 2.0010495;
 -0.15162146, 0.60550815, -0.78126234, -3.4890072;
 0.1895535, 0.79354244, 0.57823861, 10.157544;
 0, 0, 0, 1]
Twc:
[0.97009301, -0.15162146, 0.1895535, -4.3956103;
 -0.060417622, 0.60550815, 0.79354244, -5.8269215;
 -0.23509425, -0.78126234, 0.57823861, -8.1288786;
 0, 0, 0, 1]
Ow:
[2.0010495;
 -3.4890072;
 10.157544]
