Keyframe: 0 Frame: 0 Frame from vFrameID : 127
Tcw:
[1, 0, 0, 0;
 0, 1, 0, 0;
 0, 0, 1, 0;
 0, 0, 0, 1]
Twc:
[1, 0, 0, 0;
 0, 1, 0, 0;
 0, 0, 1, 0;
 0, 0, 0, 1]
Ow:
[0;
 0;
 0]
Keyframe: 1 Frame: 126 Frame from vFrameID : 127
Tcw:
[0.99990726, -0.013532317, 0.001529008, -0.021861212;
 0.013563729, 0.99964696, -0.022845572, 0.0013989214;
 -0.0012193148, 0.022864193, 0.99973786, -0.0061493185;
 0, 0, 0, 1]
Twc:
[0.99990726, 0.013563729, -0.0012193148, 0.021832712;
 -0.013532317, 0.99964696, 0.022864193, -0.0015536613;
 0.001529008, -0.022845572, 0.99973786, 0.0062130918;
 0, 0, 0, 1]
Ow:
[-0.021861212;
 0.0013989214;
 -0.0061493185]
Keyframe: 2 Frame: 128 Frame from vFrameID : 129
Tcw:
[0.99989802, -0.013975947, 0.0029467363, -0.01999693;
 0.0140004, 0.99986631, -0.0084476843, -0.00091739482;
 -0.0028282779, 0.0084880777, 0.99996001, -0.0018284878;
 0, 0, 0, 1]
Twc:
[0.99989802, 0.0140004, -0.0028282779, 0.020002561;
 -0.013975947, 0.99986631, 0.0084880777, 0.0006533165;
 0.0029467363, -0.0084476843, 0.99996001, 0.0018795904;
 0, 0, 0, 1]
Ow:
[-0.01999693;
 -0.00091739482;
 -0.0018284878]
Keyframe: 3 Frame: 130 Frame from vFrameID : 131
Tcw:
[0.99993443, -0.010224502, 0.005156531, -0.019386724;
 0.010257267, 0.9999271, -0.0063684708, -0.0015933797;
 -0.0050910409, 0.0064209453, 0.99996644, -0.00043970448;
 0, 0, 0, 1]
Twc:
[0.99993443, 0.010257267, -0.0050910409, 0.019399557;
 -0.010224502, 0.9999271, 0.0064209453, 0.0013978672;
 0.005156531, -0.0063684708, 0.99996644, 0.00052951055;
 0, 0, 0, 1]
Ow:
[-0.019386724;
 -0.0015933797;
 -0.00043970448]
Keyframe: 4 Frame: 132 Frame from vFrameID : 133
Tcw:
[0.99989676, -0.0062418142, 0.012940467, -0.018303223;
 0.0061890143, 0.9999724, 0.0041162432, -0.0028039855;
 -0.012965802, -0.0040357299, 0.99990779, 0.0019716232;
 0, 0, 0, 1]
Twc:
[0.99989676, 0.0061890143, -0.012965802, 0.018344253;
 -0.0062418142, 0.9999724, -0.0040357299, 0.0026976196;
 0.012940467, 0.0041162432, 0.99990779, -0.0017230473;
 0, 0, 0, 1]
Ow:
[-0.018303223;
 -0.0028039855;
 0.0019716232]
Keyframe: 5 Frame: 134 Frame from vFrameID : 135
Tcw:
[0.99986041, -0.0056487694, 0.015726296, -0.017662581;
 0.0055206688, 0.9999513, 0.0081771687, -0.0033994331;
 -0.015771722, -0.0080892071, 0.99984288, 0.0032510746;
 0, 0, 0, 1]
Twc:
[0.99986041, 0.0055206688, -0.015771722, 0.017730158;
 -0.0056487694, 0.9999513, -0.0080892071, 0.0033257946;
 0.015726296, 0.0081771687, 0.99984288, -0.0029449991;
 0, 0, 0, 1]
Ow:
[-0.017662581;
 -0.0033994331;
 0.0032510746]
Keyframe: 6 Frame: 136 Frame from vFrameID : 137
Tcw:
[0.99969339, -0.0067446036, 0.023824446, -0.015854945;
 0.0066287015, 0.99996585, 0.0049404693, -0.0018393075;
 -0.023856953, -0.0047810292, 0.99970394, 0.0090038776;
 0, 0, 0, 1]
Twc:
[0.99969339, 0.0066287015, -0.023856953, 0.016077083;
 -0.0067446036, 0.99996585, -0.0047810292, 0.0017753571;
 0.023824446, 0.0049404693, 0.99970394, -0.0086143892;
 0, 0, 0, 1]
Ow:
[-0.015854945;
 -0.0018393075;
 0.0090038776]
Keyframe: 7 Frame: 139 Frame from vFrameID : 140
Tcw:
[0.99945593, -0.0070502581, 0.03222055, -0.01196707;
 0.0068996395, 0.99996477, 0.0047834134, -0.0010870026;
 -0.032253139, -0.0045585008, 0.99946934, 0.01110635;
 0, 0, 0, 1]
Twc:
[0.99945593, 0.0068996395, -0.032253139, 0.012326274;
 -0.0070502581, 0.99996477, -0.0045585008, 0.0010532216;
 0.03222055, 0.0047834134, 0.99946934, -0.010709671;
 0, 0, 0, 1]
Ow:
[-0.01196707;
 -0.0010870026;
 0.01110635]
Keyframe: 8 Frame: 141 Frame from vFrameID : 142
Tcw:
[0.99919617, -0.0036598535, 0.039919812, -0.0044796243;
 0.0033203408, 0.9999578, 0.0085678548, -0.0015652443;
 -0.039949484, -0.0084284209, 0.99916613, 0.017535731;
 0, 0, 0, 1]
Twc:
[0.99919617, 0.0033203408, -0.039949484, 0.0051817643;
 -0.0036598535, 0.9999578, -0.0084284209, 0.001696582;
 0.039919812, 0.0085678548, 0.99916613, -0.017328873;
 0, 0, 0, 1]
Ow:
[-0.0044796243;
 -0.0015652443;
 0.017535731]
Keyframe: 9 Frame: 144 Frame from vFrameID : 145
Tcw:
[0.99952173, -0.0049862238, 0.030519204, 0.0015095454;
 0.0047493037, 0.99995804, 0.0078305556, -0.00069398567;
 -0.030556969, -0.0076818657, 0.99950349, 0.024222575;
 0, 0, 0, 1]
Twc:
[0.99952173, 0.0047493037, -0.030556969, -0.00076535897;
 -0.0049862238, 0.99995804, -0.0076818657, 0.00088755804;
 0.030519204, 0.0078305556, 0.99950349, -0.024251183;
 0, 0, 0, 1]
Ow:
[0.0015095454;
 -0.00069398567;
 0.024222575]
Keyframe: 10 Frame: 147 Frame from vFrameID : 148
Tcw:
[0.99988788, -0.0093668643, 0.01168026, 0.01923731;
 0.0093201464, 0.99994838, 0.0040477742, -0.00070280686;
 -0.011717572, -0.0039384589, 0.99992359, 0.035967629;
 0, 0, 0, 1]
Twc:
[0.99988788, 0.0093201464, -0.011717572, -0.01880715;
 -0.0093668643, 0.99994838, -0.0039384589, 0.0010246208;
 0.01168026, 0.0040477742, 0.99992359, -0.036186732;
 0, 0, 0, 1]
Ow:
[0.01923731;
 -0.00070280686;
 0.035967629]
Keyframe: 11 Frame: 150 Frame from vFrameID : 151
Tcw:
[0.99992681, -0.0071838317, 0.0097378111, 0.0310144;
 0.0071585607, 0.99997091, 0.0026275124, -0.0032346405;
 -0.009756403, -0.0025576113, 0.99994916, 0.04262761;
 0, 0, 0, 1]
Twc:
[0.99992681, 0.0071585607, -0.009756403, -0.030573079;
 -0.0071838317, 0.99997091, -0.0025576113, 0.0035663736;
 0.0097378111, 0.0026275124, 0.99994916, -0.042918954;
 0, 0, 0, 1]
Ow:
[0.0310144;
 -0.0032346405;
 0.04262761]
Keyframe: 12 Frame: 153 Frame from vFrameID : 154
Tcw:
[0.99993277, 0.001539445, 0.011491021, 0.045869898;
 -0.0014931477, 0.99999076, -0.0040364917, -0.0094002411;
 -0.011497129, 0.0040190625, 0.99992585, 0.052627724;
 0, 0, 0, 1]
Twc:
[0.99993277, -0.0014931477, -0.011497129, -0.045275785;
 0.001539445, 0.99999076, 0.0040190625, 0.0091180252;
 0.011491021, -0.0040364917, 0.99992585, -0.053188857;
 0, 0, 0, 1]
Ow:
[0.045869898;
 -0.0094002411;
 0.052627724]
Keyframe: 13 Frame: 156 Frame from vFrameID : 157
Tcw:
[0.99993032, 0.011453836, -0.0028570329, 0.063975848;
 -0.011522165, 0.99961674, -0.025171472, -0.016772076;
 0.0025676282, 0.025202638, 0.99967909, 0.062437542;
 0, 0, 0, 1]
Twc:
[0.99993032, -0.011522165, 0.0025676282, -0.06432496;
 0.011453836, 0.99961674, 0.025202638, 0.014459289;
 -0.0028570329, -0.025171472, 0.99967909, -0.062656902;
 0, 0, 0, 1]
Ow:
[0.063975848;
 -0.016772076;
 0.062437542]
Keyframe: 14 Frame: 159 Frame from vFrameID : 160
Tcw:
[0.99975699, 0.020173695, -0.0088886125, 0.072472595;
 -0.020372247, 0.99953145, -0.022844311, -0.019347329;
 0.0084235938, 0.023019839, 0.99969953, 0.073084265;
 0, 0, 0, 1]
Twc:
[0.99975699, -0.020372247, 0.0084235938, -0.073464766;
 0.020173695, 0.99953145, 0.023019839, 0.016193835;
 -0.0088886125, -0.022844311, 0.99969953, -0.072860099;
 0, 0, 0, 1]
Ow:
[0.072472595;
 -0.019347329;
 0.073084265]
Keyframe: 15 Frame: 162 Frame from vFrameID : 163
Tcw:
[0.99926966, 0.028829698, -0.025078909, 0.085196763;
 -0.029572554, 0.99911916, -0.029772181, -0.021403505;
 0.024198497, 0.030492086, 0.99924207, 0.088024877;
 0, 0, 0, 1]
Twc:
[0.99926966, -0.029572554, 0.024198497, -0.087897569;
 0.028829698, 0.99911916, 0.030492086, 0.016244393;
 -0.025078909, -0.029772181, 0.99924207, -0.086458743;
 0, 0, 0, 1]
Ow:
[0.085196763;
 -0.021403505;
 0.088024877]
Keyframe: 16 Frame: 166 Frame from vFrameID : 167
Tcw:
[0.99849361, 0.048214227, -0.026189767, 0.097365856;
 -0.049088504, 0.99822122, -0.033833507, -0.027099825;
 0.024511924, 0.035068158, 0.99908429, 0.12293314;
 0, 0, 0, 1]
Twc:
[0.99849361, -0.049088504, 0.024511924, -0.1015628;
 0.048214227, 0.99822122, 0.035068158, 0.018046165;
 -0.026189767, -0.033833507, 0.99908429, -0.12118746;
 0, 0, 0, 1]
Ow:
[0.097365856;
 -0.027099825;
 0.12293314]
Keyframe: 17 Frame: 170 Frame from vFrameID : 171
Tcw:
[0.99907732, 0.042931531, -0.0011589335, 0.09798114;
 -0.042931627, 0.99762625, -0.053840403, -0.033727765;
 -0.0011552683, 0.053840481, 0.99854887, 0.15702768;
 0, 0, 0, 1]
Twc:
[0.99907732, -0.042931627, -0.0011552683, -0.099157318;
 0.042931531, 0.99762625, 0.053840481, 0.020986779;
 -0.0011589335, -0.053840403, 0.99854887, -0.15850218;
 0, 0, 0, 1]
Ow:
[0.09798114;
 -0.033727765;
 0.15702768]
Keyframe: 18 Frame: 174 Frame from vFrameID : 175
Tcw:
[0.99949008, 0.02019465, 0.024733853, 0.099800542;
 -0.018216982, 0.99680823, -0.077727415, -0.038601108;
 -0.026224585, 0.077237204, 0.9966678, 0.19123979;
 0, 0, 0, 1]
Twc:
[0.99949008, -0.018216982, -0.026224585, -0.095437668;
 0.02019465, 0.99680823, 0.077237204, 0.021691637;
 0.024733853, -0.077727415, 0.9966678, -0.19607134;
 0, 0, 0, 1]
Ow:
[0.099800542;
 -0.038601108;
 0.19123979]
Keyframe: 19 Frame: 179 Frame from vFrameID : 180
Tcw:
[0.99816251, 0.012847912, 0.059216168, 0.10263558;
 -0.0089555075, 0.99781007, -0.065534882, -0.040679663;
 -0.059928477, 0.064884156, 0.99609166, 0.22775353;
 0, 0, 0, 1]
Twc:
[0.99816251, -0.0089555075, -0.059928477, -0.089162365;
 0.012847912, 0.99781007, 0.064884156, 0.024494329;
 0.059216168, -0.065534882, 0.99609166, -0.23560703;
 0, 0, 0, 1]
Ow:
[0.10263558;
 -0.040679663;
 0.22775353]
Keyframe: 20 Frame: 183 Frame from vFrameID : 184
Tcw:
[0.99694067, 0.010364747, 0.077471837, 0.10794844;
 -0.0068865828, 0.99896193, -0.045028917, -0.042148825;
 -0.077858135, 0.044357643, 0.99597716, 0.26011756;
 0, 0, 0, 1]
Twc:
[0.99694067, -0.0068865828, -0.077858135, -0.087656178;
 0.010364747, 0.99896193, 0.044357643, 0.029448012;
 0.077471837, -0.045028917, 0.99597716, -0.26933205;
 0, 0, 0, 1]
Ow:
[0.10794844;
 -0.042148825;
 0.26011756]
Keyframe: 21 Frame: 188 Frame from vFrameID : 189
Tcw:
[0.99625945, 0.0054989792, 0.08623714, 0.12606901;
 -0.001526406, 0.99893731, -0.046064135, -0.047030255;
 -0.086398803, 0.045760196, 0.99520916, 0.31283587;
 0, 0, 0, 1]
Twc:
[0.99625945, -0.001526406, -0.086398803, -0.098640583;
 0.0054989792, 0.99893731, 0.045760196, 0.031971596;
 0.08623714, -0.046064135, 0.99520916, -0.32437536;
 0, 0, 0, 1]
Ow:
[0.12606901;
 -0.047030255;
 0.31283587]
Keyframe: 22 Frame: 192 Frame from vFrameID : 193
Tcw:
[0.99713486, 0.012779024, 0.074557431, 0.14941788;
 -0.0096657947, 0.99907219, -0.041968547, -0.055925764;
 -0.075024575, 0.041127644, 0.99633318, 0.35036898;
 0, 0, 0, 1]
Twc:
[0.99713486, -0.0096657947, -0.075024575, -0.12324406;
 0.012779024, 0.99907219, 0.041127644, 0.039554611;
 0.074557431, -0.041968547, 0.99633318, -0.36257157;
 0, 0, 0, 1]
Ow:
[0.14941788;
 -0.055925764;
 0.35036898]
Keyframe: 23 Frame: 197 Frame from vFrameID : 198
Tcw:
[0.99744737, 0.015603858, 0.069679759, 0.16278514;
 -0.012225651, 0.99874115, -0.048647862, -0.062405124;
 -0.070351139, 0.047671802, 0.99638253, 0.38955218;
 0, 0, 0, 1]
Twc:
[0.99744737, -0.012225651, -0.070351139, -0.13572711;
 0.015603858, 0.99874115, 0.047671802, 0.041215841;
 0.069679759, -0.048647862, 0.99638253, -0.40252167;
 0, 0, 0, 1]
Ow:
[0.16278514;
 -0.062405124;
 0.38955218]
Keyframe: 24 Frame: 202 Frame from vFrameID : 203
Tcw:
[0.99686408, 0.016744461, 0.077341042, 0.17779532;
 -0.013966992, 0.99924278, -0.036314346, -0.066155165;
 -0.077890545, 0.035120245, 0.99634314, 0.44731095;
 0, 0, 0, 1]
Twc:
[0.99686408, -0.013966992, -0.077890545, -0.14332047;
 0.016744461, 0.99924278, 0.035120245, 0.047418319;
 0.077341042, -0.036314346, 0.99634314, -0.46182844;
 0, 0, 0, 1]
Ow:
[0.17779532;
 -0.066155165;
 0.44731095]
Keyframe: 25 Frame: 207 Frame from vFrameID : 208
Tcw:
[0.99676746, 0.012469683, 0.079367034, 0.18547916;
 -0.0083449986, 0.99860746, -0.052090842, -0.07393343;
 -0.079906076, 0.051260136, 0.99548352, 0.49888402;
 0, 0, 0, 1]
Twc:
[0.99676746, -0.0083449986, -0.079906076, -0.1456327;
 0.012469683, 0.99860746, 0.051260136, 0.04594475;
 0.079367034, -0.052090842, 0.99548352, -0.515203;
 0, 0, 0, 1]
Ow:
[0.18547916;
 -0.07393343;
 0.49888402]
Keyframe: 26 Frame: 212 Frame from vFrameID : 213
Tcw:
[0.99606282, -0.010316516, 0.08804775, 0.19306779;
 0.01474444, 0.99865091, -0.049788777, -0.078824013;
 -0.087415323, 0.050890967, 0.9948712, 0.54077774;
 0, 0, 0, 1]
Twc:
[0.99606282, 0.01474444, -0.087415323, -0.14387318;
 -0.010316516, 0.99865091, 0.050890967, 0.053188764;
 0.08804775, -0.049788777, 0.9948712, -0.55892789;
 0, 0, 0, 1]
Ow:
[0.19306779;
 -0.078824013;
 0.54077774]
Keyframe: 27 Frame: 217 Frame from vFrameID : 218
Tcw:
[0.99452394, -0.0098991264, 0.10403919, 0.21723568;
 0.015795266, 0.99830568, -0.056002129, -0.088824429;
 -0.10330854, 0.057338785, 0.99299526, 0.5895111;
 0, 0, 0, 1]
Twc:
[0.99452394, 0.015795266, -0.10330854, -0.15374155;
 -0.0098991264, 0.99830568, 0.057338785, 0.057022531;
 0.10403919, -0.056002129, 0.99299526, -0.61295712;
 0, 0, 0, 1]
Ow:
[0.21723568;
 -0.088824429;
 0.5895111]
Keyframe: 28 Frame: 222 Frame from vFrameID : 223
Tcw:
[0.99609327, -0.012052523, 0.087481096, 0.24246129;
 0.017325209, 0.99806207, -0.059765577, -0.085358314;
 -0.086591236, 0.061047718, 0.99437171, 0.63521957;
 0, 0, 0, 1]
Twc:
[0.99609327, 0.017325209, -0.086591236, -0.18503076;
 -0.012052523, 0.99806207, 0.061047718, 0.049336463;
 0.087481096, -0.059765577, 0.99437171, -0.65795666;
 0, 0, 0, 1]
Ow:
[0.24246129;
 -0.085358314;
 0.63521957]
Keyframe: 29 Frame: 227 Frame from vFrameID : 228
Tcw:
[0.99766868, 0.0003834698, 0.06824249, 0.27057001;
 0.002676372, 0.99899507, -0.044740703, -0.093389153;
 -0.068191066, 0.044819038, 0.99666506, 0.6821177;
 0, 0, 0, 1]
Twc:
[0.99766868, 0.002676372, -0.068191066, -0.22317493;
 0.0003834698, 0.99899507, 0.044819038, 0.062619686;
 0.06824249, -0.044740703, 0.99666506, -0.70248556;
 0, 0, 0, 1]
Ow:
[0.27057001;
 -0.093389153;
 0.6821177]
Keyframe: 30 Frame: 232 Frame from vFrameID : 233
Tcw:
[0.99840456, 0.00056128378, 0.056462392, 0.29950657;
 0.0011635663, 0.99953377, -0.030511139, -0.099428445;
 -0.056453194, 0.030528158, 0.99793839, 0.72904944;
 0, 0, 0, 1]
Twc:
[0.99840456, 0.0011635663, -0.056453194, -0.25775588;
 0.00056128378, 0.99953377, 0.030528158, 0.076957442;
 0.056462392, -0.030511139, 0.99793839, -0.747491;
 0, 0, 0, 1]
Ow:
[0.29950657;
 -0.099428445;
 0.72904944]
Keyframe: 31 Frame: 237 Frame from vFrameID : 238
Tcw:
[0.99858534, 0.0023859874, 0.053118516, 0.31585714;
 -0.00089372444, 0.99960476, -0.028099133, -0.10758806;
 -0.053164564, 0.028011909, 0.99819279, 0.77328718;
 0, 0, 0, 1]
Twc:
[0.99858534, -0.00089372444, -0.053164564, -0.27439502;
 0.0023859874, 0.99960476, 0.028011909, 0.085130647;
 0.053118516, -0.028099133, 0.99819279, -0.79169071;
 0, 0, 0, 1]
Ow:
[0.31585714;
 -0.10758806;
 0.77328718]
Keyframe: 32 Frame: 243 Frame from vFrameID : 244
Tcw:
[0.99761033, -0.016368521, 0.067124709, 0.33764353;
 0.020052288, 0.99830812, -0.05457814, -0.11659624;
 -0.066117786, 0.055793718, 0.99625075, 0.82160264;
 0, 0, 0, 1]
Twc:
[0.99761033, 0.020052288, -0.066117786, -0.2801761;
 -0.016368521, 0.99830812, 0.055793718, 0.076085433;
 0.067124709, -0.05457814, 0.99625075, -0.84755003;
 0, 0, 0, 1]
Ow:
[0.33764353;
 -0.11659624;
 0.82160264]
Keyframe: 33 Frame: 248 Frame from vFrameID : 249
Tcw:
[0.9951095, -0.012512838, 0.097982191, 0.35658112;
 0.017519457, 0.99857521, -0.050404765, -0.11803511;
 -0.097211875, 0.051874854, 0.99391091, 0.85249048;
 0, 0, 0, 1]
Twc:
[0.9951095, 0.017519457, -0.097211875, -0.26989716;
 -0.012512838, 0.99857521, 0.051874854, 0.078105956;
 0.097982191, -0.050404765, 0.99391091, -0.88818765;
 0, 0, 0, 1]
Ow:
[0.35658112;
 -0.11803511;
 0.85249048]
Keyframe: 34 Frame: 254 Frame from vFrameID : 255
Tcw:
[0.99696714, -0.0095084421, 0.077240534, 0.38473749;
 0.013554082, 0.99855393, -0.052022979, -0.12364416;
 -0.076634176, 0.052912127, 0.99565428, 0.89458507;
 0, 0, 0, 1]
Twc:
[0.99696714, 0.013554082, -0.076634176, -0.31333894;
 -0.0095084421, 0.99855393, 0.052912127, 0.079789206;
 0.077240534, -0.052022979, 0.99565428, -0.92684722;
 0, 0, 0, 1]
Ow:
[0.38473749;
 -0.12364416;
 0.89458507]
Keyframe: 35 Frame: 259 Frame from vFrameID : 260
Tcw:
[0.99954265, 0.018163575, 0.024178527, 0.4089506;
 -0.016352713, 0.99719095, -0.07309451, -0.12539411;
 -0.025438266, 0.072665699, 0.99703187, 0.92023754;
 0, 0, 0, 1]
Twc:
[0.99954265, -0.016352713, -0.025438266, -0.38740483;
 0.018163575, 0.99719095, 0.072665699, 0.050744154;
 0.024178527, -0.07309451, 0.99703187, -0.93655968;
 0, 0, 0, 1]
Ow:
[0.4089506;
 -0.12539411;
 0.92023754]
Keyframe: 36 Frame: 264 Frame from vFrameID : 265
Tcw:
[0.99987149, 0.0085590044, -0.013557189, 0.42806774;
 -0.0092062037, 0.99878472, -0.048418425, -0.1288493;
 0.0131263, 0.048537012, 0.99873513, 0.94404161;
 0, 0, 0, 1]
Twc:
[0.99987149, -0.0092062037, 0.0131263, -0.4415907;
 0.0085590044, 0.99878472, 0.048537012, 0.07920792;
 -0.013557189, -0.048418425, 0.99873513, -0.94328278;
 0, 0, 0, 1]
Ow:
[0.42806774;
 -0.1288493;
 0.94404161]
Keyframe: 37 Frame: 269 Frame from vFrameID : 270
Tcw:
[0.99980682, 0.015928304, -0.011513773, 0.45153752;
 -0.015838718, 0.9998439, 0.0078305034, -0.12442377;
 0.011636702, -0.0076466273, 0.99990308, 0.98735839;
 0, 0, 0, 1]
Twc:
[0.99980682, -0.015838718, 0.011636702, -0.46491063;
 0.015928304, 0.9998439, -0.0076466273, 0.12476209;
 -0.011513773, 0.0078305034, 0.99990308, -0.98108941;
 0, 0, 0, 1]
Ow:
[0.45153752;
 -0.12442377;
 0.98735839]
Keyframe: 38 Frame: 273 Frame from vFrameID : 274
Tcw:
[0.99953711, 0.029839057, -0.0059309965, 0.46599796;
 -0.029791953, 0.99952507, 0.0078778053, -0.13095218;
 0.006163246, -0.0076974626, 0.99995136, 1.0262951;
 0, 0, 0, 1]
Twc:
[0.99953711, -0.029791953, 0.006163246, -0.47600889;
 0.029839057, 0.99952507, -0.0076974626, 0.12488491;
 -0.0059309965, 0.0078778053, 0.99995136, -1.0224497;
 0, 0, 0, 1]
Ow:
[0.46599796;
 -0.13095218;
 1.0262951]
Keyframe: 39 Frame: 278 Frame from vFrameID : 279
Tcw:
[0.99881989, 0.047007393, -0.012211036, 0.48362187;
 -0.047452647, 0.99810511, -0.039171822, -0.14915395;
 0.010346532, 0.039705042, 0.99915785, 1.0811589;
 0, 0, 0, 1]
Twc:
[0.99881989, -0.047452647, 0.010346532, -0.50131518;
 0.047007393, 0.99810511, 0.039705042, 0.083210059;
 -0.012211036, -0.039171822, 0.99915785, -1.0801855;
 0, 0, 0, 1]
Ow:
[0.48362187;
 -0.14915395;
 1.0811589]
Keyframe: 40 Frame: 283 Frame from vFrameID : 284
Tcw:
[0.99960482, 0.028084056, 0.001211235, 0.50847453;
 -0.027913006, 0.99676639, -0.075350262, -0.16112916;
 -0.0033234593, 0.075286679, 0.99715638, 1.1274039;
 0, 0, 0, 1]
Twc:
[0.99960482, -0.027913006, -0.0033234593, -0.50902432;
 0.028084056, 0.99676639, 0.075286679, 0.06144961;
 0.001211235, -0.075350262, 0.99715638, -1.136955;
 0, 0, 0, 1]
Ow:
[0.50847453;
 -0.16112916;
 1.1274039]
Keyframe: 41 Frame: 288 Frame from vFrameID : 289
Tcw:
[0.99906296, 0.010328092, 0.04202991, 0.52781391;
 -0.0072902003, 0.99739236, -0.071801022, -0.16852593;
 -0.042661875, 0.071427338, 0.99653304, 1.1692299;
 0, 0, 0, 1]
Twc:
[0.99906296, -0.0072902003, -0.042661875, -0.47866639;
 0.010328092, 0.99739236, 0.071427338, 0.079120174;
 0.04202991, -0.071801022, 0.99653304, -1.1994605;
 0, 0, 0, 1]
Ow:
[0.52781391;
 -0.16852593;
 1.1692299]
Keyframe: 42 Frame: 293 Frame from vFrameID : 294
Tcw:
[0.9972167, -0.0013048378, 0.074546576, 0.54922807;
 0.0073032742, 0.99674803, -0.080249861, -0.17014152;
 -0.074199446, 0.080570936, 0.99398327, 1.2089173;
 0, 0, 0, 1]
Twc:
[0.9972167, 0.0073032742, -0.074199446, -0.45675582;
 -0.0013048378, 0.99674803, 0.080570936, 0.072901286;
 0.074546576, -0.080249861, 0.99398327, -1.2562405;
 0, 0, 0, 1]
Ow:
[0.54922807;
 -0.17014152;
 1.2089173]
Keyframe: 43 Frame: 298 Frame from vFrameID : 299
Tcw:
[0.99603826, 0.0049138241, 0.08878962, 0.58317232;
 0.0028484934, 0.99619669, -0.087086126, -0.18338594;
 -0.088879853, 0.08699403, 0.99223608, 1.2495997;
 0, 0, 0, 1]
Twc:
[0.99603826, 0.0028484934, -0.088879853, -0.46927541;
 0.0049138241, 0.99619669, 0.08699403, 0.071115151;
 0.08878962, -0.087086126, 0.99223608, -1.3076478;
 0, 0, 0, 1]
Ow:
[0.58317232;
 -0.18338594;
 1.2495997]
Keyframe: 44 Frame: 303 Frame from vFrameID : 304
Tcw:
[0.99309653, 0.0014770825, 0.11729068, 0.59925234;
 0.010416041, 0.99486017, -0.10072091, -0.19199643;
 -0.1168366, 0.1012473, 0.98797679, 1.2781041;
 0, 0, 0, 1]
Twc:
[0.99309653, 0.010416041, -0.1168366, -0.44378623;
 0.0014770825, 0.99486017, 0.1012473, 0.060719863;
 0.11729068, -0.10072091, 0.98797679, -1.352362;
 0, 0, 0, 1]
Ow:
[0.59925234;
 -0.19199643;
 1.2781041]
Keyframe: 45 Frame: 308 Frame from vFrameID : 309
Tcw:
[0.99019885, -0.0026822672, 0.13963909, 0.61208665;
 0.014501006, 0.99638635, -0.083689347, -0.19764584;
 -0.13891003, 0.084894001, 0.98665953, 1.3084867;
 0, 0, 0, 1]
Twc:
[0.99019885, 0.014501006, -0.13891003, -0.4214595;
 -0.0026822672, 0.99638635, 0.084894001, 0.08749073;
 0.13963909, -0.083689347, 0.98665953, -1.393043;
 0, 0, 0, 1]
Ow:
[0.61208665;
 -0.19764584;
 1.3084867]
Keyframe: 46 Frame: 313 Frame from vFrameID : 314
Tcw:
[0.98740476, -0.001182208, 0.15821008, 0.61739022;
 0.015486154, 0.99589252, -0.089208916, -0.20066418;
 -0.15745477, 0.090535372, 0.98336732, 1.3546534;
 0, 0, 0, 1]
Twc:
[0.98740476, 0.015486154, -0.15745477, -0.3932099;
 -0.001182208, 0.99589252, 0.090535372, 0.077925794;
 0.15821008, -0.089208916, 0.98336732, -1.4477003;
 0, 0, 0, 1]
Ow:
[0.61739022;
 -0.20066418;
 1.3546534]
Keyframe: 47 Frame: 318 Frame from vFrameID : 319
Tcw:
[0.99070686, -0.01900281, 0.13468036, 0.62649989;
 0.033908408, 0.99343461, -0.10926051, -0.21276677;
 -0.13171989, 0.11281193, 0.98484689, 1.3946371;
 0, 0, 0, 1]
Twc:
[0.99070686, 0.033908408, -0.13171989, -0.42976177;
 -0.01900281, 0.99343461, 0.11281193, 0.065943442;
 0.13468036, -0.10926051, 0.98484689, -1.4811281;
 0, 0, 0, 1]
Ow:
[0.62649989;
 -0.21276677;
 1.3946371]
Keyframe: 48 Frame: 323 Frame from vFrameID : 324
Tcw:
[0.98516303, -0.027104272, 0.16946723, 0.63741899;
 0.043238185, 0.99479663, -0.092250444, -0.22151403;
 -0.16608503, 0.09820918, 0.9812088, 1.4292122;
 0, 0, 0, 1]
Twc:
[0.98516303, 0.043238185, -0.16608503, -0.38101298;
 -0.027104272, 0.99479663, 0.09820918, 0.097276412;
 0.16946723, -0.092250444, 0.9812088, -1.530812;
 0, 0, 0, 1]
Ow:
[0.63741899;
 -0.22151403;
 1.4292122]
Keyframe: 49 Frame: 327 Frame from vFrameID : 328
Tcw:
[0.98411757, -0.027526157, 0.17537074, 0.64689219;
 0.047278419, 0.99286515, -0.10946959, -0.22577049;
 -0.1711062, 0.11602221, 0.97839743, 1.4575574;
 0, 0, 0, 1]
Twc:
[0.98411757, 0.047278419, -0.1711062, -0.37654677;
 -0.027526157, 0.99286515, 0.11602221, 0.072857082;
 0.17537074, -0.10946959, 0.97839743, -1.5642314;
 0, 0, 0, 1]
Ow:
[0.64689219;
 -0.22577049;
 1.4575574]
Keyframe: 50 Frame: 332 Frame from vFrameID : 333
Tcw:
[0.98748779, -0.035149876, 0.15372799, 0.66091347;
 0.051898975, 0.992975, -0.10633492, -0.23318864;
 -0.1489104, 0.11298276, 0.98237497, 1.4951911;
 0, 0, 0, 1]
Twc:
[0.98748779, 0.051898975, -0.1489104, -0.41789225;
 -0.035149876, 0.992975, 0.11298276, 0.085850708;
 0.15372799, -0.10633492, 0.98237497, -1.5952353;
 0, 0, 0, 1]
Ow:
[0.66091347;
 -0.23318864;
 1.4951911]
Keyframe: 51 Frame: 336 Frame from vFrameID : 337
Tcw:
[0.99092251, -0.0314296, 0.1307088, 0.68112528;
 0.045530669, 0.99328756, -0.10633357, -0.2418851;
 -0.1264894, 0.11131959, 0.98570198, 1.5209452;
 0, 0, 0, 1]
Twc:
[0.99092251, 0.045530669, -0.1264894, -0.4715457;
 -0.0314296, 0.99328756, 0.11131959, 0.092357971;
 0.1307088, -0.10633357, 0.98570198, -1.6139482;
 0, 0, 0, 1]
Ow:
[0.68112528;
 -0.2418851;
 1.5209452]
Keyframe: 52 Frame: 341 Frame from vFrameID : 342
Tcw:
[0.99010086, -0.027362134, 0.13766491, 0.70010442;
 0.040550567, 0.99475282, -0.093928009, -0.24589986;
 -0.13437249, 0.098580591, 0.98601514, 1.5614189;
 0, 0, 0, 1]
Twc:
[0.99010086, 0.040550567, -0.13437249, -0.47339082;
 -0.027362134, 0.99475282, 0.098580591, 0.10984033;
 0.13766491, -0.093928009, 0.98601514, -1.6590594;
 0, 0, 0, 1]
Ow:
[0.70010442;
 -0.24589986;
 1.5614189]
Keyframe: 53 Frame: 345 Frame from vFrameID : 346
Tcw:
[0.98875558, -0.021371592, 0.14800559, 0.71112096;
 0.035288669, 0.99512857, -0.09205319, -0.25325561;
 -0.14531727, 0.096241027, 0.98469311, 1.5989069;
 0, 0, 0, 1]
Twc:
[0.98875558, 0.035288669, -0.14531727, -0.46183893;
 -0.021371592, 0.99512857, 0.096241027, 0.11333925;
 0.14800559, -0.09205319, 0.98469311, -1.7029955;
 0, 0, 0, 1]
Ow:
[0.71112096;
 -0.25325561;
 1.5989069]
Keyframe: 54 Frame: 350 Frame from vFrameID : 351
Tcw:
[0.98593038, -0.027858248, 0.16481863, 0.72052288;
 0.043457322, 0.99482799, -0.091808379, -0.25794077;
 -0.16140856, 0.097679242, 0.98204178, 1.6416677;
 0, 0, 0, 1]
Twc:
[0.98593038, 0.043457322, -0.16140856, -0.4341968;
 -0.027858248, 0.99482799, 0.097679242, 0.11632231;
 0.16481863, -0.091808379, 0.98204178, -1.7546229;
 0, 0, 0, 1]
Ow:
[0.72052288;
 -0.25794077;
 1.6416677]
Keyframe: 55 Frame: 354 Frame from vFrameID : 355
Tcw:
[0.98484254, -0.044629399, 0.16761093, 0.73201275;
 0.061939407, 0.99310696, -0.099508993, -0.27730829;
 -0.16201456, 0.10838241, 0.98081827, 1.6691252;
 0, 0, 0, 1]
Twc:
[0.98484254, 0.061939407, -0.16201456, -0.43331844;
 -0.044629399, 0.99310696, 0.10838241, 0.12716228;
 0.16761093, -0.099508993, 0.98081827, -1.7873966;
 0, 0, 0, 1]
Ow:
[0.73201275;
 -0.27730829;
 1.6691252]
Keyframe: 56 Frame: 358 Frame from vFrameID : 359
Tcw:
[0.98375243, -0.03996975, 0.17502463, 0.74505919;
 0.059924699, 0.99209523, -0.11025459, -0.28228217;
 -0.16923425, 0.11895152, 0.97837126, 1.6957586;
 0, 0, 0, 1]
Twc:
[0.98375243, 0.059924699, -0.16923425, -0.42905769;
 -0.03996975, 0.99209523, 0.11895152, 0.10811757;
 0.17502463, -0.11025459, 0.97837126, -1.820608;
 0, 0, 0, 1]
Ow:
[0.74505919;
 -0.28228217;
 1.6957586]
Keyframe: 57 Frame: 362 Frame from vFrameID : 363
Tcw:
[0.98590642, -0.041376892, 0.16210026, 0.76346982;
 0.060290206, 0.99170095, -0.11355317, -0.28389657;
 -0.15605651, 0.12172585, 0.98021895, 1.7241081;
 0, 0, 0, 1]
Twc:
[0.98590642, 0.060290206, -0.15605651, -0.46653533;
 -0.041376892, 0.99170095, 0.12172585, 0.10326198;
 0.16210026, -0.11355317, 0.98021895, -1.8459995;
 0, 0, 0, 1]
Ow:
[0.76346982;
 -0.28389657;
 1.7241081]
Keyframe: 58 Frame: 368 Frame from vFrameID : 369
Tcw:
[0.98871106, -0.018493557, 0.14868903, 0.80619401;
 0.037684526, 0.9911471, -0.1273078, -0.30176881;
 -0.14501832, 0.13147391, 0.98065501, 1.7661499;
 0, 0, 0, 1]
Twc:
[0.98871106, 0.037684526, -0.14501832, -0.52959681;
 -0.018493557, 0.9911471, 0.13147391, 0.081804052;
 0.14868903, -0.1273078, 0.98065501, -1.8902736;
 0, 0, 0, 1]
Ow:
[0.80619401;
 -0.30176881;
 1.7661499]
Keyframe: 59 Frame: 372 Frame from vFrameID : 373
Tcw:
[0.98984361, -0.013763434, 0.14149283, 0.82269573;
 0.031531237, 0.99176717, -0.1241114, -0.30463013;
 -0.13861974, 0.12731232, 0.98212838, 1.7844729;
 0, 0, 0, 1]
Twc:
[0.98984361, 0.031531237, -0.13861974, -0.55737162;
 -0.013763434, 0.99176717, 0.12731232, 0.086259887;
 0.14149283, -0.1241114, 0.98212838, -1.9067951;
 0, 0, 0, 1]
Ow:
[0.82269573;
 -0.30463013;
 1.7844729]
Keyframe: 60 Frame: 377 Frame from vFrameID : 378
Tcw:
[0.98943722, -0.013421131, 0.14433925, 0.83986509;
 0.029039703, 0.99387223, -0.10665204, -0.30987298;
 -0.14202337, 0.10971706, 0.98376393, 1.8163718;
 0, 0, 0, 1]
Twc:
[0.98943722, 0.029039703, -0.14202337, -0.56402797;
 -0.013421131, 0.99387223, 0.10971706, 0.11995914;
 0.14433925, -0.10665204, 0.98376393, -1.9411552;
 0, 0, 0, 1]
Ow:
[0.83986509;
 -0.30987298;
 1.8163718]
Keyframe: 61 Frame: 382 Frame from vFrameID : 383
Tcw:
[0.98948866, -0.0069025243, 0.14444554, 0.85622227;
 0.025349932, 0.99167258, -0.12626508, -0.31470445;
 -0.14237113, 0.12859955, 0.9814238, 1.8543932;
 0, 0, 0, 1]
Twc:
[0.98948866, 0.025349932, -0.14237113, -0.57523245;
 -0.0069025243, 0.99167258, 0.12859955, 0.079519741;
 0.14444554, -0.12626508, 0.9814238, -1.9833592;
 0, 0, 0, 1]
Ow:
[0.85622227;
 -0.31470445;
 1.8543932]
Keyframe: 62 Frame: 388 Frame from vFrameID : 389
Tcw:
[0.99061131, -0.016523384, 0.13570631, 0.87507808;
 0.038122114, 0.98668015, -0.15814227, -0.33356768;
 -0.13128567, 0.16183093, 0.97804642, 1.9031237;
 0, 0, 0, 1]
Twc:
[0.99061131, 0.038122114, -0.13128567, -0.60429311;
 -0.016523384, 0.98668015, 0.16183093, 0.035599597;
 0.13570631, -0.15814227, 0.97804642, -2.0328481;
 0, 0, 0, 1]
Ow:
[0.87507808;
 -0.33356768;
 1.9031237]
Keyframe: 63 Frame: 393 Frame from vFrameID : 394
Tcw:
[0.9916957, -0.0052188924, 0.12850064, 0.89186668;
 0.026558595, 0.9859491, -0.16492122, -0.34256762;
 -0.12583438, 0.16696447, 0.97790009, 1.9314698;
 0, 0, 0, 1]
Twc:
[0.9916957, 0.026558595, -0.12583438, -0.63231695;
 -0.0052188924, 0.9859491, 0.16696447, 0.019921966;
 0.12850064, -0.16492122, 0.97790009, -2.0598867;
 0, 0, 0, 1]
Ow:
[0.89186668;
 -0.34256762;
 1.9314698]
Keyframe: 64 Frame: 399 Frame from vFrameID : 400
Tcw:
[0.99548775, -0.060346559, 0.07322897, 0.91306448;
 0.070689388, 0.98645031, -0.1480498, -0.35854715;
 -0.06330245, 0.15255827, 0.98626506, 1.9664699;
 0, 0, 0, 1]
Twc:
[0.99548775, 0.070689388, -0.06330245, -0.75911659;
 -0.060346559, 0.98645031, 0.15255827, 0.10878803;
 0.07322897, -0.1480498, 0.98626506, -2.059406;
 0, 0, 0, 1]
Ow:
[0.91306448;
 -0.35854715;
 1.9664699]
Keyframe: 65 Frame: 404 Frame from vFrameID : 405
Tcw:
[0.99182463, -0.04022821, 0.12110171, 0.93367767;
 0.063415043, 0.97891206, -0.19418983, -0.36775389;
 -0.11073601, 0.20028192, 0.97346014, 1.9938419;
 0, 0, 0, 1]
Twc:
[0.99182463, 0.063415043, -0.11073601, -0.68193322;
 -0.04022821, 0.97891206, 0.20028192, -0.001771641;
 0.12110171, -0.19418983, 0.97346014, -2.1254098;
 0, 0, 0, 1]
Ow:
[0.93367767;
 -0.36775389;
 1.9938419]
Keyframe: 66 Frame: 410 Frame from vFrameID : 411
Tcw:
[0.99301916, -0.022613132, 0.11576546, 0.9595086;
 0.045172378, 0.97953409, -0.19614401, -0.38138691;
 -0.10896078, 0.20000416, 0.97371757, 2.0330713;
 0, 0, 0, 1]
Twc:
[0.99301916, 0.045172378, -0.10896078, -0.71405721;
 -0.022613132, 0.97953409, 0.20000416, -0.011343798;
 0.11576546, -0.19614401, 0.97371757, -2.1655221;
 0, 0, 0, 1]
Ow:
[0.9595086;
 -0.38138691;
 2.0330713]
Keyframe: 67 Frame: 417 Frame from vFrameID : 418
Tcw:
[0.9910869, -0.029751685, 0.12985207, 0.9766264;
 0.059298057, 0.97137606, -0.23002681, -0.38614768;
 -0.1192915, 0.23567654, 0.96448231, 2.0821691;
 0, 0, 0, 1]
Twc:
[0.9910869, 0.059298057, -0.1192915, -0.6966387;
 -0.029751685, 0.97137606, 0.23567654, -0.086567506;
 0.12985207, -0.23002681, 0.96448231, -2.2238564;
 0, 0, 0, 1]
Ow:
[0.9766264;
 -0.38614768;
 2.0821691]
Keyframe: 68 Frame: 422 Frame from vFrameID : 423
Tcw:
[0.98811221, -0.060307752, 0.14141138, 0.9841879;
 0.095342256, 0.96197695, -0.25594959, -0.39578336;
 -0.12059874, 0.2663894, 0.95629108, 2.10672;
 0, 0, 0, 1]
Twc:
[0.98811221, 0.095342256, -0.12059874, -0.68068546;
 -0.060307752, 0.96197695, 0.2663894, -0.12111928;
 0.14141138, -0.25594959, 0.95629108, -2.2551136;
 0, 0, 0, 1]
Ow:
[0.9841879;
 -0.39578336;
 2.10672]
Keyframe: 69 Frame: 427 Frame from vFrameID : 428
Tcw:
[0.98089796, -0.070127681, 0.18144217, 0.99787641;
 0.11151659, 0.96698678, -0.22913006, -0.40787983;
 -0.15938382, 0.24498703, 0.95633578, 2.1399732;
 0, 0, 0, 1]
Twc:
[0.98089796, 0.11151659, -0.15938382, -0.59225255;
 -0.070127681, 0.96698678, 0.24498703, -0.059872504;
 0.18144217, -0.22913006, 0.95633578, -2.3210473;
 0, 0, 0, 1]
Ow:
[0.99787641;
 -0.40787983;
 2.1399732]
Keyframe: 70 Frame: 432 Frame from vFrameID : 433
Tcw:
[0.97227859, -0.081110924, 0.21930663, 1.0075468;
 0.13482641, 0.96076149, -0.24240293, -0.40942094;
 -0.19103985, 0.26525149, 0.94506371, 2.1619711;
 0, 0, 0, 1]
Twc:
[0.97227859, 0.13482641, -0.19103985, -0.51139277;
 -0.081110924, 0.96076149, 0.26525149, -0.0983871;
 0.21930663, -0.24240293, 0.94506371, -2.3634069;
 0, 0, 0, 1]
Ow:
[1.0075468;
 -0.40942094;
 2.1619711]
Keyframe: 71 Frame: 439 Frame from vFrameID : 440
Tcw:
[0.95617497, -0.039673407, 0.29009566, 1.0338106;
 0.11136755, 0.96558911, -0.23502126, -0.4206937;
 -0.27078912, 0.2570287, 0.92769045, 2.217325;
 0, 0, 0, 1]
Twc:
[0.95617497, 0.11136755, -0.27078912, -0.34122479;
 -0.039673407, 0.96558911, 0.2570287, -0.12268405;
 0.29009566, -0.23502126, 0.92769045, -2.4557669;
 0, 0, 0, 1]
Ow:
[1.0338106;
 -0.4206937;
 2.217325]
Keyframe: 72 Frame: 445 Frame from vFrameID : 446
Tcw:
[0.94739211, -0.043025307, 0.31717035, 1.0348444;
 0.1189205, 0.96730691, -0.22399844, -0.4225378;
 -0.29716346, 0.24993241, 0.92153549, 2.2323866;
 0, 0, 0, 1]
Twc:
[0.94739211, 0.1189205, -0.29716346, -0.26677132;
 -0.043025307, 0.96730691, 0.24993241, -0.10469756;
 0.31717035, -0.22399844, 0.92153549, -2.4800932;
 0, 0, 0, 1]
Ow:
[1.0348444;
 -0.4225378;
 2.2323866]
Keyframe: 73 Frame: 450 Frame from vFrameID : 451
Tcw:
[0.95784998, -0.041931365, 0.28419223, 1.0396471;
 0.10825574, 0.96904361, -0.22189005, -0.42559278;
 -0.26609051, 0.24330281, 0.93273771, 2.2522385;
 0, 0, 0, 1]
Twc:
[0.95784998, 0.10825574, -0.26609051, -0.35045382;
 -0.041931365, 0.96904361, 0.24330281, -0.091964141;
 0.28419223, -0.22189005, 0.93273771, -2.4906421;
 0, 0, 0, 1]
Ow:
[1.0396471;
 -0.42559278;
 2.2522385]
Keyframe: 74 Frame: 455 Frame from vFrameID : 456
Tcw:
[0.96696377, -0.04172622, 0.25147563, 1.0546571;
 0.1057602, 0.96326935, -0.24683385, -0.43413129;
 -0.23193933, 0.26527551, 0.9358595, 2.2859681;
 0, 0, 0, 1]
Twc:
[0.96696377, 0.1057602, -0.23193933, -0.44369549;
 -0.04172622, 0.96326935, 0.26527551, -0.14421913;
 0.25147563, -0.24683385, 0.9358595, -2.511724;
 0, 0, 0, 1]
Ow:
[1.0546571;
 -0.43413129;
 2.2859681]
Keyframe: 75 Frame: 460 Frame from vFrameID : 461
Tcw:
[0.96824217, -0.017204298, 0.2494216, 1.0601468;
 0.077693447, 0.96894163, -0.2347676, -0.43222269;
 -0.23763596, 0.24669032, 0.93950683, 2.3023431;
 0, 0, 0, 1]
Twc:
[0.96824217, 0.077693447, -0.23763596, -0.4457784;
 -0.017204298, 0.96894163, 0.24669032, -0.13092805;
 0.2494216, -0.2347676, 0.93950683, -2.5289624;
 0, 0, 0, 1]
Ow:
[1.0601468;
 -0.43222269;
 2.3023431]
Keyframe: 76 Frame: 465 Frame from vFrameID : 466
Tcw:
[0.97739476, -0.032494254, 0.2089105, 1.0673283;
 0.079485282, 0.97210389, -0.22067204, -0.43844712;
 -0.19591214, 0.232289, 0.95271206, 2.3187253;
 0, 0, 0, 1]
Twc:
[0.97739476, 0.079485282, -0.19591214, -0.5540846;
 -0.032494254, 0.97210389, 0.232289, -0.077716209;
 0.2089105, -0.22067204, 0.95271206, -2.5288067;
 0, 0, 0, 1]
Ow:
[1.0673283;
 -0.43844712;
 2.3187253]
Keyframe: 77 Frame: 470 Frame from vFrameID : 471
Tcw:
[0.98679632, -0.022264002, 0.16042861, 1.076854;
 0.060022596, 0.97024935, -0.23454946, -0.43916214;
 -0.15043375, 0.24108189, 0.95877486, 2.3346512;
 0, 0, 0, 1]
Twc:
[0.98679632, 0.060022596, -0.15043375, -0.68506557;
 -0.022264002, 0.97024935, 0.24108189, -0.11277025;
 0.16042861, -0.23454946, 0.95877486, -2.5141683;
 0, 0, 0, 1]
Ow:
[1.076854;
 -0.43916214;
 2.3346512]
Keyframe: 78 Frame: 475 Frame from vFrameID : 476
Tcw:
[0.99048448, 0.046792671, 0.12942548, 1.0858843;
 -0.01591217, 0.97305465, -0.23002481, -0.44306457;
 -0.13670154, 0.22577657, 0.96454012, 2.3613553;
 0, 0, 0, 1]
Twc:
[0.99048448, -0.01591217, -0.13670154, -0.75980073;
 0.046792671, 0.97305465, 0.22577657, -0.15282407;
 0.12942548, -0.23002481, 0.96454012, -2.5200789;
 0, 0, 0, 1]
Ow:
[1.0858843;
 -0.44306457;
 2.3613553]
Keyframe: 79 Frame: 481 Frame from vFrameID : 482
Tcw:
[0.99751914, 0.025024133, 0.065798372, 1.0941992;
 -0.010049639, 0.97573334, -0.21873143, -0.44799817;
 -0.069675237, 0.21752754, 0.97356415, 2.3771148;
 0, 0, 0, 1]
Twc:
[0.99751914, -0.010049639, -0.069675237, -0.93036073;
 0.025024133, 0.97573334, 0.21752754, -0.10734256;
 0.065798372, -0.21873143, 0.97356415, -2.4842615;
 0, 0, 0, 1]
Ow:
[1.0941992;
 -0.44799817;
 2.3771148]
Keyframe: 80 Frame: 486 Frame from vFrameID : 487
Tcw:
[0.99775589, 0.046882227, 0.047803752, 1.1051642;
 -0.036490254, 0.97935045, -0.19884969, -0.45028535;
 -0.056139141, 0.19665909, 0.97886342, 2.399179;
 0, 0, 0, 1]
Twc:
[0.99775589, -0.036490254, -0.056139141, -0.98442733;
 0.046882227, 0.97935045, 0.19665909, -0.082645774;
 0.047803752, -0.19884969, 0.97886342, -2.4908388;
 0, 0, 0, 1]
Ow:
[1.1051642;
 -0.45028535;
 2.399179]
Keyframe: 81 Frame: 490 Frame from vFrameID : 491
Tcw:
[0.99696887, 0.05991419, 0.049632009, 1.1106501;
 -0.048018802, 0.97578901, -0.21337761, -0.4577558;
 -0.061214715, 0.21034756, 0.97570831, 2.4213142;
 0, 0, 0, 1]
Twc:
[0.99696887, -0.048018802, -0.061214715, -0.98104435;
 0.05991419, 0.97578901, 0.21034756, -0.12918812;
 0.049632009, -0.21337761, 0.97570831, -2.5152948;
 0, 0, 0, 1]
Ow:
[1.1106501;
 -0.4577558;
 2.4213142]
Keyframe: 82 Frame: 496 Frame from vFrameID : 497
Tcw:
[0.99772167, 0.049445931, 0.045897759, 1.1220019;
 -0.038085803, 0.97435451, -0.22177191, -0.46738911;
 -0.055686407, 0.21951859, 0.97401774, 2.4507635;
 0, 0, 0, 1]
Twc:
[0.99772167, -0.038085803, -0.055686407, -1.0007724;
 0.049445931, 0.97435451, 0.21951859, -0.13806389;
 0.045897759, -0.22177191, 0.97401774, -2.5422385;
 0, 0, 0, 1]
Ow:
[1.1220019;
 -0.46738911;
 2.4507635]
Keyframe: 83 Frame: 501 Frame from vFrameID : 502
Tcw:
[0.9953441, 0.057357885, 0.077460982, 1.1322659;
 -0.041418545, 0.980205, -0.19360432, -0.47899267;
 -0.087032378, 0.18949459, 0.97801697, 2.4703128;
 0, 0, 0, 1]
Twc:
[0.9953441, -0.041418545, -0.087032378, -0.93183625;
 0.057357885, 0.980205, 0.18949459, -0.063544303;
 0.077460982, -0.19360432, 0.97801697, -2.5964494;
 0, 0, 0, 1]
Ow:
[1.1322659;
 -0.47899267;
 2.4703128]
Keyframe: 84 Frame: 505 Frame from vFrameID : 506
Tcw:
[0.9946897, 0.050675623, 0.08957921, 1.1433837;
 -0.032725289, 0.98093873, -0.19154191, -0.48742259;
 -0.09757822, 0.18759325, 0.97738796, 2.484127;
 0, 0, 0, 1]
Twc:
[0.9946897, -0.032725289, -0.09757822, -0.91086638;
 0.050675623, 0.98093873, 0.18759325, -0.045815475;
 0.08957921, -0.19154191, 0.97738796, -2.6237411;
 0, 0, 0, 1]
Ow:
[1.1433837;
 -0.48742259;
 2.484127]
Keyframe: 85 Frame: 510 Frame from vFrameID : 511
Tcw:
[0.99203932, 0.080054745, 0.097207077, 1.1565382;
 -0.060513251, 0.98000991, -0.18952239, -0.5031814;
 -0.11043607, 0.18213135, 0.97705275, 2.5020771;
 0, 0, 0, 1]
Twc:
[0.99203932, -0.060513251, -0.11043607, -0.90146101;
 0.080054745, 0.98000991, 0.18213135, -0.055170257;
 0.097207077, -0.18952239, 0.97705275, -2.6524491;
 0, 0, 0, 1]
Ow:
[1.1565382;
 -0.5031814;
 2.5020771]
Keyframe: 86 Frame: 516 Frame from vFrameID : 517
Tcw:
[0.9884603, 0.091694154, 0.12057514, 1.1735135;
 -0.060527369, 0.96875596, -0.24051684, -0.51482785;
 -0.13886188, 0.23044325, 0.96312684, 2.5273056;
 0, 0, 0, 1]
Twc:
[0.9884603, -0.060527369, -0.13886188, -0.8401863;
 0.091694154, 0.96875596, 0.23044325, -0.1912623;
 0.12057514, -0.24051684, 0.96312684, -2.6994371;
 0, 0, 0, 1]
Ow:
[1.1735135;
 -0.51482785;
 2.5273056]
Keyframe: 87 Frame: 521 Frame from vFrameID : 522
Tcw:
[0.98924649, 0.091704585, 0.11393692, 1.1857774;
 -0.067565024, 0.97744495, -0.20009072, -0.52270001;
 -0.12971631, 0.1902409, 0.97313005, 2.5499151;
 0, 0, 0, 1]
Twc:
[0.98924649, -0.067565024, -0.12971631, -0.87757683;
 0.091704585, 0.97744495, 0.1902409, -0.082928926;
 0.11393692, -0.20009072, 0.97313005, -2.7210903;
 0, 0, 0, 1]
Ow:
[1.1857774;
 -0.52270001;
 2.5499151]
Keyframe: 88 Frame: 527 Frame from vFrameID : 528
Tcw:
[0.97872782, 0.072368987, 0.19197558, 1.2017529;
 -0.027327895, 0.9733693, -0.227608, -0.53503102;
 -0.2033349, 0.21751998, 0.95464128, 2.5890005;
 0, 0, 0, 1]
Twc:
[0.97872782, -0.027327895, -0.2033349, -0.66437614;
 0.072368987, 0.9733693, 0.21751998, -0.12934624;
 0.19197558, -0.227608, 0.95464128, -2.8240514;
 0, 0, 0, 1]
Ow:
[1.2017529;
 -0.53503102;
 2.5890005]
Keyframe: 89 Frame: 531 Frame from vFrameID : 532
Tcw:
[0.96917146, 0.06130112, 0.23863955, 1.2151293;
 -0.0032315864, 0.97163421, -0.23646669, -0.54132187;
 -0.24636602, 0.22840558, 0.94187826, 2.6137345;
 0, 0, 0, 1]
Twc:
[0.96917146, -0.0032315864, -0.24636602, -0.53548259;
 0.06130112, 0.97163421, 0.22840558, -0.14551345;
 0.23863955, -0.23646669, 0.94187826, -2.8798022;
 0, 0, 0, 1]
Ow:
[1.2151293;
 -0.54132187;
 2.6137345]
Keyframe: 90 Frame: 536 Frame from vFrameID : 537
Tcw:
[0.95814466, 0.03467771, 0.28417641, 1.2271528;
 0.03572619, 0.97039354, -0.23887236, -0.54663748;
 -0.2840465, 0.23902681, 0.9285385, 2.6389444;
 0, 0, 0, 1]
Twc:
[0.95814466, 0.03572619, -0.2840465, -0.40667781;
 0.03467771, 0.97039354, 0.23902681, -0.14287981;
 0.28417641, -0.23887236, 0.9285385, -2.9296658;
 0, 0, 0, 1]
Ow:
[1.2271528;
 -0.54663748;
 2.6389444]
Keyframe: 91 Frame: 539 Frame from vFrameID : 540
Tcw:
[0.95553029, 0.016422568, 0.29443532, 1.2393881;
 0.05642385, 0.96981955, -0.23720533, -0.55341208;
 -0.28944466, 0.24327005, 0.92576534, 2.6553338;
 0, 0, 0, 1]
Twc:
[0.95553029, 0.05642385, -0.28944466, -0.38447508;
 0.016422568, 0.96981955, 0.24327005, -0.12960723;
 0.29443532, -0.23720533, 0.92576534, -2.9544079;
 0, 0, 0, 1]
Ow:
[1.2393881;
 -0.55341208;
 2.6553338]
Keyframe: 92 Frame: 544 Frame from vFrameID : 545
Tcw:
[0.95360792, 0.00081607053, 0.30105039, 1.2623291;
 0.089111552, 0.95441896, -0.28485715, -0.56594813;
 -0.28756064, 0.2984691, 0.91006869, 2.6798375;
 0, 0, 0, 1]
Twc:
[0.95360792, 0.089111552, -0.28756064, -0.38271868;
 0.00081607053, 0.95441896, 0.2984691, -0.2607272;
 0.30105039, -0.28485715, 0.91006869, -2.9800754;
 0, 0, 0, 1]
Ow:
[1.2623291;
 -0.56594813;
 2.6798375]
Keyframe: 93 Frame: 548 Frame from vFrameID : 549
Tcw:
[0.94854492, 0.015015663, 0.31628636, 1.2713689;
 0.086336248, 0.94876289, -0.30396542, -0.56906891;
 -0.304645, 0.31563184, 0.89864784, 2.6967037;
 0, 0, 0, 1]
Twc:
[0.94854492, 0.086336248, -0.304645, -0.33528188;
 0.015015663, 0.94876289, 0.31563184, -0.33034453;
 0.31628636, -0.30396542, 0.89864784, -2.998481;
 0, 0, 0, 1]
Ow:
[1.2713689;
 -0.56906891;
 2.6967037]
Keyframe: 94 Frame: 552 Frame from vFrameID : 553
Tcw:
[0.94646513, 0.013593569, 0.32251978, 1.2841606;
 0.09132684, 0.94701809, -0.30792227, -0.57443035;
 -0.30961785, 0.32089239, 0.89507812, 2.7118709;
 0, 0, 0, 1]
Twc:
[0.94646513, 0.09132684, -0.30961785, -0.32330865;
 0.013593569, 0.94701809, 0.32089239, -0.34367916;
 0.32251978, -0.30792227, 0.89507812, -3.0183835;
 0, 0, 0, 1]
Ow:
[1.2841606;
 -0.57443035;
 2.7118709]
Keyframe: 95 Frame: 555 Frame from vFrameID : 556
Tcw:
[0.94899434, 0.020397946, 0.31463268, 1.2853589;
 0.087994598, 0.94111907, -0.32642278, -0.58399469;
 -0.30276516, 0.33745933, 0.89132172, 2.7291863;
 0, 0, 0, 1]
Twc:
[0.94899434, 0.087994598, -0.30276516, -0.34210736;
 0.020397946, 0.94111907, 0.33745933, -0.39759955;
 0.31463268, -0.32642278, 0.89132172, -3.0276282;
 0, 0, 0, 1]
Ow:
[1.2853589;
 -0.58399469;
 2.7291863]
Keyframe: 96 Frame: 559 Frame from vFrameID : 560
Tcw:
[0.95244163, -0.0063373726, 0.30465522, 1.2873342;
 0.10746171, 0.94253618, -0.3163504, -0.58386242;
 -0.28514373, 0.33404404, 0.89839166, 2.74489;
 0, 0, 0, 1]
Twc:
[0.95244163, 0.10746171, -0.28514373, -0.38067967;
 -0.0063373726, 0.94253618, 0.33404404, -0.35844442;
 0.30465522, -0.3163504, 0.89839166, -3.0428846;
 0, 0, 0, 1]
Ow:
[1.2873342;
 -0.58386242;
 2.74489]
Keyframe: 97 Frame: 566 Frame from vFrameID : 567
Tcw:
[0.9391495, -0.027641725, 0.34239471, 1.3053538;
 0.1388853, 0.94220918, -0.30488142, -0.59705454;
 -0.31417999, 0.33388284, 0.88871437, 2.776536;
 0, 0, 0, 1]
Twc:
[0.9391495, 0.1388853, -0.31417999, -0.27066827;
 -0.027641725, 0.94220918, 0.33388284, -0.32840514;
 0.34239471, -0.30488142, 0.88871437, -3.0965242;
 0, 0, 0, 1]
Ow:
[1.3053538;
 -0.59705454;
 2.776536]
Keyframe: 98 Frame: 570 Frame from vFrameID : 571
Tcw:
[0.94296563, -0.026143827, 0.33186197, 1.3155792;
 0.13498951, 0.94129884, -0.30940971, -0.61107057;
 -0.30429214, 0.33656061, 0.89114153, 2.7920499;
 0, 0, 0, 1]
Twc:
[0.94296563, 0.13498951, -0.30429214, -0.30845889;
 -0.026143827, 0.94129884, 0.33656061, -0.3300997;
 0.33186197, -0.30940971, 0.89114153, -3.1137736;
 0, 0, 0, 1]
Ow:
[1.3155792;
 -0.61107057;
 2.7920499]
Keyframe: 99 Frame: 576 Frame from vFrameID : 577
Tcw:
[0.95670801, 0.02492037, 0.28998062, 1.3560417;
 0.076773427, 0.93943238, -0.33402491, -0.62332606;
 -0.28074121, 0.34182712, 0.89684927, 2.8157387;
 0, 0, 0, 1]
Twc:
[0.95670801, 0.076773427, -0.28074121, -0.45898718;
 0.02492037, 0.93943238, 0.34182712, -0.41071612;
 0.28998062, -0.33402491, 0.89684927, -3.1267254;
 0, 0, 0, 1]
Ow:
[1.3560417;
 -0.62332606;
 2.8157387]
Keyframe: 100 Frame: 581 Frame from vFrameID : 582
Tcw:
[0.94956738, 0.024087612, 0.31263658, 1.3802519;
 0.086567089, 0.93815756, -0.33521113, -0.63334036;
 -0.30137682, 0.34536958, 0.8887586, 2.8355312;
 0, 0, 0, 1]
Twc:
[0.94956738, 0.086567089, -0.30137682, -0.40125224;
 0.024087612, 0.93815756, 0.34536958, -0.41838026;
 0.31263658, -0.33521113, 0.8887586, -3.1639228;
 0, 0, 0, 1]
Ow:
[1.3802519;
 -0.63334036;
 2.8355312]
Keyframe: 101 Frame: 585 Frame from vFrameID : 586
Tcw:
[0.94880879, 0.02009758, 0.31521094, 1.3908314;
 0.086453408, 0.94333661, -0.32037765, -0.64608145;
 -0.30378884, 0.3312282, 0.89330858, 2.853384;
 0, 0, 0, 1]
Twc:
[0.94880879, 0.086453408, -0.30378884, -0.39695081;
 0.02009758, 0.94333661, 0.3312282, -0.36360139;
 0.31521094, -0.32037765, 0.89330858, -3.1943479;
 0, 0, 0, 1]
Ow:
[1.3908314;
 -0.64608145;
 2.853384]
Keyframe: 102 Frame: 589 Frame from vFrameID : 590
Tcw:
[0.94563091, 0.023315521, 0.32440501, 1.4101132;
 0.083104394, 0.94699627, -0.31030899, -0.65172696;
 -0.31444535, 0.32039726, 0.89357132, 2.8719287;
 0, 0, 0, 1]
Twc:
[0.94563091, 0.083104394, -0.31444535, -0.37622058;
 0.023315521, 0.94699627, 0.32039726, -0.33585259;
 0.32440501, -0.31030899, 0.89357132, -3.2259576;
 0, 0, 0, 1]
Ow:
[1.4101132;
 -0.65172696;
 2.8719287]
Keyframe: 103 Frame: 593 Frame from vFrameID : 594
Tcw:
[0.94198662, 0.02790219, 0.33448872, 1.4274668;
 0.084745228, 0.94448215, -0.31744564, -0.66883266;
 -0.32477605, 0.32737586, 0.88732493, 2.9016664;
 0, 0, 0, 1]
Twc:
[0.94198662, 0.084745228, -0.32477605, -0.34558243;
 0.02790219, 0.94448215, 0.32737586, -0.35806459;
 0.33448872, -0.31744564, 0.88732493, -3.2645106;
 0, 0, 0, 1]
Ow:
[1.4274668;
 -0.66883266;
 2.9016664]
Keyframe: 104 Frame: 598 Frame from vFrameID : 599
Tcw:
[0.9426012, 0.03720323, 0.33184162, 1.4466296;
 0.083428361, 0.93601912, -0.34191796, -0.68608171;
 -0.32333055, 0.34997728, 0.87918895, 2.9260352;
 0, 0, 0, 1]
Twc:
[0.9426012, 0.083428361, -0.32333055, -0.36027953;
 0.03720323, 0.93601912, 0.34997728, -0.43567961;
 0.33184162, -0.34191796, 0.87918895, -3.2871735;
 0, 0, 0, 1]
Ow:
[1.4466296;
 -0.68608171;
 2.9260352]
Keyframe: 105 Frame: 603 Frame from vFrameID : 604
Tcw:
[0.93407696, 0.044195943, 0.35432601, 1.4648174;
 0.085965291, 0.93528956, -0.3432833, -0.70074558;
 -0.34656915, 0.35111275, 0.86983311, 2.9461482;
 0, 0, 0, 1]
Twc:
[0.93407696, 0.085965291, -0.34656915, -0.28696829;
 0.044195943, 0.93528956, 0.35111275, -0.44376922;
 0.35432601, -0.3432833, 0.86983311, -3.3222346;
 0, 0, 0, 1]
Ow:
[1.4648174;
 -0.70074558;
 2.9461482]
Keyframe: 106 Frame: 607 Frame from vFrameID : 608
Tcw:
[0.93538481, 0.039665014, 0.35139999, 1.483489;
 0.093006611, 0.93111277, -0.3526738, -0.71033543;
 -0.34118181, 0.36256823, 0.86725962, 2.9676254;
 0, 0, 0, 1]
Twc:
[0.93538481, 0.093006611, -0.34118181, -0.30906737;
 0.039665014, 0.93111277, 0.36256823, -0.47340691;
 0.35139999, -0.3526738, 0.86725962, -3.3455164;
 0, 0, 0, 1]
Ow:
[1.483489;
 -0.71033543;
 2.9676254]
Keyframe: 107 Frame: 612 Frame from vFrameID : 613
Tcw:
[0.93547016, 0.04299251, 0.3507809, 1.5095108;
 0.088073254, 0.932895, -0.34921342, -0.72247028;
 -0.34225532, 0.35757315, 0.86890894, 2.9904749;
 0, 0, 0, 1]
Twc:
[0.93547016, 0.088073254, -0.34225532, -0.32496595;
 0.04299251, 0.932895, 0.35757315, -0.46022233;
 0.3507809, -0.34921342, 0.86890894, -3.3802543;
 0, 0, 0, 1]
Ow:
[1.5095108;
 -0.72247028;
 2.9904749]
Keyframe: 108 Frame: 616 Frame from vFrameID : 617
Tcw:
[0.9344995, 0.060083747, 0.35085705, 1.5330908;
 0.073925838, 0.93140382, -0.35640123, -0.73568755;
 -0.34820351, 0.35899419, 0.86595464, 3.0085397;
 0, 0, 0, 1]
Twc:
[0.9344995, 0.073925838, -0.34820351, -0.33070213;
 0.060083747, 0.93140382, 0.35899419, -0.48694;
 0.35085705, -0.35640123, 0.86595464, -3.405355;
 0, 0, 0, 1]
Ow:
[1.5330908;
 -0.73568755;
 3.0085397]
Keyframe: 109 Frame: 620 Frame from vFrameID : 621
Tcw:
[0.93242931, 0.061012521, 0.35616437, 1.5447416;
 0.066296108, 0.94002801, -0.33459246, -0.74714965;
 -0.35521883, 0.33559611, 0.87246478, 3.0297613;
 0, 0, 0, 1]
Twc:
[0.93242931, 0.066296108, -0.35521883, -0.314601;
 0.061012521, 0.94002801, 0.33559611, -0.40868315;
 0.35616437, -0.33459246, 0.87246478, -3.4435327;
 0, 0, 0, 1]
Ow:
[1.5447416;
 -0.74714965;
 3.0297613]
Keyframe: 110 Frame: 624 Frame from vFrameID : 625
Tcw:
[0.93133926, 0.072973594, 0.35676602, 1.5580587;
 0.062467463, 0.93317759, -0.35394549, -0.75579667;
 -0.35875472, 0.35192961, 0.86454648, 3.0533357;
 0, 0, 0, 1]
Twc:
[0.93133926, 0.062467463, -0.35875472, -0.30846995;
 0.072973594, 0.93317759, 0.35192961, -0.48296389;
 0.35676602, -0.35394549, 0.86454648, -3.4631238;
 0, 0, 0, 1]
Ow:
[1.5580587;
 -0.75579667;
 3.0533357]
Keyframe: 111 Frame: 629 Frame from vFrameID : 630
Tcw:
[0.92994422, 0.065200619, 0.36187381, 1.5682869;
 0.080456384, 0.92422372, -0.37327904, -0.77073538;
 -0.35879037, 0.37624374, 0.8542307, 3.0809026;
 0, 0, 0, 1]
Twc:
[0.92994422, 0.080456384, -0.35879037, -0.29101041;
 0.065200619, 0.92422372, 0.37624374, -0.54909158;
 0.36187381, -0.37327904, 0.8542307, -3.4870229;
 0, 0, 0, 1]
Ow:
[1.5682869;
 -0.77073538;
 3.0809026]
Keyframe: 112 Frame: 633 Frame from vFrameID : 634
Tcw:
[0.92634916, 0.052285504, 0.37301943, 1.5797895;
 0.095348455, 0.92551392, -0.36651421, -0.77861542;
 -0.36439803, 0.37508696, 0.85236371, 3.0986059;
 0, 0, 0, 1]
Twc:
[0.92634916, 0.095348455, -0.36439803, -0.26007104;
 0.052285504, 0.92551392, 0.37508696, -0.5242272;
 0.37301943, -0.36651421, 0.85236371, -3.5158048;
 0, 0, 0, 1]
Ow:
[1.5797895;
 -0.77861542;
 3.0986059]
Keyframe: 113 Frame: 638 Frame from vFrameID : 639
Tcw:
[0.92476672, 0.044223502, 0.37795609, 1.6016809;
 0.10269304, 0.92737097, -0.35977381, -0.79538202;
 -0.36641595, 0.37152031, 0.85306036, 3.1265283;
 0, 0, 0, 1]
Twc:
[0.92476672, 0.10269304, -0.36641595, -0.25389108;
 0.044223502, 0.92737097, 0.37152031, -0.49478647;
 0.37795609, -0.35977381, 0.85306036, -3.55864;
 0, 0, 0, 1]
Ow:
[1.6016809;
 -0.79538202;
 3.1265283]
Keyframe: 114 Frame: 643 Frame from vFrameID : 644
Tcw:
[0.92510837, 0.065326139, 0.37404144, 1.6222066;
 0.096449383, 0.91235024, -0.39788762, -0.80840534;
 -0.36724925, 0.40416521, 0.83772218, 3.1504579;
 0, 0, 0, 1]
Twc:
[0.92510837, 0.096449383, -0.36724925, -0.2657434;
 0.065326139, 0.91235024, 0.40416521, -0.64172918;
 0.37404144, -0.39788762, 0.83772218, -3.5676353;
 0, 0, 0, 1]
Ow:
[1.6222066;
 -0.80840534;
 3.1504579]
Keyframe: 115 Frame: 648 Frame from vFrameID : 649
Tcw:
[0.93126249, 0.091184914, 0.35275406, 1.6425395;
 0.07046099, 0.9048273, -0.41990811, -0.82115078;
 -0.35747078, 0.41590008, 0.83620679, 3.1703627;
 0, 0, 0, 1]
Twc:
[0.93126249, 0.07046099, -0.35747078, -0.33846438;
 0.091184914, 0.9048273, 0.41590008, -0.72532922;
 0.35275406, -0.41990811, 0.83620679, -3.575299;
 0, 0, 0, 1]
Ow:
[1.6425395;
 -0.82115078;
 3.1703627]
Keyframe: 116 Frame: 653 Frame from vFrameID : 654
Tcw:
[0.9367947, 0.089321002, 0.33828598, 1.6618168;
 0.05475761, 0.91752118, -0.39389911, -0.83427942;
 -0.345568, 0.38752636, 0.85463798, 3.1977477;
 0, 0, 0, 1]
Twc:
[0.9367947, 0.05475761, -0.345568, -0.40605876;
 0.089321002, 0.91752118, 0.38752636, -0.6221776;
 0.33828598, -0.39389911, 0.85463798, -3.623708;
 0, 0, 0, 1]
Ow:
[1.6618168;
 -0.83427942;
 3.1977477]
Keyframe: 117 Frame: 659 Frame from vFrameID : 660
Tcw:
[0.92629498, 0.086225227, 0.36680079, 1.67957;
 0.068412714, 0.91879958, -0.38875067, -0.84713751;
 -0.37053651, 0.38519162, 0.84518051, 3.2329497;
 0, 0, 0, 1]
Twc:
[0.92629498, 0.068412714, -0.37053651, -0.29989627;
 0.086225227, 0.91879958, 0.38519162, -0.61177695;
 0.36680079, -0.38875067, 0.84518051, -3.677819;
 0, 0, 0, 1]
Ow:
[1.67957;
 -0.84713751;
 3.2329497]
Keyframe: 118 Frame: 665 Frame from vFrameID : 666
Tcw:
[0.91184628, 0.068044327, 0.4048534, 1.6957804;
 0.10236046, 0.91733855, -0.38472366, -0.86040705;
 -0.3975659, 0.39224982, 0.82950675, 3.264185;
 0, 0, 0, 1]
Twc:
[0.91184628, 0.10236046, -0.3975659, -0.16049084;
 0.068044327, 0.91733855, 0.39224982, -0.60647959;
 0.4048534, -0.38472366, 0.82950675, -3.7252247;
 0, 0, 0, 1]
Ow:
[1.6957804;
 -0.86040705;
 3.264185]
Keyframe: 119 Frame: 670 Frame from vFrameID : 671
Tcw:
[0.89982748, 0.064920433, 0.43138823, 1.7169179;
 0.11416825, 0.91935581, -0.37649775, -0.87173301;
 -0.42104167, 0.38803387, 0.81984979, 3.287384;
 0, 0, 0, 1]
Twc:
[0.89982748, 0.11416825, -0.42104167, -0.061280057;
 0.064920433, 0.91935581, 0.38803387, -0.58564657;
 0.43138823, -0.37649775, 0.81984979, -3.7640247;
 0, 0, 0, 1]
Ow:
[1.7169179;
 -0.87173301;
 3.287384]
Keyframe: 120 Frame: 676 Frame from vFrameID : 677
Tcw:
[0.89539701, 0.078265786, 0.43833622, 1.7504927;
 0.097862512, 0.92576963, -0.36520341, -0.88682759;
 -0.43438128, 0.36989874, 0.82127208, 3.3182259;
 0, 0, 0, 1]
Twc:
[0.89539701, 0.097862512, -0.43438128, -0.0392235;
 0.078265786, 0.92576963, 0.36989874, -0.5434131;
 0.43833622, -0.36520341, 0.82127208, -3.8163431;
 0, 0, 0, 1]
Ow:
[1.7504927;
 -0.88682759;
 3.3182259]
Keyframe: 121 Frame: 680 Frame from vFrameID : 681
Tcw:
[0.89418346, 0.091382585, 0.43827519, 1.7687067;
 0.088138282, 0.92385691, -0.37245142, -0.90017265;
 -0.43893915, 0.37166876, 0.81804323, 3.3330002;
 0, 0, 0, 1]
Twc:
[0.89418346, 0.088138282, -0.43893915, -0.039224364;
 0.091382585, 0.92385691, 0.37166876, -0.56877023;
 0.43827519, -0.37245142, 0.81804323, -3.8369894;
 0, 0, 0, 1]
Ow:
[1.7687067;
 -0.90017265;
 3.3330002]
Keyframe: 122 Frame: 685 Frame from vFrameID : 686
Tcw:
[0.89733654, 0.095723718, 0.43084115, 1.7929765;
 0.08534129, 0.92013866, -0.38218021, -0.91021597;
 -0.43301731, 0.37971279, 0.81750488, 3.3544126;
 0, 0, 0, 1]
Twc:
[0.89733654, 0.08534129, -0.43301731, -0.078705631;
 0.095723718, 0.92013866, 0.37971279, -0.6078189;
 0.43084115, -0.38218021, 0.81750488, -3.8626032;
 0, 0, 0, 1]
Ow:
[1.7929765;
 -0.91021597;
 3.3544126]
Keyframe: 123 Frame: 689 Frame from vFrameID : 690
Tcw:
[0.89501703, 0.093373418, 0.43614903, 1.807451;
 0.085987121, 0.92337888, -0.37413585, -0.91937846;
 -0.43766516, 0.37236112, 0.81841087, 3.3734858;
 0, 0, 0, 1]
Twc:
[0.89501703, 0.085987121, -0.43766516, -0.062187482;
 0.093373418, 0.92337888, 0.37236112, -0.57598835;
 0.43614903, -0.37413585, 0.81841087, -3.893188;
 0, 0, 0, 1]
Ow:
[1.807451;
 -0.91937846;
 3.3734858]
Keyframe: 124 Frame: 693 Frame from vFrameID : 694
Tcw:
[0.89944541, 0.09257672, 0.42711535, 1.8240668;
 0.092333674, 0.9149918, -0.39276519, -0.92920816;
 -0.42716795, 0.39270797, 0.81443721, 3.3919115;
 0, 0, 0, 1]
Twc:
[0.89944541, 0.092333674, -0.42716795, -0.10593538;
 0.09257672, 0.9149918, 0.39270797, -0.65067899;
 0.42711535, -0.39276519, 0.81443721, -3.9065466;
 0, 0, 0, 1]
Ow:
[1.8240668;
 -0.92920816;
 3.3919115]
Keyframe: 125 Frame: 697 Frame from vFrameID : 698
Tcw:
[0.90398532, 0.085663825, 0.41889405, 1.8359277;
 0.10280772, 0.90743053, -0.40743151, -0.94003713;
 -0.41501939, 0.41137764, 0.81149697, 3.4093292;
 0, 0, 0, 1]
Twc:
[0.90398532, 0.10280772, -0.41501939, -0.14807096;
 0.085663825, 0.90743053, 0.41137764, -0.70677596;
 0.41889405, -0.40743151, 0.81149697, -3.9187202;
 0, 0, 0, 1]
Ow:
[1.8359277;
 -0.94003713;
 3.4093292]
Keyframe: 126 Frame: 701 Frame from vFrameID : 702
Tcw:
[0.89434588, 0.087141193, 0.43880725, 1.8537627;
 0.10710662, 0.91061568, -0.39913312, -0.95066875;
 -0.43436572, 0.40396222, 0.80507201, 3.4278221;
 0, 0, 0, 1]
Twc:
[0.89434588, 0.10710662, -0.43436572, -0.067153797;
 0.087141193, 0.91061568, 0.40396222, -0.68055594;
 0.43880725, -0.39913312, 0.80507201, -3.9525318;
 0, 0, 0, 1]
Ow:
[1.8537627;
 -0.95066875;
 3.4278221]
Keyframe: 127 Frame: 705 Frame from vFrameID : 706
Tcw:
[0.89100581, 0.091826282, 0.44460836, 1.868911;
 0.10867045, 0.90772289, -0.40525287, -0.95929921;
 -0.44079405, 0.40939847, 0.79880756, 3.4455807;
 0, 0, 0, 1]
Twc:
[0.89100581, 0.10867045, -0.44079405, -0.042171743;
 0.091826282, 0.90772289, 0.40939847, -0.71145266;
 0.44460836, -0.40525287, 0.79880756, -3.972048;
 0, 0, 0, 1]
Ow:
[1.868911;
 -0.95929921;
 3.4455807]
Keyframe: 128 Frame: 709 Frame from vFrameID : 710
Tcw:
[0.89220119, 0.098541185, 0.44075692, 1.8868313;
 0.10537838, 0.90355062, -0.41532114, -0.9727329;
 -0.43917242, 0.41699627, 0.79576486, 3.4643219;
 0, 0, 0, 1]
Twc:
[0.89220119, 0.10537838, -0.43917242, -0.059493471;
 0.098541185, 0.90355062, 0.41699627, -0.75162637;
 0.44075692, -0.41532114, 0.79576486, -3.9924159;
 0, 0, 0, 1]
Ow:
[1.8868313;
 -0.9727329;
 3.4643219]
Keyframe: 129 Frame: 713 Frame from vFrameID : 714
Tcw:
[0.89207494, 0.11183293, 0.43783066, 1.9045633;
 0.089825474, 0.90567392, -0.41435021, -0.98056692;
 -0.44286981, 0.40895981, 0.79788357, 3.4776032;
 0, 0, 0, 1]
Twc:
[0.89207494, 0.089825474, -0.44286981, -0.070807859;
 0.11183293, 0.90567392, 0.40895981, -0.74711889;
 0.43783066, -0.41435021, 0.79788357, -4.0148969;
 0, 0, 0, 1]
Ow:
[1.9045633;
 -0.98056692;
 3.4776032]
Keyframe: 130 Frame: 717 Frame from vFrameID : 718
Tcw:
[0.90317404, 0.1159299, 0.41332427, 1.918165;
 0.083641626, 0.89686519, -0.43432349, -0.9917627;
 -0.42104724, 0.42684081, 0.80032879, 3.4921956;
 0, 0, 0, 1]
Twc:
[0.90317404, 0.083641626, -0.42104724, -0.17910483;
 0.1159299, 0.89686519, 0.42684081, -0.82350683;
 0.41332427, -0.43432349, 0.80032879, -4.0184746;
 0, 0, 0, 1]
Ow:
[1.918165;
 -0.9917627;
 3.4921956]
Keyframe: 131 Frame: 722 Frame from vFrameID : 723
Tcw:
[0.89448637, 0.10525055, 0.43453017, 1.9366387;
 0.094452187, 0.90547633, -0.41375279, -1.0053976;
 -0.43700451, 0.41113856, 0.79999506, 3.5158224;
 0, 0, 0, 1]
Twc:
[0.89448637, 0.094452187, -0.43700451, -0.10090471;
 0.10525055, 0.90547633, 0.41113856, -0.73895884;
 0.43453017, -0.41375279, 0.79999506, -4.0701547;
 0, 0, 0, 1]
Ow:
[1.9366387;
 -1.0053976;
 3.5158224]
Keyframe: 132 Frame: 727 Frame from vFrameID : 728
Tcw:
[0.894804, 0.11648928, 0.43099427, 1.9522421;
 0.11300719, 0.8748284, -0.47106758, -1.020216;
 -0.43192035, 0.4702186, 0.7696358, 3.5397027;
 0, 0, 0, 1]
Twc:
[0.894804, 0.11300719, -0.43192035, -0.10271267;
 0.11648928, 0.8748284, 0.4702186, -0.99933547;
 0.43099427, -0.47106758, 0.7696358, -4.046278;
 0, 0, 0, 1]
Ow:
[1.9522421;
 -1.020216;
 3.5397027]
Keyframe: 133 Frame: 732 Frame from vFrameID : 733
Tcw:
[0.88388282, 0.11486199, 0.45338488, 1.9695433;
 0.12350459, 0.87764782, -0.46312079, -1.0314394;
 -0.45110723, 0.46533963, 0.76155186, 3.5552726;
 0, 0, 0, 1]
Twc:
[0.88388282, 0.12350459, -0.45110723, -0.0096487803;
 0.11486199, 0.87764782, 0.46533963, -0.97539443;
 0.45338488, -0.46312079, 0.76155186, -4.078167;
 0, 0, 0, 1]
Ow:
[1.9695433;
 -1.0314394;
 3.5552726]
Keyframe: 134 Frame: 737 Frame from vFrameID : 738
Tcw:
[0.88351989, 0.11476725, 0.45411575, 1.9873965;
 0.11847606, 0.88323271, -0.45372167, -1.0438887;
 -0.45316228, 0.45467395, 0.76675653, 3.5749705;
 0, 0, 0, 1]
Twc:
[0.88351989, 0.11847606, -0.45316228, -0.01218676;
 0.11476725, 0.88323271, 0.45467395, -0.93153739;
 0.45411575, -0.45372167, 0.76675653, -4.1172748;
 0, 0, 0, 1]
Ow:
[1.9873965;
 -1.0438887;
 3.5749705]
Keyframe: 135 Frame: 743 Frame from vFrameID : 744
Tcw:
[0.8870343, 0.13393682, 0.44184956, 2.0159447;
 0.080307052, 0.89765322, -0.4333238, -1.0590026;
 -0.45466569, 0.41985673, 0.78549314, 3.5958204;
 0, 0, 0, 1]
Twc:
[0.8870343, 0.080307052, -0.45466569, -0.068270773;
 0.13393682, 0.89765322, 0.41985673, -0.82912147;
 0.44184956, -0.4333238, 0.78549314, -4.1741276;
 0, 0, 0, 1]
Ow:
[2.0159447;
 -1.0590026;
 3.5958204]
Keyframe: 136 Frame: 748 Frame from vFrameID : 749
Tcw:
[0.89365035, 0.13849969, 0.42685696, 2.0397165;
 0.058895897, 0.90676022, -0.41751304, -1.0772645;
 -0.44488236, 0.39825079, 0.80216956, 3.6133723;
 0, 0, 0, 1]
Twc:
[0.89365035, 0.058895897, -0.44488236, -0.15182135;
 0.13849969, 0.90676022, 0.39825079, -0.74470794;
 0.42685696, -0.41751304, 0.80216956, -4.2189765;
 0, 0, 0, 1]
Ow:
[2.0397165;
 -1.0772645;
 3.6133723]
Keyframe: 137 Frame: 755 Frame from vFrameID : 756
Tcw:
[0.88815105, 0.13601981, 0.43896046, 2.0637527;
 0.066797055, 0.90683866, -0.41615117, -1.0878608;
 -0.45467111, 0.39892638, 0.79632401, 3.6370332;
 0, 0, 0, 1]
Twc:
[0.88815105, 0.066797055, -0.45467111, -0.10660424;
 0.13601981, 0.90683866, 0.39892638, -0.74510539;
 0.43896046, -0.41615117, 0.79632401, -4.2548771;
 0, 0, 0, 1]
Ow:
[2.0637527;
 -1.0878608;
 3.6370332]
Keyframe: 138 Frame: 759 Frame from vFrameID : 760
Tcw:
[0.8841334, 0.1481608, 0.44312134, 2.0795472;
 0.081035115, 0.88539451, -0.45772251, -1.101337;
 -0.46015376, 0.44059613, 0.77080059, 3.6599011;
 0, 0, 0, 1]
Twc:
[0.8841334, 0.081035115, -0.46015376, -0.065232858;
 0.1481608, 0.88539451, 0.44059613, -0.94552815;
 0.44312134, -0.45772251, 0.77080059, -4.2466526;
 0, 0, 0, 1]
Ow:
[2.0795472;
 -1.101337;
 3.6599011]
Keyframe: 139 Frame: 764 Frame from vFrameID : 765
Tcw:
[0.87469506, 0.12880488, 0.46724498, 2.0967107;
 0.10743137, 0.88853413, -0.44605556, -1.1124868;
 -0.47261724, 0.44035938, 0.76335871, 3.6749945;
 0, 0, 0, 1]
Twc:
[0.87469506, 0.10743137, -0.47261724, 0.022399461;
 0.12880488, 0.88853413, 0.44035938, -0.89990222;
 0.46724498, -0.44605556, 0.76335871, -4.2812476;
 0, 0, 0, 1]
Ow:
[2.0967107;
 -1.1124868;
 3.6749945]
Keyframe: 140 Frame: 770 Frame from vFrameID : 771
Tcw:
[0.87226349, 0.13489679, 0.47006303, 2.1202579;
 0.10503512, 0.88709331, -0.44948086, -1.1281811;
 -0.47762331, 0.44143885, 0.75961024, 3.698076;
 0, 0, 0, 1]
Twc:
[0.87226349, 0.10503512, -0.47762331, 0.035362311;
 0.13489679, 0.88709331, 0.44143885, -0.91768861;
 0.47006303, -0.44948086, 0.75961024, -4.3128471;
 0, 0, 0, 1]
Ow:
[2.1202579;
 -1.1281811;
 3.698076]
Keyframe: 141 Frame: 775 Frame from vFrameID : 776
Tcw:
[0.87170035, 0.14254081, 0.46885037, 2.1460629;
 0.10216808, 0.88287151, -0.45836625, -1.1416187;
 -0.47927052, 0.44745955, 0.75503623, 3.7139549;
 0, 0, 0, 1]
Twc:
[0.87170035, 0.10216808, -0.47927052, 0.025902731;
 0.14254081, 0.88287151, 0.44745955, -0.95984358;
 0.46885037, -0.45836625, 0.75503623, -4.3336325;
 0, 0, 0, 1]
Ow:
[2.1460629;
 -1.1416187;
 3.7139549]
Keyframe: 142 Frame: 781 Frame from vFrameID : 782
Tcw:
[0.86957312, 0.14674725, 0.4714953, 2.1665056;
 0.092302807, 0.88968962, -0.44713819, -1.1609726;
 -0.48510078, 0.4323397, 0.76010501, 3.7328484;
 0, 0, 0, 1]
Twc:
[0.86957312, 0.092302807, -0.48510078, 0.034033597;
 0.14674725, 0.88968962, 0.4323397, -0.89888203;
 0.4714953, -0.44713819, 0.76010501, -4.3779693;
 0, 0, 0, 1]
Ow:
[2.1665056;
 -1.1609726;
 3.7328484]
Keyframe: 143 Frame: 786 Frame from vFrameID : 787
Tcw:
[0.86376727, 0.15801138, 0.47847515, 2.1863594;
 0.084281892, 0.89087898, -0.44635329, -1.1751502;
 -0.49679235, 0.42587218, 0.75619459, 3.755466;
 0, 0, 0, 1]
Twc:
[0.86376727, 0.084281892, -0.49679235, 0.076224856;
 0.15801138, 0.89087898, 0.42587218, -0.89790159;
 0.47847515, -0.44635329, 0.75619459, -4.4105139;
 0, 0, 0, 1]
Ow:
[2.1863594;
 -1.1751502;
 3.755466]
Keyframe: 144 Frame: 791 Frame from vFrameID : 792
Tcw:
[0.86642998, 0.16669714, 0.47064975, 2.204437;
 0.08770065, 0.87715757, -0.47212631, -1.1888865;
 -0.49153608, 0.45034066, 0.74537611, 3.7767529;
 0, 0, 0, 1]
Twc:
[0.86642998, 0.08770065, -0.49153608, 0.050686195;
 0.16669714, 0.87715757, 0.45034066, -1.025458;
 0.47064975, -0.47212631, 0.74537611, -4.4139237;
 0, 0, 0, 1]
Ow:
[2.204437;
 -1.1888865;
 3.7767529]
Keyframe: 145 Frame: 795 Frame from vFrameID : 796
Tcw:
[0.86241639, 0.1550224, 0.48187757, 2.2140539;
 0.10901762, 0.87273234, -0.47587118, -1.195696;
 -0.49432084, 0.46293226, 0.73575854, 3.7914889;
 0, 0, 0, 1]
Twc:
[0.86241639, 0.10901762, -0.49432084, 0.09512759;
 0.1550224, 0.87273234, 0.46293226, -1.0549078;
 0.48187757, -0.47587118, 0.73575854, -4.4255204;
 0, 0, 0, 1]
Ow:
[2.2140539;
 -1.195696;
 3.7914889]
Keyframe: 146 Frame: 800 Frame from vFrameID : 801
Tcw:
[0.85508221, 0.14954278, 0.4964588, 2.2388096;
 0.12155827, 0.87299877, -0.4723312, -1.214384;
 -0.50404161, 0.46423069, 0.72830755, 3.815227;
 0, 0, 0, 1]
Twc:
[0.85508221, 0.12155827, -0.50404161, 0.15628541;
 0.14954278, 0.87299877, 0.46423069, -1.0457876;
 0.4964588, -0.4723312, 0.72830755, -4.463727;
 0, 0, 0, 1]
Ow:
[2.2388096;
 -1.214384;
 3.815227]
Keyframe: 147 Frame: 805 Frame from vFrameID : 806
Tcw:
[0.86329156, 0.16519172, 0.47690603, 2.265106;
 0.10582924, 0.86466461, -0.49107563, -1.2277197;
 -0.49348539, 0.47441205, 0.72897553, 3.8272746;
 0, 0, 0, 1]
Twc:
[0.86329156, 0.10582924, -0.49348539, 0.063185923;
 0.16519172, 0.86466461, 0.47441205, -1.1283163;
 0.47690603, -0.49107563, 0.72897553, -4.4731355;
 0, 0, 0, 1]
Ow:
[2.265106;
 -1.2277197;
 3.8272746]
Keyframe: 148 Frame: 808 Frame from vFrameID : 809
Tcw:
[0.85394603, 0.16627494, 0.49308097, 2.2763498;
 0.10279368, 0.87499803, -0.47308761, -1.2360244;
 -0.51010752, 0.4546769, 0.7301091, 3.8355207;
 0, 0, 0, 1]
Twc:
[0.85394603, 0.10279368, -0.51010752, 0.13970342;
 0.16627494, 0.87499803, 0.4546769, -1.0409037;
 0.49308097, -0.47308761, 0.7301091, -4.5075212;
 0, 0, 0, 1]
Ow:
[2.2763498;
 -1.2360244;
 3.8355207]
Keyframe: 149 Frame: 812 Frame from vFrameID : 813
Tcw:
[0.85736591, 0.17964691, 0.48233882, 2.2912991;
 0.087265514, 0.87281066, -0.480194, -1.2504059;
 -0.50725585, 0.4537935, 0.7326411, 3.8451617;
 0, 0, 0, 1]
Twc:
[0.85736591, 0.087265514, -0.50725585, 0.095116407;
 0.17964691, 0.87281066, 0.4537935, -1.0651665;
 0.48233882, -0.480194, 0.7326411, -4.5227432;
 0, 0, 0, 1]
Ow:
[2.2912991;
 -1.2504059;
 3.8451617]
Keyframe: 150 Frame: 816 Frame from vFrameID : 817
Tcw:
[0.8517586, 0.19170652, 0.48760214, 2.3069382;
 0.080068275, 0.87209564, -0.4827404, -1.2630959;
 -0.51778018, 0.45021978, 0.72746533, 3.8593659;
 0, 0, 0, 1]
Twc:
[0.8517586, 0.080068275, -0.51778018, 0.13448264;
 0.19170652, 0.87209564, 0.45021978, -1.0782775;
 0.48760214, -0.4827404, 0.72746533, -4.5421705;
 0, 0, 0, 1]
Ow:
[2.3069382;
 -1.2630959;
 3.8593659]
Keyframe: 151 Frame: 821 Frame from vFrameID : 822
Tcw:
[0.84293407, 0.19457442, 0.50160038, 2.322154;
 0.10078271, 0.85870516, -0.50246221, -1.2788819;
 -0.52849311, 0.47409517, 0.70422214, 3.8828433;
 0, 0, 0, 1]
Twc:
[0.84293407, 0.10078271, -0.52849311, 0.22352248;
 0.19457442, 0.85870516, 0.47409517, -1.1944864;
 0.50160038, -0.50246221, 0.70422214, -4.5417671;
 0, 0, 0, 1]
Ow:
[2.322154;
 -1.2788819;
 3.8828433]
Keyframe: 152 Frame: 826 Frame from vFrameID : 827
Tcw:
[0.84403616, 0.17778513, 0.50595993, 2.3375161;
 0.12051404, 0.85644263, -0.50197846, -1.2963786;
 -0.52256995, 0.48466322, 0.70144296, 3.8984981;
 0, 0, 0, 1]
Twc:
[0.84403616, 0.12051404, -0.52256995, 0.22052178;
 0.17778513, 0.85644263, 0.48466322, -1.1947604;
 0.50595993, -0.50197846, 0.70144296, -4.5680175;
 0, 0, 0, 1]
Ow:
[2.3375161;
 -1.2963786;
 3.8984981]
Keyframe: 153 Frame: 830 Frame from vFrameID : 831
Tcw:
[0.8394509, 0.1821167, 0.51201141, 2.3564491;
 0.12625691, 0.8510353, -0.50970393, -1.3097694;
 -0.52856535, 0.49251643, 0.69140887, 3.9140644;
 0, 0, 0, 1]
Twc:
[0.8394509, 0.12625691, -0.52856535, 0.25608295;
 0.1821167, 0.8510353, 0.49251643, -1.2422299;
 0.51201141, -0.50970393, 0.69140887, -4.5803423;
 0, 0, 0, 1]
Ow:
[2.3564491;
 -1.3097694;
 3.9140644]
Keyframe: 154 Frame: 834 Frame from vFrameID : 835
Tcw:
[0.84423661, 0.18496963, 0.50304151, 2.3732009;
 0.11844996, 0.85096461, -0.51169217, -1.3202956;
 -0.52271801, 0.49157453, 0.69650584, 3.9287424;
 0, 0, 0, 1]
Twc:
[0.84423661, 0.11844996, -0.52271801, 0.20647037;
 0.18496963, 0.85096461, 0.49157453, -1.2467149;
 0.50304151, -0.51169217, 0.69650584, -4.6057954;
 0, 0, 0, 1]
Ow:
[2.3732009;
 -1.3202956;
 3.9287424]
Keyframe: 155 Frame: 838 Frame from vFrameID : 839
Tcw:
[0.8581695, 0.20321731, 0.47143164, 2.3995183;
 0.084479138, 0.84989285, -0.52013981, -1.3359374;
 -0.5063678, 0.48619425, 0.71218449, 3.9444478;
 0, 0, 0, 1]
Twc:
[0.8581695, 0.084479138, -0.5063678, 0.051006705;
 0.20321731, 0.84989285, 0.48619425, -1.2699881;
 0.47143164, -0.52013981, 0.71218449, -4.6352577;
 0, 0, 0, 1]
Ow:
[2.3995183;
 -1.3359374;
 3.9444478]
Keyframe: 156 Frame: 842 Frame from vFrameID : 843
Tcw:
[0.8603915, 0.21474062, 0.46218276, 2.4168849;
 0.077778101, 0.84093964, -0.53551006, -1.3441198;
 -0.5036636, 0.49669603, 0.70683521, 3.9517152;
 0, 0, 0, 1]
Twc:
[0.8603915, 0.077778101, -0.5036636, 0.015410812;
 0.21474062, 0.84093964, 0.49669603, -1.3514812;
 0.46218276, -0.53551006, 0.70683521, -4.630044;
 0, 0, 0, 1]
Ow:
[2.4168849;
 -1.3441198;
 3.9517152]
Keyframe: 157 Frame: 847 Frame from vFrameID : 848
Tcw:
[0.84522212, 0.21428126, 0.48957437, 2.4375336;
 0.08066228, 0.85444599, -0.51324034, -1.3581808;
 -0.52829266, 0.47329226, 0.70491225, 3.9651828;
 0, 0, 0, 1]
Twc:
[0.84522212, 0.08066228, -0.52829266, 0.14407359;
 0.21428126, 0.85444599, 0.47329226, -1.2385161;
 0.48957437, -0.51324034, 0.70491225, -4.685533;
 0, 0, 0, 1]
Ow:
[2.4375336;
 -1.3581808;
 3.9651828]
Keyframe: 158 Frame: 851 Frame from vFrameID : 852
Tcw:
[0.83981782, 0.22157866, 0.49558944, 2.4524469;
 0.081689939, 0.85093278, -0.51888353, -1.3652834;
 -0.53668684, 0.47625235, 0.69652778, 3.9824398;
 0, 0, 0, 1]
Twc:
[0.83981782, 0.081689939, -0.53668684, 0.18924426;
 0.22157866, 0.85093278, 0.47625235, -1.2782917;
 0.49558944, -0.51888353, 0.69652778, -4.69771;
 0, 0, 0, 1]
Ow:
[2.4524469;
 -1.3652834;
 3.9824398]
Keyframe: 159 Frame: 856 Frame from vFrameID : 857
Tcw:
[0.83635354, 0.21427596, 0.50457764, 2.4701915;
 0.11226038, 0.8339892, -0.54024035, -1.3790883;
 -0.53657281, 0.50847602, 0.67345512, 4.0038657;
 0, 0, 0, 1]
Twc:
[0.83635354, 0.11226038, -0.53657281, 0.23722908;
 0.21427596, 0.8339892, 0.50847602, -1.4150275;
 0.50457764, -0.54024035, 0.67345512, -4.6878662;
 0, 0, 0, 1]
Ow:
[2.4701915;
 -1.3790883;
 4.0038657]
Keyframe: 160 Frame: 860 Frame from vFrameID : 861
Tcw:
[0.84939331, 0.20735407, 0.48531985, 2.4823246;
 0.12260167, 0.81690103, -0.56359696, -1.3905743;
 -0.51332241, 0.53821647, 0.66844833, 4.0165882;
 0, 0, 0, 1]
Twc:
[0.84939331, 0.12260167, -0.51332241, 0.12382156;
 0.20735407, 0.81690103, 0.53821647, -1.5405524;
 0.48531985, -0.56359696, 0.66844833, -4.6733265;
 0, 0, 0, 1]
Ow:
[2.4823246;
 -1.3905743;
 4.0165882]
Keyframe: 161 Frame: 865 Frame from vFrameID : 866
Tcw:
[0.83851552, 0.19680433, 0.50809431, 2.5024595;
 0.1556619, 0.80710745, -0.56951463, -1.3992389;
 -0.52216965, 0.55663776, 0.64613718, 4.0304317;
 0, 0, 0, 1]
Twc:
[0.83851552, 0.1556619, -0.52216965, 0.22402647;
 0.19680433, 0.80710745, 0.55663776, -1.6066493;
 0.50809431, -0.56951463, 0.64613718, -4.6725845;
 0, 0, 0, 1]
Ow:
[2.5024595;
 -1.3992389;
 4.0304317]
Keyframe: 162 Frame: 870 Frame from vFrameID : 871
Tcw:
[0.82745022, 0.21428587, 0.519045, 2.5188537;
 0.16028909, 0.79573679, -0.58404648, -1.4077027;
 -0.53817612, 0.56646669, 0.62408495, 4.0429959;
 0, 0, 0, 1]
Twc:
[0.82745022, 0.16028909, -0.53817612, 0.31725723;
 0.21428587, 0.79573679, 0.56646669, -1.7098162;
 0.519045, -0.58404648, 0.62408495, -4.6527348;
 0, 0, 0, 1]
Ow:
[2.5188537;
 -1.4077027;
 4.0429959]
Keyframe: 163 Frame: 874 Frame from vFrameID : 875
Tcw:
[0.82026768, 0.24272816, 0.51792276, 2.5319159;
 0.14970739, 0.7828173, -0.60397416, -1.4152354;
 -0.5520404, 0.57295734, 0.60578156, 4.0528145;
 0, 0, 0, 1]
Twc:
[0.82026768, 0.14970739, -0.5520404, 0.37233984;
 0.24272816, 0.7828173, 0.57295734, -1.8287865;
 0.51792276, -0.60397416, 0.60578156, -4.6212225;
 0, 0, 0, 1]
Ow:
[2.5319159;
 -1.4152354;
 4.0528145]
Keyframe: 164 Frame: 879 Frame from vFrameID : 880
Tcw:
[0.81528097, 0.25160152, 0.52154922, 2.5451481;
 0.14642359, 0.78183132, -0.6060527, -1.4230368;
 -0.5602473, 0.57047039, 0.60057181, 4.0640068;
 0, 0, 0, 1]
Twc:
[0.81528097, 0.14642359, -0.5602473, 0.41020408;
 0.25160152, 0.78183132, 0.57047039, -1.8461837;
 0.52154922, -0.6060527, 0.60057181, -4.6305833;
 0, 0, 0, 1]
Ow:
[2.5451481;
 -1.4230368;
 4.0640068]
Keyframe: 165 Frame: 884 Frame from vFrameID : 885
Tcw:
[0.79974312, 0.26708877, 0.53765649, 2.5638392;
 0.16194871, 0.76640052, -0.62161314, -1.4360689;
 -0.57808608, 0.5842036, 0.56966883, 4.0799189;
 0, 0, 0, 1]
Twc:
[0.79974312, 0.16194871, -0.57808608, 0.54070127;
 0.26708877, 0.76640052, 0.5842036, -1.9676722;
 0.53765649, -0.62161314, 0.56966883, -4.5953469;
 0, 0, 0, 1]
Ow:
[2.5638392;
 -1.4360689;
 4.0799189]
Keyframe: 166 Frame: 889 Frame from vFrameID : 890
Tcw:
[0.783665, 0.28730187, 0.55075115, 2.5772982;
 0.18443061, 0.73902404, -0.64794201, -1.4467596;
 -0.59317327, 0.60934484, 0.52616, 4.0953107;
 0, 0, 0, 1]
Twc:
[0.783665, 0.18443061, -0.59317327, 0.67631745;
 0.28730187, 0.73902404, 0.60934484, -2.166729;
 0.55075115, -0.64794201, 0.52616, -4.5116549;
 0, 0, 0, 1]
Ow:
[2.5772982;
 -1.4467596;
 4.0953107]
Keyframe: 167 Frame: 894 Frame from vFrameID : 895
Tcw:
[0.78305215, 0.27830505, 0.55621547, 2.583931;
 0.21211524, 0.72118515, -0.65946883, -1.4514229;
 -0.58466786, 0.63438022, 0.50569284, 4.1022682;
 0, 0, 0, 1]
Twc:
[0.78305215, 0.21211524, -0.58466786, 0.68298036;
 0.27830505, 0.72118515, 0.63438022, -2.2747743;
 0.55621547, -0.65946883, 0.50569284, -4.4688783;
 0, 0, 0, 1]
Ow:
[2.583931;
 -1.4514229;
 4.1022682]
Keyframe: 168 Frame: 897 Frame from vFrameID : 898
Tcw:
[0.77158344, 0.26739657, 0.57719845, 2.5880127;
 0.23009959, 0.72860378, -0.64512849, -1.4556763;
 -0.59305412, 0.63058358, 0.50065076, 4.1048059;
 0, 0, 0, 1]
Twc:
[0.77158344, 0.23009959, -0.59305412, 0.7724545;
 0.26739657, 0.72860378, 0.63058358, -2.2198374;
 0.57719845, -0.64512849, 0.50065076, -4.4879694;
 0, 0, 0, 1]
Ow:
[2.5880127;
 -1.4556763;
 4.1048059]
Keyframe: 169 Frame: 901 Frame from vFrameID : 902
Tcw:
[0.77460021, 0.26068485, 0.57622731, 2.5944068;
 0.23109356, 0.73144042, -0.64155334, -1.4611619;
 -0.58871913, 0.63010979, 0.50633132, 4.1084685;
 0, 0, 0, 1]
Twc:
[0.77460021, 0.23109356, -0.58871913, 0.7467714;
 0.26068485, 0.73144042, 0.63010979, -2.1963558;
 0.57622731, -0.64155334, 0.50633132, -4.5126276;
 0, 0, 0, 1]
Ow:
[2.5944068;
 -1.4611619;
 4.1084685]
Keyframe: 170 Frame: 904 Frame from vFrameID : 905
Tcw:
[0.77401668, 0.25974026, 0.57743675, 2.6013086;
 0.22983938, 0.7345165, -0.63848209, -1.4679693;
 -0.58997631, 0.62691349, 0.50882947, 4.1095619;
 0, 0, 0, 1]
Twc:
[0.77401668, 0.22983938, -0.58997631, 0.74848491;
 0.25974026, 0.7345165, 0.62691349, -2.1737564;
 0.57743675, -0.63848209, 0.50882947, -4.5304294;
 0, 0, 0, 1]
Ow:
[2.6013086;
 -1.4679693;
 4.1095619]
Keyframe: 171 Frame: 908 Frame from vFrameID : 909
Tcw:
[0.77195317, 0.27216402, 0.57446933, 2.6075788;
 0.22070868, 0.73273689, -0.64372694, -1.4741831;
 -0.59613419, 0.62371743, 0.50556958, 4.110219;
 0, 0, 0, 1]
Twc:
[0.77195317, 0.22070868, -0.59613419, 0.76267838;
 0.27216402, 0.73273689, 0.62371743, -2.1931159;
 0.57446933, -0.64372694, 0.50556958, -4.5249472;
 0, 0, 0, 1]
Ow:
[2.6075788;
 -1.4741831;
 4.110219]
Keyframe: 172 Frame: 912 Frame from vFrameID : 913
Tcw:
[0.77735418, 0.27111202, 0.56764317, 2.6130769;
 0.21794361, 0.73040462, -0.64730954, -1.4779867;
 -0.59010261, 0.626903, 0.50869596, 4.1126757;
 0, 0, 0, 1]
Twc:
[0.77735418, 0.21794361, -0.59010261, 0.71773231;
 0.27111202, 0.73040462, 0.626903, -2.2071569;
 0.56764317, -0.64730954, 0.50869596, -4.5321116;
 0, 0, 0, 1]
Ow:
[2.6130769;
 -1.4779867;
 4.1126757]
Keyframe: 173 Frame: 915 Frame from vFrameID : 916
Tcw:
[0.76916426, 0.26848453, 0.57991588, 2.6172335;
 0.22319143, 0.73745787, -0.6374492, -1.4829247;
 -0.59880877, 0.61973536, 0.50730276, 4.1144853;
 0, 0, 0, 1]
Twc:
[0.76916426, 0.22319143, -0.59880877, 0.78168362;
 0.26848453, 0.73745787, 0.61973536, -2.1589844;
 0.57991588, -0.6374492, 0.50730276, -4.5503545;
 0, 0, 0, 1]
Ow:
[2.6172335;
 -1.4829247;
 4.1144853]
Keyframe: 174 Frame: 919 Frame from vFrameID : 920
Tcw:
[0.76676738, 0.27802235, 0.57859433, 2.6227741;
 0.22998883, 0.72252411, -0.65196937, -1.4916301;
 -0.5993104, 0.63297904, 0.49006587, 4.1188502;
 0, 0, 0, 1]
Twc:
[0.76676738, 0.22998883, -0.5993104, 0.80047041;
 0.27802235, 0.72252411, 0.63297904, -2.2585971;
 0.57859433, -0.65196937, 0.49006587, -4.5085273;
 0, 0, 0, 1]
Ow:
[2.6227741;
 -1.4916301;
 4.1188502]
Keyframe: 175 Frame: 922 Frame from vFrameID : 923
Tcw:
[0.7682541, 0.27547458, 0.57784027, 2.6262116;
 0.24253288, 0.71011955, -0.66099018, -1.4947224;
 -0.59242165, 0.64795369, 0.4787406, 4.1205711;
 0, 0, 0, 1]
Twc:
[0.7682541, 0.24253288, -0.59242165, 0.78603691;
 0.27547458, 0.71011955, 0.64795369, -2.3319621;
 0.57784027, -0.66099018, 0.4787406, -4.4782124;
 0, 0, 0, 1]
Ow:
[2.6262116;
 -1.4947224;
 4.1205711]
Keyframe: 176 Frame: 925 Frame from vFrameID : 926
Tcw:
[0.76339865, 0.26705316, 0.58813703, 2.630146;
 0.24941252, 0.71804297, -0.64977515, -1.4987162;
 -0.59583217, 0.64272618, 0.48154658, 4.1214013;
 0, 0, 0, 1]
Twc:
[0.76339865, 0.24941252, -0.59583217, 0.82161218;
 0.26705316, 0.71804297, 0.64272618, -2.2751787;
 0.58813703, -0.64977515, 0.48154658, -4.5053616;
 0, 0, 0, 1]
Ow:
[2.630146;
 -1.4987162;
 4.1214013]
Keyframe: 177 Frame: 929 Frame from vFrameID : 930
Tcw:
[0.7613622, 0.26220807, 0.59293723, 2.6353998;
 0.25135061, 0.72365713, -0.64276218, -1.5038589;
 -0.59762067, 0.63840991, 0.48505902, 4.1234922;
 0, 0, 0, 1]
Twc:
[0.7613622, 0.25135061, -0.59762067, 0.83578628;
 0.26220807, 0.72365713, 0.63840991, -2.2352233;
 0.59293723, -0.64276218, 0.48505902, -4.529387;
 0, 0, 0, 1]
Ow:
[2.6353998;
 -1.5038589;
 4.1234922]
Keyframe: 178 Frame: 934 Frame from vFrameID : 935
Tcw:
[0.77022785, 0.26334727, 0.58085907, 2.6449714;
 0.23842023, 0.72583723, -0.64522558, -1.5108732;
 -0.59152752, 0.6354593, 0.49627277, 4.1249104;
 0, 0, 0, 1]
Twc:
[0.77022785, 0.23842023, -0.59152752, 0.76299018;
 0.26334727, 0.72583723, 0.6354593, -2.2211106;
 0.58085907, -0.64522558, 0.49627277, -4.5582905;
 0, 0, 0, 1]
Ow:
[2.6449714;
 -1.5108732;
 4.1249104]
Keyframe: 179 Frame: 938 Frame from vFrameID : 939
Tcw:
[0.78007263, 0.29070973, 0.55405283, 2.6541471;
 0.20398027, 0.71897137, -0.66443378, -1.5165962;
 -0.59150547, 0.63132244, 0.50155085, 4.1251121;
 0, 0, 0, 1]
Twc:
[0.78007263, 0.20398027, -0.59150547, 0.6789546;
 0.29070973, 0.71897137, 0.63132244, -2.2854729;
 0.55405283, -0.66443378, 0.50155085, -4.5471687;
 0, 0, 0, 1]
Ow:
[2.6541471;
 -1.5165962;
 4.1251121]
Keyframe: 180 Frame: 942 Frame from vFrameID : 943
Tcw:
[0.78037018, 0.28847012, 0.55480391, 2.6609914;
 0.19730608, 0.72832131, -0.65621519, -1.5205714;
 -0.59337395, 0.62155694, 0.51144332, 4.125886;
 0, 0, 0, 1]
Twc:
[0.78037018, 0.19730608, -0.59337395, 0.67165291;
 0.28847012, 0.72832131, 0.62155694, -2.2246249;
 0.55480391, -0.65621519, 0.51144332, -4.5843072;
 0, 0, 0, 1]
Ow:
[2.6609914;
 -1.5205714;
 4.125886]
Keyframe: 181 Frame: 946 Frame from vFrameID : 947
Tcw:
[0.77534866, 0.28761739, 0.5622372, 2.6680231;
 0.19761366, 0.73507237, -0.64855021, -1.5266694;
 -0.59981936, 0.6139583, 0.51310027, 4.1274767;
 0, 0, 0, 1]
Twc:
[0.77534866, 0.19761366, -0.59981936, 0.70878315;
 0.28761739, 0.73507237, 0.6139583, -2.1792557;
 0.5622372, -0.64855021, 0.51310027, -4.6079931;
 0, 0, 0, 1]
Ow:
[2.6680231;
 -1.5266694;
 4.1274767]
Keyframe: 182 Frame: 950 Frame from vFrameID : 951
Tcw:
[0.76769572, 0.28763169, 0.57263535, 2.6750484;
 0.20543292, 0.73597533, -0.6450873, -1.5321289;
 -0.60699302, 0.61286896, 0.50591612, 4.1301165;
 0, 0, 0, 1]
Twc:
[0.76769572, 0.20543292, -0.60699302, 0.76807827;
 0.28763169, 0.73597533, 0.61286896, -2.1730394;
 0.57263535, -0.6450873, 0.50591612, -4.6096764;
 0, 0, 0, 1]
Ow:
[2.6750484;
 -1.5321289;
 4.1301165]
Keyframe: 183 Frame: 954 Frame from vFrameID : 955
Tcw:
[0.76516604, 0.28225234, 0.57866621, 2.6810641;
 0.22542867, 0.72443849, -0.65143746, -1.5384085;
 -0.60307783, 0.62890577, 0.49068797, 4.1324854;
 0, 0, 0, 1]
Twc:
[0.76516604, 0.22542867, -0.60307783, 0.78755236;
 0.28225234, 0.72443849, 0.62890577, -2.2411981;
 0.57866621, -0.65143746, 0.49068797, -4.5813789;
 0, 0, 0, 1]
Ow:
[2.6810641;
 -1.5384085;
 4.1324854]
Keyframe: 184 Frame: 958 Frame from vFrameID : 959
Tcw:
[0.75446004, 0.28226197, 0.5925523, 2.687124;
 0.2504009, 0.71073943, -0.65738028, -1.5440832;
 -0.60670376, 0.64434278, 0.46554586, 4.1337719;
 0, 0, 0, 1]
Twc:
[0.75446004, 0.2504009, -0.60670376, 0.86728698;
 0.28226197, 0.71073943, 0.64434278, -2.3245981;
 0.5925523, -0.65738028, 0.46554586, -4.5317717;
 0, 0, 0, 1]
Ow:
[2.687124;
 -1.5440832;
 4.1337719]
Keyframe: 185 Frame: 962 Frame from vFrameID : 963
Tcw:
[0.74814689, 0.27444673, 0.60411525, 2.6949906;
 0.25727826, 0.71924269, -0.64536649, -1.5510111;
 -0.61162418, 0.63825464, 0.46748999, 4.1366639;
 0, 0, 0, 1]
Twc:
[0.74814689, 0.25727826, -0.61162418, 0.91287619;
 0.27444673, 0.71924269, 0.63825464, -2.2643228;
 0.60411525, -0.64536649, 0.46748999, -4.5629044;
 0, 0, 0, 1]
Ow:
[2.6949906;
 -1.5510111;
 4.1366639]
Keyframe: 186 Frame: 966 Frame from vFrameID : 967
Tcw:
[0.76232123, 0.28438869, 0.58136863, 2.704469;
 0.23559369, 0.71471602, -0.65854126, -1.5578851;
 -0.60279512, 0.63898677, 0.47784302, 4.1381626;
 0, 0, 0, 1]
Twc:
[0.76232123, 0.23559369, -0.60279512, 0.7998181;
 0.28438869, 0.71471602, 0.63898677, -2.2999058;
 0.58136863, -0.65854126, 0.47784302, -4.5756168;
 0, 0, 0, 1]
Ow:
[2.704469;
 -1.5578851;
 4.1381626]
Keyframe: 187 Frame: 970 Frame from vFrameID : 971
Tcw:
[0.76356536, 0.2888341, 0.5775317, 2.7111049;
 0.22842804, 0.71573287, -0.65995997, -1.5632441;
 -0.60397732, 0.63584697, 0.48053101, 4.1390238;
 0, 0, 0, 1]
Twc:
[0.76356536, 0.22842804, -0.60397732, 0.78685951;
 0.2888341, 0.71573287, 0.63584697, -2.2959802;
 0.5775317, -0.65995997, 0.48053101, -4.5863566;
 0, 0, 0, 1]
Ow:
[2.7111049;
 -1.5632441;
 4.1390238]
Keyframe: 188 Frame: 974 Frame from vFrameID : 975
Tcw:
[0.76521474, 0.29360017, 0.57292706, 2.7162688;
 0.21356742, 0.72377849, -0.65615064, -1.5683048;
 -0.60731822, 0.62445468, 0.49114254, 4.1399779;
 0, 0, 0, 1]
Twc:
[0.76521474, 0.21356742, -0.60731822, 0.77069396;
 0.29360017, 0.72377849, 0.62445468, -2.2476201;
 0.57292706, -0.65615064, 0.49114254, -4.618587;
 0, 0, 0, 1]
Ow:
[2.7162688;
 -1.5683048;
 4.1399779]
Keyframe: 189 Frame: 979 Frame from vFrameID : 980
Tcw:
[0.76209384, 0.3086358, 0.56917214, 2.7234287;
 0.2040316, 0.71981072, -0.66350853, -1.5749506;
 -0.61447871, 0.62178487, 0.48559189, 4.1426005;
 0, 0, 0, 1]
Twc:
[0.76209384, 0.2040316, -0.61447871, 0.79137117;
 0.3086358, 0.71981072, 0.62178487, -2.2826877;
 0.56917214, -0.66350853, 0.48559189, -4.6067061;
 0, 0, 0, 1]
Ow:
[2.7234287;
 -1.5749506;
 4.1426005]
Keyframe: 190 Frame: 984 Frame from vFrameID : 985
Tcw:
[0.76418525, 0.28288984, 0.5796501, 2.7306063;
 0.22916606, 0.72096688, -0.6539799, -1.5817499;
 -0.60291284, 0.63259792, 0.48612347, 4.1469851;
 0, 0, 0, 1]
Twc:
[0.76418525, 0.22916606, -0.60291284, 0.77606446;
 0.28288984, 0.72096688, 0.63259792, -2.2554455;
 0.5796501, -0.6539799, 0.48612347, -4.6331758;
 0, 0, 0, 1]
Ow:
[2.7306063;
 -1.5817499;
 4.1469851]
Keyframe: 191 Frame: 989 Frame from vFrameID : 990
Tcw:
[0.7658087, 0.2723093, 0.58256733, 2.7374587;
 0.25905696, 0.69852173, -0.6670509, -1.589668;
 -0.58858007, 0.66175151, 0.4643904, 4.1497898;
 0, 0, 0, 1]
Twc:
[0.7658087, 0.25905696, -0.58858007, 0.75792879;
 0.2723093, 0.69852173, 0.66175151, -2.3811476;
 0.58256733, -0.6670509, 0.4643904, -4.5822659;
 0, 0, 0, 1]
Ow:
[2.7374587;
 -1.589668;
 4.1497898]
Keyframe: 192 Frame: 993 Frame from vFrameID : 994
Tcw:
[0.76402593, 0.27384248, 0.58418715, 2.7423761;
 0.257256, 0.70106244, -0.66507959, -1.5935535;
 -0.59167868, 0.65842372, 0.46518224, 4.1511631;
 0, 0, 0, 1]
Twc:
[0.76402593, 0.257256, -0.59167868, 0.77085924;
 0.27384248, 0.70106244, 0.65842372, -2.3670228;
 0.58418715, -0.66507959, 0.46518224, -4.592948;
 0, 0, 0, 1]
Ow:
[2.7423761;
 -1.5935535;
 4.1511631]
Keyframe: 193 Frame: 998 Frame from vFrameID : 999
Tcw:
[0.76972324, 0.26876068, 0.57904559, 2.7500553;
 0.24791789, 0.71001256, -0.65910465, -1.5985751;
 -0.58827102, 0.65088391, 0.47988257, 4.1518874;
 0, 0, 0, 1]
Twc:
[0.76972324, 0.24791789, -0.58827102, 0.72196889;
 0.26876068, 0.71001256, 0.65088391, -2.3064952;
 0.57904559, -0.65910465, 0.47988257, -4.638454;
 0, 0, 0, 1]
Ow:
[2.7500553;
 -1.5985751;
 4.1518874]
Keyframe: 194 Frame: 1004 Frame from vFrameID : 1005
Tcw:
[0.77474606, 0.29361957, 0.55996084, 2.7602401;
 0.21849656, 0.70673853, -0.67288923, -1.6051888;
 -0.59331936, 0.64366776, 0.48338801, 4.1496682;
 0, 0, 0, 1]
Twc:
[0.77474606, 0.21849656, -0.59331936, 0.67432171;
 0.29361957, 0.70673853, 0.64366776, -2.3470194;
 0.55996084, -0.67288923, 0.48338801, -4.6316404;
 0, 0, 0, 1]
Ow:
[2.7602401;
 -1.6051888;
 4.1496682]
Keyframe: 195 Frame: 1010 Frame from vFrameID : 1011
Tcw:
[0.77729559, 0.28691038, 0.55990541, 2.7672024;
 0.20812929, 0.72258294, -0.65920871, -1.609457;
 -0.59371191, 0.62893271, 0.50194603, 4.1499648;
 0, 0, 0, 1]
Twc:
[0.77729559, 0.20812929, -0.59371191, 0.64792454;
 0.28691038, 0.72258294, 0.62893271, -2.2410214;
 0.55990541, -0.65920871, 0.50194603, -4.693398;
 0, 0, 0, 1]
Ow:
[2.7672024;
 -1.609457;
 4.1499648]
Keyframe: 196 Frame: 1015 Frame from vFrameID : 1016
Tcw:
[0.77108943, 0.29086897, 0.56640655, 2.7752347;
 0.2202626, 0.7127856, -0.66589868, -1.6161196;
 -0.59741569, 0.63822562, 0.48555389, 4.153842;
 0, 0, 0, 1]
Twc:
[0.77108943, 0.2202626, -0.59741569, 0.69758701;
 0.29086897, 0.7127856, 0.63822562, -2.3063712;
 0.56640655, -0.66589868, 0.48555389, -4.6649971;
 0, 0, 0, 1]
Ow:
[2.7752347;
 -1.6161196;
 4.153842]
Keyframe: 197 Frame: 1020 Frame from vFrameID : 1021
Tcw:
[0.76801103, 0.29130325, 0.57035208, 2.7810128;
 0.23089379, 0.70473367, -0.67084914, -1.6213714;
 -0.59736681, 0.64691025, 0.47398311, 4.1565237;
 0, 0, 0, 1]
Twc:
[0.76801103, 0.23089379, -0.59736681, 0.72148544;
 0.29130325, 0.70473367, 0.64691025, -2.3563809;
 0.57035208, -0.67084914, 0.47398311, -4.6439738;
 0, 0, 0, 1]
Ow:
[2.7810128;
 -1.6213714;
 4.1565237]
Keyframe: 198 Frame: 1024 Frame from vFrameID : 1025
Tcw:
[0.76101524, 0.27255711, 0.58870065, 2.7855275;
 0.25812399, 0.7053178, -0.66022635, -1.6254947;
 -0.59517044, 0.65440005, 0.46640405, 4.1579127;
 0, 0, 0, 1]
Twc:
[0.76101524, 0.25812399, -0.59517044, 0.77441704;
 0.27255711, 0.7053178, 0.65440005, -2.3336635;
 0.58870065, -0.66022635, 0.46640405, -4.6523037;
 0, 0, 0, 1]
Ow:
[2.7855275;
 -1.6254947;
 4.1579127]
Keyframe: 199 Frame: 1032 Frame from vFrameID : 1033
Tcw:
[0.7676394, 0.26515752, 0.58345628, 2.796464;
 0.25302291, 0.71104944, -0.65603966, -1.6338173;
 -0.58882016, 0.65122974, 0.47873864, 4.160758;
 0, 0, 0, 1]
Twc:
[0.7676394, 0.25302291, -0.58882016, 0.71665525;
 0.26515752, 0.71104944, 0.65122974, -2.2893877;
 0.58345628, -0.65603966, 0.47873864, -4.6953793;
 0, 0, 0, 1]
Ow:
[2.796464;
 -1.6338173;
 4.160758]
Keyframe: 200 Frame: 1036 Frame from vFrameID : 1037
Tcw:
[0.77945668, 0.26607388, 0.56714368, 2.8019745;
 0.23875237, 0.7108224, -0.66161078, -1.6387897;
 -0.57917577, 0.65110385, 0.49052948, 4.1597524;
 0, 0, 0, 1]
Twc:
[0.77945668, 0.23875237, -0.57917577, 0.61647511;
 0.26607388, 0.7108224, 0.65110385, -2.2890747;
 0.56714368, -0.66161078, 0.49052948, -4.7138443;
 0, 0, 0, 1]
Ow:
[2.8019745;
 -1.6387897;
 4.1597524]
Keyframe: 201 Frame: 1042 Frame from vFrameID : 1043
Tcw:
[0.79571229, 0.29448423, 0.52926463, 2.811517;
 0.19374636, 0.70417011, -0.68308622, -1.6436547;
 -0.57385045, 0.64608318, 0.50326157, 4.1584849;
 0, 0, 0, 1]
Twc:
[0.79571229, 0.19374636, -0.57385045, 0.46764216;
 0.29448423, 0.70417011, 0.64608318, -2.3572621;
 0.52926463, -0.68308622, 0.50326157, -4.7035999;
 0, 0, 0, 1]
Ow:
[2.811517;
 -1.6436547;
 4.1584849]
Keyframe: 202 Frame: 1050 Frame from vFrameID : 1051
Tcw:
[0.78837585, 0.28513056, 0.54512757, 2.8219573;
 0.20027532, 0.71888226, -0.66565615, -1.6517811;
 -0.58168143, 0.63396281, 0.50964481, 4.1596494;
 0, 0, 0, 1]
Twc:
[0.78837585, 0.20027532, -0.58168143, 0.5256387;
 0.28513056, 0.71888226, 0.63396281, -2.2542531;
 0.54512757, -0.66565615, 0.50964481, -4.7577887;
 0, 0, 0, 1]
Ow:
[2.8219573;
 -1.6517811;
 4.1596494]
Keyframe: 203 Frame: 1056 Frame from vFrameID : 1057
Tcw:
[0.78878117, 0.29352537, 0.54006213, 2.8304663;
 0.20670387, 0.70077974, -0.68277466, -1.6589787;
 -0.57887632, 0.65019274, 0.49208903, 4.1611805;
 0, 0, 0, 1]
Twc:
[0.78878117, 0.20670387, -0.57887632, 0.51910758;
 0.29352537, 0.70077974, 0.65019274, -2.3738043;
 0.54006213, -0.68277466, 0.49208903, -4.7090077;
 0, 0, 0, 1]
Ow:
[2.8304663;
 -1.6589787;
 4.1611805]
Keyframe: 204 Frame: 1064 Frame from vFrameID : 1065
Tcw:
[0.78486151, 0.27416804, 0.55571961, 2.8382766;
 0.23119265, 0.70248759, -0.67309821, -1.6659013;
 -0.57492816, 0.65676713, 0.48796982, 4.1640391;
 0, 0, 0, 1]
Twc:
[0.78486151, 0.23119265, -0.57492816, 0.55151331;
 0.27416804, 0.70248759, 0.65676713, -2.342694;
 0.55571961, -0.67309821, 0.48796982, -4.7305264;
 0, 0, 0, 1]
Ow:
[2.8382766;
 -1.6659013;
 4.1640391]
Keyframe: 205 Frame: 1070 Frame from vFrameID : 1071
Tcw:
[0.80904067, 0.28748578, 0.51264524, 2.8460484;
 0.19184396, 0.69527698, -0.69266576, -1.6716231;
 -0.55556202, 0.65874261, 0.50735492, 4.1630945;
 0, 0, 0, 1]
Twc:
[0.80904067, 0.19184396, -0.55556202, 0.33097929;
 0.28748578, 0.69527698, 0.65874261, -2.3983655;
 0.51264524, -0.69266576, 0.50735492, -4.7290559;
 0, 0, 0, 1]
Ow:
[2.8460484;
 -1.6716231;
 4.1630945]
Keyframe: 206 Frame: 1078 Frame from vFrameID : 1079
Tcw:
[0.83048713, 0.29527837, 0.47233656, 2.8563502;
 0.13962722, 0.71052474, -0.68968022, -1.6773139;
 -0.53925443, 0.63872159, 0.54885274, 4.1613159;
 0, 0, 0, 1]
Twc:
[0.83048713, 0.13962722, -0.53925443, 0.10604499;
 0.29527837, 0.71052474, 0.63872159, -2.3095679;
 0.47233656, -0.68968022, 0.54885274, -4.7899189;
 0, 0, 0, 1]
Ow:
[2.8563502;
 -1.6773139;
 4.1613159]
Keyframe: 207 Frame: 1084 Frame from vFrameID : 1085
Tcw:
[0.8433612, 0.29504007, 0.44910276, 2.8626745;
 0.11766797, 0.71409178, -0.69009215, -1.6815547;
 -0.5243054, 0.63484192, 0.5675205, 4.1621661;
 0, 0, 0, 1]
Twc:
[0.8433612, 0.11766797, -0.5243054, -0.034157313;
 0.29504007, 0.71409178, 0.63484192, -2.2861369;
 0.44910276, -0.69009215, 0.5675205, -4.8081775;
 0, 0, 0, 1]
Ow:
[2.8626745;
 -1.6815547;
 4.1621661]
Keyframe: 208 Frame: 1089 Frame from vFrameID : 1090
Tcw:
[0.82675868, 0.34073654, 0.44762561, 2.8694923;
 0.12552038, 0.66390657, -0.73720598, -1.6869709;
 -0.54837459, 0.66567761, 0.50612116, 4.1641631;
 0, 0, 0, 1]
Twc:
[0.82675868, 0.12552038, -0.54837459, 0.1228928;
 0.34073654, 0.66390657, 0.66567761, -2.6297398;
 0.44762561, -0.73720598, 0.50612116, -4.6356745;
 0, 0, 0, 1]
Ow:
[2.8694923;
 -1.6869709;
 4.1641631]
Keyframe: 209 Frame: 1093 Frame from vFrameID : 1094
Tcw:
[0.83032745, 0.32187647, 0.45491958, 2.8701949;
 0.14124973, 0.66811144, -0.73053104, -1.6891254;
 -0.5390777, 0.67083728, 0.50928634, 4.1660042;
 0, 0, 0, 1]
Twc:
[0.83032745, 0.14124973, -0.5390777, 0.10118663;
 0.32187647, 0.66811144, 0.67083728, -2.590035;
 0.45491958, -0.73053104, 0.50928634, -4.6613555;
 0, 0, 0, 1]
Ow:
[2.8701949;
 -1.6891254;
 4.1660042]
Keyframe: 210 Frame: 1097 Frame from vFrameID : 1098
Tcw:
[0.80491078, 0.29950556, 0.51226467, 2.8751149;
 0.20768422, 0.66648692, -0.71600455, -1.6910403;
 -0.55586505, 0.68270904, 0.47425988, 4.1669998;
 0, 0, 0, 1]
Twc:
[0.80491078, 0.20768422, -0.55586505, 0.35328078;
 0.29950556, 0.66648692, 0.68270904, -2.5789049;
 0.51226467, -0.71600455, 0.47425988, -4.659853;
 0, 0, 0, 1]
Ow:
[2.8751149;
 -1.6910403;
 4.1669998]
Keyframe: 211 Frame: 1102 Frame from vFrameID : 1103
Tcw:
[0.77018303, 0.31850615, 0.55260468, 2.8789077;
 0.23298375, 0.66603512, -0.7086013, -1.6936505;
 -0.59374803, 0.67450058, 0.43876219, 4.1670847;
 0, 0, 0, 1]
Twc:
[0.77018303, 0.23298375, -0.59374803, 0.65150547;
 0.31850615, 0.66603512, 0.67450058, -2.5996203;
 0.55260468, -0.7086013, 0.43876219, -4.61938;
 0, 0, 0, 1]
Ow:
[2.8789077;
 -1.6936505;
 4.1670847]
Keyframe: 212 Frame: 1106 Frame from vFrameID : 1107
Tcw:
[0.76980591, 0.33830389, 0.5412479, 2.8820982;
 0.2077868, 0.6689626, -0.71366221, -1.6930642;
 -0.60350931, 0.66184556, 0.44467628, 4.1665421;
 0, 0, 0, 1]
Twc:
[0.76980591, 0.2077868, -0.60350931, 0.64768696;
 0.33830389, 0.6689626, 0.66184556, -2.6000359;
 0.5412479, -0.71366221, 0.44467628, -4.6209679;
 0, 0, 0, 1]
Ow:
[2.8820982;
 -1.6930642;
 4.1665421]
Keyframe: 213 Frame: 1111 Frame from vFrameID : 1112
Tcw:
[0.78215575, 0.35165104, 0.51436752, 2.8843544;
 0.14849225, 0.6965341, -0.70199025, -1.693767;
 -0.60513014, 0.62544531, 0.49258068, 4.1657352;
 0, 0, 0, 1]
Twc:
[0.78215575, 0.14849225, -0.60513014, 0.51630878;
 0.35165104, 0.6965341, 0.62544531, -2.4399593;
 0.51436752, -0.70199025, 0.49258068, -4.724587;
 0, 0, 0, 1]
Ow:
[2.8843544;
 -1.693767;
 4.1657352]
