Keyframe: 0 Frame: 0 Frame from vFrameID : 99
Tcw:
[0.9988026, -0.046708144, 0.014550305, 0.027599391;
 0.030207755, 0.35487145, -0.93442696, 0.02380551;
 0.038481861, 0.93374759, 0.35585749, -0.090707563;
 0, 0, 0, 1]
Twc:
[0.9988026, 0.030207755, 0.038481861, -0.024794858;
 -0.046708144, 0.35487145, 0.93374759, 0.077539191;
 0.014550305, -0.93442696, 0.35585749, 0.054121897;
 0, 0, 0, 1]
Ow:
[0.027599391;
 0.02380551;
 -0.090707563]
Keyframe: 1 Frame: 98 Frame from vFrameID : 99
Tcw:
[0.99802476, -0.062473398, 0.0066071446, 0.030385215;
 0.028569149, 0.3576813, -0.93340659, 0.027078114;
 0.05594983, 0.93175167, 0.35875961, -0.090662062;
 0, 0, 0, 1]
Twc:
[0.99802476, 0.028569149, 0.05594983, -0.026026269;
 -0.062473398, 0.3576813, 0.93175167, 0.076687463;
 0.0066071446, -0.93340659, 0.35875961, 0.057600021;
 0, 0, 0, 1]
Ow:
[0.030385215;
 0.027078114;
 -0.090662062]
Keyframe: 2 Frame: 102 Frame from vFrameID : 103
Tcw:
[0.99688709, -0.077198945, -0.016012963, 0.035054583;
 0.013122887, 0.36273688, -0.93179917, 0.029464638;
 0.077742405, 0.92868847, 0.3626208, -0.092632718;
 0, 0, 0, 1]
Twc:
[0.99688709, 0.013122887, 0.077742405, -0.028130636;
 -0.077198945, 0.36273688, 0.92868847, 0.078045204;
 -0.016012963, -0.93179917, 0.3626208, 0.061607007;
 0, 0, 0, 1]
Ow:
[0.035054583;
 0.029464638;
 -0.092632718]
Keyframe: 3 Frame: 105 Frame from vFrameID : 106
Tcw:
[0.99555254, -0.089758478, -0.028610256, 0.03427038;
 0.0058202334, 0.36171362, -0.93227112, 0.031111781;
 0.094027951, 0.92795837, 0.36062732, -0.090555497;
 0, 0, 0, 1]
Twc:
[0.99555254, 0.0058202334, 0.094027951, -0.025784295;
 -0.089758478, 0.36171362, 0.92795837, 0.075854227;
 -0.028610256, -0.93227112, 0.36062732, 0.062641881;
 0, 0, 0, 1]
Ow:
[0.03427038;
 0.031111781;
 -0.090555497]
Keyframe: 4 Frame: 107 Frame from vFrameID : 108
Tcw:
[0.99508804, -0.095077537, -0.02756989, 0.035233006;
 0.0085512623, 0.36001566, -0.93290704, 0.031285696;
 0.098624095, 0.9280889, 0.35906032, -0.089513563;
 0, 0, 0, 1]
Twc:
[0.99508804, 0.0085512623, 0.098624095, -0.026499279;
 -0.095077537, 0.36001566, 0.9280889, 0.075163074;
 -0.02756989, -0.93290704, 0.35906032, 0.062298786;
 0, 0, 0, 1]
Ow:
[0.035233006;
 0.031285696;
 -0.089513563]
Keyframe: 5 Frame: 109 Frame from vFrameID : 110
Tcw:
[0.99505568, -0.095746644, -0.026395645, 0.037178341;
 0.0094841635, 0.35615644, -0.93437821, 0.028738201;
 0.098864563, 0.92950803, 0.35530359, -0.089289412;
 0, 0, 0, 1]
Twc:
[0.99505568, 0.0094841635, 0.098864563, -0.02843952;
 -0.095746644, 0.35615644, 0.92950803, 0.076319635;
 -0.026395645, -0.93437821, 0.35530359, 0.059558544;
 0, 0, 0, 1]
Ow:
[0.037178341;
 0.028738201;
 -0.089289412]
Keyframe: 6 Frame: 111 Frame from vFrameID : 112
Tcw:
[0.99559629, -0.090207547, -0.025506772, 0.036845956;
 0.0078063565, 0.35092196, -0.93637216, 0.029131092;
 0.093418725, 0.93204957, 0.35008082, -0.088237017;
 0, 0, 0, 1]
Twc:
[0.99559629, 0.0078063565, 0.093418725, -0.028668119;
 -0.090207547, 0.35092196, 0.93204957, 0.075342312;
 -0.025506772, -0.93637216, 0.35008082, 0.059107449;
 0, 0, 0, 1]
Ow:
[0.036845956;
 0.029131092;
 -0.088237017]
Keyframe: 7 Frame: 113 Frame from vFrameID : 114
Tcw:
[0.99640912, -0.080949932, -0.024819199, 0.035859846;
 0.0051396261, 0.35041806, -0.93657929, 0.025928948;
 0.08451312, 0.9330886, 0.34957582, -0.087132946;
 0, 0, 0, 1]
Twc:
[0.99640912, 0.0051396261, 0.08451312, -0.028500462;
 -0.080949932, 0.35041806, 0.9330886, 0.075119637;
 -0.024819199, -0.93657929, 0.34957582, 0.055634096;
 0, 0, 0, 1]
Ow:
[0.035859846;
 0.025928948;
 -0.087132946]
Keyframe: 8 Frame: 115 Frame from vFrameID : 116
Tcw:
[0.99732977, -0.069591597, -0.02214485, 0.032935221;
 0.0035452931, 0.34900838, -0.93711287, 0.025082711;
 0.072943918, 0.93453205, 0.34832317, -0.08412677;
 0, 0, 0, 1]
Twc:
[0.99732977, 0.0035452931, 0.072943918, -0.02679966;
 -0.069591597, 0.34900838, 0.93453205, 0.072157107;
 -0.02214485, -0.93711287, 0.34832317, 0.053537983;
 0, 0, 0, 1]
Ow:
[0.032935221;
 0.025082711;
 -0.08412677]
Keyframe: 9 Frame: 117 Frame from vFrameID : 118
Tcw:
[0.99779636, -0.062759817, -0.021531628, 0.033500098;
 0.0017123922, 0.34876245, -0.93720961, 0.022925835;
 0.066328526, 0.93510747, 0.34810138, -0.084199905;
 0, 0, 0, 1]
Twc:
[0.99779636, 0.0017123922, 0.066328526, -0.027880678;
 -0.062759817, 0.34876245, 0.93510747, 0.072842754;
 -0.021531628, -0.93720961, 0.34810138, 0.051517729;
 0, 0, 0, 1]
Ow:
[0.033500098;
 0.022925835;
 -0.084199905]
Keyframe: 10 Frame: 120 Frame from vFrameID : 121
Tcw:
[0.99905992, -0.04025422, -0.01609146, 0.02711262;
 -0.0016374792, 0.33588162, -0.94190282, 0.017629983;
 0.043320388, 0.94104362, 0.33549994, -0.08248736;
 0, 0, 0, 1]
Twc:
[0.99905992, -0.0016374792, 0.043320388, -0.023484876;
 -0.04025422, 0.33588162, 0.94104362, 0.07279402;
 -0.01609146, -0.94190282, 0.33549994, 0.044716515;
 0, 0, 0, 1]
Ow:
[0.02711262;
 0.017629983;
 -0.08248736]
Keyframe: 11 Frame: 123 Frame from vFrameID : 124
Tcw:
[0.99941885, -0.033862658, -0.0039101997, 0.025117476;
 0.007614532, 0.33358884, -0.94268793, 0.01498249;
 0.033226319, 0.9421103, 0.33365282, -0.081673741;
 0, 0, 0, 1]
Twc:
[0.99941885, 0.007614532, 0.033226319, -0.022503244;
 -0.033862658, 0.33358884, 0.9421103, 0.072798222;
 -0.0039101997, -0.94268793, 0.33365282, 0.041472699;
 0, 0, 0, 1]
Ow:
[0.025117476;
 0.01498249;
 -0.081673741]
Keyframe: 12 Frame: 127 Frame from vFrameID : 128
Tcw:
[0.99926507, -0.023609884, 0.030198373, 0.022154301;
 0.03631198, 0.33064756, -0.94305551, 0.014595082;
 0.012280414, 0.94345891, 0.33126184, -0.080740802;
 0, 0, 0, 1]
Twc:
[0.99926507, 0.03631198, 0.012280414, -0.021676464;
 -0.023609884, 0.33064756, 0.94345891, 0.071872868;
 0.030198373, -0.94305551, 0.33126184, 0.039841298;
 0, 0, 0, 1]
Ow:
[0.022154301;
 0.014595082;
 -0.080740802]
Keyframe: 13 Frame: 133 Frame from vFrameID : 134
Tcw:
[0.99898207, -0.014649347, 0.042663403, 0.025028829;
 0.045105103, 0.33586895, -0.94082814, 0.013277022;
 -0.00054679508, 0.94179481, 0.33618784, -0.078796521;
 0, 0, 0, 1]
Twc:
[0.99898207, 0.045105103, -0.00054679508, -0.025645301;
 -0.014649347, 0.33586895, 0.94179481, 0.070117466;
 0.042663403, -0.94082814, 0.33618784, 0.037914008;
 0, 0, 0, 1]
Ow:
[0.025028829;
 0.013277022;
 -0.078796521]
Keyframe: 14 Frame: 139 Frame from vFrameID : 140
Tcw:
[0.99909908, -0.017303882, 0.038750362, 0.031973332;
 0.042327717, 0.34041893, -0.93932068, 0.0042195059;
 0.0030625381, 0.94011462, 0.34084466, -0.068622388;
 0, 0, 0, 1]
Twc:
[0.99909908, 0.042327717, 0.0030625381, -0.031912971;
 -0.017303882, 0.34041893, 0.94011462, 0.063629776;
 0.038750362, -0.93932068, 0.34084466, 0.026114067;
 0, 0, 0, 1]
Ow:
[0.031973332;
 0.0042195059;
 -0.068622388]
Keyframe: 15 Frame: 147 Frame from vFrameID : 148
Tcw:
[0.99919164, -0.022429556, 0.033361658, 0.034012459;
 0.038758997, 0.31725571, -0.94754767, 0.00083718635;
 0.010668896, 0.94807476, 0.31786859, -0.04969842;
 0, 0, 0, 1]
Twc:
[0.99919164, 0.038758997, 0.010668896, -0.033487186;
 -0.022429556, 0.31725571, 0.94807476, 0.0476151;
 0.033361658, -0.94754767, 0.31786859, 0.015456129;
 0, 0, 0, 1]
Ow:
[0.034012459;
 0.00083718635;
 -0.04969842]
Keyframe: 16 Frame: 155 Frame from vFrameID : 156
Tcw:
[0.99959511, -0.024502857, -0.014463797, 0.047325738;
 -0.0058317077, 0.32111353, -0.94702274, -0.013821911;
 0.027849283, 0.9467237, 0.32084063, -0.028562892;
 0, 0, 0, 1]
Twc:
[0.99959511, -0.0058317077, 0.027849283, -0.046591729;
 -0.024502857, 0.32111353, 0.9467237, 0.032639183;
 -0.014463797, -0.94702274, 0.32084063, -0.0032410182;
 0, 0, 0, 1]
Ow:
[0.047325738;
 -0.013821911;
 -0.028562892]
Keyframe: 17 Frame: 164 Frame from vFrameID : 165
Tcw:
[0.99959671, -0.028325748, -0.0020264287, 0.066364862;
 0.0074878247, 0.33172742, -0.94334555, -0.0070410967;
 0.02739319, 0.94294995, 0.33180574, 0.034334458;
 0, 0, 0, 1]
Twc:
[0.99959671, 0.0074878247, 0.02739319, -0.067225911;
 -0.028325748, 0.33172742, 0.94294995, -0.028160116;
 -0.0020264287, -0.94334555, 0.33180574, -0.017900074;
 0, 0, 0, 1]
Ow:
[0.066364862;
 -0.0070410967;
 0.034334458]
Keyframe: 18 Frame: 172 Frame from vFrameID : 173
Tcw:
[0.99836469, -0.053657636, 0.019718451, 0.05143876;
 0.033100922, 0.26137987, -0.96466827, -0.026072897;
 0.046607815, 0.96374345, 0.26272854, 0.065786116;
 0, 0, 0, 1]
Twc:
[0.99836469, 0.033100922, 0.046607815, -0.053557754;
 -0.053657636, 0.26137987, 0.96374345, -0.053825922;
 0.019718451, -0.96466827, 0.26272854, -0.043449879;
 0, 0, 0, 1]
Ow:
[0.05143876;
 -0.026072897;
 0.065786116]
Keyframe: 19 Frame: 181 Frame from vFrameID : 182
Tcw:
[0.99909168, -0.038073152, -0.019138075, 0.1917336;
 -0.006690593, 0.30339119, -0.95284259, 0.068004005;
 0.042084046, 0.95210516, 0.30286086, 0.19840583;
 0, 0, 0, 1]
Twc:
[0.99909168, -0.006690593, 0.042084046, -0.19945417;
 -0.038073152, 0.30339119, 0.95210516, -0.20223513;
 -0.019138075, -0.95284259, 0.30286086, 0.0083771544;
 0, 0, 0, 1]
Ow:
[0.1917336;
 0.068004005;
 0.19840583]
Keyframe: 20 Frame: 190 Frame from vFrameID : 191
Tcw:
[0.99951649, 0.0049859867, -0.03069043, 0.23644918;
 -0.030914955, 0.26478645, -0.9638114, 0.04661886;
 0.0033208593, 0.9642942, 0.26481256, 0.20757641;
 0, 0, 0, 1]
Twc:
[0.99951649, -0.030914955, 0.0033208593, -0.23558296;
 0.0049859867, 0.26478645, 0.9642942, -0.21368769;
 -0.03069043, -0.9638114, 0.26481256, -0.0027803238;
 0, 0, 0, 1]
Ow:
[0.23644918;
 0.04661886;
 0.20757641]
Keyframe: 21 Frame: 199 Frame from vFrameID : 200
Tcw:
[0.99995726, -0.0011003526, -0.0091799106, 0.23360036;
 -0.0084186941, 0.3020747, -0.95324707, 0.0061965361;
 0.0038219267, 0.95328361, 0.30205253, 0.25853202;
 0, 0, 0, 1]
Twc:
[0.99995726, -0.0084186941, 0.0038219267, -0.23452631;
 -0.0011003526, 0.3020747, 0.95328361, -0.24806911;
 -0.0091799106, -0.95324707, 0.30205253, -0.070038989;
 0, 0, 0, 1]
Ow:
[0.23360036;
 0.0061965361;
 0.25853202]
Keyframe: 22 Frame: 209 Frame from vFrameID : 210
Tcw:
[0.99900675, -0.040346917, -0.018910471, 0.26152545;
 -0.0072818832, 0.27086085, -0.96259099, -0.024094515;
 0.043959685, 0.96177262, 0.270298, 0.33212557;
 0, 0, 0, 1]
Twc:
[0.99900675, -0.0072818832, 0.043959685, -0.27604127;
 -0.040346917, 0.27086085, 0.96177262, -0.30235124;
 -0.018910471, -0.96259099, 0.270298, -0.10802047;
 0, 0, 0, 1]
Ow:
[0.26152545;
 -0.024094515;
 0.33212557]
Keyframe: 23 Frame: 218 Frame from vFrameID : 219
Tcw:
[0.99885869, -0.047372535, 0.0060912906, 0.29603833;
 0.019223297, 0.28198692, -0.95922565, -0.076663934;
 0.043723285, 0.95824802, 0.28257576, 0.42019272;
 0, 0, 0, 1]
Twc:
[0.99885869, 0.019223297, 0.043723285, -0.31259894;
 -0.047372535, 0.28198692, 0.95824802, -0.36700651;
 0.0060912906, -0.95922565, 0.28257576, -0.19407754;
 0, 0, 0, 1]
Ow:
[0.29603833;
 -0.076663934;
 0.42019272]
Keyframe: 24 Frame: 228 Frame from vFrameID : 229
Tcw:
[0.99547797, -0.094816677, -0.0057757199, 0.31096649;
 0.021930981, 0.28856093, -0.95721036, -0.041424826;
 0.092426151, 0.95275515, 0.28933549, 0.43902299;
 0, 0, 0, 1]
Twc:
[0.99547797, 0.021930981, 0.092426151, -0.34922904;
 -0.094816677, 0.28856093, 0.95275515, -0.37684301;
 -0.0057757199, -0.95721036, 0.28933549, -0.16488114;
 0, 0, 0, 1]
Ow:
[0.31096649;
 -0.041424826;
 0.43902299]
Keyframe: 25 Frame: 238 Frame from vFrameID : 239
Tcw:
[0.99496239, -0.096937202, -0.025553163, 0.35039684;
 0.0027752463, 0.28143454, -0.95957643, -0.01612103;
 0.1002102, 0.95467156, 0.28028581, 0.49600106;
 0, 0, 0, 1]
Twc:
[0.99496239, 0.0027752463, 0.1002102, -0.39829132;
 -0.096937202, 0.28143454, 0.95467156, -0.43501461;
 -0.025553163, -0.95957643, 0.28028581, -0.14553767;
 0, 0, 0, 1]
Ow:
[0.35039684;
 -0.01612103;
 0.49600106]
Keyframe: 26 Frame: 248 Frame from vFrameID : 249
Tcw:
[0.99598813, -0.088128924, -0.015522772, 0.34739816;
 0.0097133853, 0.27891433, -0.96026689, 0.028245144;
 0.088956811, 0.9562636, 0.27865139, 0.53317285;
 0, 0, 0, 1]
Twc:
[0.99598813, 0.0097133853, 0.088956811, -0.39370814;
 -0.088128924, 0.27891433, 0.9562636, -0.48711595;
 -0.015522772, -0.96026689, 0.27865139, -0.11605389;
 0, 0, 0, 1]
Ow:
[0.34739816;
 0.028245144;
 0.53317285]
Keyframe: 27 Frame: 258 Frame from vFrameID : 259
Tcw:
[0.99681479, -0.076944038, 0.020974228, 0.38913426;
 0.043540496, 0.3047139, -0.9514482, -0.046125188;
 0.066817127, 0.94933087, 0.3070935, 0.57130682;
 0, 0, 0, 1]
Twc:
[0.99681479, 0.043540496, 0.066817127, -0.42405954;
 -0.076944038, 0.3047139, 0.94933087, -0.4983626;
 0.020974228, -0.9514482, 0.3070935, -0.22749212;
 0, 0, 0, 1]
Ow:
[0.38913426;
 -0.046125188;
 0.57130682]
Keyframe: 28 Frame: 267 Frame from vFrameID : 268
Tcw:
[0.99437314, -0.10569207, 0.0071587274, 0.37841615;
 0.036766514, 0.28095096, -0.95901763, -0.14887252;
 0.099349305, 0.95388454, 0.28325602, 0.6619758;
 0, 0, 0, 1]
Twc:
[0.99437314, 0.036766514, 0.099349305, -0.43658018;
 -0.10569207, 0.28095096, 0.95388454, -0.54962701;
 0.0071587274, -0.95901763, 0.28325602, -0.33298895;
 0, 0, 0, 1]
Ow:
[0.37841615;
 -0.14887252;
 0.6619758]
Keyframe: 29 Frame: 275 Frame from vFrameID : 276
Tcw:
[0.99606413, -0.08731135, -0.01526395, 0.42157635;
 0.010248524, 0.28450495, -0.95861977, -0.1194831;
 0.08804106, 0.95469034, 0.28427997, 0.69995469;
 0, 0, 0, 1]
Twc:
[0.99606413, 0.010248524, 0.08804106, -0.48031732;
 -0.08731135, 0.28450495, 0.95469034, -0.59743804;
 -0.01526395, -0.95861977, 0.28427997, -0.30708703;
 0, 0, 0, 1]
Ow:
[0.42157635;
 -0.1194831;
 0.69995469]
Keyframe: 30 Frame: 283 Frame from vFrameID : 284
Tcw:
[0.99730402, -0.072852701, -0.0087815849, 0.44229442;
 0.012714925, 0.28942832, -0.95711523, -0.11936679;
 0.072270073, 0.95442325, 0.28957435, 0.74905068;
 0, 0, 0, 1]
Twc:
[0.99730402, 0.012714925, 0.072270073, -0.49371827;
 -0.072852701, 0.28942832, 0.95442325, -0.64814091;
 -0.0087815849, -0.95711523, 0.28957435, -0.32726958;
 0, 0, 0, 1]
Ow:
[0.44229442;
 -0.11936679;
 0.74905068]
Keyframe: 31 Frame: 292 Frame from vFrameID : 293
Tcw:
[0.99693358, -0.067299597, 0.039926887, 0.47250912;
 0.057312917, 0.2805725, -0.95812017, -0.16349274;
 0.053278718, 0.95747054, 0.28356931, 0.80116332;
 0, 0, 0, 1]
Twc:
[0.99693358, 0.057312917, 0.053278718, -0.50437492;
 -0.067299597, 0.2805725, 0.95747054, -0.68941903;
 0.039926887, -0.95812017, 0.28356931, -0.40269682;
 0, 0, 0, 1]
Ow:
[0.47250912;
 -0.16349274;
 0.80116332]
Keyframe: 32 Frame: 301 Frame from vFrameID : 302
Tcw:
[0.99664801, -0.077778272, 0.025363324, 0.51329821;
 0.048167631, 0.30729696, -0.95039386, -0.17787448;
 0.066125922, 0.94842982, 0.31001329, 0.81535584;
 0, 0, 0, 1]
Twc:
[0.99664801, 0.048167631, 0.066125922, -0.55692601;
 -0.077778272, 0.30729696, 0.94842982, -0.67872405;
 0.025363324, -0.95039386, 0.31001329, -0.43484089;
 0, 0, 0, 1]
Ow:
[0.51329821;
 -0.17787448;
 0.81535584]
Keyframe: 33 Frame: 309 Frame from vFrameID : 310
Tcw:
[0.99360096, -0.11275882, 0.0065214201, 0.47166726;
 0.040941797, 0.30575383, -0.95122993, -0.17892474;
 0.10526562, 0.94541001, 0.30841383, 0.85969949;
 0, 0, 0, 1]
Twc:
[0.99360096, 0.040941797, 0.10526562, -0.55182034;
 -0.11275882, 0.30575383, 0.94541001, -0.7048769;
 0.0065214201, -0.95122993, 0.30841383, -0.43841773;
 0, 0, 0, 1]
Ow:
[0.47166726;
 -0.17892474;
 0.85969949]
Keyframe: 34 Frame: 318 Frame from vFrameID : 319
Tcw:
[0.99571639, -0.091430292, -0.013761132, 0.49009183;
 0.013894842, 0.29511204, -0.9553616, -0.16780876;
 0.091410063, 0.951078, 0.2951183, 0.90233606;
 0, 0, 0, 1]
Twc:
[0.99571639, 0.013894842, 0.091410063, -0.56814343;
 -0.091430292, 0.29511204, 0.951078, -0.7638604;
 -0.013761132, -0.9553616, 0.2951183, -0.41986975;
 0, 0, 0, 1]
Ow:
[0.49009183;
 -0.16780876;
 0.90233606]
Keyframe: 35 Frame: 327 Frame from vFrameID : 328
Tcw:
[0.99672198, -0.076044604, 0.027613765, 0.46258304;
 0.047678132, 0.27636749, -0.95986861, -0.12746814;
 0.065361284, 0.95803875, 0.27908722, 0.98413974;
 0, 0, 0, 1]
Twc:
[0.99672198, 0.047678132, 0.065361284, -0.51931387;
 -0.076044604, 0.27636749, 0.95803875, -0.87243903;
 0.027613765, -0.95986861, 0.27908722, -0.40978718;
 0, 0, 0, 1]
Ow:
[0.46258304;
 -0.12746814;
 0.98413974]
Keyframe: 36 Frame: 337 Frame from vFrameID : 338
Tcw:
[0.99687898, -0.077365793, 0.015712503, 0.54672056;
 0.036795393, 0.27924725, -0.95951396, -0.17944145;
 0.069845885, 0.95709741, 0.28122243, 1.0842698;
 0, 0, 0, 1]
Twc:
[0.99687898, 0.036795393, 0.069845885, -0.61414343;
 -0.077365793, 0.27924725, 0.95709741, -0.94534588;
 0.015712503, -0.95951396, 0.28122243, -0.48568791;
 0, 0, 0, 1]
Ow:
[0.54672056;
 -0.17944145;
 1.0842698]
Keyframe: 37 Frame: 346 Frame from vFrameID : 347
Tcw:
[0.99113232, -0.12517735, -0.044580296, 0.56380981;
 -0.0026260749, 0.31697804, -0.94842923, -0.19431224;
 0.13285284, 0.94013596, 0.31383842, 1.0981036;
 0, 0, 0, 1]
Twc:
[0.99113232, -0.0026260749, 0.13285284, -0.70520657;
 -0.12517735, 0.31697804, 0.94013596, -0.90019774;
 -0.044580296, -0.94842923, 0.31383842, -0.50378376;
 0, 0, 0, 1]
Ow:
[0.56380981;
 -0.19431224;
 1.0981036]
Keyframe: 38 Frame: 355 Frame from vFrameID : 356
Tcw:
[0.99534982, -0.096093558, -0.0066903285, 0.54174811;
 0.024344077, 0.31814304, -0.94773012, -0.18143821;
 0.093199238, 0.94316012, 0.31900293, 1.1251588;
 0, 0, 0, 1]
Twc:
[0.99534982, 0.024344077, 0.093199238, -0.63967592;
 -0.096093558, 0.31814304, 0.94316012, -0.95142317;
 -0.0066903285, -0.94773012, 0.31900293, -0.52725893;
 0, 0, 0, 1]
Ow:
[0.54174811;
 -0.18143821;
 1.1251588]
Keyframe: 39 Frame: 364 Frame from vFrameID : 365
Tcw:
[0.99572253, -0.086547256, 0.032346025, 0.59348398;
 0.05651759, 0.29358914, -0.95425951, -0.1783579;
 0.073092103, 0.95200574, 0.29722476, 1.2196748;
 0, 0, 0, 1]
Twc:
[0.99572253, 0.05651759, 0.073092103, -0.67001355;
 -0.086547256, 0.29358914, 0.95200574, -1.057409;
 0.032346025, -0.95425951, 0.29722476, -0.5519141;
 0, 0, 0, 1]
Ow:
[0.59348398;
 -0.1783579;
 1.2196748]
Keyframe: 40 Frame: 374 Frame from vFrameID : 375
Tcw:
[0.99610162, -0.068559267, 0.05550801, 0.59883183;
 0.073808804, 0.30315527, -0.95007849, -0.19158098;
 0.048309136, 0.95047176, 0.30703375, 1.2223816;
 0, 0, 0, 1]
Twc:
[0.99610162, 0.073808804, 0.048309136, -0.64140928;
 -0.068559267, 0.30315527, 0.95047176, -1.0627048;
 0.05550801, -0.95007849, 0.30703375, -0.59056932;
 0, 0, 0, 1]
Ow:
[0.59883183;
 -0.19158098;
 1.2223816]
Keyframe: 41 Frame: 383 Frame from vFrameID : 384
Tcw:
[0.9980247, -0.05753319, 0.025231827, 0.65036339;
 0.040340669, 0.27901426, -0.95943928, -0.18521857;
 0.048159558, 0.95856196, 0.28078404, 1.3076999;
 0, 0, 0, 1]
Twc:
[0.9980247, 0.040340669, 0.048159558, -0.70458513;
 -0.05753319, 0.27901426, 0.95856196, -1.1644151;
 0.025231827, -0.95943928, 0.28078404, -0.561297;
 0, 0, 0, 1]
Ow:
[0.65036339;
 -0.18521857;
 1.3076999]
Keyframe: 42 Frame: 392 Frame from vFrameID : 393
Tcw:
[0.99828726, -0.055297922, 0.019097915, 0.67283797;
 0.034511387, 0.29304308, -0.95547616, -0.19855234;
 0.047239333, 0.95449877, 0.29444957, 1.3431017;
 0, 0, 0, 1]
Twc:
[0.99828726, 0.034511387, 0.047239333, -0.72828048;
 -0.055297922, 0.29304308, 0.95449877, -1.1865981;
 0.019097915, -0.95547616, 0.29444957, -0.5980376;
 0, 0, 0, 1]
Ow:
[0.67283797;
 -0.19855234;
 1.3431017]
Keyframe: 43 Frame: 402 Frame from vFrameID : 403
Tcw:
[0.99487525, -0.057381045, 0.08325018, 0.68251932;
 0.096288465, 0.28646353, -0.95324033, -0.22443727;
 0.030849788, 0.95637131, 0.29052061, 1.3763045;
 0, 0, 0, 1]
Twc:
[0.99487525, 0.096288465, 0.030849788, -0.69986963;
 -0.057381045, 0.28646353, 0.95637131, -1.2128013;
 0.08325018, -0.95324033, 0.29052061, -0.67060733;
 0, 0, 0, 1]
Ow:
[0.68251932;
 -0.22443727;
 1.3763045]
Keyframe: 44 Frame: 411 Frame from vFrameID : 412
Tcw:
[0.99422765, -0.070515826, 0.080863558, 0.72194785;
 0.099091187, 0.31452295, -0.94406366, -0.24721986;
 0.041137982, 0.94662708, 0.31969491, 1.4083076;
 0, 0, 0, 1]
Twc:
[0.99422765, 0.099091187, 0.041137982, -0.75121814;
 -0.070515826, 0.31452295, 0.94662708, -1.2044771;
 0.080863558, -0.94406366, 0.31969491, -0.74199939;
 0, 0, 0, 1]
Ow:
[0.72194785;
 -0.24721986;
 1.4083076]
Keyframe: 45 Frame: 421 Frame from vFrameID : 422
Tcw:
[0.99636376, -0.074651837, 0.041064873, 0.74849212;
 0.062808, 0.31787899, -0.94604868, -0.26725245;
 0.057570614, 0.94518787, 0.32141185, 1.4692183;
 0, 0, 0, 1]
Twc:
[0.99636376, 0.062808, 0.057570614, -0.81356865;
 -0.074651837, 0.31787899, 0.94518787, -1.247857;
 0.041064873, -0.94604868, 0.32141185, -0.7557947;
 0, 0, 0, 1]
Ow:
[0.74849212;
 -0.26725245;
 1.4692183]
Keyframe: 46 Frame: 430 Frame from vFrameID : 431
Tcw:
[0.99746305, -0.05805428, 0.041197255, 0.79387939;
 0.05797141, 0.32657748, -0.94339097, -0.24031639;
 0.041313786, 0.94338584, 0.32911444, 1.5273117;
 0, 0, 0, 1]
Twc:
[0.99746305, 0.05797141, 0.041313786, -0.84103286;
 -0.05805428, 0.32657748, 0.94338584, -1.3162742;
 0.041197255, -0.94339097, 0.32911444, -0.76207829;
 0, 0, 0, 1]
Ow:
[0.79387939;
 -0.24031639;
 1.5273117]
Keyframe: 47 Frame: 440 Frame from vFrameID : 441
Tcw:
[0.99604523, -0.039021786, 0.079819448, 0.80540103;
 0.08805605, 0.3139357, -0.94535208, -0.29470381;
 0.011831151, 0.94864202, 0.31613028, 1.5683007;
 0, 0, 0, 1]
Twc:
[0.99604523, 0.08805605, 0.011831151, -0.79482025;
 -0.039021786, 0.3139357, 0.94864202, -1.3638097;
 0.079819448, -0.94535208, 0.31613028, -0.83867282;
 0, 0, 0, 1]
Ow:
[0.80540103;
 -0.29470381;
 1.5683007]
Keyframe: 48 Frame: 448 Frame from vFrameID : 449
Tcw:
[0.99738163, -0.044141799, 0.057283327, 0.83626556;
 0.068177037, 0.30974129, -0.94837344, -0.3007842;
 0.024119901, 0.94979566, 0.31193975, 1.6009922;
 0, 0, 0, 1]
Twc:
[0.99738163, 0.068177037, 0.024119901, -0.85218513;
 -0.044141799, 0.30974129, 0.94979566, -1.390536;
 0.057283327, -0.94837344, 0.31193975, -0.83257294;
 0, 0, 0, 1]
Ow:
[0.83626556;
 -0.3007842;
 1.6009922]
Keyframe: 49 Frame: 457 Frame from vFrameID : 458
Tcw:
[0.99845332, -0.029631162, 0.047041636, 0.83326602;
 0.054151911, 0.32672429, -0.9435671, -0.30915201;
 0.012589344, 0.94465506, 0.32782352, 1.6377875;
 0, 0, 0, 1]
Twc:
[0.99845332, 0.054151911, 0.012589344, -0.83585477;
 -0.029631162, 0.32672429, 0.94465506, -1.4214463;
 0.047041636, -0.9435671, 0.32782352, -0.86780912;
 0, 0, 0, 1]
Ow:
[0.83326602;
 -0.30915201;
 1.6377875]
Keyframe: 50 Frame: 466 Frame from vFrameID : 467
Tcw:
[0.99671781, -0.01377279, 0.079774261, 0.84288144;
 0.079903759, 0.32561943, -0.94211859, -0.3185814;
 -0.013000448, 0.9454006, 0.3256512, 1.6736321;
 0, 0, 0, 1]
Twc:
[0.99671781, 0.079903759, -0.013000448, -0.7929011;
 -0.01377279, 0.32561943, 0.9454006, -1.4669076;
 0.079774261, -0.94211859, 0.3256512, -0.91240197;
 0, 0, 0, 1]
Ow:
[0.84288144;
 -0.3185814;
 1.6736321]
Keyframe: 51 Frame: 476 Frame from vFrameID : 477
Tcw:
[0.9963246, -0.031352088, 0.079714142, 0.86874127;
 0.085597247, 0.32935843, -0.94031703, -0.31567109;
 0.0032263789, 0.94368428, 0.33083156, 1.7324082;
 0, 0, 0, 1]
Twc:
[0.9963246, 0.085597247, 0.0032263789, -0.84411711;
 -0.031352088, 0.32935843, 0.94368428, -1.5036407;
 0.079714142, -0.94031703, 0.33083156, -0.93921715;
 0, 0, 0, 1]
Ow:
[0.86874127;
 -0.31567109;
 1.7324082]
Keyframe: 52 Frame: 486 Frame from vFrameID : 487
Tcw:
[0.99959868, -0.024855498, 0.013589035, 0.9062447;
 0.020921407, 0.32434511, -0.94570744, -0.2982229;
 0.019098492, 0.94561219, 0.32473496, 1.7801284;
 0, 0, 0, 1]
Twc:
[0.99959868, 0.020921407, 0.019098492, -0.93363953;
 -0.024855498, 0.32434511, 0.94561219, -1.5640589;
 0.013589035, -0.94570744, 0.32473496, -0.8724165;
 0, 0, 0, 1]
Ow:
[0.9062447;
 -0.2982229;
 1.7801284]
Keyframe: 53 Frame: 494 Frame from vFrameID : 495
Tcw:
[0.99853671, -0.047788609, 0.025311792, 0.92721516;
 0.040041059, 0.33875993, -0.94002044, -0.34692281;
 0.036347646, 0.9396584, 0.34017771, 1.8008128;
 0, 0, 0, 1]
Twc:
[0.99853671, 0.040041059, 0.036347646, -0.97742254;
 -0.047788609, 0.33875993, 0.9396584, -1.5303152;
 0.025311792, -0.94002044, 0.34017771, -0.96218038;
 0, 0, 0, 1]
Ow:
[0.92721516;
 -0.34692281;
 1.8008128]
Keyframe: 54 Frame: 503 Frame from vFrameID : 504
Tcw:
[0.99801016, -0.052769184, 0.034512147, 0.96016788;
 0.049527865, 0.31733835, -0.94701815, -0.3370077;
 0.039021347, 0.94684309, 0.31932044, 1.8731031;
 0, 0, 0, 1]
Twc:
[0.99801016, 0.049527865, 0.039021347, -1.0146571;
 -0.052769184, 0.31733835, 0.94684309, -1.615922;
 0.034512147, -0.94701815, 0.31932044, -0.95041001;
 0, 0, 0, 1]
Ow:
[0.96016788;
 -0.3370077;
 1.8731031]
Keyframe: 55 Frame: 512 Frame from vFrameID : 513
Tcw:
[0.9952479, -0.067675434, 0.070012055, 0.94112176;
 0.087792404, 0.31262526, -0.94581074, -0.31166172;
 0.042120613, 0.94746268, 0.31708103, 1.9499876;
 0, 0, 0, 1]
Twc:
[0.9952479, 0.087792404, 0.042120613, -0.99142253;
 -0.067675434, 0.31262526, 0.94746268, -1.6864163;
 0.070012055, -0.94581074, 0.31708103, -0.97896689;
 0, 0, 0, 1]
Ow:
[0.94112176;
 -0.31166172;
 1.9499876]
Keyframe: 56 Frame: 520 Frame from vFrameID : 521
Tcw:
[0.99781227, -0.060999382, 0.025490763, 0.97770691;
 0.043251142, 0.31069878, -0.94952387, -0.30883533;
 0.050000422, 0.94854909, 0.31265733, 1.974347;
 0, 0, 0, 1]
Twc:
[0.99781227, 0.043251142, 0.050000422, -1.0609286;
 -0.060999382, 0.31069878, 0.94854909, -1.7171707;
 0.025490763, -0.94952387, 0.31265733, -0.93546313;
 0, 0, 0, 1]
Ow:
[0.97770691;
 -0.30883533;
 1.974347]
Keyframe: 57 Frame: 530 Frame from vFrameID : 531
Tcw:
[0.99805945, -0.061980877, 0.0059711947, 1.0023817;
 0.024994759, 0.31095141, -0.95009708, -0.32034767;
 0.057031102, 0.94840264, 0.31189719, 2.0219035;
 0, 0, 0, 1]
Twc:
[0.99805945, 0.024994759, 0.057031102, -1.1077409;
 -0.061980877, 0.31095141, 0.94840264, -1.7558376;
 0.0059711947, -0.95009708, 0.31189719, -0.94097286;
 0, 0, 0, 1]
Ow:
[1.0023817;
 -0.32034767;
 2.0219035]
Keyframe: 58 Frame: 540 Frame from vFrameID : 541
Tcw:
[0.9976896, -0.064307161, 0.021910727, 1.0278596;
 0.040039074, 0.29602051, -0.95434207, -0.3510465;
 0.054885007, 0.95301437, 0.29791138, 2.0425301;
 0, 0, 0, 1]
Twc:
[0.9976896, 0.040039074, 0.054885007, -1.1235335;
 -0.064307161, 0.29602051, 0.95301437, -1.776545;
 0.021910727, -0.95434207, 0.29791138, -0.96603256;
 0, 0, 0, 1]
Ow:
[1.0278596;
 -0.3510465;
 2.0425301]
Keyframe: 59 Frame: 550 Frame from vFrameID : 551
Tcw:
[0.9973585, -0.063154273, 0.035882235, 1.0615315;
 0.054086726, 0.31597799, -0.9472236, -0.3471691;
 0.048483223, 0.94666225, 0.31855914, 2.0886762;
 0, 0, 0, 1]
Twc:
[0.9973585, 0.054086726, 0.048483223, -1.141216;
 -0.063154273, 0.31597799, 0.94666225, -1.8005329;
 0.035882235, -0.9472236, 0.31855914, -1.0323038;
 0, 0, 0, 1]
Ow:
[1.0615315;
 -0.3471691;
 2.0886762]
Keyframe: 60 Frame: 558 Frame from vFrameID : 559
Tcw:
[0.99854344, -0.053639933, -0.0058112429, 1.0727222;
 0.011156477, 0.31065595, -0.95045698, -0.31264377;
 0.052787744, 0.94900769, 0.31080189, 2.1065648;
 0, 0, 0, 1]
Twc:
[0.99854344, 0.011156477, 0.052787744, -1.1788726;
 -0.053639933, 0.31065595, 0.94900769, -1.8444809;
 -0.0058112429, -0.95045698, 0.31080189, -0.94564486;
 0, 0, 0, 1]
Ow:
[1.0727222;
 -0.31264377;
 2.1065648]
Keyframe: 61 Frame: 566 Frame from vFrameID : 567
Tcw:
[0.99888843, -0.046968013, 0.0039860457, 1.0787344;
 0.017930094, 0.30039346, -0.95364684, -0.31300354;
 0.043593515, 0.95265824, 0.30090171, 2.1501651;
 0, 0, 0, 1]
Twc:
[0.99888843, 0.017930094, 0.043593515, -1.1656564;
 -0.046968013, 0.30039346, 0.95265824, -1.9036822;
 0.0039860457, -0.95364684, 0.30090171, -0.94978297;
 0, 0, 0, 1]
Ow:
[1.0787344;
 -0.31300354;
 2.1501651]
Keyframe: 62 Frame: 574 Frame from vFrameID : 575
Tcw:
[0.99895781, -0.036288019, 0.027686162, 1.0893019;
 0.036873814, 0.28410903, -0.95808268, -0.3086108;
 0.026901035, 0.95810503, 0.285151, 2.1914108;
 0, 0, 0, 1]
Twc:
[0.99895781, 0.036873814, 0.026901035, -1.1357381;
 -0.036288019, 0.28410903, 0.95810503, -1.9723939;
 0.027686162, -0.95808268, 0.285151, -0.9507162;
 0, 0, 0, 1]
Ow:
[1.0893019;
 -0.3086108;
 2.1914108]
Keyframe: 63 Frame: 582 Frame from vFrameID : 583
Tcw:
[0.99761581, -0.035288393, 0.05930819, 1.1116955;
 0.067427576, 0.31527624, -0.94660151, -0.32403439;
 0.014705583, 0.94834363, 0.31690398, 2.2237589;
 0, 0, 0, 1]
Twc:
[0.99761581, 0.067427576, 0.014705583, -1.1198978;
 -0.035288393, 0.31527624, 0.94834363, -1.9674973;
 0.05930819, -0.94660151, 0.31690398, -1.0773822;
 0, 0, 0, 1]
Ow:
[1.1116955;
 -0.32403439;
 2.2237589]
Keyframe: 64 Frame: 590 Frame from vFrameID : 591
Tcw:
[0.99888521, -0.0400705, 0.024954693, 1.1371807;
 0.035979249, 0.30403203, -0.95198214, -0.2995643;
 0.030559374, 0.9518187, 0.3051348, 2.3025997;
 0, 0, 0, 1]
Twc:
[0.99888521, 0.035979249, 0.030559374, -1.1955009;
 -0.0400705, 0.30403203, 0.9518187, -2.0550129;
 0.024954693, -0.95198214, 0.3051348, -1.0161612;
 0, 0, 0, 1]
Ow:
[1.1371807;
 -0.2995643;
 2.3025997]
Keyframe: 65 Frame: 598 Frame from vFrameID : 599
Tcw:
[0.99922025, -0.037883312, 0.011124828, 1.1613744;
 0.022752764, 0.32221475, -0.94639313, -0.30295944;
 0.032267924, 0.94590831, 0.32282546, 2.3604596;
 0, 0, 0, 1]
Twc:
[0.99922025, 0.022752764, 0.032267924, -1.2297428;
 -0.037883312, 0.32221475, 0.94590831, -2.0911636;
 0.011124828, -0.94639313, 0.32282546, -1.0616553;
 0, 0, 0, 1]
Ow:
[1.1613744;
 -0.30295944;
 2.3604596]
Keyframe: 66 Frame: 607 Frame from vFrameID : 608
Tcw:
[0.99973065, -0.010134987, 0.020878516, 1.1928344;
 0.022949956, 0.29783177, -0.95434248, -0.31563485;
 0.003453963, 0.95456457, 0.29798415, 2.4088984;
 0, 0, 0, 1]
Twc:
[0.99973065, 0.022949956, 0.003453963, -1.1935894;
 -0.010134987, 0.29783177, 0.95456457, -2.1933537;
 0.020878516, -0.95434248, 0.29798415, -1.0439419;
 0, 0, 0, 1]
Ow:
[1.1928344;
 -0.31563485;
 2.4088984]
Keyframe: 67 Frame: 615 Frame from vFrameID : 616
Tcw:
[0.99892914, -0.017585067, 0.042794239, 1.2230963;
 0.046148732, 0.31278011, -0.94870383, -0.3211931;
 0.0032978335, 0.94966274, 0.31325668, 2.4810882;
 0, 0, 0, 1]
Twc:
[0.99892914, 0.046148732, 0.0032978335, -1.2151461;
 -0.017585067, 0.31278011, 0.94966274, -2.2342262;
 0.042794239, -0.94870383, 0.31325668, -1.1342762;
 0, 0, 0, 1]
Ow:
[1.2230963;
 -0.3211931;
 2.4810882]
Keyframe: 68 Frame: 623 Frame from vFrameID : 624
Tcw:
[0.99951088, -0.020534277, -0.023586303, 1.2945082;
 -0.016817557, 0.28293028, -0.95899302, -0.20605248;
 0.026365509, 0.95892066, 0.28244659, 2.5773864;
 0, 0, 0, 1]
Twc:
[0.99951088, -0.016817557, 0.026365509, -1.3652945;
 -0.020534277, 0.28293028, 0.95892066, -2.3866286;
 -0.023586303, -0.95899302, 0.28244659, -0.89504415;
 0, 0, 0, 1]
Ow:
[1.2945082;
 -0.20605248;
 2.5773864]
Keyframe: 69 Frame: 631 Frame from vFrameID : 632
Tcw:
[0.99816203, -0.046996992, -0.03826094, 1.2805582;
 -0.023569508, 0.28058594, -0.95953947, -0.27602559;
 0.055830952, 0.95867765, 0.27896255, 2.665612;
 0, 0, 0, 1]
Twc:
[0.99816203, -0.023569508, 0.055830952, -1.4335339;
 -0.046996992, 0.28058594, 0.95867765, -2.4178314;
 -0.03826094, -0.95953947, 0.27896255, -0.95946801;
 0, 0, 0, 1]
Ow:
[1.2805582;
 -0.27602559;
 2.665612]
Keyframe: 70 Frame: 639 Frame from vFrameID : 640
Tcw:
[0.99899882, -0.03728598, -0.024719914, 1.3021717;
 -0.013899119, 0.26653451, -0.96372515, -0.26483238;
 0.042522147, 0.96310389, 0.26574942, 2.6757751;
 0, 0, 0, 1]
Twc:
[0.99899882, -0.013899119, 0.042522147, -1.4183288;
 -0.03728598, 0.26653451, 0.96310389, -2.4579096;
 -0.024719914, -0.96372515, 0.26574942, -0.93412167;
 0, 0, 0, 1]
Ow:
[1.3021717;
 -0.26483238;
 2.6757751]
Keyframe: 71 Frame: 647 Frame from vFrameID : 648
Tcw:
[0.99881876, -0.048445258, -0.0037552032, 1.3531296;
 0.010561378, 0.29188332, -0.95639563, -0.26552534;
 0.047428913, 0.95522624, 0.29205018, 2.7501714;
 0, 0, 0, 1]
Twc:
[0.99881876, 0.010561378, 0.047428913, -1.4791647;
 -0.048445258, 0.29188332, 0.95522624, -2.4839809;
 -0.0037552032, -0.95639563, 0.29205018, -1.052054;
 0, 0, 0, 1]
Ow:
[1.3531296;
 -0.26552534;
 2.7501714]
Keyframe: 72 Frame: 655 Frame from vFrameID : 656
Tcw:
[0.99765712, -0.063652977, -0.02507038, 1.3760276;
 -0.0061403941, 0.2816655, -0.95949304, -0.29540592;
 0.068136044, 0.95739901, 0.28061473, 2.8064492;
 0, 0, 0, 1]
Twc:
[0.99765712, -0.0061403941, 0.068136044, -1.565838;
 -0.063652977, 0.2816655, 0.95739901, -2.5160978;
 -0.02507038, -0.95949304, 0.28061473, -1.0364734;
 0, 0, 0, 1]
Ow:
[1.3760276;
 -0.29540592;
 2.8064492]
Keyframe: 73 Frame: 663 Frame from vFrameID : 664
Tcw:
[0.99788684, -0.056701366, -0.031729516, 1.3698355;
 -0.014363987, 0.28373969, -0.95879376, -0.32179987;
 0.063367836, 0.95722347, 0.28232566, 2.8658769;
 0, 0, 0, 1]
Twc:
[0.99788684, -0.014363987, 0.063367836, -1.5531676;
 -0.056701366, 0.28373969, 0.95722347, -2.5743055;
 -0.031729516, -0.95879376, 0.28232566, -1.074186;
 0, 0, 0, 1]
Ow:
[1.3698355;
 -0.32179987;
 2.8658769]
Keyframe: 74 Frame: 671 Frame from vFrameID : 672
Tcw:
[0.99793363, -0.064249419, -0.00070221588, 1.4079567;
 0.017309552, 0.27934781, -0.96003395, -0.31058359;
 0.061877787, 0.95803797, 0.2798827, 2.947468;
 0, 0, 0, 1]
Twc:
[0.99793363, 0.017309552, 0.061877787, -1.582054;
 -0.064249419, 0.27934781, 0.95803797, -2.6465652;
 -0.00070221588, -0.96003395, 0.2798827, -1.1221274;
 0, 0, 0, 1]
Ow:
[1.4079567;
 -0.31058359;
 2.947468]
Keyframe: 75 Frame: 679 Frame from vFrameID : 680
Tcw:
[0.99905074, -0.030598294, 0.031005532, 1.440029;
 0.038374141, 0.28133205, -0.95884287, -0.32649934;
 0.020616107, 0.95912254, 0.28223917, 2.9652364;
 0, 0, 0, 1]
Twc:
[0.99905074, 0.038374141, 0.020616107, -1.4872645;
 -0.030598294, 0.28133205, 0.95912254, -2.7081079;
 0.031005532, -0.95884287, 0.28223917, -1.1946164;
 0, 0, 0, 1]
Ow:
[1.440029;
 -0.32649934;
 2.9652364]
Keyframe: 76 Frame: 687 Frame from vFrameID : 688
Tcw:
[0.99846202, -0.054404199, 0.01066624, 1.4686335;
 0.025854921, 0.28675309, -0.95765555, -0.35501242;
 0.049041908, 0.95645851, 0.28771868, 3.0043387;
 0, 0, 0, 1]
Twc:
[0.99846202, 0.025854921, 0.049041908, -1.6045345;
 -0.054404199, 0.28675309, 0.95645851, -2.6918247;
 0.01066624, -0.95765555, 0.28771868, -1.2200489;
 0, 0, 0, 1]
Ow:
[1.4686335;
 -0.35501242;
 3.0043387]
Keyframe: 77 Frame: 695 Frame from vFrameID : 696
Tcw:
[0.99897504, -0.042934094, -0.014337498, 1.4751279;
 -0.0011221826, 0.29315907, -0.95606303, -0.38352942;
 0.045250867, 0.95509917, 0.29281041, 3.0455837;
 0, 0, 0, 1]
Twc:
[0.99897504, -0.0011221826, 0.045250867, -1.6118617;
 -0.042934094, 0.29315907, 0.95509917, -2.7330661;
 -0.014337498, -0.95606303, 0.29281041, -1.2373072;
 0, 0, 0, 1]
Ow:
[1.4751279;
 -0.38352942;
 3.0455837]
Keyframe: 78 Frame: 703 Frame from vFrameID : 704
Tcw:
[0.99939585, -0.03459736, 0.0033061686, 1.5053991;
 0.013082548, 0.28635782, -0.95803344, -0.39827299;
 0.032198679, 0.95749789, 0.28663743, 3.0706091;
 0, 0, 0, 1]
Twc:
[0.99939585, 0.013082548, 0.032198679, -1.5981487;
 -0.03459736, 0.28635782, 0.95749789, -2.7739704;
 0.0033061686, -0.95803344, 0.28663743, -1.2666875;
 0, 0, 0, 1]
Ow:
[1.5053991;
 -0.39827299;
 3.0706091]
Keyframe: 79 Frame: 711 Frame from vFrameID : 712
Tcw:
[0.99643672, -0.021088278, 0.081665151, 1.4618039;
 0.08423049, 0.29901955, -0.95052224, -0.33886319;
 -0.0043745995, 0.95401394, 0.29973033, 3.1211083;
 0, 0, 0, 1]
Twc:
[0.99643672, 0.08423049, -0.0043745995, -1.4143989;
 -0.021088278, 0.29901955, 0.95401394, -2.8454273;
 0.081665151, -0.95052224, 0.29973033, -1.3769662;
 0, 0, 0, 1]
Ow:
[1.4618039;
 -0.33886319;
 3.1211083]
Keyframe: 80 Frame: 719 Frame from vFrameID : 720
Tcw:
[0.99847013, -0.021187443, 0.051073384, 1.4365728;
 0.054915115, 0.27206424, -0.96071088, -0.34650081;
 0.0064597665, 0.96204579, 0.27281153, 3.2328854;
 0, 0, 0, 1]
Twc:
[0.99847013, 0.054915115, 0.0064597665, -1.4362305;
 -0.021187443, 0.27206424, 0.96204579, -2.985476;
 0.051073384, -0.96071088, 0.27281153, -1.2882261;
 0, 0, 0, 1]
Ow:
[1.4365728;
 -0.34650081;
 3.2328854]
Keyframe: 81 Frame: 727 Frame from vFrameID : 728
Tcw:
[0.99973816, 0.0044022952, -0.022455912, 1.5107845;
 -0.022793222, 0.27858627, -0.96014071, -0.35470319;
 0.0020290862, 0.96040112, 0.27861369, 3.253314;
 0, 0, 0, 1]
Twc:
[0.99973816, -0.022793222, 0.0020290862, -1.525075;
 0.0044022952, 0.27858627, 0.96040112, -3.0323222;
 -0.022455912, -0.96014071, 0.27861369, -1.2130567;
 0, 0, 0, 1]
Ow:
[1.5107845;
 -0.35470319;
 3.253314]
Keyframe: 82 Frame: 735 Frame from vFrameID : 736
Tcw:
[0.99980342, -0.0065826904, 0.018703915, 1.5375705;
 0.019828467, 0.33253643, -0.94288194, -0.37057984;
 -1.3033207e-05, 0.94306743, 0.33260158, 3.2863028;
 0, 0, 0, 1]
Twc:
[0.99980342, 0.019828467, -1.3033207e-05, -1.5298773;
 -0.0065826904, 0.33253643, 0.94306743, -2.9658525;
 0.018703915, -0.94288194, 0.33260158, -1.4712011;
 0, 0, 0, 1]
Ow:
[1.5375705;
 -0.37057984;
 3.2863028]
Keyframe: 83 Frame: 743 Frame from vFrameID : 744
Tcw:
[0.99904209, -0.030387225, 0.031488486, 1.5704799;
 0.040075, 0.34632042, -0.93725991, -0.3873018;
 0.017575622, 0.93762398, 0.34720644, 3.3428724;
 0, 0, 0, 1]
Twc:
[0.99904209, 0.040075, 0.017575622, -1.6122075;
 -0.030387225, 0.34632042, 0.93762398, -2.9525044;
 0.031488486, -0.93725991, 0.34720644, -1.5731213;
 0, 0, 0, 1]
Ow:
[1.5704799;
 -0.3873018;
 3.3428724]
Keyframe: 84 Frame: 752 Frame from vFrameID : 753
Tcw:
[0.99835414, -0.051636487, 0.024954591, 1.6035025;
 0.040712394, 0.33164656, -0.94252485, -0.4474678;
 0.040392566, 0.94198948, 0.33320296, 3.3881094;
 0, 0, 0, 1]
Twc:
[0.99835414, 0.040712394, 0.040392566, -1.7195003;
 -0.051636487, 0.33164656, 0.94198948, -2.9603631;
 0.024954591, -0.94252485, 0.33320296, -1.5906923;
 0, 0, 0, 1]
Ow:
[1.6035025;
 -0.4474678;
 3.3881094]
Keyframe: 85 Frame: 760 Frame from vFrameID : 761
Tcw:
[0.99822533, -0.058644377, 0.010342743, 1.6210041;
 0.029533377, 0.33672446, -0.94113994, -0.44280374;
 0.051709913, 0.93977523, 0.33785886, 3.4190569;
 0, 0, 0, 1]
Twc:
[0.99822533, 0.029533377, 0.051709913, -1.7818491;
 -0.058644377, 0.33672446, 0.93977523, -2.9689794;
 0.010342743, -0.94113994, 0.33785886, -1.5886647;
 0, 0, 0, 1]
Ow:
[1.6210041;
 -0.44280374;
 3.4190569]
Keyframe: 86 Frame: 768 Frame from vFrameID : 769
Tcw:
[0.9990747, -0.039597735, 0.016785614, 1.6326286;
 0.029097946, 0.33492911, -0.94179392, -0.45834005;
 0.031670913, 0.9414109, 0.33577141, 3.4661357;
 0, 0, 0, 1]
Twc:
[0.9990747, 0.029097946, 0.031670913, -1.7275568;
 -0.039597735, 0.33492911, 0.9414109, -3.0448983;
 0.016785614, -0.94179392, 0.33577141, -1.622896;
 0, 0, 0, 1]
Ow:
[1.6326286;
 -0.45834005;
 3.4661357]
Keyframe: 87 Frame: 776 Frame from vFrameID : 777
Tcw:
[0.99698734, -0.040831558, 0.06594678, 1.6580496;
 0.075705655, 0.32725912, -0.94189709, -0.44723141;
 0.016877439, 0.94405204, 0.32936439, 3.5009851;
 0, 0, 0, 1]
Twc:
[0.99698734, 0.075705655, 0.016877439, -1.6782843;
 -0.040831558, 0.32725912, 0.94405204, -3.0910509;
 0.06594678, -0.94189709, 0.32936439, -1.6836889;
 0, 0, 0, 1]
Ow:
[1.6580496;
 -0.44723141;
 3.5009851]
Keyframe: 88 Frame: 784 Frame from vFrameID : 785
Tcw:
[0.99732822, -0.061764337, 0.039007012, 1.7077285;
 0.056703944, 0.31790552, -0.94642526, -0.4278661;
 0.046054784, 0.94610846, 0.32055843, 3.5711498;
 0, 0, 0, 1]
Twc:
[0.99732822, 0.056703944, 0.046054784, -1.8433728;
 -0.061764337, 0.31790552, 0.94610846, -3.1371975;
 0.039007012, -0.94642526, 0.32055843, -1.6163188;
 0, 0, 0, 1]
Ow:
[1.7077285;
 -0.4278661;
 3.5711498]
Keyframe: 89 Frame: 792 Frame from vFrameID : 793
Tcw:
[0.99509019, -0.098776124, -0.0062318696, 1.7317071;
 0.0258063, 0.31973463, -0.94715565, -0.3973428;
 0.095548905, 0.94234443, 0.32071382, 3.6766279;
 0, 0, 0, 1]
Twc:
[0.99509019, 0.0258063, 0.095548905, -2.0642486;
 -0.098776124, 0.31973463, 0.94234443, -3.1665542;
 -0.0062318696, -0.94715565, 0.32071382, -1.544699;
 0, 0, 0, 1]
Ow:
[1.7317071;
 -0.3973428;
 3.6766279]
Keyframe: 90 Frame: 800 Frame from vFrameID : 801
Tcw:
[0.99651414, -0.082997032, 0.0084280614, 1.7274593;
 0.034267221, 0.31512368, -0.94843179, -0.45600891;
 0.076061137, 0.94541448, 0.31686929, 3.6875501;
 0, 0, 0, 1]
Twc:
[0.99651414, 0.034267221, 0.076061137, -1.9862908;
 -0.082997032, 0.31512368, 0.94541448, -3.1991899;
 0.0084280614, -0.94843179, 0.31686929, -1.6155237;
 0, 0, 0, 1]
Ow:
[1.7274593;
 -0.45600891;
 3.6875501]
Keyframe: 91 Frame: 808 Frame from vFrameID : 809
Tcw:
[0.99249953, -0.10443975, 0.063537173, 1.7721688;
 0.095078647, 0.33277434, -0.93820107, -0.41039419;
 0.076841943, 0.9372052, 0.34020838, 3.7168453;
 0, 0, 0, 1]
Twc:
[0.99249953, 0.095078647, 0.076841943, -2.0054667;
 -0.10443975, 0.33277434, 0.9372052, -3.1617932;
 0.063537173, -0.93820107, 0.34020838, -1.7621328;
 0, 0, 0, 1]
Ow:
[1.7721688;
 -0.41039419;
 3.7168453]
Keyframe: 92 Frame: 816 Frame from vFrameID : 817
Tcw:
[0.99167699, -0.12774029, 0.01609895, 1.7899718;
 0.056120388, 0.31632754, -0.94698858, -0.49401367;
 0.11587606, 0.94001025, 0.32086357, 3.7889078;
 0, 0, 0, 1]
Twc:
[0.99167699, 0.056120388, 0.11587606, -2.1863933;
 -0.12774029, 0.31632754, 0.94001025, -3.1766906;
 0.01609895, -0.94698858, 0.32086357, -1.7123646;
 0, 0, 0, 1]
Ow:
[1.7899718;
 -0.49401367;
 3.7889078]
Keyframe: 93 Frame: 824 Frame from vFrameID : 825
Tcw:
[0.99292332, -0.11819609, -0.01152887, 1.8132623;
 0.026614724, 0.31608385, -0.94835788, -0.53299224;
 0.11573628, 0.94133985, 0.31699279, 3.8344088;
 0, 0, 0, 1]
Twc:
[0.99292332, 0.026614724, 0.11573628, -2.2300253;
 -0.11819609, 0.31608385, 0.94133985, -3.2266908;
 -0.01152887, -0.94835788, 0.31699279, -1.7000425;
 0, 0, 0, 1]
Ow:
[1.8132623;
 -0.53299224;
 3.8344088]
Keyframe: 94 Frame: 832 Frame from vFrameID : 833
Tcw:
[0.99479276, -0.10180562, 0.0047962503, 1.8412668;
 0.036490295, 0.31183496, -0.94943529, -0.52149618;
 0.095162213, 0.94466639, 0.31392607, 3.8499851;
 0, 0, 0, 1]
Twc:
[0.99479276, 0.036490295, 0.095162213, -2.1790223;
 -0.10180562, 0.31183496, 0.94466639, -3.2868795;
 0.0047962503, -0.94943529, 0.31392607, -1.7125689;
 0, 0, 0, 1]
Ow:
[1.8412668;
 -0.52149618;
 3.8499851]
Keyframe: 95 Frame: 840 Frame from vFrameID : 841
Tcw:
[0.99511242, -0.068060212, 0.071548119, 1.8431479;
 0.089719914, 0.32047579, -0.94299817, -0.49297535;
 0.041251216, 0.94480848, 0.32501578, 3.9087725;
 0, 0, 0, 1]
Twc:
[0.99511242, 0.089719914, 0.041251216, -1.9511511;
 -0.068060212, 0.32047579, 0.94480848, -3.40961;
 0.071548119, -0.94299817, 0.32501578, -1.8671615;
 0, 0, 0, 1]
Ow:
[1.8431479;
 -0.49297535;
 3.9087725]
Keyframe: 96 Frame: 847 Frame from vFrameID : 848
Tcw:
[0.99747854, -0.0633564, 0.031977046, 1.8485048;
 0.049792424, 0.30370885, -0.95146292, -0.48655045;
 0.050569553, 0.95065606, 0.30609775, 3.9478366;
 0, 0, 0, 1]
Twc:
[0.99747854, 0.049792424, 0.050569553, -2.0192575;
 -0.0633564, 0.30370885, 0.95065606, -3.4881504;
 0.031977046, -0.95146292, 0.30609775, -1.7304682;
 0, 0, 0, 1]
Ow:
[1.8485048;
 -0.48655045;
 3.9478366]
Keyframe: 97 Frame: 855 Frame from vFrameID : 856
Tcw:
[0.99772912, -0.05761189, 0.034892026, 1.8085829;
 0.050663907, 0.30058777, -0.95240754, -0.50799918;
 0.044381883, 0.95201254, 0.30282402, 4.051681;
 0, 0, 0, 1]
Twc:
[0.99772912, 0.050663907, 0.044381883, -1.9585599;
 -0.05761189, 0.30058777, 0.95201254, -3.6003568;
 0.034892026, -0.95240754, 0.30282402, -1.7738738;
 0, 0, 0, 1]
Ow:
[1.8085829;
 -0.50799918;
 4.051681]
Keyframe: 98 Frame: 863 Frame from vFrameID : 864
Tcw:
[0.99773991, -0.054271553, 0.039619148, 1.8570664;
 0.054641377, 0.31214598, -0.94846147, -0.54104173;
 0.03910752, 0.94848275, 0.31440598, 4.0769305;
 0, 0, 0, 1]
Twc:
[0.99773991, 0.054641377, 0.03910752, -1.9827446;
 -0.054271553, 0.31214598, 0.94848275, -3.5972281;
 0.039619148, -0.94846147, 0.31440598, -1.868544;
 0, 0, 0, 1]
Ow:
[1.8570664;
 -0.54104173;
 4.0769305]
Keyframe: 99 Frame: 872 Frame from vFrameID : 873
Tcw:
[0.99253595, -0.07710702, 0.094482318, 1.8681344;
 0.11372297, 0.30542648, -0.9454003, -0.58036685;
 0.044039596, 0.94908863, 0.31191558, 4.1296563;
 0, 0, 0, 1]
Twc:
[0.99253595, 0.11372297, 0.044039596, -1.9700578;
 -0.07710702, 0.30542648, 0.94908863, -3.598104;
 0.094482318, -0.9454003, 0.31191558, -2.013289;
 0, 0, 0, 1]
Ow:
[1.8681344;
 -0.58036685;
 4.1296563]
Keyframe: 100 Frame: 881 Frame from vFrameID : 882
Tcw:
[0.99145532, -0.08242064, 0.10110974, 1.8900027;
 0.12213955, 0.31436121, -0.94141328, -0.56820691;
 0.045806903, 0.94571871, 0.32174191, 4.1629758;
 0, 0, 0, 1]
Twc:
[0.99145532, 0.12213955, 0.045806903, -1.9951458;
 -0.08242064, 0.31436121, 0.94571871, -3.6026065;
 0.10110974, -0.94141328, 0.32174191, -2.065419;
 0, 0, 0, 1]
Ow:
[1.8900027;
 -0.56820691;
 4.1629758]
Keyframe: 101 Frame: 889 Frame from vFrameID : 890
Tcw:
[0.99336439, -0.098233916, 0.059809946, 1.9212084;
 0.087584324, 0.30909681, -0.946989, -0.55512738;
 0.074539378, 0.94594359, 0.31564954, 4.200295;
 0, 0, 0, 1]
Twc:
[0.99336439, 0.087584324, 0.074539378, -2.1729269;
 -0.098233916, 0.30909681, 0.94594359, -3.612926;
 0.059809946, -0.946989, 0.31564954, -1.9664279;
 0, 0, 0, 1]
Ow:
[1.9212084;
 -0.55512738;
 4.200295]
Keyframe: 102 Frame: 897 Frame from vFrameID : 898
Tcw:
[0.99505442, -0.091176331, 0.039415572, 1.9713869;
 0.06703379, 0.32355544, -0.94383174, -0.54645991;
 0.073301993, 0.94180614, 0.32806715, 4.2414842;
 0, 0, 0, 1]
Twc:
[0.99505442, 0.06703379, 0.073301993, -2.2359152;
 -0.091176331, 0.32355544, 0.94180614, -3.6381018;
 0.039415572, -0.94383174, 0.32806715, -1.9849612;
 0, 0, 0, 1]
Ow:
[1.9713869;
 -0.54645991;
 4.2414842]
Keyframe: 103 Frame: 905 Frame from vFrameID : 906
Tcw:
[0.9906587, -0.095564976, 0.097276457, 1.9601527;
 0.12361182, 0.32811412, -0.93651545, -0.58698285;
 0.0575803, 0.93979168, 0.33686209, 4.2637148;
 0, 0, 0, 1]
Twc:
[0.9906587, 0.12361182, 0.0575803, -2.1147902;
 -0.095564976, 0.32811412, 0.93979168, -3.6270847;
 0.097276457, -0.93651545, 0.33686209, -2.1766791;
 0, 0, 0, 1]
Ow:
[1.9601527;
 -0.58698285;
 4.2637148]
Keyframe: 104 Frame: 913 Frame from vFrameID : 914
Tcw:
[0.99303985, -0.095994435, 0.06824182, 2.0127554;
 0.094958603, 0.30978051, -0.9460544, -0.60254335;
 0.069675967, 0.94594985, 0.31673989, 4.35392;
 0, 0, 0, 1]
Twc:
[0.99303985, 0.094958603, 0.069675967, -2.2448931;
 -0.095994435, 0.30978051, 0.94594985, -3.7387204;
 0.06824182, -0.9460544, 0.31673989, -2.086453;
 0, 0, 0, 1]
Ow:
[2.0127554;
 -0.60254335;
 4.35392]
Keyframe: 105 Frame: 922 Frame from vFrameID : 923
Tcw:
[0.99192792, -0.12568747, 0.016780907, 2.0242848;
 0.056512859, 0.31972066, -0.94582504, -0.58298302;
 0.11351315, 0.93913865, 0.3242428, 4.3833332;
 0, 0, 0, 1]
Twc:
[0.99192792, 0.056512859, 0.11351315, -2.4725647;
 -0.12568747, 0.31972066, 0.93913865, -3.6757383;
 0.016780907, -0.94582504, 0.3242428, -2.0066335;
 0, 0, 0, 1]
Ow:
[2.0242848;
 -0.58298302;
 4.3833332]
Keyframe: 106 Frame: 930 Frame from vFrameID : 931
Tcw:
[0.9945147, -0.10430325, 0.0078348089, 2.0313196;
 0.042065289, 0.33025515, -0.94295388, -0.60501325;
 0.095765665, 0.93811107, 0.33283114, 4.443223;
 0, 0, 0, 1]
Twc:
[0.9945147, 0.042065289, 0.095765665, -2.4202352;
 -0.10430325, 0.33025515, 0.93811107, -3.7565544;
 0.0078348089, -0.94295388, 0.33283114, -2.0652575;
 0, 0, 0, 1]
Ow:
[2.0313196;
 -0.60501325;
 4.443223]
Keyframe: 107 Frame: 938 Frame from vFrameID : 939
Tcw:
[0.9955017, -0.088473953, 0.033893589, 2.0318136;
 0.059942313, 0.31111121, -0.94848126, -0.5962826;
 0.073371217, 0.94624639, 0.31501508, 4.5291071;
 0, 0, 0, 1]
Twc:
[0.9955017, 0.059942313, 0.073371217, -2.3192375;
 -0.088473953, 0.31111121, 0.94624639, -3.9203784;
 0.033893589, -0.94848126, 0.31501508, -2.0611653;
 0, 0, 0, 1]
Ow:
[2.0318136;
 -0.5962826;
 4.5291071]
Keyframe: 108 Frame: 947 Frame from vFrameID : 948
Tcw:
[0.99382406, -0.090278789, 0.064525373, 2.0425088;
 0.091619417, 0.33949375, -0.93613559, -0.60421979;
 0.062607229, 0.93626583, 0.34566832, 4.5440688;
 0, 0, 0, 1]
Twc:
[0.99382406, 0.091619417, 0.062607229, -2.2590275;
 -0.090278789, 0.33949375, 0.93626583, -3.8649325;
 0.064525373, -0.93613559, 0.34566832, -2.2681661;
 0, 0, 0, 1]
Ow:
[2.0425088;
 -0.60421979;
 4.5440688]
Keyframe: 109 Frame: 955 Frame from vFrameID : 956
Tcw:
[0.99656105, -0.064605035, 0.051886547, 2.0527737;
 0.070328102, 0.32833844, -0.94193834, -0.68838727;
 0.043817613, 0.94234818, 0.33175287, 4.5956702;
 0, 0, 0, 1]
Twc:
[0.99656105, 0.070328102, 0.043817613, -2.1986728;
 -0.064605035, 0.32833844, 0.94234818, -3.9720776;
 0.051886547, -0.94193834, 0.33175287, -2.2795563;
 0, 0, 0, 1]
Ow:
[2.0527737;
 -0.68838727;
 4.5956702]
Keyframe: 110 Frame: 963 Frame from vFrameID : 964
Tcw:
[0.99342704, -0.094436966, 0.064686961, 2.0910983;
 0.09342438, 0.34239122, -0.93490112, -0.66799974;
 0.06614098, 0.93479937, 0.34896341, 4.580585;
 0, 0, 0, 1]
Twc:
[0.99342704, 0.09342438, 0.06614098, -2.3179104;
 -0.094436966, 0.34239122, 0.93479937, -3.8557339;
 0.064686961, -0.93490112, 0.34896341, -2.3582373;
 0, 0, 0, 1]
Ow:
[2.0910983;
 -0.66799974;
 4.580585]
Keyframe: 111 Frame: 971 Frame from vFrameID : 972
Tcw:
[0.99482596, -0.061355229, 0.080974385, 2.1138539;
 0.09735579, 0.34793061, -0.93245167, -0.58130252;
 0.029037321, 0.93551046, 0.35210368, 4.6149654;
 0, 0, 0, 1]
Twc:
[0.99482596, 0.09735579, 0.029037321, -2.1803298;
 -0.061355229, 0.34793061, 0.93551046, -3.9853995;
 0.080974385, -0.93245167, 0.35210368, -2.338151;
 0, 0, 0, 1]
Ow:
[2.1138539;
 -0.58130252;
 4.6149654]
Keyframe: 112 Frame: 979 Frame from vFrameID : 980
Tcw:
[0.99215293, -0.053681642, 0.11291982, 2.1486969;
 0.12402304, 0.30813292, -0.94322449, -0.57002711;
 0.015839525, 0.94982755, 0.31237271, 4.6935649;
 0, 0, 0, 1]
Twc:
[0.99215293, 0.12402304, 0.015839525, -2.135483;
 -0.053681642, 0.30813292, 0.94982755, -4.167088;
 0.11291982, -0.94322449, 0.31237271, -2.2464356;
 0, 0, 0, 1]
Ow:
[2.1486969;
 -0.57002711;
 4.6935649]
Keyframe: 113 Frame: 987 Frame from vFrameID : 988
Tcw:
[0.99339831, -0.093052648, 0.067089781, 2.172899;
 0.093585417, 0.31914067, -0.9430753, -0.58586597;
 0.066344574, 0.94312799, 0.32574216, 4.7365341;
 0, 0, 0, 1]
Twc:
[0.99339831, 0.093585417, 0.066344574, -2.4179688;
 -0.093052648, 0.31914067, 0.94312799, -4.0779905;
 0.067089781, -0.9430753, 0.32574216, -2.241184;
 0, 0, 0, 1]
Ow:
[2.172899;
 -0.58586597;
 4.7365341]
Keyframe: 114 Frame: 995 Frame from vFrameID : 996
Tcw:
[0.99355441, -0.11220186, 0.016134612, 2.2265604;
 0.052642558, 0.33065289, -0.94228309, -0.58136439;
 0.10039096, 0.93705893, 0.33442825, 4.7573109;
 0, 0, 0, 1]
Twc:
[0.99355441, 0.052642558, 0.10039096, -2.6591957;
 -0.11220186, 0.33065289, 0.93705893, -4.0158262;
 0.016134612, -0.94228309, 0.33442825, -2.1747136;
 0, 0, 0, 1]
Ow:
[2.2265604;
 -0.58136439;
 4.7573109]
Keyframe: 115 Frame: 1003 Frame from vFrameID : 1004
Tcw:
[0.99405324, -0.10338945, 0.034188069, 2.2100277;
 0.066518314, 0.32793942, -0.94235396, -0.61815929;
 0.086217843, 0.93902415, 0.33286652, 4.7955766;
 0, 0, 0, 1]
Twc:
[0.99405324, 0.066518314, 0.086217843, -2.5692303;
 -0.10338945, 0.32793942, 0.93902415, -4.07195;
 0.034188069, -0.94235396, 0.33286652, -2.2543683;
 0, 0, 0, 1]
Ow:
[2.2100277;
 -0.61815929;
 4.7955766]
Keyframe: 116 Frame: 1011 Frame from vFrameID : 1012
Tcw:
[0.98998302, -0.10185484, 0.097770996, 2.1844702;
 0.12443793, 0.30232412, -0.9450478, -0.60027492;
 0.066699162, 0.94774771, 0.31197035, 4.8876595;
 0, 0, 0, 1]
Twc:
[0.98998302, 0.12443793, 0.066699162, -2.4138942;
 -0.10185484, 0.30232412, 0.94774771, -4.2282915;
 0.097770996, -0.9450478, 0.31197035, -2.3056712;
 0, 0, 0, 1]
Ow:
[2.1844702;
 -0.60027492;
 4.8876595]
Keyframe: 117 Frame: 1019 Frame from vFrameID : 1020
Tcw:
[0.99211484, -0.11603133, 0.04737949, 2.2502086;
 0.081895791, 0.31400675, -0.94588202, -0.63640404;
 0.094874479, 0.94230384, 0.32103324, 4.9032645;
 0, 0, 0, 1]
Twc:
[0.99211484, 0.081895791, 0.094874479, -2.6455412;
 -0.11603133, 0.31400675, 0.94230384, -4.1594353;
 0.04737949, -0.94588202, 0.32103324, -2.2826879;
 0, 0, 0, 1]
Ow:
[2.2502086;
 -0.63640404;
 4.9032645]
Keyframe: 118 Frame: 1027 Frame from vFrameID : 1028
Tcw:
[0.99358851, -0.11286649, 0.0065608183, 2.283119;
 0.043992832, 0.33251694, -0.94207066, -0.5952431;
 0.10414663, 0.93631923, 0.3353503, 4.9205441;
 0, 0, 0, 1]
Twc:
[0.99358851, 0.043992832, 0.10414663, -2.7547524;
 -0.11286649, 0.33251694, 0.93631923, -4.1515841;
 0.0065608183, -0.94207066, 0.3353503, -2.2258463;
 0, 0, 0, 1]
Ow:
[2.283119;
 -0.5952431;
 4.9205441]
Keyframe: 119 Frame: 1035 Frame from vFrameID : 1036
Tcw:
[0.99407482, -0.1017759, 0.038170028, 2.2872033;
 0.069925725, 0.32991597, -0.94141692, -0.64951432;
 0.083220653, 0.93850791, 0.33507791, 4.9534678;
 0, 0, 0, 1]
Twc:
[0.99407482, 0.069925725, 0.083220653, -2.6404643;
 -0.1017759, 0.32991597, 0.93850791, -4.2018013;
 0.038170028, -0.94141692, 0.33507791, -2.3585639;
 0, 0, 0, 1]
Ow:
[2.2872033;
 -0.64951432;
 4.9534678]
Keyframe: 120 Frame: 1043 Frame from vFrameID : 1044
Tcw:
[0.99252987, -0.10632455, 0.059829149, 2.3091474;
 0.091273963, 0.32173046, -0.94242167, -0.67444921;
 0.080953702, 0.94084251, 0.32903177, 4.9577222;
 0, 0, 0, 1]
Twc:
[0.99252987, 0.091273963, 0.080953702, -2.6316841;
 -0.10632455, 0.32173046, 0.94084251, -4.2019258;
 0.059829149, -0.94242167, 0.32903177, -2.4050179;
 0, 0, 0, 1]
Ow:
[2.3091474;
 -0.67444921;
 4.9577222]
Keyframe: 121 Frame: 1051 Frame from vFrameID : 1052
Tcw:
[0.99238831, -0.11991057, 0.028052151, 2.3401027;
 0.066990055, 0.33450645, -0.94000947, -0.53010798;
 0.10333344, 0.93473357, 0.33999312, 5.0245123;
 0, 0, 0, 1]
Twc:
[0.99238831, 0.066990055, 0.10333344, -2.8059788;
 -0.11991057, 0.33450645, 0.93473357, -4.2386532;
 0.028052151, -0.94000947, 0.33999312, -2.2722509;
 0, 0, 0, 1]
Ow:
[2.3401027;
 -0.53010798;
 5.0245123]
Keyframe: 122 Frame: 1059 Frame from vFrameID : 1060
Tcw:
[0.99424911, -0.1057743, 0.016749134, 2.3106992;
 0.05159789, 0.33609328, -0.94041425, -0.5233779;
 0.09384238, 0.93587023, 0.33961818, 5.0822954;
 0, 0, 0, 1]
Twc:
[0.99424911, 0.05159789, 0.09384238, -2.7473402;
 -0.1057743, 0.33609328, 0.93587023, -4.3360529;
 0.016749134, -0.94041425, 0.33961818, -2.2569342;
 0, 0, 0, 1]
Ow:
[2.3106992;
 -0.5233779;
 5.0822954]
Keyframe: 123 Frame: 1067 Frame from vFrameID : 1068
Tcw:
[0.99630535, -0.079702824, 0.031985529, 2.3309269;
 0.058212709, 0.35291281, -0.93384355, -0.58268738;
 0.063141868, 0.93225533, 0.35624865, 5.1029911;
 0, 0, 0, 1]
Twc:
[0.99630535, 0.058212709, 0.063141868, -2.6106074;
 -0.079702824, 0.35291281, 0.93225533, -4.365871;
 0.031985529, -0.93384355, 0.35624865, -2.4366283;
 0, 0, 0, 1]
Ow:
[2.3309269;
 -0.58268738;
 5.1029911]
Keyframe: 124 Frame: 1075 Frame from vFrameID : 1076
Tcw:
[0.99166054, -0.093700126, 0.088485368, 2.3385553;
 0.11547265, 0.34109798, -0.93290848, -0.64502835;
 0.057231467, 0.93534619, 0.3490732, 5.1437449;
 0, 0, 0, 1]
Twc:
[0.99166054, 0.11547265, 0.057231467, -2.538954;
 -0.093700126, 0.34109798, 0.93534619, -4.3720412;
 0.088485368, -0.93290848, 0.3490732, -2.6042237;
 0, 0, 0, 1]
Ow:
[2.3385553;
 -0.64502835;
 5.1437449]
Keyframe: 125 Frame: 1083 Frame from vFrameID : 1084
Tcw:
[0.98970711, -0.083697356, 0.11608033, 2.3077822;
 0.13920905, 0.37501559, -0.91650647, -0.53395998;
 0.033177238, 0.92323238, 0.38280699, 5.1761646;
 0, 0, 0, 1]
Twc:
[0.98970711, 0.13920905, 0.033177238, -2.3814273;
 -0.083697356, 0.37501559, 0.92323238, -4.3854046;
 0.11608033, -0.91650647, 0.38280699, -2.7387383;
 0, 0, 0, 1]
Ow:
[2.3077822;
 -0.53395998;
 5.1761646]
Keyframe: 126 Frame: 1091 Frame from vFrameID : 1092
Tcw:
[0.99388427, -0.09339904, 0.058912516, 2.3822737;
 0.088666722, 0.35698637, -0.92989188, -0.64630616;
 0.065820046, 0.92942852, 0.36308452, 5.2078648;
 0, 0, 0, 1]
Twc:
[0.99388427, 0.088666722, 0.065820046, -2.6531801;
 -0.09339904, 0.35698637, 0.92942852, -4.3871131;
 0.058912516, -0.92989188, 0.36308452, -2.6322355;
 0, 0, 0, 1]
Ow:
[2.3822737;
 -0.64630616;
 5.2078648]
Keyframe: 127 Frame: 1099 Frame from vFrameID : 1100
Tcw:
[0.99345708, -0.10437267, 0.046361566, 2.4344783;
 0.083798625, 0.39037475, -0.91683441, -0.63391018;
 0.077594072, 0.91472065, 0.39656684, 5.2589893;
 0, 0, 0, 1]
Twc:
[0.99345708, 0.083798625, 0.077594072, -2.7734952;
 -0.10437267, 0.39037475, 0.91472065, -4.3089509;
 0.046361566, -0.91683441, 0.39656684, -2.7795978;
 0, 0, 0, 1]
Ow:
[2.4344783;
 -0.63391018;
 5.2589893]
Keyframe: 128 Frame: 1107 Frame from vFrameID : 1108
Tcw:
[0.99102229, -0.099210732, 0.08962179, 2.394047;
 0.12139226, 0.38681588, -0.91413206, -0.67563272;
 0.056024577, 0.91680461, 0.39538658, 5.3341179;
 0, 0, 0, 1]
Twc:
[0.99102229, 0.12139226, 0.056024577, -2.5893791;
 -0.099210732, 0.38681588, 0.91680461, -4.3914838;
 0.08962179, -0.91413206, 0.39538658, -2.941215;
 0, 0, 0, 1]
Ow:
[2.394047;
 -0.67563272;
 5.3341179]
Keyframe: 129 Frame: 1115 Frame from vFrameID : 1116
Tcw:
[0.98751235, -0.097410448, 0.12381655, 2.3703892;
 0.15076903, 0.3563866, -0.92209399, -0.67587757;
 0.045695025, 0.9292469, 0.36662266, 5.3544703;
 0, 0, 0, 1]
Twc:
[0.98751235, 0.15076903, 0.045695025, -2.4835598;
 -0.097410448, 0.3563866, 0.9292469, -4.5038505;
 0.12381655, -0.92209399, 0.36662266, -2.879786;
 0, 0, 0, 1]
Ow:
[2.3703892;
 -0.67587757;
 5.3544703]
Keyframe: 130 Frame: 1123 Frame from vFrameID : 1124
Tcw:
[0.9898507, -0.094880685, 0.10579823, 2.4123662;
 0.13324811, 0.36085644, -0.92305338, -0.64478755;
 0.049401969, 0.92778248, 0.36983666, 5.448266;
 0, 0, 0, 1]
Twc:
[0.9898507, 0.13324811, 0.049401969, -2.5711207;
 -0.094880685, 0.36085644, 0.92778248, -4.5932431;
 0.10579823, -0.92305338, 0.36983666, -2.865366;
 0, 0, 0, 1]
Ow:
[2.4123662;
 -0.64478755;
 5.448266]
Keyframe: 131 Frame: 1131 Frame from vFrameID : 1132
Tcw:
[0.99170011, -0.10673185, 0.071688257, 2.4238343;
 0.10586619, 0.3614502, -0.92636174, -0.64809585;
 0.07296057, 0.92626244, 0.36974949, 5.4717622;
 0, 0, 0, 1]
Twc:
[0.99170011, 0.10586619, 0.07296057, -2.734328;
 -0.10673185, 0.3614502, 0.92626244, -4.5753326;
 0.071688257, -0.92636174, 0.36974949, -2.797313;
 0, 0, 0, 1]
Ow:
[2.4238343;
 -0.64809585;
 5.4717622]
Keyframe: 132 Frame: 1139 Frame from vFrameID : 1140
Tcw:
[0.99391705, -0.082129411, 0.073373675, 2.4717457;
 0.098578133, 0.36638913, -0.92522502, -0.70047903;
 0.049104873, 0.92682993, 0.37225658, 5.5095696;
 0, 0, 0, 1]
Twc:
[0.99391705, 0.098578133, 0.049104873, -2.658205;
 -0.082129411, 0.36638913, 0.92682993, -4.6467834;
 0.073373675, -0.92522502, 0.37225658, -2.8804352;
 0, 0, 0, 1]
Ow:
[2.4717457;
 -0.70047903;
 5.5095696]
Keyframe: 133 Frame: 1147 Frame from vFrameID : 1148
Tcw:
[0.99364161, -0.080573127, 0.078640446, 2.4691823;
 0.10243852, 0.35714394, -0.92841506, -0.7100004;
 0.046719354, 0.93056768, 0.36312684, 5.5224276;
 0, 0, 0, 1]
Twc:
[0.99364161, 0.10243852, 0.046719354, -2.6387551;
 -0.080573127, 0.35714394, 0.93056768, -4.68647;
 0.078640446, -0.92841506, 0.36312684, -2.8586943;
 0, 0, 0, 1]
Ow:
[2.4691823;
 -0.7100004;
 5.5224276]
Keyframe: 134 Frame: 1155 Frame from vFrameID : 1156
Tcw:
[0.9903661, -0.094684452, 0.10104356, 2.3771238;
 0.12830126, 0.35292873, -0.92681181, -0.68217778;
 0.052093487, 0.93084705, 0.36167678, 5.6129212;
 0, 0, 0, 1]
Twc:
[0.9903661, 0.12830126, 0.052093487, -2.5590954;
 -0.094684452, 0.35292873, 0.93084705, -4.758934;
 0.10104356, -0.92681181, 0.36167678, -2.9025068;
 0, 0, 0, 1]
Ow:
[2.3771238;
 -0.68217778;
 5.6129212]
Keyframe: 135 Frame: 1163 Frame from vFrameID : 1164
Tcw:
[0.99305087, -0.11349975, 0.03110953, 2.4849031;
 0.06882868, 0.34570667, -0.93581492, -0.69822741;
 0.095459983, 0.93145299, 0.35111633, 5.6559186;
 0, 0, 0, 1]
Twc:
[0.99305087, 0.06882868, 0.095459983, -2.959491;
 -0.11349975, 0.34570667, 0.93145299, -4.7448044;
 0.03110953, -0.93581492, 0.35111633, -2.7166011;
 0, 0, 0, 1]
Ow:
[2.4849031;
 -0.69822741;
 5.6559186]
Keyframe: 136 Frame: 1171 Frame from vFrameID : 1172
Tcw:
[0.98824626, -0.14649694, 0.043679751, 2.5338733;
 0.093573533, 0.35374963, -0.93064773, -0.66786981;
 0.12088534, 0.92379642, 0.3633, 5.7501268;
 0, 0, 0, 1]
Twc:
[0.98824626, 0.093573533, 0.12088534, -3.1367021;
 -0.14649694, 0.35374963, 0.92379642, -4.7044835;
 0.043679751, -0.93064773, 0.3633, -2.8212516;
 0, 0, 0, 1]
Ow:
[2.5338733;
 -0.66786981;
 5.7501268]
Keyframe: 137 Frame: 1180 Frame from vFrameID : 1181
Tcw:
[0.98794115, -0.12064813, 0.097037956, 2.5269616;
 0.1324538, 0.33402669, -0.93321067, -0.698035;
 0.080176853, 0.93481022, 0.34597901, 5.7864389;
 0, 0, 0, 1]
Twc:
[0.98794115, 0.1324538, 0.080176853, -2.8679705;
 -0.12064813, 0.33402669, 0.93481022, -4.8711872;
 0.097037956, -0.93321067, 0.34597901, -2.8986115;
 0, 0, 0, 1]
Ow:
[2.5269616;
 -0.698035;
 5.7864389]
Keyframe: 138 Frame: 1188 Frame from vFrameID : 1189
Tcw:
[0.98709041, -0.099236578, 0.12571628, 2.4639533;
 0.1527504, 0.34724534, -0.92525023, -0.66996598;
 0.048164271, 0.93250889, 0.357921, 5.8470173;
 0, 0, 0, 1]
Twc:
[0.98709041, 0.1527504, 0.048164271, -2.6114244;
 -0.099236578, 0.34724534, 0.93250889, -4.9752383;
 0.12571628, -0.92525023, 0.357921, -3.0224152;
 0, 0, 0, 1]
Ow:
[2.4639533;
 -0.66996598;
 5.8470173]
Keyframe: 139 Frame: 1196 Frame from vFrameID : 1197
Tcw:
[0.98734111, -0.10460403, 0.11922869, 2.4474885;
 0.14726315, 0.32534605, -0.93405753, -0.66295934;
 0.058915593, 0.93979144, 0.33663186, 5.90307;
 0, 0, 0, 1]
Twc:
[0.98734111, 0.14726315, 0.058915593, -2.6666596;
 -0.10460403, 0.32534605, 0.93979144, -5.0759463;
 0.11922869, -0.93405753, 0.33663186, -2.8982146;
 0, 0, 0, 1]
Ow:
[2.4474885;
 -0.66295934;
 5.90307]
Keyframe: 140 Frame: 1205 Frame from vFrameID : 1206
Tcw:
[0.98783219, -0.10644126, 0.11339249, 2.4452641;
 0.1443477, 0.35610071, -0.9232313, -0.686198;
 0.057890758, 0.92836553, 0.36713228, 5.9273925;
 0, 0, 0, 1]
Twc:
[0.98783219, 0.1443477, 0.057890758, -2.6596007;
 -0.10644126, 0.35610071, 0.92836553, -4.9981542;
 0.11339249, -0.9232313, 0.36713228, -3.0869312;
 0, 0, 0, 1]
Ow:
[2.4452641;
 -0.686198;
 5.9273925]
Keyframe: 141 Frame: 1213 Frame from vFrameID : 1214
Tcw:
[0.98465049, -0.075358205, 0.15743124, 2.4547684;
 0.17396744, 0.35087916, -0.92011911, -0.7138288;
 0.014099179, 0.93338358, 0.35860321, 5.9556656;
 0, 0, 0, 1]
Twc:
[0.98465049, 0.17396744, 0.014099179, -2.3768756;
 -0.075358205, 0.35087916, 0.93338358, -5.123466;
 0.15743124, -0.92011911, 0.35860321, -3.1789854;
 0, 0, 0, 1]
Ow:
[2.4547684;
 -0.7138288;
 5.9556656]
Keyframe: 142 Frame: 1221 Frame from vFrameID : 1222
Tcw:
[0.98028266, -0.068979852, 0.18516926, 2.4239213;
 0.19759473, 0.34923196, -0.9159658, -0.61898637;
 -0.0014838381, 0.9344939, 0.35597607, 6.0105643;
 0, 0, 0, 1]
Twc:
[0.98028266, 0.19759473, -0.0014838381, -2.2449009;
 -0.068979852, 0.34923196, 0.9344939, -5.2334642;
 0.18516926, -0.9159658, 0.35597607, -3.1554234;
 0, 0, 0, 1]
Ow:
[2.4239213;
 -0.61898637;
 6.0105643]
Keyframe: 143 Frame: 1229 Frame from vFrameID : 1230
Tcw:
[0.98771363, -0.088818893, 0.12858051, 2.5032263;
 0.1508275, 0.32646295, -0.93309861, -0.64415383;
 0.040900011, 0.9410277, 0.33584824, 6.0385594;
 0, 0, 0, 1]
Twc:
[0.98771363, 0.1508275, 0.040900011, -2.622292;
 -0.088818893, 0.32646295, 0.9410277, -5.2498255;
 0.12858051, -0.93309861, 0.33584824, -2.9509647;
 0, 0, 0, 1]
Ow:
[2.5032263;
 -0.64415383;
 6.0385594]
Keyframe: 144 Frame: 1237 Frame from vFrameID : 1238
Tcw:
[0.99083537, -0.088925801, 0.10167342, 2.4950206;
 0.12667434, 0.35042885, -0.9279834, -0.61295938;
 0.046892367, 0.93235821, 0.35848191, 6.0598526;
 0, 0, 0, 1]
Twc:
[0.99083537, 0.12667434, 0.046892367, -2.6786692;
 -0.088925801, 0.35042885, 0.93235821, -5.2132831;
 0.10167342, -0.9279834, 0.35848191, -2.9948411;
 0, 0, 0, 1]
Ow:
[2.4950206;
 -0.61295938;
 6.0598526]
Keyframe: 145 Frame: 1245 Frame from vFrameID : 1246
Tcw:
[0.99012053, -0.077307351, 0.1169827, 2.4924307;
 0.13592951, 0.32440826, -0.93609959, -0.61701584;
 0.034417223, 0.94275278, 0.33171162, 6.1036873;
 0, 0, 0, 1]
Twc:
[0.99012053, 0.13592951, 0.034417223, -2.594008;
 -0.077307351, 0.32440826, 0.94275278, -5.3614202;
 0.1169827, -0.93609959, 0.33171162, -2.8938236;
 0, 0, 0, 1]
Ow:
[2.4924307;
 -0.61701584;
 6.1036873]
Keyframe: 146 Frame: 1254 Frame from vFrameID : 1255
Tcw:
[0.98674077, -0.077813283, 0.14243521, 2.5108173;
 0.16073211, 0.34663457, -0.92412645, -0.62102723;
 0.022536343, 0.93476713, 0.35454556, 6.1211882;
 0, 0, 0, 1]
Twc:
[0.98674077, 0.16073211, 0.022536343, -2.5156558;
 -0.077813283, 0.34663457, 0.93476713, -5.3112411;
 0.14243521, -0.92412645, 0.35454556, -3.1017764;
 0, 0, 0, 1]
Ow:
[2.5108173;
 -0.62102723;
 6.1211882]
Keyframe: 147 Frame: 1262 Frame from vFrameID : 1263
Tcw:
[0.99009299, -0.096669726, 0.10183752, 2.5545592;
 0.12900323, 0.33986938, -0.93158305, -0.61133504;
 0.055444427, 0.9354912, 0.34897298, 6.1412101;
 0, 0, 0, 1]
Twc:
[0.99009299, 0.12900323, 0.055444427, -2.7908828;
 -0.096669726, 0.33986938, 0.9354912, -5.2903252;
 0.10183752, -0.93158305, 0.34897298, -2.9727757;
 0, 0, 0, 1]
Ow:
[2.5545592;
 -0.61133504;
 6.1412101]
Keyframe: 148 Frame: 1271 Frame from vFrameID : 1272
Tcw:
[0.98782581, -0.12985514, 0.085661352, 2.5427103;
 0.12736575, 0.35893947, -0.92462987, -0.60829878;
 0.089320712, 0.92428356, 0.37110874, 6.1533632;
 0, 0, 0, 1]
Twc:
[0.98782581, 0.12736575, 0.089320712, -2.983901;
 -0.12985514, 0.35893947, 0.92428356, -5.138926;
 0.085661352, -0.92462987, 0.37110874, -3.0638301;
 0, 0, 0, 1]
Ow:
[2.5427103;
 -0.60829878;
 6.1533632]
Keyframe: 149 Frame: 1278 Frame from vFrameID : 1279
Tcw:
[0.9862662, -0.12396897, 0.10913634, 2.56657;
 0.14345141, 0.31546554, -0.93803155, -0.62815094;
 0.081858054, 0.94080454, 0.32891652, 6.3203135;
 0, 0, 0, 1]
Twc:
[0.9862662, 0.14345141, 0.081858054, -2.9585805;
 -0.12396897, 0.31546554, 0.94080454, -5.4298444;
 0.10913634, -0.93803155, 0.32891652, -2.9481866;
 0, 0, 0, 1]
Ow:
[2.56657;
 -0.62815094;
 6.3203135]
Keyframe: 150 Frame: 1286 Frame from vFrameID : 1287
Tcw:
[0.9773643, -0.14641632, 0.15271306, 2.591536;
 0.19295058, 0.32084399, -0.92726976, -0.5916419;
 0.086770348, 0.93574643, 0.34183258, 6.3640738;
 0, 0, 0, 1]
Twc:
[0.9773643, 0.19295058, 0.086770348, -2.9709301;
 -0.14641632, 0.32084399, 0.93574643, -5.3858914;
 0.15271306, -0.92726976, 0.34183258, -3.1198208;
 0, 0, 0, 1]
Ow:
[2.591536;
 -0.5916419;
 6.3640738]
Keyframe: 151 Frame: 1295 Frame from vFrameID : 1296
Tcw:
[0.98019838, -0.16780995, 0.10512342, 2.613405;
 0.1533986, 0.30778414, -0.93900895, -0.64579582;
 0.12521972, 0.93654084, 0.32743135, 6.4321027;
 0, 0, 0, 1]
Twc:
[0.98019838, 0.1533986, 0.12521972, -3.2680175;
 -0.16780995, 0.30778414, 0.93654084, -5.3866057;
 0.10512342, -0.93900895, 0.32743135, -2.98721;
 0, 0, 0, 1]
Ow:
[2.613405;
 -0.64579582;
 6.4321027]
Keyframe: 152 Frame: 1303 Frame from vFrameID : 1304
Tcw:
[0.98096734, -0.17294647, 0.088275783, 2.6541831;
 0.14326951, 0.33782023, -0.9302426, -0.62627053;
 0.13106084, 0.92518485, 0.35616857, 6.4560404;
 0, 0, 0, 1]
Twc:
[0.98096734, 0.14326951, 0.13106084, -3.3600757;
 -0.17294647, 0.33782023, 0.92518485, -5.3024325;
 0.088275783, -0.9302426, 0.35616857, -3.1163223;
 0, 0, 0, 1]
Ow:
[2.6541831;
 -0.62627053;
 6.4560404]
Keyframe: 153 Frame: 1311 Frame from vFrameID : 1312
Tcw:
[0.97724998, -0.17530082, 0.11938231, 2.6511693;
 0.17097434, 0.31806996, -0.93252307, -0.65093708;
 0.12550013, 0.93171942, 0.3408058, 6.5128331;
 0, 0, 0, 1]
Twc:
[0.97724998, 0.17097434, 0.12550013, -3.2969229;
 -0.17530082, 0.31806996, 0.93171942, -5.396338;
 0.11938231, -0.93252307, 0.3408058, -3.1431279;
 0, 0, 0, 1]
Ow:
[2.6511693;
 -0.65093708;
 6.5128331]
Keyframe: 154 Frame: 1319 Frame from vFrameID : 1320
Tcw:
[0.97689462, -0.1615569, 0.13991518, 2.6219404;
 0.18610092, 0.32112294, -0.9285723, -0.57111931;
 0.10508729, 0.9331556, 0.34376919, 6.557765;
 0, 0, 0, 1]
Twc:
[0.97689462, 0.18610092, 0.10508729, -3.1442113;
 -0.1615569, 0.32112294, 0.9331556, -5.512423;
 0.13991518, -0.9285723, 0.34376919, -3.1515322;
 0, 0, 0, 1]
Ow:
[2.6219404;
 -0.57111931;
 6.557765]
Keyframe: 155 Frame: 1327 Frame from vFrameID : 1328
Tcw:
[0.97946572, -0.17647851, 0.097479172, 2.6696553;
 0.1520755, 0.32928371, -0.93190414, -0.61570334;
 0.13236274, 0.92759234, 0.34936017, 6.5813932;
 0, 0, 0, 1]
Twc:
[0.97946572, 0.1520755, 0.13236274, -3.392334;
 -0.17647851, 0.32928371, 0.92759234, -5.4309726;
 0.097479172, -0.93190414, 0.34936017, -3.1332891;
 0, 0, 0, 1]
Ow:
[2.6696553;
 -0.61570334;
 6.5813932]
Keyframe: 156 Frame: 1336 Frame from vFrameID : 1337
Tcw:
[0.98178655, -0.16400625, 0.095901437, 2.6841326;
 0.14941493, 0.35475463, -0.92294329, -0.59202099;
 0.11734699, 0.92046243, 0.37279829, 6.6115265;
 0, 0, 0, 1]
Twc:
[0.98178655, 0.14941493, 0.11734699, -3.3226314;
 -0.16400625, 0.35475463, 0.92046243, -5.4354253;
 0.095901437, -0.92294329, 0.37279829, -3.2685802;
 0, 0, 0, 1]
Ow:
[2.6841326;
 -0.59202099;
 6.6115265]
Keyframe: 157 Frame: 1344 Frame from vFrameID : 1345
Tcw:
[0.98255098, -0.14820725, 0.11237501, 2.6924512;
 0.15946709, 0.36030993, -0.91910118, -0.62469816;
 0.09572763, 0.92098391, 0.37765706, 6.6346507;
 0, 0, 0, 1]
Twc:
[0.98255098, 0.15946709, 0.09572763, -3.1809711;
 -0.14820725, 0.36030993, 0.92098391, -5.4862809;
 0.11237501, -0.91910118, 0.37765706, -3.3823478;
 0, 0, 0, 1]
Ow:
[2.6924512;
 -0.62469816;
 6.6346507]
Keyframe: 158 Frame: 1352 Frame from vFrameID : 1353
Tcw:
[0.98066509, -0.16629247, 0.10316379, 2.6888843;
 0.1574771, 0.357629, -0.92049032, -0.60861564;
 0.11617625, 0.9189387, 0.37690154, 6.6700001;
 0, 0, 0, 1]
Twc:
[0.98066509, 0.1574771, 0.11617625, -3.3159478;
 -0.16629247, 0.357629, 0.9189387, -5.4645214;
 0.10316379, -0.92049032, 0.37690154, -3.3515537;
 0, 0, 0, 1]
Ow:
[2.6888843;
 -0.60861564;
 6.6700001]
Keyframe: 159 Frame: 1360 Frame from vFrameID : 1361
Tcw:
[0.97672033, -0.17355123, 0.12608454, 2.6932855;
 0.18250169, 0.36336702, -0.91359591, -0.61971831;
 0.11274073, 0.9153384, 0.38658136, 6.715127;
 0, 0, 0, 1]
Twc:
[0.97672033, 0.18250169, 0.11274073, -3.2745554;
 -0.17355123, 0.36336702, 0.9153384, -5.4540052;
 0.12608454, -0.91359591, 0.38658136, -3.5016971;
 0, 0, 0, 1]
Ow:
[2.6932855;
 -0.61971831;
 6.715127]
Keyframe: 160 Frame: 1368 Frame from vFrameID : 1369
Tcw:
[0.9826017, -0.17306635, 0.067393467, 2.6969674;
 0.12489259, 0.34715283, -0.9294551, -0.60409498;
 0.13746156, 0.92170113, 0.36272767, 6.7431898;
 0, 0, 0, 1]
Twc:
[0.9826017, 0.12489259, 0.13746156, -3.5015273;
 -0.17306635, 0.34715283, 0.92170113, -5.5387378;
 0.067393467, -0.9294551, 0.36272767, -3.1891787;
 0, 0, 0, 1]
Ow:
[2.6969674;
 -0.60409498;
 6.7431898]
Keyframe: 161 Frame: 1376 Frame from vFrameID : 1377
Tcw:
[0.97875118, -0.18222463, 0.094023116, 2.711657;
 0.15465561, 0.3549431, -0.92200708, -0.60169101;
 0.13463955, 0.91695672, 0.37558302, 6.7556114;
 0, 0, 0, 1]
Twc:
[0.97875118, 0.15465561, 0.13463955, -3.4705551;
 -0.18222463, 0.3549431, 0.91695672, -5.4869065;
 0.094023116, -0.92200708, 0.37558302, -3.3470149;
 0, 0, 0, 1]
Ow:
[2.711657;
 -0.60169101;
 6.7556114]
Keyframe: 162 Frame: 1384 Frame from vFrameID : 1385
Tcw:
[0.97489965, -0.17848401, 0.13309465, 2.6978648;
 0.18923867, 0.34932286, -0.91769397, -0.60986996;
 0.1173007, 0.91984618, 0.37433079, 6.790206;
 0, 0, 0, 1]
Twc:
[0.97489965, 0.18923867, 0.1173007, -3.3112321;
 -0.17848401, 0.34932286, 0.91984618, -5.5513778;
 0.13309465, -0.91769397, 0.37433079, -3.4605289;
 0, 0, 0, 1]
Ow:
[2.6978648;
 -0.60986996;
 6.790206]
Keyframe: 163 Frame: 1392 Frame from vFrameID : 1393
Tcw:
[0.97809899, -0.13441046, 0.15892202, 2.7559443;
 0.19762836, 0.36014503, -0.91172284, -0.5738399;
 0.065310106, 0.9231627, 0.37882081, 6.8555036;
 0, 0, 0, 1]
Twc:
[0.97809899, 0.19762836, 0.065310106, -3.0299129;
 -0.13441046, 0.36014503, 0.9231627, -5.7516518;
 0.15892202, -0.91172284, 0.37882081, -3.5581708;
 0, 0, 0, 1]
Ow:
[2.7559443;
 -0.5738399;
 6.8555036]
Keyframe: 164 Frame: 1401 Frame from vFrameID : 1402
Tcw:
[0.98185116, -0.15397279, 0.11072772, 2.7584636;
 0.15637091, 0.32687759, -0.93204033, -0.61085701;
 0.10731444, 0.93243951, 0.34502202, 6.8752704;
 0, 0, 0, 1]
Twc:
[0.98185116, 0.15637091, 0.10731444, -3.3506963;
 -0.15397279, 0.32687759, 0.93243951, -5.7863698;
 0.11072772, -0.93204033, 0.34502202, -3.2469015;
 0, 0, 0, 1]
Ow:
[2.7584636;
 -0.61085701;
 6.8752704]
Keyframe: 165 Frame: 1409 Frame from vFrameID : 1410
Tcw:
[0.98474956, -0.15299484, 0.082830705, 2.7511096;
 0.13250282, 0.35100597, -0.92695081, -0.60576034;
 0.11274463, 0.92378968, 0.36592522, 6.9001923;
 0, 0, 0, 1]
Twc:
[0.98474956, 0.13250282, 0.11274463, -3.4068484;
 -0.15299484, 0.35100597, 0.92378968, -5.7407951;
 0.082830705, -0.92695081, 0.36592522, -3.3143404;
 0, 0, 0, 1]
Ow:
[2.7511096;
 -0.60576034;
 6.9001923]
Keyframe: 166 Frame: 1418 Frame from vFrameID : 1419
Tcw:
[0.97503495, -0.17646739, 0.13478167, 2.7667871;
 0.18748724, 0.32903296, -0.92551923, -0.67092562;
 0.11897635, 0.92768347, 0.35390401, 6.9747677;
 0, 0, 0, 1]
Twc:
[0.97503495, 0.18748724, 0.11897635, -3.4017565;
 -0.17646739, 0.32903296, 0.92768347, -5.7613721;
 0.13478167, -0.92551923, 0.35390401, -3.462265;
 0, 0, 0, 1]
Ow:
[2.7667871;
 -0.67092562;
 6.9747677]
Keyframe: 167 Frame: 1426 Frame from vFrameID : 1427
Tcw:
[0.97310394, -0.17006956, 0.15538692, 2.8176413;
 0.20868076, 0.36506698, -0.90729183, -0.59970927;
 0.097576082, 0.91531551, 0.39073837, 7.0378656;
 0, 0, 0, 1]
Twc:
[0.97310394, 0.20868076, 0.097576082, -3.3034375;
 -0.17006956, 0.36506698, 0.91531551, -5.7437377;
 0.15538692, -0.90729183, 0.39073837, -3.7318997;
 0, 0, 0, 1]
Ow:
[2.8176413;
 -0.59970927;
 7.0378656]
Keyframe: 168 Frame: 1434 Frame from vFrameID : 1435
Tcw:
[0.96726638, -0.20403004, 0.15088916, 2.8199797;
 0.21548432, 0.34634924, -0.91302174, -0.5828321;
 0.13402352, 0.91564947, 0.37897727, 7.1130652;
 0, 0, 0, 1]
Twc:
[0.96726638, 0.21548432, 0.13402352, -3.5553982;
 -0.20403004, 0.34634924, 0.91564947, -5.7358499;
 0.15088916, -0.91302174, 0.37897727, -3.6533325;
 0, 0, 0, 1]
Ow:
[2.8199797;
 -0.5828321;
 7.1130652]
Keyframe: 169 Frame: 1442 Frame from vFrameID : 1443
Tcw:
[0.97622842, -0.19304304, 0.098552093, 2.8787374;
 0.16642609, 0.37633058, -0.91141516, -0.56492639;
 0.13885419, 0.906151, 0.39951202, 7.1059017;
 0, 0, 0, 1]
Twc:
[0.97622842, 0.16642609, 0.13885419, -3.702971;
 -0.19304304, 0.37633058, 0.906151, -5.6707006;
 0.098552093, -0.91141516, 0.39951202, -3.6374812;
 0, 0, 0, 1]
Ow:
[2.8787374;
 -0.56492639;
 7.1059017]
Keyframe: 170 Frame: 1450 Frame from vFrameID : 1451
Tcw:
[0.97122806, -0.20202981, 0.12609535, 2.8438861;
 0.19129243, 0.34641623, -0.91836977, -0.55297351;
 0.14185658, 0.91606754, 0.37509593, 7.1454682;
 0, 0, 0, 1]
Twc:
[0.97122806, 0.19129243, 0.14185658, -3.6699142;
 -0.20202981, 0.34641623, 0.91606754, -5.779623;
 0.12609535, -0.91836977, 0.37509593, -3.5466712;
 0, 0, 0, 1]
Ow:
[2.8438861;
 -0.55297351;
 7.1454682]
Keyframe: 171 Frame: 1459 Frame from vFrameID : 1460
Tcw:
[0.97000289, -0.19922774, 0.13929352, 2.8997087;
 0.20262823, 0.34607774, -0.91606331, -0.57412362;
 0.13429885, 0.91680884, 0.37606558, 7.1662474;
 0, 0, 0, 1]
Twc:
[0.97000289, 0.20262823, 0.13429885, -3.6588109;
 -0.19922774, 0.34607774, 0.91680884, -5.7936854;
 0.13929352, -0.91606331, 0.37606558, -3.6248233;
 0, 0, 0, 1]
Ow:
[2.8997087;
 -0.57412362;
 7.1662474]
Keyframe: 172 Frame: 1467 Frame from vFrameID : 1468
Tcw:
[0.96761334, -0.21204016, 0.13697957, 2.8867338;
 0.19970515, 0.31107607, -0.92916602, -0.58884835;
 0.15440945, 0.92642897, 0.34334686, 7.2466035;
 0, 0, 0, 1]
Twc:
[0.96761334, 0.19970515, 0.15440945, -3.7945898;
 -0.21204016, 0.31107607, 0.92642897, -5.9181833;
 0.13697957, -0.92916602, 0.34334686, -3.4306602;
 0, 0, 0, 1]
Ow:
[2.8867338;
 -0.58884835;
 7.2466035]
Keyframe: 173 Frame: 1475 Frame from vFrameID : 1476
Tcw:
[0.97385287, -0.18631028, 0.12999634, 2.900605;
 0.18459696, 0.31542361, -0.93082327, -0.58353567;
 0.13241802, 0.93048185, 0.3415685, 7.2552824;
 0, 0, 0, 1]
Twc:
[0.97385287, 0.18459696, 0.13241802, -3.6777737;
 -0.18631028, 0.31542361, 0.93048185, -6.0264354;
 0.12999634, -0.93082327, 0.3415685, -3.3984125;
 0, 0, 0, 1]
Ow:
[2.900605;
 -0.58353567;
 7.2552824]
Keyframe: 174 Frame: 1483 Frame from vFrameID : 1484
Tcw:
[0.97974575, -0.15598355, 0.12556832, 2.9281096;
 0.1728892, 0.34253743, -0.92345947, -0.56573057;
 0.10103264, 0.92646492, 0.36256748, 7.2666106;
 0, 0, 0, 1]
Twc:
[0.97974575, 0.1728892, 0.10103264, -3.5051591;
 -0.15598355, 0.34253743, 0.92646492, -6.0817389;
 0.12556832, -0.92345947, 0.36256748, -3.5247438;
 0, 0, 0, 1]
Ow:
[2.9281096;
 -0.56573057;
 7.2666106]
Keyframe: 175 Frame: 1490 Frame from vFrameID : 1491
Tcw:
[0.97361195, -0.15343872, 0.16892694, 2.9310575;
 0.21150514, 0.32870439, -0.92044502, -0.54846549;
 0.085704871, 0.93188518, 0.3524836, 7.2898979;
 0, 0, 0, 1]
Twc:
[0.97361195, 0.21150514, 0.085704871, -3.3624892;
 -0.15343872, 0.32870439, 0.93188518, -6.1633272;
 0.16892694, -0.92044502, 0.3524836, -3.5695364;
 0, 0, 0, 1]
Ow:
[2.9310575;
 -0.54846549;
 7.2898979]
Keyframe: 176 Frame: 1498 Frame from vFrameID : 1499
Tcw:
[0.97297531, -0.14335546, 0.18102017, 2.9294591;
 0.22035952, 0.34220281, -0.91342151, -0.56701136;
 0.068998352, 0.92862612, 0.36454463, 7.3295245;
 0, 0, 0, 1]
Twc:
[0.97297531, 0.22035952, 0.068998352, -3.2310698;
 -0.14335546, 0.34220281, 0.92862612, -6.1924009;
 0.18102017, -0.91342151, 0.36454463, -3.7201502;
 0, 0, 0, 1]
Ow:
[2.9294591;
 -0.56701136;
 7.3295245]
Keyframe: 177 Frame: 1506 Frame from vFrameID : 1507
Tcw:
[0.97664005, -0.15350859, 0.15036388, 2.9715319;
 0.19316846, 0.32067358, -0.92728335, -0.56314278;
 0.094128244, 0.93466765, 0.34283569, 7.3690562;
 0, 0, 0, 1]
Twc:
[0.97664005, 0.19316846, 0.094128244, -3.4869719;
 -0.15350859, 0.32067358, 0.93466765, -6.2508769;
 0.15036388, -0.92728335, 0.34283569, -3.4953792;
 0, 0, 0, 1]
Ow:
[2.9715319;
 -0.56314278;
 7.3690562]
Keyframe: 178 Frame: 1516 Frame from vFrameID : 1517
Tcw:
[0.97928137, -0.15413786, 0.13133739, 2.9903681;
 0.17813146, 0.34719503, -0.92071974, -0.57538748;
 0.096318088, 0.92503899, 0.3674584, 7.3892012;
 0, 0, 0, 1]
Twc:
[0.97928137, 0.17813146, 0.096318088, -3.5376308;
 -0.15413786, 0.34719503, 0.92503899, -6.1745982;
 0.13133739, -0.92071974, 0.3674584, -3.6377418;
 0, 0, 0, 1]
Ow:
[2.9903681;
 -0.57538748;
 7.3892012]
Keyframe: 179 Frame: 1524 Frame from vFrameID : 1525
Tcw:
[0.97754741, -0.1221595, 0.1716921, 3.0030224;
 0.20300283, 0.3275426, -0.92277068, -0.53988361;
 0.05648873, 0.93690604, 0.34498712, 7.4299536;
 0, 0, 0, 1]
Twc:
[0.97754741, 0.20300283, 0.05648873, -3.2457073;
 -0.1221595, 0.3275426, 0.93690604, -6.4174857;
 0.1716921, -0.92277068, 0.34498712, -3.5770223;
 0, 0, 0, 1]
Ow:
[3.0030224;
 -0.53988361;
 7.4299536]
Keyframe: 180 Frame: 1532 Frame from vFrameID : 1533
Tcw:
[0.97439384, -0.11692633, 0.19205438, 3.0163689;
 0.22125125, 0.34643519, -0.91160876, -0.58212137;
 0.040056668, 0.93075824, 0.3634344, 7.4458733;
 0, 0, 0, 1]
Twc:
[0.97439384, 0.22125125, 0.040056668, -3.108593;
 -0.11692633, 0.34643519, 0.93075824, -6.375948;
 0.19205438, -0.91160876, 0.3634344, -3.8160605;
 0, 0, 0, 1]
Ow:
[3.0163689;
 -0.58212137;
 7.4458733]
Keyframe: 181 Frame: 1540 Frame from vFrameID : 1541
Tcw:
[0.98206568, -0.1277322, 0.13867749, 3.0107799;
 0.17386512, 0.32905763, -0.92816591, -0.55831027;
 0.072923794, 0.9356311, 0.34536439, 7.5018687;
 0, 0, 0, 1]
Twc:
[0.98206568, 0.17386512, 0.072923794, -3.4067779;
 -0.1277322, 0.32905763, 0.9356311, -6.4506922;
 0.13867749, -0.92816591, 0.34536439, -3.5266104;
 0, 0, 0, 1]
Ow:
[3.0107799;
 -0.55831027;
 7.5018687]
Keyframe: 182 Frame: 1548 Frame from vFrameID : 1549
Tcw:
[0.98384887, -0.13022418, 0.12281312, 3.0260277;
 0.16254297, 0.36257136, -0.91767192, -0.59117723;
 0.074974559, 0.92281294, 0.37788242, 7.5115829;
 0, 0, 0, 1]
Twc:
[0.98384887, 0.16254297, 0.074974559, -3.4442399;
 -0.13022418, 0.36257136, 0.92281294, -6.3233795;
 0.12281312, -0.91767192, 0.37788242, -3.7526381;
 0, 0, 0, 1]
Ow:
[3.0260277;
 -0.59117723;
 7.5115829]
Keyframe: 183 Frame: 1557 Frame from vFrameID : 1558
Tcw:
[0.98160642, -0.1038828, 0.16017851, 3.0538397;
 0.18579301, 0.32673869, -0.926673, -0.55237579;
 0.043928865, 0.93938822, 0.34002948, 7.5920892;
 0, 0, 0, 1]
Twc:
[0.98160642, 0.18579301, 0.043928865, -3.2285531;
 -0.1038828, 0.32673869, 0.93938822, -6.6341953;
 0.16017851, -0.926673, 0.34002948, -3.5825655;
 0, 0, 0, 1]
Ow:
[3.0538397;
 -0.55237579;
 7.5920892]
Keyframe: 184 Frame: 1565 Frame from vFrameID : 1566
Tcw:
[0.98201072, -0.066096149, 0.17687918, 3.0987811;
 0.1888184, 0.35166264, -0.91688657, -0.48378992;
 -0.0015991287, 0.9337905, 0.35781667, 7.6513777;
 0, 0, 0, 1]
Twc:
[0.98201072, 0.1888184, -0.0015991287, -2.9394524;
 -0.066096149, 0.35166264, 0.9337905, -6.7698355;
 0.17687918, -0.91688657, 0.35781667, -3.7294807;
 0, 0, 0, 1]
Ow:
[3.0987811;
 -0.48378992;
 7.6513777]
Keyframe: 185 Frame: 1573 Frame from vFrameID : 1574
Tcw:
[0.98734105, -0.076823771, 0.13876511, 3.1171341;
 0.15673411, 0.33834603, -0.92787737, -0.50635171;
 0.024332413, 0.93788064, 0.34610385, 7.6635628;
 0, 0, 0, 1]
Twc:
[0.98734105, 0.15673411, 0.024332413, -3.1847849;
 -0.076823771, 0.33834603, 0.93788064, -6.7767148;
 0.13876511, -0.92787737, 0.34610385, -3.55477;
 0, 0, 0, 1]
Ow:
[3.1171341;
 -0.50635171;
 7.6635628]
Keyframe: 186 Frame: 1581 Frame from vFrameID : 1582
Tcw:
[0.99013996, -0.087195337, 0.10963498, 3.0982113;
 0.13330388, 0.34600234, -0.92871547, -0.47045994;
 0.043045703, 0.93417311, 0.35421422, 7.7024593;
 0, 0, 0, 1]
Twc:
[0.99013996, 0.13330388, 0.043045703, -3.3365066;
 -0.087195337, 0.34600234, 0.93417311, -6.7624998;
 0.10963498, -0.92871547, 0.35421422, -3.5049162;
 0, 0, 0, 1]
Ow:
[3.0982113;
 -0.47045994;
 7.7024593]
Keyframe: 187 Frame: 1589 Frame from vFrameID : 1590
Tcw:
[0.98906988, -0.065703586, 0.13199936, 3.111696;
 0.14649561, 0.33632535, -0.93028182, -0.5191617;
 0.01672812, 0.93945104, 0.34227455, 7.7378182;
 0, 0, 0, 1]
Twc:
[0.98906988, 0.14649561, 0.01672812, -3.1310689;
 -0.065703586, 0.33632535, 0.93945104, -6.890245;
 0.13199936, -0.93028182, 0.34227455, -3.5421669;
 0, 0, 0, 1]
Ow:
[3.111696;
 -0.5191617;
 7.7378182]
Keyframe: 188 Frame: 1596 Frame from vFrameID : 1597
Tcw:
[0.98592865, -0.067597054, 0.15288977, 3.0687253;
 0.16631377, 0.30438304, -0.93791825, -0.52394128;
 0.016863458, 0.95014822, 0.3113423, 7.7911048;
 0, 0, 0, 1]
Twc:
[0.98592865, 0.16631377, 0.016863458, -3.0697908;
 -0.067597054, 0.30438304, 0.95014822, -7.0357885;
 0.15288977, -0.93791825, 0.3113423, -3.3862913;
 0, 0, 0, 1]
Ow:
[3.0687253;
 -0.52394128;
 7.7911048]
Keyframe: 189 Frame: 1604 Frame from vFrameID : 1605
Tcw:
[0.98715508, -0.089901634, 0.13207035, 3.1272044;
 0.15449364, 0.32655939, -0.93246484, -0.52210546;
 0.040701292, 0.94089139, 0.336254, 7.7727332;
 0, 0, 0, 1]
Twc:
[0.98715508, 0.15449364, 0.040701292, -3.3227339;
 -0.089901634, 0.32655939, 0.94089139, -6.861659;
 0.13207035, -0.93246484, 0.336254, -3.5134685;
 0, 0, 0, 1]
Ow:
[3.1272044;
 -0.52210546;
 7.7727332]
Keyframe: 190 Frame: 1612 Frame from vFrameID : 1613
Tcw:
[0.9850539, -0.1285964, 0.11459398, 3.1141863;
 0.15082251, 0.32261881, -0.93443549, -0.49145412;
 0.083194859, 0.93775266, 0.33719215, 7.81915;
 0, 0, 0, 1]
Twc:
[0.9850539, 0.15082251, 0.083194859, -3.644032;
 -0.1285964, 0.32261881, 0.93775266, -6.7734027;
 0.11459398, -0.93443549, 0.33719215, -3.4526551;
 0, 0, 0, 1]
Ow:
[3.1141863;
 -0.49145412;
 7.81915]
Keyframe: 191 Frame: 1620 Frame from vFrameID : 1621
Tcw:
[0.98639101, -0.11222929, 0.12015568, 3.1264832;
 0.15272294, 0.35473746, -0.92240828, -0.50851178;
 0.060897503, 0.92820573, 0.36704981, 7.8046398;
 0, 0, 0, 1]
Twc:
[0.98639101, 0.15272294, 0.060897503, -3.4815567;
 -0.11222929, 0.35473746, 0.92820573, -6.7130408;
 0.12015568, -0.92240828, 0.36704981, -3.7094119;
 0, 0, 0, 1]
Ow:
[3.1264832;
 -0.50851178;
 7.8046398]
Keyframe: 192 Frame: 1628 Frame from vFrameID : 1629
Tcw:
[0.98137224, -0.091567673, 0.16889033, 3.108408;
 0.18980578, 0.32619908, -0.92604965, -0.52374339;
 0.029704342, 0.94085574, 0.33750278, 7.8322687;
 0, 0, 0, 1]
Twc:
[0.98137224, 0.18980578, 0.029704342, -3.183748;
 -0.091567673, 0.32619908, 0.94085574, -6.9135604;
 0.16889033, -0.92604965, 0.33750278, -3.653405;
 0, 0, 0, 1]
Ow:
[3.108408;
 -0.52374339;
 7.8322687]
Keyframe: 193 Frame: 1636 Frame from vFrameID : 1637
Tcw:
[0.97536767, -0.090672672, 0.20108795, 3.0855947;
 0.21977049, 0.32116377, -0.92117029, -0.55609345;
 0.018942812, 0.94267297, 0.33317995, 7.8688121;
 0, 0, 0, 1]
Twc:
[0.97536767, 0.21977049, 0.018942812, -3.0364339;
 -0.090672672, 0.32116377, 0.94267297, -6.9593401;
 0.20108795, -0.92117029, 0.33317995, -3.7544632;
 0, 0, 0, 1]
Ow:
[3.0855947;
 -0.55609345;
 7.8688121]
