Keyframe: 0 Frame: 0 Frame from vFrameID : 131
Tcw:
[0.99947095, -0.0057708798, -0.032007691, 0.47698599;
 -0.028732445, 0.30446056, -0.95209152, -0.14416355;
 0.015239485, 0.95250744, 0.30413365, 0.83132058;
 0, 0, 0, 1]
Twc:
[0.99947095, -0.028732445, 0.015239485, -0.4935447;
 -0.0057708798, 0.30446056, 0.95250744, -0.74519432;
 -0.032007691, -0.95209152, 0.30413365, -0.37482226;
 0, 0, 0, 1]
Ow:
[0.47698599;
 -0.14416355;
 0.83132058]
Keyframe: 1 Frame: 274 Frame from vFrameID : 131
Tcw:
[0.99924511, -0.021055484, -0.032648686, 0.21311092;
 -0.024512129, 0.31028876, -0.95032626, -0.054298989;
 0.030140102, 0.95040917, 0.30953839, 0.39363039;
 0, 0, 0, 1]
Twc:
[0.99924511, -0.024512129, 0.030140102, -0.22614509;
 -0.021055484, 0.31028876, 0.95040917, -0.35277441;
 -0.032648686, -0.95032626, 0.30953839, -0.16648769;
 0, 0, 0, 1]
Ow:
[0.21311092;
 -0.054298989;
 0.39363039]
Keyframe: 2 Frame: 276 Frame from vFrameID : 277
Tcw:
[0.99888897, -0.015165453, -0.044618946, 0.49724668;
 -0.03826334, 0.2916899, -0.95574731, -0.15682332;
 0.027509237, 0.95639271, 0.29078555, 0.84552717;
 0, 0, 0, 1]
Twc:
[0.99888897, -0.03826334, 0.027509237, -0.5259546;
 -0.015165453, 0.2916899, 0.95639271, -0.75537127;
 -0.044618946, -0.95574731, 0.29078555, -0.37356392;
 0, 0, 0, 1]
Ow:
[0.49724668;
 -0.15682332;
 0.84552717]
Keyframe: 3 Frame: 279 Frame from vFrameID : 280
Tcw:
[0.99877328, -0.010024449, -0.048491947, 0.48336515;
 -0.043535322, 0.28882748, -0.9563908, -0.17406322;
 0.023593096, 0.95732868, 0.28803673, 0.86427361;
 0, 0, 0, 1]
Twc:
[0.99877328, -0.043535322, 0.023593096, -0.510741;
 -0.010024449, 0.28882748, 0.95732868, -0.7722742;
 -0.048491947, -0.9563908, 0.28803673, -0.3919757;
 0, 0, 0, 1]
Ow:
[0.48336515;
 -0.17406322;
 0.86427361]
Keyframe: 4 Frame: 281 Frame from vFrameID : 282
Tcw:
[0.99826896, -0.013240966, -0.057304457, 0.47927526;
 -0.050929334, 0.29270613, -0.95484519, -0.17754401;
 0.029416438, 0.95611078, 0.29152507, 0.86593348;
 0, 0, 0, 1]
Twc:
[0.99826896, -0.050929334, 0.029416438, -0.51296043;
 -0.013240966, 0.29270613, 0.95611078, -0.76961404;
 -0.057304457, -0.95484519, 0.29152507, -0.39450377;
 0, 0, 0, 1]
Ow:
[0.47927526;
 -0.17754401;
 0.86593348]
Keyframe: 5 Frame: 284 Frame from vFrameID : 285
Tcw:
[0.99778301, -0.010352627, -0.065741472, 0.48958403;
 -0.059670411, 0.29827917, -0.95261168, -0.20792529;
 0.029471345, 0.95442253, 0.29700014, 0.87085414;
 0, 0, 0, 1]
Twc:
[0.99778301, -0.059670411, 0.029471345, -0.52657086;
 -0.010352627, 0.29827917, 0.95442253, -0.76407462;
 -0.065741472, -0.95261168, 0.29700014, -0.42452988;
 0, 0, 0, 1]
Ow:
[0.48958403;
 -0.20792529;
 0.87085414]
Keyframe: 6 Frame: 287 Frame from vFrameID : 288
Tcw:
[0.99749362, -0.010619111, -0.069954678, 0.50099903;
 -0.063437335, 0.30367866, -0.95066029, -0.25017321;
 0.031338912, 0.95271534, 0.30224389, 0.88600105;
 0, 0, 0, 1]
Twc:
[0.99749362, -0.063437335, 0.031338912, -0.54337996;
 -0.010619111, 0.30367866, 0.95271534, -0.76281434;
 -0.069954678, -0.95066029, 0.30224389, -0.47057092;
 0, 0, 0, 1]
Ow:
[0.50099903;
 -0.25017321;
 0.88600105]
Keyframe: 7 Frame: 289 Frame from vFrameID : 290
Tcw:
[0.99783909, -0.0082791895, -0.065181635, 0.4999631;
 -0.059674073, 0.30099323, -0.95175737, -0.25163651;
 0.027499011, 0.95359033, 0.29984877, 0.88965875;
 0, 0, 0, 1]
Twc:
[0.99783909, -0.059674073, 0.027499011, -0.53836364;
 -0.0082791895, 0.30099323, 0.95359033, -0.76848978;
 -0.065181635, -0.95175737, 0.29984877, -0.47367153;
 0, 0, 0, 1]
Ow:
[0.4999631;
 -0.25163651;
 0.88965875]
Keyframe: 8 Frame: 292 Frame from vFrameID : 293
Tcw:
[0.9989261, 0.0032972505, -0.046214093, 0.50190938;
 -0.045080803, 0.29937375, -0.95307034, -0.25052646;
 0.010692774, 0.95413023, 0.29920089, 0.89088082;
 0, 0, 0, 1]
Twc:
[0.9989261, -0.045080803, 0.010692774, -0.52219033;
 0.0032972505, 0.29937375, 0.95413023, -0.77667022;
 -0.046214093, -0.95307034, 0.29920089, -0.48212641;
 0, 0, 0, 1]
Ow:
[0.50190938;
 -0.25052646;
 0.89088082]
Keyframe: 9 Frame: 295 Frame from vFrameID : 296
Tcw:
[0.99919766, 0.009083258, -0.039006326, 0.51794982;
 -0.039925676, 0.30258095, -0.95228708, -0.2817933;
 0.0031527018, 0.95308042, 0.30270085, 0.91101909;
 0, 0, 0, 1]
Twc:
[0.99919766, -0.039925676, 0.0031527018, -0.53165728;
 0.009083258, 0.30258095, 0.95308042, -0.78771383;
 -0.039006326, -0.95228708, 0.30270085, -0.52391106;
 0, 0, 0, 1]
Ow:
[0.51794982;
 -0.2817933;
 0.91101909]
Keyframe: 10 Frame: 298 Frame from vFrameID : 299
Tcw:
[0.99975252, 0.012350317, -0.01850233, 0.51127851;
 -0.021360526, 0.30068564, -0.95348406, -0.30648246;
 -0.0062124454, 0.95364332, 0.30087504, 0.91058606;
 0, 0, 0, 1]
Twc:
[0.99975252, -0.021360526, -0.0062124454, -0.51204169;
 0.012350317, 0.30068564, 0.95364332, -0.78253394;
 -0.01850233, -0.95348406, 0.30087504, -0.55673897;
 0, 0, 0, 1]
Ow:
[0.51127851;
 -0.30648246;
 0.91058606]
Keyframe: 11 Frame: 301 Frame from vFrameID : 302
Tcw:
[0.99989605, 0.0098010665, -0.010577403, 0.50764585;
 -0.013046673, 0.30243689, -0.95308012, -0.30600011;
 -0.0061422046, 0.95311904, 0.3025333, 0.91164207;
 0, 0, 0, 1]
Twc:
[0.99989605, -0.013046673, -0.0061422046, -0.50598586;
 0.0098010665, 0.30243689, 0.95311904, -0.78133315;
 -0.010577403, -0.95308012, 0.3025333, -0.56207514;
 0, 0, 0, 1]
Ow:
[0.50764585;
 -0.30600011;
 0.91164207]
Keyframe: 12 Frame: 304 Frame from vFrameID : 305
Tcw:
[0.99987113, 0.015457042, -0.0043389709, 0.52403015;
 -0.0089782085, 0.31429994, -0.94928128, -0.33601445;
 -0.013309343, 0.94919789, 0.31439823, 0.92097515;
 0, 0, 0, 1]
Twc:
[0.99987113, -0.0089782085, -0.013309343, -0.51472187;
 0.015457042, 0.31429994, 0.94919789, -0.77667826;
 -0.0043389709, -0.94928128, 0.31439823, -0.60625142;
 0, 0, 0, 1]
Ow:
[0.52403015;
 -0.33601445;
 0.92097515]
Keyframe: 13 Frame: 307 Frame from vFrameID : 308
Tcw:
[0.99991703, 0.0086597195, -0.0095375506, 0.52904361;
 -0.011790475, 0.31689167, -0.94838846, -0.3795312;
 -0.0051904069, 0.94842219, 0.31696749, 0.92315865;
 0, 0, 0, 1]
Twc:
[0.99991703, -0.011790475, -0.0051904069, -0.52868301;
 0.0086597195, 0.31689167, 0.94842219, -0.75985527;
 -0.0095375506, -0.94838846, 0.31696749, -0.6475085;
 0, 0, 0, 1]
Ow:
[0.52904361;
 -0.3795312;
 0.92315865]
Keyframe: 14 Frame: 310 Frame from vFrameID : 311
Tcw:
[0.99956328, -0.0024810205, -0.029446702, 0.60447752;
 -0.027330074, 0.30139247, -0.95310843, -0.51141709;
 0.011239695, 0.95349693, 0.30119303, 1.0519843;
 0, 0, 0, 1]
Twc:
[0.99956328, -0.027330074, 0.011239695, -0.6300146;
 -0.0024810205, 0.30139247, 0.95349693, -0.84742695;
 -0.029446702, -0.95310843, 0.30119303, -0.78648645;
 0, 0, 0, 1]
Ow:
[0.60447752;
 -0.51141709;
 1.0519843]
Keyframe: 15 Frame: 317 Frame from vFrameID : 318
Tcw:
[0.99834758, -0.014414938, -0.05562678, 0.56349331;
 -0.048619635, 0.30411136, -0.95139498, -0.50969177;
 0.030631036, 0.9525274, 0.30290797, 1.0387095;
 0, 0, 0, 1]
Twc:
[0.99834758, -0.048619635, 0.030631036, -0.61915994;
 -0.014414938, 0.30411136, 0.9525274, -0.82627356;
 -0.05562678, -0.95139498, 0.30290797, -0.7682063;
 0, 0, 0, 1]
Ow:
[0.56349331;
 -0.50969177;
 1.0387095]
Keyframe: 16 Frame: 323 Frame from vFrameID : 324
Tcw:
[0.99889147, -0.0016288926, -0.047044754, 0.62037754;
 -0.043905467, 0.32816851, -0.94359827, -0.57774836;
 0.016975628, 0.94461781, 0.32773322, 1.0526783;
 0, 0, 0, 1]
Twc:
[0.99889147, -0.043905467, 0.016975628, -0.66292602;
 -0.0016288926, 0.32816851, 0.94461781, -0.80376929;
 -0.047044754, -0.94359827, 0.32773322, -0.86097449;
 0, 0, 0, 1]
Ow:
[0.62037754;
 -0.57774836;
 1.0526783]
Keyframe: 17 Frame: 330 Frame from vFrameID : 331
Tcw:
[0.99943405, 0.018395238, -0.028164351, 0.60575324;
 -0.032433171, 0.30472684, -0.95188743, -0.42038324;
 -0.0089277625, 0.95226216, 0.30515099, 1.0501485;
 0, 0, 0, 1]
Twc:
[0.99943405, -0.032433171, -0.0089277625, -0.60966927;
 0.018395238, 0.30472684, 0.95226216, -0.88305748;
 -0.028164351, -0.95188743, 0.30515099, -0.7035507;
 0, 0, 0, 1]
Ow:
[0.60575324;
 -0.42038324;
 1.0501485]
Keyframe: 18 Frame: 336 Frame from vFrameID : 337
Tcw:
[0.99942297, 0.033703074, -0.0042209397, 0.71232951;
 -0.013944745, 0.29381567, -0.95576036, -0.65290087;
 -0.030971883, 0.95526773, 0.29411611, 1.1894805;
 0, 0, 0, 1]
Twc:
[0.99942297, -0.013944745, -0.030971883, -0.68418258;
 0.033703074, 0.29381567, 0.95526773, -0.96844751;
 -0.0042209397, -0.95576036, 0.29411611, -0.97085547;
 0, 0, 0, 1]
Ow:
[0.71232951;
 -0.65290087;
 1.1894805]
Keyframe: 19 Frame: 344 Frame from vFrameID : 345
Tcw:
[0.99964809, 0.026481822, 0.0015358804, 0.74415773;
 -0.0066627488, 0.30670944, -0.9517799, -0.6910665;
 -0.025675934, 0.95143473, 0.30677795, 1.2490938;
 0, 0, 0, 1]
Twc:
[0.99964809, -0.0066627488, -0.025675934, -0.71642864;
 0.026481822, 0.30670944, 0.95143473, -0.99618113;
 0.0015358804, -0.9517799, 0.30677795, -1.0420805;
 0, 0, 0, 1]
Ow:
[0.74415773;
 -0.6910665;
 1.2490938]
Keyframe: 20 Frame: 352 Frame from vFrameID : 353
Tcw:
[0.99978369, 0.016067695, -0.013205196, 0.73439699;
 -0.017604923, 0.31577128, -0.948672, -0.61998165;
 -0.011073151, 0.9486993, 0.31598586, 1.2443838;
 0, 0, 0, 1]
Twc:
[0.99978369, -0.017604923, -0.011073151, -0.73137361;
 0.016067695, 0.31577128, 0.9486993, -0.99657363;
 -0.013205196, -0.948672, 0.31598586, -0.97166902;
 0, 0, 0, 1]
Ow:
[0.73439699;
 -0.61998165;
 1.2443838]
Keyframe: 21 Frame: 359 Frame from vFrameID : 360
Tcw:
[0.99992377, 0.0041230819, -0.011639106, 0.73407716;
 -0.012347801, 0.33230841, -0.94308996, -0.51164317;
 -2.0663771e-05, 0.94316179, 0.33233401, 1.2555671;
 0, 0, 0, 1]
Twc:
[0.99992377, -0.012347801, -2.0663771e-05, -0.74031293;
 0.0041230819, 0.33230841, 0.94316179, -1.0172062;
 -0.011639106, -0.94308996, 0.33233401, -0.89124918;
 0, 0, 0, 1]
Ow:
[0.73407716;
 -0.51164317;
 1.2555671]
Keyframe: 22 Frame: 367 Frame from vFrameID : 368
Tcw:
[0.99972057, 0.023116529, 0.0049457531, 0.74229383;
 -0.0030618196, 0.33407047, -0.94254315, -0.43760177;
 -0.023440557, 0.94226456, 0.33404788, 1.287334;
 0, 0, 0, 1]
Twc:
[0.99972057, -0.0030618196, -0.023440557, -0.7132504;
 0.023116529, 0.33407047, 0.94226456, -1.0839788;
 0.0049457531, -0.94254315, 0.33404788, -0.84616095;
 0, 0, 0, 1]
Ow:
[0.74229383;
 -0.43760177;
 1.287334]
Keyframe: 23 Frame: 375 Frame from vFrameID : 376
Tcw:
[0.99937683, 0.024737556, 0.025178377, 0.74577349;
 0.015451337, 0.33474892, -0.94218069, -0.51097918;
 -0.031735681, 0.94198257, 0.33415809, 1.3540332;
 0, 0, 0, 1]
Twc:
[0.99937683, 0.015451337, -0.031735681, -0.69444227;
 0.024737556, 0.33474892, 0.94198257, -1.1228746;
 0.025178377, -0.94218069, 0.33415809, -0.95267326;
 0, 0, 0, 1]
Ow:
[0.74577349;
 -0.51097918;
 1.3540332]
Keyframe: 24 Frame: 383 Frame from vFrameID : 384
Tcw:
[0.99996769, 0.0078025693, 0.0019367511, 0.77122873;
 -0.00063801999, 0.31717142, -0.94836801, -0.53429794;
 -0.0080139888, 0.94833612, 0.31716615, 1.4528654;
 0, 0, 0, 1]
Twc:
[0.99996769, -0.00063801999, -0.0080139888, -0.75990146;
 0.0078025693, 0.31717142, 0.94833612, -1.2143582;
 0.0019367511, -0.94836801, 0.31716615, -0.96900445;
 0, 0, 0, 1]
Ow:
[0.77122873;
 -0.53429794;
 1.4528654]
Keyframe: 25 Frame: 391 Frame from vFrameID : 392
Tcw:
[0.99909884, 0.0020128989, -0.042396877, 0.80051446;
 -0.040754873, 0.3245317, -0.94499642, -0.55023408;
 0.011856949, 0.94587266, 0.32432127, 1.4651512;
 0, 0, 0, 1]
Twc:
[0.99909884, -0.040754873, 0.011856949, -0.83959001;
 0.0020128989, 0.3245317, 0.94587266, -1.2088895;
 -0.042396877, -0.94499642, 0.32432127, -0.96120965;
 0, 0, 0, 1]
Ow:
[0.80051446;
 -0.55023408;
 1.4651512]
Keyframe: 26 Frame: 399 Frame from vFrameID : 400
Tcw:
[0.9994933, -0.012622132, -0.029219707, 0.82052594;
 -0.02335153, 0.33303174, -0.94262642, -0.55373979;
 0.021629045, 0.94283116, 0.33256826, 1.5266348;
 0, 0, 0, 1]
Twc:
[0.9994933, -0.02335153, 0.021629045, -0.8660605;
 -0.012622132, 0.33303174, 0.94283116, -1.2445891;
 -0.029219707, -0.94262642, 0.33256826, -1.0057045;
 0, 0, 0, 1]
Ow:
[0.82052594;
 -0.55373979;
 1.5266348]
Keyframe: 27 Frame: 408 Frame from vFrameID : 409
Tcw:
[0.99996763, -0.0076391622, -0.0025276875, 0.82201761;
 -7.9219499e-05, 0.30477363, -0.95242482, -0.57750505;
 0.0080460999, 0.95239419, 0.30476317, 1.5335624;
 0, 0, 0, 1]
Twc:
[0.99996763, -7.9219499e-05, 0.0080460999, -0.83437592;
 -0.0076391622, 0.30477363, 0.95239419, -1.2782681;
 -0.0025276875, -0.95242482, 0.30476317, -1.0153257;
 0, 0, 0, 1]
Ow:
[0.82201761;
 -0.57750505;
 1.5335624]
Keyframe: 28 Frame: 416 Frame from vFrameID : 417
Tcw:
[0.9997741, -0.0063472325, 0.020283712, 0.83223724;
 0.021247579, 0.32124111, -0.94675905, -0.58633816;
 -0.00050666212, 0.94697618, 0.3213034, 1.5373943;
 0, 0, 0, 1]
Twc:
[0.9997741, 0.021247579, -0.00050666212, -0.81881201;
 -0.0063472325, 0.32124111, 0.94697618, -1.2622373;
 0.020283712, -0.94675905, 0.3213034, -1.0659719;
 0, 0, 0, 1]
Ow:
[0.83223724;
 -0.58633816;
 1.5373943]
Keyframe: 29 Frame: 424 Frame from vFrameID : 425
Tcw:
[0.99981886, -0.0035644502, -0.018695772, 0.88756561;
 -0.016704729, 0.30639651, -0.95175737, -0.57457072;
 0.0091208108, 0.95189732, 0.30628148, 1.5754391;
 0, 0, 0, 1]
Twc:
[0.99981886, -0.016704729, 0.0091208108, -0.91137218;
 -0.0035644502, 0.30639651, 0.95189732, -1.320446;
 -0.018695772, -0.95175737, 0.30628148, -1.012786;
 0, 0, 0, 1]
Ow:
[0.88756561;
 -0.57457072;
 1.5754391]
Keyframe: 30 Frame: 432 Frame from vFrameID : 433
Tcw:
[0.99979424, -0.0040132785, -0.019883191, 0.89149386;
 -0.017603448, 0.31535006, -0.94881213, -0.56904972;
 0.010078013, 0.94896692, 0.31521451, 1.6620224;
 0, 0, 0, 1]
Twc:
[0.99979424, -0.017603448, 0.010078013, -0.91807753;
 -0.0040132785, 0.31535006, 0.94896692, -1.3941766;
 -0.019883191, -0.94881213, 0.31521451, -1.0460892;
 0, 0, 0, 1]
Ow:
[0.89149386;
 -0.56904972;
 1.6620224]
Keyframe: 31 Frame: 441 Frame from vFrameID : 442
Tcw:
[0.99959022, 0.01637442, -0.023478009, 0.92020279;
 -0.027277006, 0.29624587, -0.95472211, -0.59249765;
 -0.0086777583, 0.95497137, 0.29657111, 1.7001815;
 0, 0, 0, 1]
Twc:
[0.99959022, -0.027277006, -0.0086777583, -0.92123353;
 0.01637442, 0.29624587, 0.95497137, -1.4631674;
 -0.023478009, -0.95472211, 0.29657111, -1.0482908;
 0, 0, 0, 1]
Ow:
[0.92020279;
 -0.59249765;
 1.7001815]
Keyframe: 32 Frame: 450 Frame from vFrameID : 451
Tcw:
[0.99991566, 0.0061399932, -0.011445707, 0.94384301;
 -0.012757168, 0.2986511, -0.9542771, -0.63271976;
 -0.0024409816, 0.9543426, 0.29870424, 1.7064455;
 0, 0, 0, 1]
Twc:
[0.99991566, -0.012757168, -0.0024409816, -0.94766968;
 0.0061399932, 0.2986511, 0.9543426, -1.4453664;
 -0.011445707, -0.9542771, 0.29870424, -1.1027095;
 0, 0, 0, 1]
Ow:
[0.94384301;
 -0.63271976;
 1.7064455]
Keyframe: 33 Frame: 458 Frame from vFrameID : 459
Tcw:
[0.99915761, -0.02401026, -0.033279851, 0.97211021;
 -0.024696643, 0.29585463, -0.95491368, -0.60545886;
 0.032773722, 0.95493114, 0.29501244, 1.7584099;
 0, 0, 0, 1]
Twc:
[0.99915761, -0.024696643, 0.032773722, -1.0438738;
 -0.02401026, 0.29585463, 0.95493114, -1.4766921;
 -0.033279851, -0.95491368, 0.29501244, -1.0645621;
 0, 0, 0, 1]
Ow:
[0.97211021;
 -0.60545886;
 1.7584099]
Keyframe: 34 Frame: 466 Frame from vFrameID : 467
Tcw:
[0.99738765, -0.049855255, -0.052272066, 0.96965486;
 -0.034674715, 0.30437577, -0.95192069, -0.55707467;
 0.063368604, 0.95124644, 0.30185193, 1.8141675;
 0, 0, 0, 1]
Twc:
[0.99738765, -0.034674715, 0.063368604, -1.1013994;
 -0.049855255, 0.30437577, 0.95124644, -1.507818;
 -0.052272066, -0.95192069, 0.30185193, -1.027215;
 0, 0, 0, 1]
Ow:
[0.96965486;
 -0.55707467;
 1.8141675]
Keyframe: 35 Frame: 475 Frame from vFrameID : 476
Tcw:
[0.99808681, -0.055131137, -0.027987959, 0.98649812;
 -0.010881352, 0.28897679, -0.95727426, -0.60219085;
 0.060863491, 0.95574737, 0.287824, 1.8579966;
 0, 0, 0, 1]
Twc:
[0.99808681, -0.010881352, 0.060863491, -1.1042475;
 -0.055131137, 0.28897679, 0.95574737, -1.5473692;
 -0.027987959, -0.95727426, 0.287824, -1.0836277;
 0, 0, 0, 1]
Ow:
[0.98649812;
 -0.60219085;
 1.8579966]
Keyframe: 36 Frame: 484 Frame from vFrameID : 485
Tcw:
[0.99829304, -0.056791652, 0.013626198, 1.0158796;
 0.029007046, 0.27963445, -0.95966828, -0.60719997;
 0.050690793, 0.9584254, 0.28080449, 1.9151036;
 0, 0, 0, 1]
Twc:
[0.99829304, 0.029007046, 0.050690793, -1.0936105;
 -0.056791652, 0.27963445, 0.9584254, -1.6079965;
 0.013626198, -0.95966828, 0.28080449, -1.1343228;
 0, 0, 0, 1]
Ow:
[1.0158796;
 -0.60719997;
 1.9151036]
Keyframe: 37 Frame: 492 Frame from vFrameID : 493
Tcw:
[0.99525136, -0.088816516, 0.039828993, 0.99885738;
 0.060366888, 0.24220762, -0.96834463, -0.54750943;
 0.07635811, 0.96615064, 0.24641904, 2.047931;
 0, 0, 0, 1]
Twc:
[0.99525136, 0.060366888, 0.07635811, -1.1174389;
 -0.088816516, 0.24220762, 0.96615064, -1.7572839;
 0.039828993, -0.96834463, 0.24641904, -1.0746105;
 0, 0, 0, 1]
Ow:
[0.99885738;
 -0.54750943;
 2.047931]
Keyframe: 38 Frame: 501 Frame from vFrameID : 502
Tcw:
[0.99575764, -0.088272974, 0.025973974, 1.0404533;
 0.049243979, 0.2727772, -0.96081614, -0.55349159;
 0.077728987, 0.95801902, 0.27596688, 2.0917854;
 0, 0, 0, 1]
Twc:
[0.99575764, 0.049243979, 0.077728987, -1.1713755;
 -0.088272974, 0.2727772, 0.95801902, -1.7611465;
 0.025973974, -0.96081614, 0.27596688, -1.1360918;
 0, 0, 0, 1]
Ow:
[1.0404533;
 -0.55349159;
 2.0917854]
Keyframe: 39 Frame: 509 Frame from vFrameID : 510
Tcw:
[0.9974032, -0.068813033, 0.021250509, 1.073411;
 0.041013498, 0.30016318, -0.95300573, -0.51553756;
 0.059200596, 0.95140254, 0.30220598, 2.1163971;
 0, 0, 0, 1]
Twc:
[0.9974032, 0.041013498, 0.059200596, -1.1747715;
 -0.068813033, 0.30016318, 0.95140254, -1.7849357;
 0.021250509, -0.95300573, 0.30220598, -1.1537087;
 0, 0, 0, 1]
Ow:
[1.073411;
 -0.51553756;
 2.1163971]
Keyframe: 40 Frame: 518 Frame from vFrameID : 519
Tcw:
[0.99675453, -0.06477087, 0.047802668, 1.0772219;
 0.063828461, 0.2740432, -0.95959693, -0.54623312;
 0.049053933, 0.95953375, 0.27728805, 2.1666808;
 0, 0, 0, 1]
Twc:
[0.99675453, 0.063828461, 0.049053933, -1.1451448;
 -0.06477087, 0.2740432, 0.95953375, -1.8595394;
 0.047802668, -0.95959693, 0.27728805, -1.1764524;
 0, 0, 0, 1]
Ow:
[1.0772219;
 -0.54623312;
 2.1666808]
Keyframe: 41 Frame: 528 Frame from vFrameID : 529
Tcw:
[0.99853361, -0.053583529, 0.0077108126, 1.126398;
 0.02369988, 0.30462855, -0.95217633, -0.51190853;
 0.048672035, 0.95096278, 0.30545178, 2.2601209;
 0, 0, 0, 1]
Twc:
[0.99853361, 0.02369988, 0.048672035, -1.2226187;
 -0.053583529, 0.30462855, 0.95096278, -1.9329926;
 0.0077108126, -0.95217633, 0.30545178, -1.1864705;
 0, 0, 0, 1]
Ow:
[1.126398;
 -0.51190853;
 2.2601209]
Keyframe: 42 Frame: 537 Frame from vFrameID : 538
Tcw:
[0.99807519, -0.047766116, -0.039551809, 1.1483699;
 -0.022312041, 0.31848487, -0.94766533, -0.52518207;
 0.057862941, 0.9467237, 0.31680608, 2.2786455;
 0, 0, 0, 1]
Twc:
[0.99807519, -0.022312041, 0.057862941, -1.2897265;
 -0.047766116, 0.31848487, 0.9467237, -1.935132;
 -0.039551809, -0.94766533, 0.31680608, -1.1741655;
 0, 0, 0, 1]
Ow:
[1.1483699;
 -0.52518207;
 2.2786455]
Keyframe: 43 Frame: 546 Frame from vFrameID : 547
Tcw:
[0.99772894, -0.052549448, -0.042136323, 1.1569328;
 -0.022972148, 0.32259017, -0.94625992, -0.52791464;
 0.0633182, 0.94507891, 0.3206504, 2.342284;
 0, 0, 0, 1]
Twc:
[0.99772894, -0.022972148, 0.0633182, -1.314742;
 -0.052549448, 0.32259017, 0.94507891, -1.9825469;
 -0.042136323, -0.94625992, 0.3206504, -1.2018498;
 0, 0, 0, 1]
Ow:
[1.1569328;
 -0.52791464;
 2.342284]
Keyframe: 44 Frame: 556 Frame from vFrameID : 557
Tcw:
[0.99950206, -0.030749815, 0.0070792111, 1.1740551;
 0.01665354, 0.32350603, -0.94607955, -0.5199104;
 0.026801603, 0.94572634, 0.32385701, 2.3400033;
 0, 0, 0, 1]
Twc:
[0.99950206, 0.01665354, 0.026801603, -1.2275279;
 -0.030749815, 0.32350603, 0.94572634, -2.0087066;
 0.0070792111, -0.94607955, 0.32385701, -1.2580144;
 0, 0, 0, 1]
Ow:
[1.1740551;
 -0.5199104;
 2.3400033]
Keyframe: 45 Frame: 566 Frame from vFrameID : 567
Tcw:
[0.99883318, -0.043692138, -0.020574469, 1.1379327;
 -0.0059824483, 0.31080306, -0.95045549, -0.52350837;
 0.047922041, 0.94946957, 0.310179, 2.4820838;
 0, 0, 0, 1]
Twc:
[0.99883318, -0.0059824483, 0.047922041, -1.2586832;
 -0.043692138, 0.31080306, 0.94946957, -2.1442361;
 -0.020574469, -0.95045549, 0.310179, -1.2440493;
 0, 0, 0, 1]
Ow:
[1.1379327;
 -0.52350837;
 2.4820838]
Keyframe: 46 Frame: 575 Frame from vFrameID : 576
Tcw:
[0.9962253, -0.04567213, -0.073818728, 1.1922823;
 -0.054448575, 0.33352429, -0.94116783, -0.53625405;
 0.067605481, 0.94163454, 0.32977855, 2.5380297;
 0, 0, 0, 1]
Twc:
[0.9962253, -0.054448575, 0.067605481, -1.3885647;
 -0.04567213, 0.33352429, 0.94163454, -2.1565886;
 -0.073818728, -0.94116783, 0.32977855, -1.25368;
 0, 0, 0, 1]
Ow:
[1.1922823;
 -0.53625405;
 2.5380297]
Keyframe: 47 Frame: 584 Frame from vFrameID : 585
Tcw:
[0.99793488, -0.043618649, -0.047153346, 1.165204;
 -0.03013649, 0.33034533, -0.94337893, -0.56608236;
 0.0567258, 0.94285172, 0.32834861, 2.5625067;
 0, 0, 0, 1]
Twc:
[0.99793488, -0.03013649, 0.0567258, -1.3252176;
 -0.043618649, 0.33034533, 0.94285172, -2.1782365;
 -0.047153346, -0.94337893, 0.32834861, -1.3204824;
 0, 0, 0, 1]
Ow:
[1.165204;
 -0.56608236;
 2.5625067]
Keyframe: 48 Frame: 594 Frame from vFrameID : 595
Tcw:
[0.99849701, -0.017704386, 0.051867943, 1.255692;
 0.054796323, 0.3044484, -0.9509514, -0.47752267;
 0.0010448982, 0.95236427, 0.30496097, 2.6025939;
 0, 0, 0, 1]
Twc:
[0.99849701, 0.054796323, 0.0010448982, -1.2303575;
 -0.017704386, 0.3044484, 0.95236427, -2.3110054;
 0.051867943, -0.9509514, 0.30496097, -1.3129205;
 0, 0, 0, 1]
Ow:
[1.255692;
 -0.47752267;
 2.6025939]
Keyframe: 49 Frame: 604 Frame from vFrameID : 605
Tcw:
[0.99844962, -0.041066006, 0.037576351, 1.3156011;
 0.048517294, 0.3111451, -0.94912314, -0.52854294;
 0.027285, 0.94947475, 0.31265512, 2.6211357;
 0, 0, 0, 1]
Twc:
[0.99844962, 0.048517294, 0.027285, -1.3594356;
 -0.041066006, 0.3111451, 0.94947475, -2.2702222;
 0.037576351, -0.94912314, 0.31265512, -1.3705994;
 0, 0, 0, 1]
Ow:
[1.3156011;
 -0.52854294;
 2.6211357]
Keyframe: 50 Frame: 613 Frame from vFrameID : 614
Tcw:
[0.99918735, -0.033284802, 0.022731826, 1.3241957;
 0.031880941, 0.30756465, -0.95099294, -0.52727324;
 0.024662107, 0.95094484, 0.30837587, 2.6502576;
 0, 0, 0, 1]
Twc:
[0.99918735, 0.031880941, 0.024662107, -1.3716707;
 -0.033284802, 0.30756465, 0.95094484, -2.3140025;
 0.022731826, -0.95099294, 0.30837587, -1.34881;
 0, 0, 0, 1]
Ow:
[1.3241957;
 -0.52727324;
 2.6502576]
Keyframe: 51 Frame: 622 Frame from vFrameID : 623
Tcw:
[0.99863017, -0.0080341566, 0.051702879, 1.308275;
 0.051833313, 0.28682643, -0.95657927, -0.51446229;
 -0.0071444437, 0.95794886, 0.28684995, 2.6957397;
 0, 0, 0, 1]
Twc:
[0.99863017, 0.051833313, -0.0071444437, -1.2605571;
 -0.0080341566, 0.28682643, 0.95794886, -2.4243088;
 0.051702879, -0.95657927, 0.28684995, -1.3330384;
 0, 0, 0, 1]
Ow:
[1.308275;
 -0.51446229;
 2.6957397]
Keyframe: 52 Frame: 630 Frame from vFrameID : 631
Tcw:
[0.99774575, 0.037317585, 0.055774514, 1.3155408;
 0.043593246, 0.27145746, -0.96146268, -0.51663369;
 -0.051019877, 0.96172673, 0.26921874, 2.7267315;
 0, 0, 0, 1]
Twc:
[0.99774575, 0.043593246, -0.051019877, -1.150936;
 0.037317585, 0.27145746, 0.96172673, -2.5312192;
 0.055774514, -0.96146268, 0.26921874, -1.3041849;
 0, 0, 0, 1]
Ow:
[1.3155408;
 -0.51663369;
 2.7267315]
Keyframe: 53 Frame: 639 Frame from vFrameID : 640
Tcw:
[0.99905735, 0.034515958, 0.026326915, 1.3421395;
 0.015118639, 0.29184371, -0.95634651, -0.54030579;
 -0.040692564, 0.95584303, 0.29104677, 2.7896399;
 0, 0, 0, 1]
Twc:
[0.99905735, 0.015118639, -0.040692564, -1.2191881;
 0.034515958, 0.29184371, 0.95584303, -2.5550983;
 0.026326915, -0.95634651, 0.29104677, -1.3639697;
 0, 0, 0, 1]
Ow:
[1.3421395;
 -0.54030579;
 2.7896399]
Keyframe: 54 Frame: 647 Frame from vFrameID : 648
Tcw:
[0.99841624, 0.055048637, 0.011603382, 1.347351;
 -0.005900539, 0.30757996, -0.95150393, -0.54637802;
 -0.055947963, 0.94992852, 0.30741766, 2.7825906;
 0, 0, 0, 1]
Twc:
[0.99841624, -0.005900539, -0.055947963, -1.1927607;
 0.055048637, 0.30757996, 0.94992852, -2.5493774;
 0.011603382, -0.95150393, 0.30741766, -1.3909322;
 0, 0, 0, 1]
Ow:
[1.347351;
 -0.54637802;
 2.7825906]
Keyframe: 55 Frame: 655 Frame from vFrameID : 656
Tcw:
[0.99817252, 0.059155103, 0.012339317, 1.3816346;
 -0.0054513244, 0.29151413, -0.95655102, -0.48198295;
 -0.060181957, 0.95473564, 0.29130387, 2.9390898;
 0, 0, 0, 1]
Twc:
[0.99817252, -0.0054513244, -0.060181957, -1.2048569;
 0.059155103, 0.29151413, 0.95473564, -2.7472799;
 0.012339317, -0.95655102, 0.29130387, -1.334258;
 0, 0, 0, 1]
Ow:
[1.3816346;
 -0.48198295;
 2.9390898]
Keyframe: 56 Frame: 664 Frame from vFrameID : 665
Tcw:
[0.9957996, 0.07988999, 0.044729188, 1.4017451;
 0.019550476, 0.29172891, -0.95630121, -0.50960243;
 -0.089447692, 0.95315886, 0.28894165, 2.9986036;
 0, 0, 0, 1]
Twc:
[0.9957996, 0.019550476, -0.089447692, -1.117676;
 0.07988999, 0.29172891, 0.95315886, -2.8214653;
 0.044729188, -0.95630121, 0.28894165, -1.4164538;
 0, 0, 0, 1]
Ow:
[1.4017451;
 -0.50960243;
 2.9986036]
Keyframe: 57 Frame: 674 Frame from vFrameID : 675
Tcw:
[0.99959099, 0.019316807, 0.021087695, 1.4234588;
 0.014557899, 0.29098496, -0.95661688, -0.51266348;
 -0.024614986, 0.9565326, 0.29058471, 3.0081978;
 0, 0, 0, 1]
Twc:
[0.99959099, 0.014557899, -0.024614986, -1.3413665;
 0.019316807, 0.29098496, 0.9565326, -2.7557583;
 0.021087695, -0.95661688, 0.29058471, -1.3945763;
 0, 0, 0, 1]
Ow:
[1.4234588;
 -0.51266348;
 3.0081978]
Keyframe: 58 Frame: 682 Frame from vFrameID : 683
Tcw:
[0.9996255, 0.026860377, 0.0052341889, 1.4257667;
 -0.0028670062, 0.29301029, -0.95610499, -0.50590575;
 -0.027215011, 0.95573193, 0.29297757, 3.0313647;
 0, 0, 0, 1]
Twc:
[0.9996255, -0.0028670062, -0.027215011, -1.3441845;
 0.026860377, 0.29301029, 0.95573193, -2.7872329;
 0.0052341889, -0.95610499, 0.29297757, -1.3792835;
 0, 0, 0, 1]
Ow:
[1.4257667;
 -0.50590575;
 3.0313647]
Keyframe: 59 Frame: 690 Frame from vFrameID : 691
Tcw:
[0.99914658, 0.031150933, 0.027123393, 1.4807329;
 0.017559459, 0.27403069, -0.96156061, -0.46598727;
 -0.037386153, 0.96121633, 0.27324983, 3.0339937;
 0, 0, 0, 1]
Twc:
[0.99914658, 0.017559459, -0.037386153, -1.3578575;
 0.031150933, 0.27403069, 0.96121633, -2.8347557;
 0.027123393, -0.96156061, 0.27324983, -1.3172759;
 0, 0, 0, 1]
Ow:
[1.4807329;
 -0.46598727;
 3.0339937]
Keyframe: 60 Frame: 700 Frame from vFrameID : 701
Tcw:
[0.99966013, 0.022325074, 0.013461273, 1.5347745;
 0.0068424889, 0.27356207, -0.96183002, -0.53804111;
 -0.025155421, 0.96159524, 0.27331632, 3.0889721;
 0, 0, 0, 1]
Twc:
[0.99966013, 0.0068424889, -0.025155421, -1.4528669;
 0.022325074, 0.27356207, 0.96159524, -2.8574171;
 0.013461273, -0.96183002, 0.27331632, -1.3824307;
 0, 0, 0, 1]
Ow:
[1.5347745;
 -0.53804111;
 3.0889721]
Keyframe: 61 Frame: 708 Frame from vFrameID : 709
Tcw:
[0.99982816, 0.017485296, -0.0061559486, 1.5669482;
 -0.010904027, 0.28618711, -0.9581117, -0.48750311;
 -0.014991114, 0.95801419, 0.28632861, 3.1606052;
 0, 0, 0, 1]
Twc:
[0.99982816, -0.010904027, -0.014991114, -1.5246137;
 0.017485296, 0.28618711, 0.95801419, -2.9157863;
 -0.0061559486, -0.9581117, 0.28632861, -1.362408;
 0, 0, 0, 1]
Ow:
[1.5669482;
 -0.48750311;
 3.1606052]
Keyframe: 62 Frame: 718 Frame from vFrameID : 719
Tcw:
[0.99954545, 0.021028224, 0.021602241, 1.5564219;
 0.014072307, 0.30825782, -0.95119876, -0.5375725;
 -0.026661081, 0.95107043, 0.30782178, 3.2238348;
 0, 0, 0, 1]
Twc:
[0.99954545, 0.014072307, -0.026661081, -1.4621986;
 0.021028224, 0.30825782, 0.95107043, -2.9331117;
 0.021602241, -0.95119876, 0.30782178, -1.5373272;
 0, 0, 0, 1]
Ow:
[1.5564219;
 -0.5375725;
 3.2238348]
Keyframe: 63 Frame: 726 Frame from vFrameID : 727
Tcw:
[0.9986974, 0.02912193, 0.041897252, 1.5677449;
 0.031788431, 0.28718081, -0.95734876, -0.57120466;
 -0.03991193, 0.95743358, 0.28588098, 3.2811105;
 0, 0, 0, 1]
Twc:
[0.9986974, 0.031788431, -0.03991193, -1.4165896;
 0.02912193, 0.28718081, 0.95743358, -3.0230622;
 0.041897252, -0.95734876, 0.28588098, -1.5505334;
 0, 0, 0, 1]
Ow:
[1.5677449;
 -0.57120466;
 3.2811105]
Keyframe: 64 Frame: 734 Frame from vFrameID : 735
Tcw:
[0.99960625, 0.018983493, 0.020663911, 1.5887712;
 0.01453567, 0.27959037, -0.96000934, -0.5640921;
 -0.02400176, 0.95993167, 0.27920434, 3.2966936;
 0, 0, 0, 1]
Twc:
[0.99960625, 0.01453567, -0.02400176, -1.5008197;
 0.018983493, 0.27959037, 0.95993167, -3.0370464;
 0.020663911, -0.96000934, 0.27920434, -1.4948151;
 0, 0, 0, 1]
Ow:
[1.5887712;
 -0.5640921;
 3.2966936]
Keyframe: 65 Frame: 743 Frame from vFrameID : 744
Tcw:
[0.99999386, -0.00015785564, -0.0035015778, 1.5988783;
 -0.0033121773, 0.28432596, -0.95872194, -0.55902886;
 0.0011469291, 0.95872766, 0.28432369, 3.3880763;
 0, 0, 0, 1]
Twc:
[0.99999386, -0.0033121773, 0.0011469291, -1.6046059;
 -0.00015785564, 0.28432596, 0.95872766, -3.0890439;
 -0.0035015778, -0.95872194, 0.28432369, -1.4936651;
 0, 0, 0, 1]
Ow:
[1.5988783;
 -0.55902886;
 3.3880763]
Keyframe: 66 Frame: 753 Frame from vFrameID : 754
Tcw:
[0.99978209, 0.0074998923, 0.0194818, 1.6227106;
 0.016552757, 0.28382817, -0.95873225, -0.63203025;
 -0.012719872, 0.95884585, 0.28364217, 3.4362726;
 0, 0, 0, 1]
Twc:
[0.99978209, 0.016552757, -0.012719872, -1.5681863;
 0.0074998923, 0.28382817, 0.95884585, -3.1276376;
 0.0194818, -0.95873225, 0.28364217, -1.6122329;
 0, 0, 0, 1]
Ow:
[1.6227106;
 -0.63203025;
 3.4362726]
Keyframe: 67 Frame: 761 Frame from vFrameID : 762
Tcw:
[0.99895543, 0.027875116, 0.03620851, 1.6301826;
 0.02639173, 0.29491326, -0.95515949, -0.64134693;
 -0.037303552, 0.95511734, 0.29386953, 3.4595456;
 0, 0, 0, 1]
Twc:
[0.99895543, 0.02639173, -0.037303552, -1.4825002;
 0.027875116, 0.29491326, 0.95511734, -3.1605718;
 0.03620851, -0.95515949, 0.29386953, -1.6882701;
 0, 0, 0, 1]
Ow:
[1.6301826;
 -0.64134693;
 3.4595456]
Keyframe: 68 Frame: 769 Frame from vFrameID : 770
Tcw:
[0.99980444, -0.007303521, -0.018379321, 1.6872972;
 -0.015611845, 0.27905467, -0.96014827, -0.65561724;
 0.012141299, 0.96024746, 0.27888608, 3.5284944;
 0, 0, 0, 1]
Twc:
[0.99980444, -0.015611845, 0.012141299, -1.7400432;
 -0.007303521, 0.27905467, 0.96024746, -3.1929514;
 -0.018379321, -0.96014827, 0.27888608, -1.5825263;
 0, 0, 0, 1]
Ow:
[1.6872972;
 -0.65561724;
 3.5284944]
Keyframe: 69 Frame: 779 Frame from vFrameID : 780
Tcw:
[0.99970353, -0.0014614336, -0.024304591, 1.6835107;
 -0.022676036, 0.30768391, -0.95121837, -0.70734668;
 0.0088682743, 0.95148748, 0.30755955, 3.5526581;
 0, 0, 0, 1]
Twc:
[0.99970353, -0.022676036, 0.0088682743, -1.7305573;
 -0.0014614336, 0.30768391, 0.95148748, -3.1602104;
 -0.024304591, -0.95121837, 0.30755955, -1.7245781;
 0, 0, 0, 1]
Ow:
[1.6835107;
 -0.70734668;
 3.5526581]
Keyframe: 70 Frame: 788 Frame from vFrameID : 789
Tcw:
[0.99940902, 0.024000887, 0.024608361, 1.6941313;
 0.016107515, 0.30544564, -0.95207328, -0.65775204;
 -0.030367119, 0.95190698, 0.30487853, 3.5798085;
 0, 0, 0, 1]
Twc:
[0.99940902, 0.016107515, -0.030367119, -1.5738268;
 0.024000887, 0.30544564, 0.95190698, -3.2473981;
 0.024608361, -0.95207328, 0.30487853, -1.7593247;
 0, 0, 0, 1]
Ow:
[1.6941313;
 -0.65775204;
 3.5798085]
Keyframe: 71 Frame: 797 Frame from vFrameID : 798
Tcw:
[0.99923104, 0.02705545, 0.028378189, 1.7089407;
 0.018702941, 0.30722073, -0.95145446, -0.59611905;
 -0.034460399, 0.95125359, 0.30647847, 3.6515551;
 0, 0, 0, 1]
Twc:
[0.99923104, 0.018702941, -0.034460399, -1.5706434;
 0.02705545, 0.30722073, 0.95125359, -3.3366511;
 0.028378189, -0.95145446, 0.30647847, -1.7348;
 0, 0, 0, 1]
Ow:
[1.7089407;
 -0.59611905;
 3.6515551]
Keyframe: 72 Frame: 807 Frame from vFrameID : 808
Tcw:
[0.99960333, 0.028154662, -0.0007344035, 1.6870289;
 -0.0092775403, 0.30454549, -0.9524526, -0.64928985;
 -0.026592322, 0.95208156, 0.30468589, 3.7252414;
 0, 0, 0, 1]
Twc:
[0.99960333, -0.0092775403, -0.026592322, -1.5933207;
 0.028154662, 0.30454549, 0.95208156, -3.3964932;
 -0.0007344035, -0.9524526, 0.30468589, -1.7522073;
 0, 0, 0, 1]
Ow:
[1.6870289;
 -0.64928985;
 3.7252414]
Keyframe: 73 Frame: 817 Frame from vFrameID : 818
Tcw:
[0.9983356, 0.025558876, 0.051698782, 1.6898394;
 0.041780986, 0.29739103, -0.95384115, -0.64711821;
 -0.039753862, 0.95441359, 0.29582819, 3.7612646;
 0, 0, 0, 1]
Twc:
[0.9983356, 0.041780986, -0.039753862, -1.5104648;
 0.025558876, 0.29739103, 0.95441359, -3.4405453;
 0.051698782, -0.95384115, 0.29582819, -1.8172985;
 0, 0, 0, 1]
Ow:
[1.6898394;
 -0.64711821;
 3.7612646]
Keyframe: 74 Frame: 825 Frame from vFrameID : 826
Tcw:
[0.99708331, 0.052021492, 0.055844698, 1.6865557;
 0.038286723, 0.29203981, -0.95563948, -0.58823442;
 -0.066022672, 0.95499033, 0.28919628, 3.767993;
 0, 0, 0, 1]
Twc:
[0.99708331, 0.038286723, -0.066022672, -1.4103421;
 0.052021492, 0.29203981, 0.95499033, -3.5143461;
 0.055844698, -0.95563948, 0.28919628, -1.7460148;
 0, 0, 0, 1]
Ow:
[1.6865557;
 -0.58823442;
 3.767993]
Keyframe: 75 Frame: 834 Frame from vFrameID : 835
Tcw:
[0.99960524, 0.024658848, 0.013464011, 1.7268906;
 0.0052589579, 0.3065339, -0.95184523, -0.70771122;
 -0.027598582, 0.95154029, 0.30628324, 3.8205476;
 0, 0, 0, 1]
Twc:
[0.99960524, 0.0052589579, -0.027598582, -1.6170454;
 0.024658848, 0.3065339, 0.95154029, -3.4610505;
 0.013464011, -0.95184523, 0.30628324, -1.8670518;
 0, 0, 0, 1]
Ow:
[1.7268906;
 -0.70771122;
 3.8205476]
Keyframe: 76 Frame: 843 Frame from vFrameID : 844
Tcw:
[0.99993008, -0.0031745422, 0.011389677, 1.7759967;
 0.011809002, 0.31632686, -0.94857675, -0.75206697;
 -0.00059156382, 0.94864494, 0.31634223, 3.8722038;
 0, 0, 0, 1]
Twc:
[0.99993008, 0.011809002, -0.00059156382, -1.7647008;
 -0.0031745422, 0.31632686, 0.94864494, -3.4298098;
 0.011389677, -0.94857675, 0.31634223, -1.9585629;
 0, 0, 0, 1]
Ow:
[1.7759967;
 -0.75206697;
 3.8722038]
Keyframe: 77 Frame: 853 Frame from vFrameID : 854
Tcw:
[0.99760336, 0.0088500679, 0.068623707, 1.7556555;
 0.062129412, 0.32195365, -0.94471467, -0.76765108;
 -0.030454442, 0.94671404, 0.32063219, 3.8981521;
 0, 0, 0, 1]
Twc:
[0.99760336, 0.062129412, -0.030454442, -1.5850381;
 0.0088500679, 0.32195365, 0.94671404, -3.4588251;
 0.068623707, -0.94471467, 0.32063219, -2.0955639;
 0, 0, 0, 1]
Ow:
[1.7556555;
 -0.76765108;
 3.8981521]
Keyframe: 78 Frame: 863 Frame from vFrameID : 864
Tcw:
[0.99959618, -0.013589838, 0.024956113, 1.8185331;
 0.028007373, 0.32269463, -0.94608867, -0.7267437;
 0.0048039877, 0.94640559, 0.32294494, 3.9610755;
 0, 0, 0, 1]
Twc:
[0.99959618, 0.028007373, 0.0048039877, -1.8164735;
 -0.013589838, 0.32269463, 0.94640559, -3.4895539;
 0.024956113, -0.94608867, 0.32294494, -2.0121567;
 0, 0, 0, 1]
Ow:
[1.8185331;
 -0.7267437;
 3.9610755]
Keyframe: 79 Frame: 872 Frame from vFrameID : 873
Tcw:
[0.99874085, -0.049317591, -0.0091942623, 1.8640935;
 0.007221892, 0.32270268, -0.94647282, -0.71997559;
 0.049644772, 0.94521469, 0.32265249, 4.0214758;
 0, 0, 0, 1]
Twc:
[0.99874085, 0.007221892, 0.049644772, -2.0561919;
 -0.049317591, 0.32270268, 0.94521469, -3.4768872;
 -0.0091942623, -0.94647282, 0.32265249, -1.9618375;
 0, 0, 0, 1]
Ow:
[1.8640935;
 -0.71997559;
 4.0214758]
Keyframe: 80 Frame: 882 Frame from vFrameID : 883
Tcw:
[0.99846977, -0.055179182, 0.0036649574, 1.9162567;
 0.020135088, 0.30102092, -0.95340496, -0.71868348;
 0.051504876, 0.95201981, 0.3016713, 4.0607181;
 0, 0, 0, 1]
Twc:
[0.99846977, 0.020135088, 0.051504876, -2.1080003;
 -0.055179182, 0.30102092, 0.95201981, -3.5438075;
 0.0036649574, -0.95340496, 0.3016713, -1.9172215;
 0, 0, 0, 1]
Ow:
[1.9162567;
 -0.71868348;
 4.0607181]
Keyframe: 81 Frame: 891 Frame from vFrameID : 892
Tcw:
[0.99840021, -0.042325351, 0.037491031, 1.9079747;
 0.049876489, 0.34693056, -0.93656367, -0.75359666;
 0.026633602, 0.93693531, 0.3484866, 4.0781932;
 0, 0, 0, 1]
Twc:
[0.99840021, 0.049876489, 0.026633602, -1.9759525;
 -0.042325351, 0.34693056, 0.93693531, -3.4788015;
 0.037491031, -0.93656367, 0.3484866, -2.1985188;
 0, 0, 0, 1]
Ow:
[1.9079747;
 -0.75359666;
 4.0781932]
Keyframe: 82 Frame: 901 Frame from vFrameID : 902
Tcw:
[0.9984985, -0.054559659, 0.0048933555, 1.9742528;
 0.023314772, 0.34244514, -0.9392485, -0.70834124;
 0.049569372, 0.93795234, 0.34320301, 4.2314777;
 0, 0, 0, 1]
Twc:
[0.9984985, 0.023314772, 0.049569372, -2.1645255;
 -0.054559659, 0.34244514, 0.93795234, -3.6186419;
 0.0048933555, -0.9392485, 0.34320301, -2.1272252;
 0, 0, 0, 1]
Ow:
[1.9742528;
 -0.70834124;
 4.2314777]
Keyframe: 83 Frame: 910 Frame from vFrameID : 911
Tcw:
[0.99849224, -0.044824615, 0.031685378, 1.9174852;
 0.044531856, 0.32395849, -0.94502264, -0.75694084;
 0.032095529, 0.94500881, 0.32546616, 4.267004;
 0, 0, 0, 1]
Twc:
[0.99849224, 0.044531856, 0.032095529, -2.017838;
 -0.044824615, 0.32395849, 0.94500881, -3.7011883;
 0.031685378, -0.94502264, 0.32546616, -2.1648479;
 0, 0, 0, 1]
Ow:
[1.9174852;
 -0.75694084;
 4.267004]
Keyframe: 84 Frame: 919 Frame from vFrameID : 920
Tcw:
[0.99892461, -0.014973233, 0.043879088, 1.919538;
 0.046350852, 0.34460333, -0.93760341, -0.85781431;
 -0.0010819257, 0.93862897, 0.34492677, 4.2935271;
 0, 0, 0, 1]
Twc:
[0.99892461, 0.046350852, -0.0010819257, -1.8730682;
 -0.014973233, 0.34460333, 0.93862897, -3.7056818;
 0.043879088, -0.93760341, 0.34492677, -2.3694699;
 0, 0, 0, 1]
Ow:
[1.919538;
 -0.85781431;
 4.2935271]
Keyframe: 85 Frame: 929 Frame from vFrameID : 930
Tcw:
[0.99980992, -0.016753418, 0.0099704415, 1.9814521;
 0.014952423, 0.33077115, -0.94359255, -0.79613924;
 0.012510465, 0.94356227, 0.33095878, 4.362649;
 0, 0, 0, 1]
Twc:
[0.99980992, 0.014952423, 0.012510465, -2.0237501;
 -0.016753418, 0.33077115, 0.94356227, -3.819895;
 0.0099704415, -0.94359255, 0.33095878, -2.214844;
 0, 0, 0, 1]
Ow:
[1.9814521;
 -0.79613924;
 4.362649]
Keyframe: 86 Frame: 939 Frame from vFrameID : 940
Tcw:
[0.99909288, -0.016061811, 0.039439332, 1.9681315;
 0.042565569, 0.34902579, -0.9361459, -0.89953852;
 0.0012708548, 0.93697548, 0.34939286, 4.4078584;
 0, 0, 0, 1]
Twc:
[0.99909288, 0.042565569, 0.0012708548, -1.9336586;
 -0.016061811, 0.34902579, 0.93697548, -3.7844813;
 0.039439332, -0.9361459, 0.34939286, -2.4597955;
 0, 0, 0, 1]
Ow:
[1.9681315;
 -0.89953852;
 4.4078584]
Keyframe: 87 Frame: 947 Frame from vFrameID : 948
Tcw:
[0.99779719, -0.0067740642, 0.065991312, 1.9653082;
 0.064570092, 0.32730487, -0.94271004, -0.78584146;
 -0.0152133, 0.94489449, 0.32702127, 4.4629779;
 0, 0, 0, 1]
Twc:
[0.99779719, 0.064570092, -0.0152133, -1.8423406;
 -0.0067740642, 0.32730487, 0.94489449, -3.9465206;
 0.065991312, -0.94271004, 0.32702127, -2.3300028;
 0, 0, 0, 1]
Ow:
[1.9653082;
 -0.78584146;
 4.4629779]
Keyframe: 88 Frame: 957 Frame from vFrameID : 958
Tcw:
[0.99932313, -0.026595766, 0.025415089, 2.0335774;
 0.032545358, 0.31712967, -0.94782358, -0.85463965;
 0.017148215, 0.94800919, 0.31778058, 4.5254426;
 0, 0, 0, 1]
Twc:
[0.99932313, 0.032545358, 0.017148215, -2.0819898;
 -0.026595766, 0.31712967, 0.94800919, -3.965045;
 0.025415089, -0.94782358, 0.31778058, -2.299829;
 0, 0, 0, 1]
Ow:
[2.0335774;
 -0.85463965;
 4.5254426]
Keyframe: 89 Frame: 965 Frame from vFrameID : 966
Tcw:
[0.99955881, -0.022427754, 0.019471394, 2.0353339;
 0.02583259, 0.33297062, -0.94258326, -0.84099042;
 0.014656625, 0.94267046, 0.33340308, 4.5476704;
 0, 0, 0, 1]
Twc:
[0.99955881, 0.02583259, 0.014656625, -2.0793645;
 -0.022427754, 0.33297062, 0.94267046, -3.9612811;
 0.019471394, -0.94258326, 0.33340308, -2.3485415;
 0, 0, 0, 1]
Ow:
[2.0353339;
 -0.84099042;
 4.5476704]
Keyframe: 90 Frame: 973 Frame from vFrameID : 974
Tcw:
[0.99821246, -0.038123839, 0.046027336, 2.052537;
 0.056017779, 0.32838619, -0.94288099, -0.85125864;
 0.020831501, 0.94377387, 0.32993478, 4.6329937;
 0, 0, 0, 1]
Twc:
[0.99821246, 0.056017779, 0.020831501, -2.0976944;
 -0.038123839, 0.32838619, 0.94377387, -4.0147061;
 0.046027336, -0.94288099, 0.32993478, -2.425694;
 0, 0, 0, 1]
Ow:
[2.052537;
 -0.85125864;
 4.6329937]
Keyframe: 91 Frame: 983 Frame from vFrameID : 984
Tcw:
[0.99861413, -0.018494071, 0.049272045, 2.1056128;
 0.052618578, 0.33262247, -0.94159096, -0.80386555;
 0.0010248611, 0.94287872, 0.33313465, 4.6658306;
 0, 0, 0, 1]
Twc:
[0.99861413, 0.052618578, 0.0010248611, -2.0651782;
 -0.018494071, 0.33262247, 0.94287872, -4.0929871;
 0.049272045, -0.94159096, 0.33313465, -2.4150102;
 0, 0, 0, 1]
Ow:
[2.1056128;
 -0.80386555;
 4.6658306]
Keyframe: 92 Frame: 991 Frame from vFrameID : 992
Tcw:
[0.99903351, -0.032111712, 0.030015208, 2.0659306;
 0.038472969, 0.30856657, -0.95042437, -0.83426619;
 0.021258064, 0.95066059, 0.30950376, 4.7545428;
 0, 0, 0, 1]
Twc:
[0.99903351, 0.038472969, 0.021258064, -2.1329095;
 -0.032111712, 0.30856657, 0.95066059, -4.1961889;
 0.030015208, -0.95042437, 0.30950376, -2.3264651;
 0, 0, 0, 1]
Ow:
[2.0659306;
 -0.83426619;
 4.7545428]
Keyframe: 93 Frame: 1001 Frame from vFrameID : 1002
Tcw:
[0.99965209, -0.016795121, 0.020336773, 2.1141567;
 0.024886865, 0.34526309, -0.93817592, -0.86520362;
 0.0087352414, 0.93835562, 0.34556097, 4.7931933;
 0, 0, 0, 1]
Twc:
[0.99965209, 0.024886865, 0.0087352414, -2.1337588;
 -0.016795121, 0.34526309, 0.93835562, -4.1634898;
 0.020336773, -0.93817592, 0.34556097, -2.511049;
 0, 0, 0, 1]
Ow:
[2.1141567;
 -0.86520362;
 4.7931933]
Keyframe: 94 Frame: 1009 Frame from vFrameID : 1010
Tcw:
[0.99835795, -0.026695292, 0.050683308, 2.0969653;
 0.056587044, 0.32201388, -0.94504231, -0.91368926;
 0.0089074513, 0.9463585, 0.32299572, 4.8355646;
 0, 0, 0, 1]
Twc:
[0.99835795, 0.056587044, 0.0089074513, -2.0848916;
 -0.026695292, 0.32201388, 0.9463585, -4.2259784;
 0.050683308, -0.94504231, 0.32299572, -2.5316231;
 0, 0, 0, 1]
Ow:
[2.0969653;
 -0.91368926;
 4.8355646]
Keyframe: 95 Frame: 1018 Frame from vFrameID : 1019
Tcw:
[0.99917042, -0.026333079, 0.031065112, 2.1806183;
 0.038069796, 0.33306879, -0.94213367, -0.89631438;
 0.014462461, 0.94253474, 0.33379498, 4.8923907;
 0, 0, 0, 1]
Twc:
[0.99917042, 0.038069796, 0.014462461, -2.2154427;
 -0.026333079, 0.33306879, 0.94253474, -4.2552919;
 0.031065112, -0.94213367, 0.33379498, -2.5452447;
 0, 0, 0, 1]
Ow:
[2.1806183;
 -0.89631438;
 4.8923907]
Keyframe: 96 Frame: 1026 Frame from vFrameID : 1027
Tcw:
[0.99889612, -0.046108309, 0.0089783017, 2.1540103;
 0.024000116, 0.33664459, -0.9413259, -0.87668264;
 0.040380448, 0.94050223, 0.33737957, 4.9689922;
 0, 0, 0, 1]
Twc:
[0.99889612, 0.024000116, 0.040380448, -2.3312421;
 -0.046108309, 0.33664459, 0.94050223, -4.2789001;
 0.0089783017, -0.9413259, 0.33737957, -2.5210197;
 0, 0, 0, 1]
Ow:
[2.1540103;
 -0.87668264;
 4.9689922]
Keyframe: 97 Frame: 1034 Frame from vFrameID : 1035
Tcw:
[0.99875778, -0.043032404, 0.025121659, 2.1461356;
 0.037757747, 0.32460314, -0.94509637, -0.92715478;
 0.032515202, 0.94487089, 0.32582474, 5.0055642;
 0, 0, 0, 1]
Twc:
[0.99875778, 0.037757747, 0.032515202, -2.2712193;
 -0.043032404, 0.32460314, 0.94487089, -4.3363013;
 0.025121659, -0.94509637, 0.32582474, -2.5611017;
 0, 0, 0, 1]
Ow:
[2.1461356;
 -0.92715478;
 5.0055642]
Keyframe: 98 Frame: 1044 Frame from vFrameID : 1045
Tcw:
[0.99828905, -0.01527389, 0.056442209, 2.2221315;
 0.058314886, 0.33085763, -0.94187719, -0.94049191;
 -0.0042882068, 0.94355708, 0.33118224, 5.0160933;
 0, 0, 0, 1]
Twc:
[0.99828905, 0.058314886, -0.0042882068, -2.1419747;
 -0.01527389, 0.33085763, 0.94355708, -4.3878603;
 0.056442209, -0.94187719, 0.33118224, -2.6724908;
 0, 0, 0, 1]
Ow:
[2.2221315;
 -0.94049191;
 5.0160933]
Keyframe: 99 Frame: 1054 Frame from vFrameID : 1055
Tcw:
[0.99949175, -0.023277925, 0.021781165, 2.2452216;
 0.028014524, 0.31527579, -0.94858652, -0.93569028;
 0.015214051, 0.94871455, 0.31576768, 5.0516958;
 0, 0, 0, 1]
Twc:
[0.99949175, 0.028014524, 0.015214051, -2.2947245;
 -0.023277925, 0.31527579, 0.94871455, -4.445353;
 0.021781165, -0.94858652, 0.31576768, -2.5316489;
 0, 0, 0, 1]
Ow:
[2.2452216;
 -0.93569028;
 5.0516958]
Keyframe: 100 Frame: 1062 Frame from vFrameID : 1063
Tcw:
[0.9996146, -0.027740281, -0.0010433421, 2.2660923;
 0.0083208727, 0.33527353, -0.94208407, -0.97715783;
 0.026483482, 0.94171232, 0.33537516, 5.0657825;
 0, 0, 0, 1]
Twc:
[0.9996146, 0.0083208727, 0.026483482, -2.3912477;
 -0.027740281, 0.33527353, 0.94171232, -4.3800325;
 -0.0010433421, -0.94208407, 0.33537516, -2.6171379;
 0, 0, 0, 1]
Ow:
[2.2660923;
 -0.97715783;
 5.0657825]
Keyframe: 101 Frame: 1072 Frame from vFrameID : 1073
Tcw:
[0.99937844, -0.018929973, 0.029738724, 2.2378232;
 0.034092806, 0.30440295, -0.95193303, -0.90771616;
 0.0089675123, 0.95235527, 0.3048591, 5.0929852;
 0, 0, 0, 1]
Twc:
[0.99937844, 0.034092806, 0.0089675123, -2.2511573;
 -0.018929973, 0.30440295, 0.95235527, -4.5316572;
 0.029738724, -0.95193303, 0.3048591, -2.4832778;
 0, 0, 0, 1]
Ow:
[2.2378232;
 -0.90771616;
 5.0929852]
Keyframe: 102 Frame: 1080 Frame from vFrameID : 1081
Tcw:
[0.9990412, -0.0021663911, 0.04372647, 2.3086867;
 0.041942053, 0.33372304, -0.94173765, -0.97806966;
 -0.012552359, 0.94266868, 0.33349395, 5.0836668;
 0, 0, 0, 1]
Twc:
[0.9990412, 0.041942053, -0.012552359, -2.2016389;
 -0.0021663911, 0.33372304, 0.94266868, -4.4608073;
 0.04372647, -0.94173765, 0.33349395, -2.7174077;
 0, 0, 0, 1]
Ow:
[2.3086867;
 -0.97806966;
 5.0836668]
Keyframe: 103 Frame: 1090 Frame from vFrameID : 1091
Tcw:
[0.9999975, 0.0020950907, 0.00080306339, 2.2633514;
 7.2382274e-05, 0.32760578, -0.9448145, -0.76325345;
 -0.0022425603, 0.94481218, 0.3276048, 5.2021933;
 0, 0, 0, 1]
Twc:
[0.9999975, 7.2382274e-05, -0.0022425603, -2.2516241;
 0.0020950907, 0.32760578, 0.94481218, -4.6697912;
 0.00080306339, -0.9448145, 0.3276048, -2.4272139;
 0, 0, 0, 1]
Ow:
[2.2633514;
 -0.76325345;
 5.2021933]
Keyframe: 104 Frame: 1100 Frame from vFrameID : 1101
Tcw:
[0.99992061, 0.012500042, 0.001593214, 2.2686179;
 -0.0025905299, 0.32764593, -0.94479704, -0.84138095;
 -0.012332013, 0.94471788, 0.32765231, 5.2768536;
 0, 0, 0, 1]
Twc:
[0.99992061, -0.0025905299, -0.012332013, -2.205543;
 0.012500042, 0.32764593, 0.94471788, -4.7378206;
 0.001593214, -0.94479704, 0.32765231, -2.5275216;
 0, 0, 0, 1]
Ow:
[2.2686179;
 -0.84138095;
 5.2768536]
Keyframe: 105 Frame: 1108 Frame from vFrameID : 1109
Tcw:
[0.99880934, 0.04613686, 0.015853817, 2.2536848;
 -0.0010593515, 0.34540984, -0.93845135, -0.81797945;
 -0.048773263, 0.93731713, 0.34504744, 5.3129864;
 0, 0, 0, 1]
Twc:
[0.99880934, -0.0010593515, -0.048773263, -1.9927361;
 0.04613686, 0.34540984, 0.93731713, -4.8013935;
 0.015853817, -0.93845135, 0.34504744, -2.636596;
 0, 0, 0, 1]
Ow:
[2.2536848;
 -0.81797945;
 5.3129864]
Keyframe: 106 Frame: 1116 Frame from vFrameID : 1117
Tcw:
[0.99941176, 0.033672187, 0.0065076477, 2.2718959;
 -0.0060852235, 0.36085257, -0.932603, -0.83366692;
 -0.033751085, 0.93201482, 0.36084521, 5.3755412;
 0, 0, 0, 1]
Twc:
[0.99941176, -0.0060852235, -0.033751085, -2.0942023;
 0.033672187, 0.36085257, 0.93201482, -4.7857528;
 0.0065076477, -0.932603, 0.36084521, -2.7320032;
 0, 0, 0, 1]
Ow:
[2.2718959;
 -0.83366692;
 5.3755412]
Keyframe: 107 Frame: 1125 Frame from vFrameID : 1126
Tcw:
[0.99888986, 0.02929363, -0.036891431, 2.3158138;
 -0.044682145, 0.34114659, -0.93894756, -0.893628;
 -0.014919796, 0.93955356, 0.34207678, 5.3976312;
 0, 0, 0, 1]
Twc:
[0.99888986, -0.044682145, -0.014919796, -2.2726405;
 0.02929363, 0.34114659, 0.93955356, -4.8343439;
 -0.036891431, -0.93894756, 0.34207678, -2.6000404;
 0, 0, 0, 1]
Ow:
[2.3158138;
 -0.893628;
 5.3976312]
Keyframe: 108 Frame: 1133 Frame from vFrameID : 1134
Tcw:
[0.99955994, 0.017422428, -0.024008837, 2.351553;
 -0.028621709, 0.35375249, -0.93490106, -0.91650867;
 -0.0077950605, 0.93517679, 0.35409546, 5.4124722;
 0, 0, 0, 1]
Twc:
[0.99955994, -0.028621709, -0.0077950605, -2.3345597;
 0.017422428, 0.35375249, 0.93517679, -4.7783709;
 -0.024008837, -0.93490106, 0.35409546, -2.7169187;
 0, 0, 0, 1]
Ow:
[2.351553;
 -0.91650867;
 5.4124722]
Keyframe: 109 Frame: 1141 Frame from vFrameID : 1142
Tcw:
[0.99963027, 0.015970228, 0.022005824, 2.3285348;
 0.014889691, 0.35566881, -0.93449342, -0.8198874;
 -0.022750858, 0.9344756, 0.35529953, 5.4796734;
 0, 0, 0, 1]
Twc:
[0.99963027, 0.014889691, -0.022750858, -2.1907988;
 0.015970228, 0.35566881, 0.9344756, -4.8661995;
 0.022005824, -0.93449342, 0.35529953, -2.7643459;
 0, 0, 0, 1]
Ow:
[2.3285348;
 -0.8198874;
 5.4796734]
Keyframe: 110 Frame: 1150 Frame from vFrameID : 1151
Tcw:
[0.99937862, -0.032356374, -0.013980174, 2.3846111;
 -0.0023392767, 0.33486941, -0.94226164, -0.80687511;
 0.035169702, 0.94170886, 0.33458564, 5.5898609;
 0, 0, 0, 1]
Twc:
[0.99937862, -0.0023392767, 0.035169702, -2.5816104;
 -0.032356374, 0.33486941, 0.94170886, -4.916666;
 -0.013980174, -0.94226164, 0.33458564, -2.5972373;
 0, 0, 0, 1]
Ow:
[2.3846111;
 -0.80687511;
 5.5898609]
Keyframe: 111 Frame: 1160 Frame from vFrameID : 1161
Tcw:
[0.99505955, -0.066821039, -0.073426403, 2.4216189;
 -0.045863077, 0.34655619, -0.93690735, -0.78715193;
 0.088051498, 0.93564618, 0.34177941, 5.615757;
 0, 0, 0, 1]
Twc:
[0.99505955, -0.045863077, 0.088051498, -2.9402323;
 -0.066821039, 0.34655619, 0.93564618, -4.8197541;
 -0.073426403, -0.93690735, 0.34177941, -2.479028;
 0, 0, 0, 1]
Ow:
[2.4216189;
 -0.78715193;
 5.615757]
Keyframe: 112 Frame: 1170 Frame from vFrameID : 1171
Tcw:
[0.99384755, -0.079831168, -0.076772697, 2.4059527;
 -0.044241395, 0.34932211, -0.93595767, -0.76653898;
 0.101537, 0.93359578, 0.34364107, 5.6470833;
 0, 0, 0, 1]
Twc:
[0.99384755, -0.044241395, 0.101537, -2.9984508;
 -0.079831168, 0.34932211, 0.93359578, -4.8122535;
 -0.076772697, -0.93595767, 0.34364107, -2.4733062;
 0, 0, 0, 1]
Ow:
[2.4059527;
 -0.76653898;
 5.6470833]
Keyframe: 113 Frame: 1180 Frame from vFrameID : 1181
Tcw:
[0.99889457, -0.045937434, -0.0099678906, 2.4544644;
 0.0058652735, 0.33219993, -0.94319075, -0.82385468;
 0.046639096, 0.94208968, 0.33210215, 5.6379466;
 0, 0, 0, 1]
Twc:
[0.99889457, 0.0058652735, 0.046639096, -2.7098677;
 -0.045937434, 0.33219993, 0.94208968, -4.925015;
 -0.0099678906, -0.94319075, 0.33210215, -2.6249604;
 0, 0, 0, 1]
Ow:
[2.4544644;
 -0.82385468;
 5.6379466]
Keyframe: 114 Frame: 1190 Frame from vFrameID : 1191
Tcw:
[0.99916673, -0.039868608, -0.0087382626, 2.4292758;
 0.0058223857, 0.35113418, -0.93630707, -0.91152954;
 0.040397562, 0.93547595, 0.35107371, 5.7138643;
 0, 0, 0, 1]
Twc:
[0.99916673, 0.0058223857, 0.040397562, -2.6527703;
 -0.039868608, 0.35113418, 0.93547595, -4.9282618;
 -0.0087382626, -0.93630707, 0.35107371, -2.8382313;
 0, 0, 0, 1]
Ow:
[2.4292758;
 -0.91152954;
 5.7138643]
Keyframe: 115 Frame: 1198 Frame from vFrameID : 1199
Tcw:
[0.99953574, -0.02902858, -0.0092516486, 2.4486575;
 0.00056066277, 0.32113278, -0.947034, -0.88835204;
 0.03046206, 0.94658917, 0.32099998, 5.7511086;
 0, 0, 0, 1]
Twc:
[0.99953574, 0.00056066277, 0.03046206, -2.6222134;
 -0.02902858, 0.32113278, 0.94658917, -5.0875773;
 -0.0092516486, -0.947034, 0.32099998, -2.6647513;
 0, 0, 0, 1]
Ow:
[2.4486575;
 -0.88835204;
 5.7511086]
Keyframe: 116 Frame: 1208 Frame from vFrameID : 1209
Tcw:
[0.99849623, -0.037150968, -0.040311739, 2.5417945;
 -0.025518266, 0.33583578, -0.94157481, -0.89921558;
 0.048518538, 0.94118762, 0.33438274, 5.8095055;
 0, 0, 0, 1]
Twc:
[0.99849623, -0.025518266, 0.048518538, -2.8427875;
 -0.037150968, 0.33583578, 0.94118762, -5.0714159;
 -0.040311739, -0.94157481, 0.33438274, -2.6868131;
 0, 0, 0, 1]
Ow:
[2.5417945;
 -0.89921558;
 5.8095055]
Keyframe: 117 Frame: 1218 Frame from vFrameID : 1219
Tcw:
[0.99867547, -0.045626409, -0.023780761, 2.5485611;
 -0.0080207093, 0.31848925, -0.94789255, -0.91956782;
 0.05082285, 0.94682777, 0.31770143, 5.83111;
 0, 0, 0, 1]
Twc:
[0.99867547, -0.0080207093, 0.05082285, -2.8489146;
 -0.045626409, 0.31848925, 0.94682777, -5.1119027;
 -0.023780761, -0.94789255, 0.31770143, -2.6635969;
 0, 0, 0, 1]
Ow:
[2.5485611;
 -0.91956782;
 5.83111]
Keyframe: 118 Frame: 1226 Frame from vFrameID : 1227
Tcw:
[0.99934995, -0.033427119, 0.013503769, 2.5557835;
 0.023792518, 0.33009925, -0.94364631, -0.92539811;
 0.027085794, 0.94335419, 0.33067998, 5.8471932;
 0, 0, 0, 1]
Twc:
[0.99934995, 0.023792518, 0.027085794, -2.6904805;
 -0.033427119, 0.33009925, 0.94335419, -5.1250687;
 0.013503769, -0.94364631, 0.33067998, -2.8413112;
 0, 0, 0, 1]
Ow:
[2.5557835;
 -0.92539811;
 5.8471932]
Keyframe: 119 Frame: 1234 Frame from vFrameID : 1235
Tcw:
[0.9995836, -0.028755555, -0.0023997186, 2.5605898;
 0.0072006905, 0.32910728, -0.94426507, -0.93213022;
 0.027942631, 0.94385463, 0.32917729, 5.8864937;
 0, 0, 0, 1]
Twc:
[0.9995836, 0.0072006905, 0.027942631, -2.7172959;
 -0.028755555, 0.32910728, 0.94385463, -5.1755919;
 -0.0023997186, -0.94426507, 0.32917729, -2.8117335;
 0, 0, 0, 1]
Ow:
[2.5605898;
 -0.93213022;
 5.8864937]
Keyframe: 120 Frame: 1242 Frame from vFrameID : 1243
Tcw:
[0.99893492, -0.036110383, -0.028724138, 2.5429082;
 -0.014875616, 0.33724919, -0.94129789, -0.93889093;
 0.043677818, 0.94072258, 0.33635283, 5.9361467;
 0, 0, 0, 1]
Twc:
[0.99893492, -0.014875616, 0.043677818, -2.8134441;
 -0.036110383, 0.33724919, 0.94072258, -5.1758018;
 -0.028724138, -0.94129789, 0.33635283, -2.8073728;
 0, 0, 0, 1]
Ow:
[2.5429082;
 -0.93889093;
 5.9361467]
Keyframe: 121 Frame: 1251 Frame from vFrameID : 1252
Tcw:
[0.99853009, -0.052081045, -0.015006425, 2.5572193;
 0.0032771067, 0.33437955, -0.94243282, -0.93413913;
 0.054100726, 0.94099832, 0.33405873, 6.006299;
 0, 0, 0, 1]
Twc:
[0.99853009, 0.0032771067, 0.054100726, -2.8753443;
 -0.052081045, 0.33437955, 0.94099832, -5.206378;
 -0.015006425, -0.94243282, 0.33405873, -2.8484452;
 0, 0, 0, 1]
Ow:
[2.5572193;
 -0.93413913;
 6.006299]
Keyframe: 122 Frame: 1261 Frame from vFrameID : 1262
Tcw:
[0.99981254, 0.0019711568, 0.019261369, 2.5685115;
 0.017752621, 0.30376053, -0.95258301, -0.89421511;
 -0.0077285338, 0.95274639, 0.30366859, 6.1014819;
 0, 0, 0, 1]
Twc:
[0.99981254, 0.017752621, -0.0077285338, -2.5049999;
 0.0019711568, 0.30376053, 0.95274639, -5.5466003;
 0.019261369, -0.95258301, 0.30366859, -2.7541156;
 0, 0, 0, 1]
Ow:
[2.5685115;
 -0.89421511;
 6.1014819]
Keyframe: 123 Frame: 1270 Frame from vFrameID : 1271
Tcw:
[0.99983084, -0.017990511, 0.0038237472, 2.5879958;
 0.0092262151, 0.31074011, -0.95045012, -0.93126369;
 0.015910892, 0.95032465, 0.31085354, 6.1402831;
 0, 0, 0, 1]
Twc:
[0.99983084, 0.0092262151, 0.015910892, -2.6766634;
 -0.017990511, 0.31074011, 0.95032465, -5.4993215;
 0.0038237472, -0.95045012, 0.31085354, -2.8037441;
 0, 0, 0, 1]
Ow:
[2.5879958;
 -0.93126369;
 6.1402831]
Keyframe: 124 Frame: 1278 Frame from vFrameID : 1279
Tcw:
[0.99803674, -0.057036396, -0.025876028, 2.6028659;
 -0.0059106494, 0.32553038, -0.94551313, -0.97850811;
 0.062352095, 0.94380975, 0.32455415, 6.2170482;
 0, 0, 0, 1]
Twc:
[0.99803674, -0.0059106494, 0.062352095, -2.9911852;
 -0.057036396, 0.32553038, 0.94380975, -5.4007182;
 -0.025876028, -0.94551313, 0.32455415, -2.8756092;
 0, 0, 0, 1]
Ow:
[2.6028659;
 -0.97850811;
 6.2170482]
Keyframe: 125 Frame: 1286 Frame from vFrameID : 1287
Tcw:
[0.99766684, -0.05933807, -0.033761494, 2.6307526;
 -0.012455011, 0.32802984, -0.94458526, -0.96422029;
 0.067124642, 0.94280189, 0.32652545, 6.2184553;
 0, 0, 0, 1]
Twc:
[0.99766684, -0.012455011, 0.067124642, -3.0540359;
 -0.05933807, 0.32802984, 0.94280189, -5.3903747;
 -0.033761494, -0.94458526, 0.32652545, -2.8524539;
 0, 0, 0, 1]
Ow:
[2.6307526;
 -0.96422029;
 6.2184553]
Keyframe: 126 Frame: 1297 Frame from vFrameID : 1298
Tcw:
[0.99905628, -0.043372985, 0.0023093612, 2.6503839;
 0.016436828, 0.32832196, -0.94442284, -0.99287462;
 0.040204223, 0.94356954, 0.32872504, 6.2587404;
 0, 0, 0, 1]
Twc:
[0.99905628, 0.016436828, 0.040204223, -2.8831909;
 -0.043372985, 0.32832196, 0.94356954, -5.4646196;
 0.0023093612, -0.94442284, 0.32872504, -3.001219;
 0, 0, 0, 1]
Ow:
[2.6503839;
 -0.99287462;
 6.2587404]
Keyframe: 127 Frame: 1307 Frame from vFrameID : 1308
Tcw:
[0.99882126, -0.047374081, 0.01057094, 2.5111322;
 0.02373484, 0.28671461, -0.95772201, -1.0535525;
 0.042340357, 0.95684397, 0.28750107, 6.5239878;
 0, 0, 0, 1]
Twc:
[0.99882126, 0.02373484, 0.042340357, -2.7593944;
 -0.047374081, 0.28671461, 0.95684397, -5.8214073;
 0.01057094, -0.95772201, 0.28750107, -2.9112089;
 0, 0, 0, 1]
Ow:
[2.5111322;
 -1.0535525;
 6.5239878]
Keyframe: 128 Frame: 1317 Frame from vFrameID : 1318
Tcw:
[0.99611187, -0.084117189, -0.02617988, 2.5459318;
 -0.00077878515, 0.28875145, -0.95740378, -1.0737979;
 0.088093594, 0.95370167, 0.28756323, 6.5658646;
 0, 0, 0, 1]
Twc:
[0.99611187, -0.00077878515, 0.088093594, -3.1152799;
 -0.084117189, 0.28875145, 0.95370167, -5.737659;
 -0.02617988, -0.95740378, 0.28756323, -2.8495073;
 0, 0, 0, 1]
Ow:
[2.5459318;
 -1.0737979;
 6.5658646]
Keyframe: 129 Frame: 1325 Frame from vFrameID : 1326
Tcw:
[0.99620003, -0.086071886, -0.013309451, 2.5609612;
 0.012980043, 0.29783231, -0.95452994, -1.1173768;
 0.086122178, 0.95073003, 0.29781777, 6.5920439;
 0, 0, 0, 1]
Twc:
[0.99620003, 0.012980043, 0.086122178, -3.1044471;
 -0.086071886, 0.29783231, 0.95073003, -5.7140365;
 -0.013309451, -0.95452994, 0.29781777, -2.9957125;
 0, 0, 0, 1]
Ow:
[2.5609612;
 -1.1173768;
 6.5920439]
Keyframe: 130 Frame: 1334 Frame from vFrameID : 1335
Tcw:
[0.9975965, -0.067988567, 0.013368441, 2.6072464;
 0.033153407, 0.29893678, -0.95369685, -1.1141467;
 0.060844164, 0.95184785, 0.30047235, 6.5685916;
 0, 0, 0, 1]
Twc:
[0.9975965, 0.033153407, 0.060844164, -2.9637027;
 -0.067988567, 0.29893678, 0.95184785, -5.7419777;
 0.013368441, -0.95369685, 0.30047235, -3.0710931;
 0, 0, 0, 1]
Ow:
[2.6072464;
 -1.1141467;
 6.5685916]
Keyframe: 131 Frame: 1343 Frame from vFrameID : 1344
Tcw:
[0.99616677, -0.087047949, -0.0086247157, 2.5863757;
 0.01649205, 0.28372744, -0.95876312, -1.1227297;
 0.085905433, 0.95494574, 0.28407544, 6.7313709;
 0, 0, 0, 1]
Twc:
[0.99616677, 0.01649205, 0.085905433, -3.1362069;
 -0.087047949, 0.28372744, 0.95494574, -5.8844061;
 -0.0086247157, -0.95876312, 0.28407544, -2.9663424;
 0, 0, 0, 1]
Ow:
[2.5863757;
 -1.1227297;
 6.7313709]
Keyframe: 132 Frame: 1351 Frame from vFrameID : 1352
Tcw:
[0.99441153, -0.092164144, -0.051492371, 2.6179967;
 -0.023790339, 0.27957216, -0.95982993, -1.0861462;
 0.10285773, 0.95569092, 0.27581716, 6.7661395;
 0, 0, 0, 1]
Twc:
[0.99441153, -0.023790339, 0.10285773, -3.325156;
 -0.092164144, 0.27957216, 0.95569092, -5.9213967;
 -0.051492371, -0.95982993, 0.27581716, -2.773926;
 0, 0, 0, 1]
Ow:
[2.6179967;
 -1.0861462;
 6.7661395]
Keyframe: 133 Frame: 1361 Frame from vFrameID : 1362
Tcw:
[0.99740559, -0.065915242, -0.028936034, 2.5180147;
 -0.0089628622, 0.28512508, -0.95844841, -1.1066039;
 0.071426749, 0.95622116, 0.28379455, 6.7828913;
 0, 0, 0, 1]
Twc:
[0.99740559, -0.0089628622, 0.071426749, -3.0058799;
 -0.065915242, 0.28512508, 0.95622116, -6.0044479;
 -0.028936034, -0.95844841, 0.28379455, -2.912709;
 0, 0, 0, 1]
Ow:
[2.5180147;
 -1.1066039;
 6.7828913]
Keyframe: 134 Frame: 1371 Frame from vFrameID : 1372
Tcw:
[0.99569362, -0.08459565, -0.037918542, 2.6353641;
 -0.014118072, 0.26588234, -0.96390212, -1.1634358;
 0.091623798, 0.9602865, 0.26354301, 6.8180971;
 0, 0, 0, 1]
Twc:
[0.99569362, -0.014118072, 0.091623798, -3.2651405;
 -0.08459565, 0.26588234, 0.9602865, -6.015049;
 -0.037918542, -0.96390212, 0.26354301, -2.8183708;
 0, 0, 0, 1]
Ow:
[2.6353641;
 -1.1634358;
 6.8180971]
Keyframe: 135 Frame: 1379 Frame from vFrameID : 1380
Tcw:
[0.99835366, -0.056205645, -0.011439309, 2.671329;
 0.0072621237, 0.32169512, -0.94681543, -1.2311341;
 0.056896344, 0.94517362, 0.32157367, 6.8490973;
 0, 0, 0, 1]
Twc:
[0.99835366, 0.0072621237, 0.056896344, -3.0476792;
 -0.056205645, 0.32169512, 0.94517362, -5.9273925;
 -0.011439309, -0.94681543, 0.32157367, -3.3375881;
 0, 0, 0, 1]
Ow:
[2.671329;
 -1.2311341;
 6.8490973]
Keyframe: 136 Frame: 1388 Frame from vFrameID : 1389
Tcw:
[0.99464226, -0.10276858, -0.011197263, 2.5622134;
 0.022144891, 0.31761476, -0.94796121, -1.1324512;
 0.10097704, 0.94263434, 0.31818888, 6.9434166;
 0, 0, 0, 1]
Twc:
[0.99464226, 0.022144891, 0.10097704, -3.2245336;
 -0.10276858, 0.31761476, 0.94263434, -5.9221044;
 -0.011197263, -0.94796121, 0.31818888, -3.2541478;
 0, 0, 0, 1]
Ow:
[2.5622134;
 -1.1324512;
 6.9434166]
Keyframe: 137 Frame: 1397 Frame from vFrameID : 1398
Tcw:
[0.99282372, -0.11305631, -0.038979091, 2.658061;
 -0.0032987515, 0.29993209, -0.95395488, -1.1244711;
 0.1195417, 0.94723755, 0.29740673, 6.9532237;
 0, 0, 0, 1]
Twc:
[0.99282372, -0.0032987515, 0.1195417, -3.4738955;
 -0.11305631, 0.29993209, 0.94723755, -5.9485788;
 -0.038979091, -0.95395488, 0.29740673, -3.0370214;
 0, 0, 0, 1]
Ow:
[2.658061;
 -1.1244711;
 6.9532237]
Keyframe: 138 Frame: 1405 Frame from vFrameID : 1406
Tcw:
[0.99443102, -0.1053886, -0.00049503241, 2.658469;
 0.029706089, 0.28480271, -0.95812577, -1.1439834;
 0.10111652, 0.95277524, 0.28634733, 6.941936;
 0, 0, 0, 1]
Twc:
[0.99443102, 0.029706089, 0.10111652, -3.311625;
 -0.1053886, 0.28480271, 0.95277524, -6.0081234;
 -0.00049503241, -0.95812577, 0.28634733, -3.0825689;
 0, 0, 0, 1]
Ow:
[2.658469;
 -1.1439834;
 6.941936]
Keyframe: 139 Frame: 1413 Frame from vFrameID : 1414
Tcw:
[0.99808222, -0.037037246, 0.049599458, 2.5487931;
 0.057491828, 0.25760534, -0.96453834, -0.93025672;
 0.022946758, 0.96554011, 0.25924066, 7.0446987;
 0, 0, 0, 1]
Twc:
[0.99808222, 0.057491828, 0.022946758, -2.652076;
 -0.037037246, 0.25760534, 0.96554011, -6.4679003;
 0.049599458, -0.96453834, 0.25924066, -2.8499594;
 0, 0, 0, 1]
Ow:
[2.5487931;
 -0.93025672;
 7.0446987]
Keyframe: 140 Frame: 1422 Frame from vFrameID : 1423
Tcw:
[0.99814904, -0.060582332, 0.0053194007, 2.6016319;
 0.02078872, 0.25769365, -0.966003, -0.98582196;
 0.05715194, 0.96432555, 0.25847611, 7.069963;
 0, 0, 0, 1]
Twc:
[0.99814904, 0.02078872, 0.05715194, -2.9803843;
 -0.060582332, 0.25769365, 0.96432555, -6.4060926;
 0.0053194007, -0.966003, 0.25847611, -2.7935627;
 0, 0, 0, 1]
Ow:
[2.6016319;
 -0.98582196;
 7.069963]
Keyframe: 141 Frame: 1429 Frame from vFrameID : 1430
Tcw:
[0.99791712, -0.057793017, -0.028660212, 2.6355779;
 -0.010748417, 0.28911006, -0.95723552, -0.96758938;
 0.063607484, 0.95554978, 0.28788671, 7.0924473;
 0, 0, 0, 1]
Twc:
[0.99791712, -0.010748417, 0.063607484, -3.0916212;
 -0.057793017, 0.28911006, 0.95554978, -6.3451285;
 -0.028660212, -0.95723552, 0.28788671, -2.8924959;
 0, 0, 0, 1]
Ow:
[2.6355779;
 -0.96758938;
 7.0924473]
Keyframe: 142 Frame: 1438 Frame from vFrameID : 1439
Tcw:
[0.99880129, -0.048647147, -0.0054220469, 2.5958793;
 0.0088447891, 0.28831631, -0.95749438, -1.0209605;
 0.048142634, 0.95629865, 0.28840098, 7.1215959;
 0, 0, 0, 1]
Twc:
[0.99880129, 0.0088447891, 0.048142634, -2.92659;
 -0.048647147, 0.28831631, 0.95629865, -6.3897314;
 -0.0054220469, -0.95749438, 0.28840098, -3.0173643;
 0, 0, 0, 1]
Ow:
[2.5958793;
 -1.0209605;
 7.1215959]
Keyframe: 143 Frame: 1446 Frame from vFrameID : 1447
Tcw:
[0.99837726, -0.04146507, 0.039031383, 2.613483;
 0.049144998, 0.28113291, -0.95840967, -1.0572467;
 0.028767517, 0.9587726, 0.28271452, 7.2482252;
 0, 0, 0, 1]
Twc:
[0.99837726, 0.049144998, 0.028767517, -2.7657974;
 -0.04146507, 0.28113291, 0.9587726, -6.5438046;
 0.039031383, -0.95840967, 0.28271452, -3.1644616;
 0, 0, 0, 1]
Ow:
[2.613483;
 -1.0572467;
 7.2482252]
Keyframe: 144 Frame: 1454 Frame from vFrameID : 1455
Tcw:
[0.99869585, -0.045181669, 0.023773666, 2.6365616;
 0.036478065, 0.30568674, -0.95143312, -1.0913262;
 0.035720043, 0.95105952, 0.3069362, 7.2740893;
 0, 0, 0, 1]
Twc:
[0.99869585, 0.036478065, 0.035720043, -2.8531446;
 -0.045181669, 0.30568674, 0.95105952, -6.465364;
 0.023773666, -0.95143312, 0.3069362, -3.3336861;
 0, 0, 0, 1]
Ow:
[2.6365616;
 -1.0913262;
 7.2740893]
Keyframe: 145 Frame: 1461 Frame from vFrameID : 1462
Tcw:
[0.99841183, -0.053732991, 0.01692681, 2.6951511;
 0.032766819, 0.30946442, -0.95034629, -0.93899202;
 0.045826703, 0.94939166, 0.31073362, 7.3341808;
 0, 0, 0, 1]
Twc:
[0.99841183, 0.032766819, 0.045826703, -2.9962044;
 -0.053732991, 0.30946442, 0.94939166, -6.527607;
 0.01692681, -0.95034629, 0.31073362, -3.2169645;
 0, 0, 0, 1]
Ow:
[2.6951511;
 -0.93899202;
 7.3341808]
Keyframe: 146 Frame: 1470 Frame from vFrameID : 1471
Tcw:
[0.99808651, -0.034683917, 0.051189832, 2.6201086;
 0.059962917, 0.34083048, -0.93821055, -1.1061723;
 0.015093762, 0.93948478, 0.34225804, 7.3843746;
 0, 0, 0, 1]
Twc:
[0.99808651, 0.059962917, 0.015093762, -2.6602235;
 -0.034683917, 0.34083048, 0.93948478, -6.4696145;
 0.051189832, -0.93821055, 0.34225804, -3.699307;
 0, 0, 0, 1]
Ow:
[2.6201086;
 -1.1061723;
 7.3843746]
Keyframe: 147 Frame: 1479 Frame from vFrameID : 1480
Tcw:
[0.99791682, -0.025362201, 0.059319336, 2.6405504;
 0.064317711, 0.31948978, -0.94540441, -0.99042654;
 0.0050256145, 0.94725025, 0.32045546, 7.4175653;
 0, 0, 0, 1]
Twc:
[0.99791682, 0.064317711, 0.0050256145, -2.6086254;
 -0.025362201, 0.31948978, 0.94725025, -6.6428895;
 0.059319336, -0.94540441, 0.32045546, -3.4699886;
 0, 0, 0, 1]
Ow:
[2.6405504;
 -0.99042654;
 7.4175653]
Keyframe: 148 Frame: 1488 Frame from vFrameID : 1489
Tcw:
[0.99868184, -0.019864084, 0.047328234, 2.629873;
 0.051184896, 0.31665877, -0.9471575, -1.0282359;
 0.0038275153, 0.94833148, 0.31725812, 7.4641232;
 0, 0, 0, 1]
Twc:
[0.99868184, 0.051184896, 0.0038275153, -2.6023455;
 -0.019864084, 0.31665877, 0.94833148, -6.7006235;
 0.047328234, -0.9471575, 0.31725812, -3.4664223;
 0, 0, 0, 1]
Ow:
[2.629873;
 -1.0282359;
 7.4641232]
Keyframe: 149 Frame: 1496 Frame from vFrameID : 1497
Tcw:
[0.99922192, -0.039062455, 0.0054449691, 2.6863265;
 0.017106518, 0.30485174, -0.95224619, -1.1087165;
 0.035537165, 0.95159841, 0.30528277, 7.5196152;
 0, 0, 0, 1]
Twc:
[0.99922192, 0.017106518, 0.035537165, -2.9324958;
 -0.039062455, 0.30485174, 0.95159841, -6.7127247;
 0.0054449691, -0.95224619, 0.30528277, -3.3660066;
 0, 0, 0, 1]
Ow:
[2.6863265;
 -1.1087165;
 7.5196152]
Keyframe: 150 Frame: 1504 Frame from vFrameID : 1505
Tcw:
[0.99933583, -0.034105774, 0.012832364, 2.6954331;
 0.022884209, 0.31333017, -0.94936848, -1.0834057;
 0.02835818, 0.94903159, 0.31390256, 7.5355015;
 0, 0, 0, 1]
Twc:
[0.99933583, 0.022884209, 0.02835818, -2.8825433;
 -0.034105774, 0.31333017, 0.94903159, -6.720036;
 0.012832364, -0.94936848, 0.31390256, -3.4285533;
 0, 0, 0, 1]
Ow:
[2.6954331;
 -1.0834057;
 7.5355015]
Keyframe: 151 Frame: 1512 Frame from vFrameID : 1513
Tcw:
[0.99937749, 0.011144197, 0.033473615, 2.6727796;
 0.028813377, 0.28968817, -0.95668727, -1.052613;
 -0.020358421, 0.95705622, 0.28918672, 7.6234703;
 0, 0, 0, 1]
Twc:
[0.99937749, 0.028813377, -0.020358421, -2.4855845;
 0.011144197, 0.28968817, 0.95705622, -7.020946;
 0.033473615, -0.95668727, 0.28918672, -3.3010955;
 0, 0, 0, 1]
Ow:
[2.6727796;
 -1.052613;
 7.6234703]
Keyframe: 152 Frame: 1520 Frame from vFrameID : 1521
Tcw:
[0.99864662, -0.015521822, 0.049638428, 2.7165029;
 0.052004892, 0.30950472, -0.94947475, -1.0738256;
 -0.00062575046, 0.95077121, 0.30989307, 7.6300697;
 0, 0, 0, 1]
Twc:
[0.99864662, 0.052004892, -0.00062575046, -2.6522079;
 -0.015521822, 0.30950472, 0.95077121, -6.8799314;
 0.049638428, -0.94947475, 0.30989307, -3.5189188;
 0, 0, 0, 1]
Ow:
[2.7165029;
 -1.0738256;
 7.6300697]
Keyframe: 153 Frame: 1528 Frame from vFrameID : 1529
Tcw:
[0.99892241, -0.030644709, 0.034855567, 2.7286353;
 0.042530671, 0.30379665, -0.95178711, -1.1084931;
 0.018578235, 0.95224392, 0.30477262, 7.6486363;
 0, 0, 0, 1]
Twc:
[0.99892241, 0.042530671, 0.018578235, -2.8206484;
 -0.030644709, 0.30379665, 0.95224392, -6.8629932;
 0.034855567, -0.95178711, 0.30477262, -3.4812527;
 0, 0, 0, 1]
Ow:
[2.7286353;
 -1.1084931;
 7.6486363]
Keyframe: 154 Frame: 1537 Frame from vFrameID : 1538
Tcw:
[0.99831063, -0.031623699, 0.048742145, 2.731143;
 0.055874478, 0.29246131, -0.95464361, -1.1110826;
 0.015934171, 0.95575434, 0.29373419, 7.7149496;
 0, 0, 0, 1]
Twc:
[0.99831063, 0.055874478, 0.015934171, -2.7873795;
 -0.031623699, 0.29246131, 0.95575434, -6.9622788;
 0.048742145, -0.95464361, 0.29373419, -3.4599543;
 0, 0, 0, 1]
Ow:
[2.731143;
 -1.1110826;
 7.7149496]
Keyframe: 155 Frame: 1546 Frame from vFrameID : 1547
Tcw:
[0.99947184, 0.0028977939, 0.032367054, 2.7436903;
 0.03036578, 0.27144143, -0.96197581, -1.1128633;
 -0.011573367, 0.96245062, 0.27121007, 7.7597604;
 0, 0, 0, 1]
Twc:
[0.99947184, 0.03036578, -0.011573367, -2.6186416;
 0.0028977939, 0.27144143, 0.96245062, -7.1742592;
 0.032367054, -0.96197581, 0.27121007, -3.2638779;
 0, 0, 0, 1]
Ow:
[2.7436903;
 -1.1128633;
 7.7597604]
Keyframe: 156 Frame: 1553 Frame from vFrameID : 1554
Tcw:
[0.99671763, -0.0061391555, 0.080723457, 2.7384405;
 0.079098158, 0.28627118, -0.95487815, -1.0885546;
 -0.017246652, 0.95812899, 0.28581712, 7.8308244;
 0, 0, 0, 1]
Twc:
[0.99671763, 0.079098158, -0.017246652, -2.5082936;
 -0.0061391555, 0.28627118, 0.95812899, -7.1745057;
 0.080723457, -0.95487815, 0.28581712, -3.498677;
 0, 0, 0, 1]
Ow:
[2.7384405;
 -1.0885546;
 7.8308244]
Keyframe: 157 Frame: 1561 Frame from vFrameID : 1562
Tcw:
[0.99952227, -0.021307401, 0.022387249, 2.7575593;
 0.027551927, 0.28610885, -0.95780092, -1.1390715;
 0.014003059, 0.95796019, 0.28655922, 7.8334603;
 0, 0, 0, 1]
Twc:
[0.99952227, 0.027551927, 0.014003059, -2.8345509;
 -0.021307401, 0.28610885, 0.95796019, -7.1194882;
 0.022387249, -0.95780092, 0.28655922, -3.3974884;
 0, 0, 0, 1]
Ow:
[2.7575593;
 -1.1390715;
 7.8334603]
Keyframe: 158 Frame: 1569 Frame from vFrameID : 1570
Tcw:
[0.99600458, -0.088394396, 0.01269958, 2.7689958;
 0.03600698, 0.2673749, -0.96291959, -1.040555;
 0.081721149, 0.95952964, 0.26948944, 7.8958163;
 0, 0, 0, 1]
Twc:
[0.99600458, 0.03600698, 0.081721149, -3.3657205;
 -0.088394396, 0.2673749, 0.95952964, -7.0532875;
 0.01269958, -0.96291959, 0.26948944, -3.1649752;
 0, 0, 0, 1]
Ow:
[2.7689958;
 -1.040555;
 7.8958163]
Keyframe: 159 Frame: 1578 Frame from vFrameID : 1579
Tcw:
[0.99794555, -0.058279246, 0.02661174, 2.8055665;
 0.041420359, 0.27000391, -0.96196789, -1.0511596;
 0.048877489, 0.96109384, 0.27186316, 7.9004197;
 0, 0, 0, 1]
Twc:
[0.99794555, 0.041420359, 0.048877489, -3.1424158;
 -0.058279246, 0.27000391, 0.96109384, -7.1457214;
 0.02661174, -0.96196789, 0.27186316, -3.233676;
 0, 0, 0, 1]
Ow:
[2.8055665;
 -1.0511596;
 7.9004197]
Keyframe: 160 Frame: 1586 Frame from vFrameID : 1587
Tcw:
[0.99661034, -0.051258389, 0.064345822, 2.8141894;
 0.076507971, 0.2900041, -0.95396233, -1.0832705;
 0.030238021, 0.9556517, 0.29294276, 7.9258819;
 0, 0, 0, 1]
Twc:
[0.99661034, 0.076507971, 0.030238021, -2.9614344;
 -0.051258389, 0.2900041, 0.9556517, -7.1159787;
 0.064345822, -0.95396233, 0.29294276, -3.5363102;
 0, 0, 0, 1]
Ow:
[2.8141894;
 -1.0832705;
 7.9258819]
Keyframe: 161 Frame: 1594 Frame from vFrameID : 1595
Tcw:
[0.99862921, -0.033168789, 0.040490553, 2.8508322;
 0.048292272, 0.28551885, -0.95715559, -1.048595;
 0.020186875, 0.95779896, 0.28672928, 7.91049;
 0, 0, 0, 1]
Twc:
[0.99862921, 0.048292272, 0.020186875, -2.9559734;
 -0.033168789, 0.28551885, 0.95779896, -7.1827068;
 0.040490553, -0.95715559, 0.28672928, -3.3872695;
 0, 0, 0, 1]
Ow:
[2.8508322;
 -1.048595;
 7.91049]
Keyframe: 162 Frame: 1602 Frame from vFrameID : 1603
Tcw:
[0.99950385, -0.03117552, 0.0044911345, 2.8762333;
 0.012657703, 0.26699468, -0.96361488, -0.99716902;
 0.028842086, 0.9631936, 0.26725683, 8.0393448;
 0, 0, 0, 1]
Twc:
[0.99950385, 0.012657703, 0.028842086, -3.0940559;
 -0.03117552, 0.26699468, 0.9631936, -7.3875389;
 0.0044911345, -0.96361488, 0.26725683, -3.1223741;
 0, 0, 0, 1]
Ow:
[2.8762333;
 -0.99716902;
 8.0393448]
Keyframe: 163 Frame: 1611 Frame from vFrameID : 1612
Tcw:
[0.99948716, -0.02623781, 0.018357506, 2.857878;
 0.025203776, 0.29093671, -0.95641029, -1.0778456;
 0.019753238, 0.95638245, 0.2914488, 8.1038332;
 0, 0, 0, 1]
Twc:
[0.99948716, 0.025203776, 0.019753238, -2.9893236;
 -0.02623781, 0.29093671, 0.95638245, -7.3617949;
 0.018357506, -0.95641029, 0.2914488, -3.4451785;
 0, 0, 0, 1]
Ow:
[2.857878;
 -1.0778456;
 8.1038332]
Keyframe: 164 Frame: 1621 Frame from vFrameID : 1622
Tcw:
[0.99712944, 0.006491221, 0.075437091, 2.8972313;
 0.071036577, 0.26461855, -0.96173322, -1.1239491;
 -0.026204878, 0.96433133, 0.26339784, 8.1433134;
 0, 0, 0, 1]
Twc:
[0.99712944, 0.071036577, -0.026204878, -2.5956788;
 0.006491221, 0.26461855, 0.96433133, -7.5742407;
 0.075437091, -0.96173322, 0.26339784, -3.4444289;
 0, 0, 0, 1]
Ow:
[2.8972313;
 -1.1239491;
 8.1433134]
Keyframe: 165 Frame: 1629 Frame from vFrameID : 1630
Tcw:
[0.99786466, 0.015108815, 0.063544281, 2.9088807;
 0.056770656, 0.28047049, -0.95818233, -1.15797;
 -0.032299295, 0.95974374, 0.27901384, 8.1712246;
 0, 0, 0, 1]
Twc:
[0.99786466, 0.056770656, -0.032299295, -2.5730054;
 0.015108815, 0.28047049, 0.95974374, -7.5614543;
 0.063544281, -0.95818233, 0.27901384, -3.5742736;
 0, 0, 0, 1]
Ow:
[2.9088807;
 -1.15797;
 8.1712246]
Keyframe: 166 Frame: 1638 Frame from vFrameID : 1639
Tcw:
[0.99983859, -0.016288478, 0.0075813653, 2.9122808;
 0.011326655, 0.24391095, -0.96973151, -1.1604769;
 0.013946272, 0.96966082, 0.24405608, 8.253582;
 0, 0, 0, 1]
Twc:
[0.99983859, 0.011326655, 0.013946272, -3.013773;
 -0.016288478, 0.24391095, 0.96966082, -7.6726851;
 0.0075813653, -0.96973151, 0.24405608, -3.1617668;
 0, 0, 0, 1]
Ow:
[2.9122808;
 -1.1604769;
 8.253582]
Keyframe: 167 Frame: 1646 Frame from vFrameID : 1647
Tcw:
[0.9993341, 0.00042497143, 0.036485478, 2.9424744;
 0.035024516, 0.2691766, -0.96245378, -1.1567292;
 -0.010230052, 0.96309072, 0.26898247, 8.2531652;
 0, 0, 0, 1]
Twc:
[0.9993341, 0.035024516, -0.010230052, -2.8155708;
 0.00042497143, 0.2691766, 0.96309072, -7.6384335;
 0.036485478, -0.96245378, 0.26898247, -3.4406128;
 0, 0, 0, 1]
Ow:
[2.9424744;
 -1.1567292;
 8.2531652]
Keyframe: 168 Frame: 1654 Frame from vFrameID : 1655
Tcw:
[0.99512911, 0.0353208, 0.092035353, 2.9860115;
 0.078039676, 0.28817058, -0.9543938, -1.1250856;
 -0.060231831, 0.95692748, 0.2840105, 8.2964983;
 0, 0, 0, 1]
Twc:
[0.99512911, 0.078039676, -0.060231831, -2.3839521;
 0.0353208, 0.28817058, 0.95692748, -7.7203989;
 0.092035353, -0.9543938, 0.2840105, -3.704886;
 0, 0, 0, 1]
Ow:
[2.9860115;
 -1.1250856;
 8.2964983]
Keyframe: 169 Frame: 1663 Frame from vFrameID : 1664
Tcw:
[0.99924099, 0.0065088016, 0.038406465, 3.0346739;
 0.035120368, 0.27599287, -0.96051782, -1.121134;
 -0.016851731, 0.96113765, 0.27555481, 8.3507318;
 0, 0, 0, 1]
Twc:
[0.99924099, 0.035120368, -0.016851731, -2.8522718;
 0.0065088016, 0.27599287, 0.96113765, -7.7365294;
 0.038406465, -0.96051782, 0.27555481, -3.4945045;
 0, 0, 0, 1]
Ow:
[3.0346739;
 -1.121134;
 8.3507318]
Keyframe: 170 Frame: 1673 Frame from vFrameID : 1674
Tcw:
[0.99912864, -0.041585263, 0.0035506017, 3.026335;
 0.01569158, 0.29544759, -0.95523006, -1.1603363;
 0.038674477, 0.95445347, 0.29584268, 8.4057798;
 0, 0, 0, 1]
Twc:
[0.99912864, 0.01569158, 0.038674477, -3.3305798;
 -0.041585263, 0.29544759, 0.95445347, -7.5542555;
 0.0035506017, -0.95523006, 0.29584268, -3.6059217;
 0, 0, 0, 1]
Ow:
[3.026335;
 -1.1603363;
 8.4057798]
Keyframe: 171 Frame: 1682 Frame from vFrameID : 1683
Tcw:
[0.99917245, -0.035501797, -0.01985142, 3.0794773;
 -0.0093572419, 0.27433541, -0.96158856, -1.1130545;
 0.039584067, 0.96097851, 0.27377617, 8.4391317;
 0, 0, 0, 1]
Twc:
[0.99917245, -0.0093572419, 0.039584067, -3.4213991;
 -0.035501797, 0.27433541, 0.96097851, -7.6951475;
 -0.01985142, -0.96158856, 0.27377617, -3.319602;
 0, 0, 0, 1]
Ow:
[3.0794773;
 -1.1130545;
 8.4391317]
Keyframe: 172 Frame: 1691 Frame from vFrameID : 1692
Tcw:
[0.99936008, -0.03335068, -0.012930074, 3.0878518;
 -0.0046389238, 0.23758841, -0.97135484, -1.148819;
 0.035467379, 0.97079325, 0.23728165, 8.5448246;
 0, 0, 0, 1]
Twc:
[0.99936008, -0.0046389238, 0.035467379, -3.3942676;
 -0.03335068, 0.23758841, 0.97079325, -7.9193296;
 -0.012930074, -0.97135484, 0.23728165, -3.1035147;
 0, 0, 0, 1]
Ow:
[3.0878518;
 -1.148819;
 8.5448246]
Keyframe: 173 Frame: 1699 Frame from vFrameID : 1700
Tcw:
[0.99815553, -0.053054124, 0.029509654, 3.0704;
 0.042086381, 0.25440136, -0.96618253, -1.1917405;
 0.04375267, 0.96564239, 0.256165, 8.5498962;
 0, 0, 0, 1]
Twc:
[0.99815553, 0.042086381, 0.04375267, -3.3886616;
 -0.053054124, 0.25440136, 0.96564239, -7.7900639;
 0.029509654, -0.96618253, 0.256165, -3.432229;
 0, 0, 0, 1]
Ow:
[3.0704;
 -1.1917405;
 8.5498962]
Keyframe: 174 Frame: 1707 Frame from vFrameID : 1708
Tcw:
[0.99906576, -0.043048736, 0.0038004271, 3.0766938;
 0.01377495, 0.23386076, -0.9721725, -1.1424073;
 0.040962029, 0.97131664, 0.23423526, 8.5670462;
 0, 0, 0, 1]
Twc:
[0.99906576, 0.01377495, 0.040962029, -3.4090061;
 -0.043048736, 0.23386076, 0.97131664, -7.9217019;
 0.0038004271, -0.9721725, 0.23423526, -3.129014;
 0, 0, 0, 1]
Ow:
[3.0766938;
 -1.1424073;
 8.5670462]
Keyframe: 175 Frame: 1715 Frame from vFrameID : 1716
Tcw:
[0.99842429, -0.055734675, 0.0065217023, 3.0647168;
 0.020499889, 0.25408477, -0.96696466, -1.1779428;
 0.052236397, 0.96557474, 0.25482696, 8.6096897;
 0, 0, 0, 1]
Twc:
[0.99842429, 0.020499889, 0.052236397, -3.4854794;
 -0.055734675, 0.25408477, 0.96557474, -7.8431902;
 0.0065217023, -0.96696466, 0.25482696, -3.3529973;
 0, 0, 0, 1]
Ow:
[3.0647168;
 -1.1779428;
 8.6096897]
Keyframe: 176 Frame: 1722 Frame from vFrameID : 1723
Tcw:
[0.99840182, -0.037535161, 0.042248882, 3.0015461;
 0.050394829, 0.25296277, -0.96616262, -1.2252488;
 0.025577676, 0.96674764, 0.25445005, 8.7145481;
 0, 0, 0, 1]
Twc:
[0.99840182, 0.050394829, 0.025577676, -3.1579008;
 -0.037535161, 0.25296277, 0.96674764, -8.0021629;
 0.042248882, -0.96616262, 0.25445005, -3.5280187;
 0, 0, 0, 1]
Ow:
[3.0015461;
 -1.2252488;
 8.7145481]
Keyframe: 177 Frame: 1730 Frame from vFrameID : 1731
Tcw:
[0.99713671, -0.0022629695, 0.075585812, 3.0092845;
 0.074143603, 0.22578672, -0.97135115, -1.2031105;
 -0.014868134, 0.97417414, 0.22530802, 8.7558479;
 0, 0, 0, 1]
Twc:
[0.99713671, 0.074143603, -0.014868134, -2.7812822;
 -0.0022629695, 0.22578672, 0.97417414, -8.2512636;
 0.075585812, -0.97135115, 0.22530802, -3.3688643;
 0, 0, 0, 1]
Ow:
[3.0092845;
 -1.2031105;
 8.7558479]
Keyframe: 178 Frame: 1739 Frame from vFrameID : 1740
Tcw:
[0.99867964, -0.026315842, 0.044118077, 3.0360799;
 0.049020585, 0.23141523, -0.97161925, -1.2427256;
 0.015359384, 0.97249907, 0.2323997, 8.7869539;
 0, 0, 0, 1]
Twc:
[0.99867964, 0.049020585, 0.015359384, -3.1061146;
 -0.026315842, 0.23141523, 0.97249907, -8.1778221;
 0.044118077, -0.97161925, 0.2323997, -3.3834877;
 0, 0, 0, 1]
Ow:
[3.0360799;
 -1.2427256;
 8.7869539]
Keyframe: 179 Frame: 1748 Frame from vFrameID : 1749
Tcw:
[0.99792176, -0.061772864, 0.01833849, 3.0451124;
 0.032840587, 0.24270114, -0.96954507, -1.2278874;
 0.055440802, 0.96813238, 0.24422541, 8.8276415;
 0, 0, 0, 1]
Twc:
[0.99792176, 0.032840587, 0.055440802, -3.4878707;
 -0.061772864, 0.24270114, 0.96813238, -8.0602102;
 0.01833849, -0.96954507, 0.24422541, -3.4022694;
 0, 0, 0, 1]
Ow:
[3.0451124;
 -1.2278874;
 8.8276415]
Keyframe: 180 Frame: 1757 Frame from vFrameID : 1758
Tcw:
[0.99688423, -0.065913863, 0.043326132, 3.0710592;
 0.05835082, 0.2466497, -0.96734643, -1.1906528;
 0.053075165, 0.96686053, 0.24972734, 8.8318071;
 0, 0, 0, 1]
Twc:
[0.99688423, 0.05835082, 0.053075165, -3.4607646;
 -0.065913863, 0.2466497, 0.96686053, -8.043026;
 0.043326132, -0.96734643, 0.24972734, -3.4903743;
 0, 0, 0, 1]
Ow:
[3.0710592;
 -1.1906528;
 8.8318071]
Keyframe: 181 Frame: 1765 Frame from vFrameID : 1766
Tcw:
[0.99600673, -0.05285297, 0.071952514, 3.068047;
 0.082558826, 0.23851496, -0.96762317, -1.2302554;
 0.033980008, 0.9696995, 0.24192598, 8.856986;
 0, 0, 0, 1]
Twc:
[0.99600673, 0.082558826, 0.033980008, -3.2551875;
 -0.05285297, 0.23851496, 0.9696995, -8.1330252;
 0.071952514, -0.96762317, 0.24192598, -3.5539124;
 0, 0, 0, 1]
Ow:
[3.068047;
 -1.2302554;
 8.856986]
Keyframe: 182 Frame: 1773 Frame from vFrameID : 1774
Tcw:
[0.99786955, -0.055358957, 0.034521755, 3.0932744;
 0.046913762, 0.24115488, -0.96935207, -1.224474;
 0.04533723, 0.96890646, 0.24323821, 8.9396372;
 0, 0, 0, 1]
Twc:
[0.99786955, 0.046913762, 0.04533723, -3.4345379;
 -0.055358957, 0.24115488, 0.96890646, -8.1951437;
 0.034521755, -0.96935207, 0.24323821, -3.4681928;
 0, 0, 0, 1]
Ow:
[3.0932744;
 -1.224474;
 8.9396372]
Keyframe: 183 Frame: 1781 Frame from vFrameID : 1782
Tcw:
[0.99547237, -0.095041163, 0.0013766078, 3.0813637;
 0.024695242, 0.24462114, -0.9693042, -1.1444898;
 0.091787055, 0.96494955, 0.24586067, 8.9783735;
 0, 0, 0, 1]
Twc:
[0.99547237, 0.024695242, 0.091787055, -3.8632476;
 -0.095041163, 0.24462114, 0.96494955, -8.0908546;
 0.0013766078, -0.9693042, 0.24586067, -3.3210294;
 0, 0, 0, 1]
Ow:
[3.0813637;
 -1.1444898;
 8.9783735]
Keyframe: 184 Frame: 1789 Frame from vFrameID : 1790
Tcw:
[0.99717355, -0.074026525, 0.012844671, 3.1058602;
 0.030843018, 0.24743693, -0.968413, -1.1684599;
 0.068509996, 0.96607196, 0.24902076, 9.0332069;
 0, 0, 0, 1]
Twc:
[0.99717355, 0.030843018, 0.068509996, -3.6799078;
 -0.074026525, 0.24743693, 0.96607196, -8.2076921;
 0.012844671, -0.968413, 0.24902076, -3.4209015;
 0, 0, 0, 1]
Ow:
[3.1058602;
 -1.1684599;
 9.0332069]
Keyframe: 185 Frame: 1797 Frame from vFrameID : 1798
Tcw:
[0.99647671, -0.079993978, 0.025202952, 3.1361101;
 0.043947712, 0.24207594, -0.96926147, -1.2009184;
 0.071434058, 0.96695411, 0.24473858, 9.0410671;
 0, 0, 0, 1]
Twc:
[0.99647671, 0.043947712, 0.071434058, -3.718123;
 -0.079993978, 0.24207594, 0.96695411, -8.2007141;
 0.025202952, -0.96926147, 0.24473858, -3.4557412;
 0, 0, 0, 1]
Ow:
[3.1361101;
 -1.2009184;
 9.0410671]
Keyframe: 186 Frame: 1805 Frame from vFrameID : 1806
Tcw:
[0.99689645, -0.073887371, 0.027168224, 3.1964357;
 0.045185387, 0.25443798, -0.96603292, -1.198154;
 0.064465001, 0.96426237, 0.25698698, 9.068078;
 0, 0, 0, 1]
Twc:
[0.99689645, 0.045185387, 0.064465001, -3.7169499;
 -0.073887371, 0.25443798, 0.96426237, -8.2029743;
 0.027168224, -0.96603292, 0.25698698, -3.5746753;
 0, 0, 0, 1]
Ow:
[3.1964357;
 -1.198154;
 9.068078]
Keyframe: 187 Frame: 1813 Frame from vFrameID : 1814
Tcw:
[0.99698323, -0.077001698, 0.0097585786, 3.1777205;
 0.028552683, 0.24693312, -0.96861178, -1.2076342;
 0.072175041, 0.96596831, 0.24838679, 9.0919638;
 0, 0, 0, 1]
Twc:
[0.99698323, 0.028552683, 0.072175041, -3.7898655;
 -0.077001698, 0.24693312, 0.96596831, -8.2396545;
 0.0097585786, -0.96861178, 0.24838679, -3.4590626;
 0, 0, 0, 1]
Ow:
[3.1777205;
 -1.2076342;
 9.0919638]
Keyframe: 188 Frame: 1821 Frame from vFrameID : 1822
Tcw:
[0.99661517, -0.078980759, 0.022809356, 3.1695902;
 0.043044772, 0.2649616, -0.96329772, -1.1981642;
 0.070038378, 0.96101892, 0.26746446, 9.1231403;
 0, 0, 0, 1]
Twc:
[0.99661517, 0.043044772, 0.070038378, -3.7462571;
 -0.078980759, 0.2649616, 0.96101892, -8.199707;
 0.022809356, -0.96329772, 0.26746446, -3.6666009;
 0, 0, 0, 1]
Ow:
[3.1695902;
 -1.1981642;
 9.1231403]
Keyframe: 189 Frame: 1829 Frame from vFrameID : 1830
Tcw:
[0.99724859, -0.071614593, 0.019146761, 3.2144206;
 0.035743348, 0.23825024, -0.97054583, -1.2527461;
 0.06494353, 0.96855986, 0.24015446, 9.1384983;
 0, 0, 0, 1]
Twc:
[0.99724859, 0.035743348, 0.06494353, -3.7542851;
 -0.071614593, 0.23825024, 0.96855986, -8.3225164;
 0.019146761, -0.97054583, 0.24015446, -3.4720447;
 0, 0, 0, 1]
Ow:
[3.2144206;
 -1.2527461;
 9.1384983]
Keyframe: 190 Frame: 1837 Frame from vFrameID : 1838
Tcw:
[0.99834281, -0.04796188, 0.031801011, 3.2284253;
 0.042717118, 0.24735205, -0.9679836, -1.2771971;
 0.038560264, 0.96773791, 0.24899094, 9.1802979;
 0, 0, 0, 1]
Twc:
[0.99834281, 0.042717118, 0.038560264, -3.5225117;
 -0.04796188, 0.24735205, 0.96773791, -8.4133635;
 0.031801011, -0.9679836, 0.24899094, -3.624784;
 0, 0, 0, 1]
Ow:
[3.2284253;
 -1.2771971;
 9.1802979]
Keyframe: 191 Frame: 1845 Frame from vFrameID : 1846
Tcw:
[0.99492967, -0.099803574, 0.012416922, 3.2276509;
 0.035791207, 0.23598035, -0.97109848, -1.2154992;
 0.093988948, 0.96661913, 0.23835595, 9.2530308;
 0, 0, 0, 1]
Twc:
[0.99492967, 0.035791207, 0.093988948, -4.0374641;
 -0.099803574, 0.23598035, 0.96661913, -8.3351927;
 0.012416922, -0.97109848, 0.23835595, -3.425962;
 0, 0, 0, 1]
Ow:
[3.2276509;
 -1.2154992;
 9.2530308]
Keyframe: 192 Frame: 1853 Frame from vFrameID : 1854
Tcw:
[0.99412858, -0.10801045, -0.0064840433, 3.2359049;
 0.02250221, 0.26498041, -0.96399122, -1.2371733;
 0.10583927, 0.95818532, 0.26585507, 9.2861757;
 0, 0, 0, 1]
Twc:
[0.99412858, 0.02250221, 0.10583927, -4.1719089;
 -0.10801045, 0.26498041, 0.95818532, -8.2205391;
 -0.0064840433, -0.96399122, 0.26585507, -3.6404192;
 0, 0, 0, 1]
Ow:
[3.2359049;
 -1.2371733;
 9.2861757]
Keyframe: 193 Frame: 1860 Frame from vFrameID : 1861
Tcw:
[0.99270469, -0.12036702, 0.0070113102, 3.290261;
 0.035500243, 0.2362185, -0.97105128, -1.269557;
 0.11522634, 0.96421605, 0.23876826, 9.3047123;
 0, 0, 0, 1]
Twc:
[0.99270469, 0.035500243, 0.11522634, -4.2933359;
 -0.12036702, 0.2362185, 0.96421605, -8.2758217;
 0.0070113102, -0.97105128, 0.23876826, -3.4775443;
 0, 0, 0, 1]
Ow:
[3.290261;
 -1.269557;
 9.3047123]
Keyframe: 194 Frame: 1868 Frame from vFrameID : 1869
Tcw:
[0.99729955, -0.060785424, 0.041216053, 3.2716196;
 0.055135909, 0.24896595, -0.96694154, -1.2556381;
 0.04851456, 0.96660286, 0.25164509, 9.3506975;
 0, 0, 0, 1]
Twc:
[0.99729955, 0.055135909, 0.04851456, -3.6471987;
 -0.060785424, 0.24896595, 0.96660286, -8.5269327;
 0.041216053, -0.96694154, 0.25164509, -3.702029;
 0, 0, 0, 1]
Ow:
[3.2716196;
 -1.2556381;
 9.3506975]
Keyframe: 195 Frame: 1876 Frame from vFrameID : 1877
Tcw:
[0.99617076, -0.086835921, 0.010164493, 3.2818391;
 0.031669077, 0.2500281, -0.96772051, -1.2856288;
 0.081491493, 0.96433681, 0.25182071, 9.3646841;
 0, 0, 0, 1]
Twc:
[0.99617076, 0.031669077, 0.081491493, -3.9916999;
 -0.086835921, 0.2500281, 0.96433681, -8.4242849;
 0.010164493, -0.96772051, 0.25182071, -3.635709;
 0, 0, 0, 1]
Ow:
[3.2818391;
 -1.2856288;
 9.3646841]
Keyframe: 196 Frame: 1883 Frame from vFrameID : 1884
Tcw:
[0.99433845, -0.10452387, -0.019126605, 3.3032186;
 0.0078580724, 0.25183833, -0.96773744, -1.2860303;
 0.10596848, 0.96210819, 0.25123388, 9.4012203;
 0, 0, 0, 1]
Twc:
[0.99433845, 0.0078580724, 0.10596848, -4.2706447;
 -0.10452387, 0.25183833, 0.96210819, -8.3758545;
 -0.019126605, -0.96773744, 0.25123388, -3.5432653;
 0, 0, 0, 1]
Ow:
[3.3032186;
 -1.2860303;
 9.4012203]
Keyframe: 197 Frame: 1891 Frame from vFrameID : 1892
Tcw:
[0.9968943, -0.078544609, 0.0056958999, 3.2926753;
 0.024615834, 0.2420878, -0.96994203, -1.3085639;
 0.074804813, 0.96706992, 0.24326938, 9.4674301;
 0, 0, 0, 1]
Twc:
[0.9968943, 0.024615834, 0.074804813, -3.9584475;
 -0.078544609, 0.2420878, 0.96706992, -8.5802574;
 0.0056958999, -0.96994203, 0.24326938, -3.5911219;
 0, 0, 0, 1]
Ow:
[3.2926753;
 -1.3085639;
 9.4674301]
Keyframe: 198 Frame: 1898 Frame from vFrameID : 1899
Tcw:
[0.99708968, -0.069956124, 0.030304302, 3.297653;
 0.046758328, 0.24719208, -0.96783763, -1.3000906;
 0.060215186, 0.96643788, 0.24974371, 9.4603748;
 0, 0, 0, 1]
Twc:
[0.99708968, 0.046758328, 0.060215186, -3.7969236;
 -0.069956124, 0.24719208, 0.96643788, -8.5908012;
 0.030304302, -0.96783763, 0.24974371, -3.7208788;
 0, 0, 0, 1]
Ow:
[3.297653;
 -1.3000906;
 9.4603748]
Keyframe: 199 Frame: 1906 Frame from vFrameID : 1907
Tcw:
[0.99688733, -0.077346474, 0.015270762, 3.2824464;
 0.033476967, 0.23991826, -0.97021574, -1.2776301;
 0.071379028, 0.96770698, 0.24176079, 9.4907455;
 0, 0, 0, 1]
Twc:
[0.99688733, 0.033476967, 0.071379028, -3.9068983;
 -0.077346474, 0.23991826, 0.96770698, -8.623848;
 0.015270762, -0.97021574, 0.24176079, -3.5841925;
 0, 0, 0, 1]
Ow:
[3.2824464;
 -1.2776301;
 9.4907455]
Keyframe: 200 Frame: 1914 Frame from vFrameID : 1915
Tcw:
[0.99719697, -0.070466369, -0.025152544, 3.3005593;
 -0.0067372131, 0.25023824, -0.96816087, -1.2740302;
 0.074516907, 0.96561652, 0.24906206, 9.5506134;
 0, 0, 0, 1]
Twc:
[0.99719697, -0.0067372131, 0.074516907, -4.0115738;
 -0.070466369, 0.25023824, 0.96561652, -8.6708412;
 -0.025152544, -0.96816087, 0.24906206, -3.5291443;
 0, 0, 0, 1]
Ow:
[3.3005593;
 -1.2740302;
 9.5506134]
Keyframe: 201 Frame: 1922 Frame from vFrameID : 1923
Tcw:
[0.99744856, -0.068167038, -0.021204716, 3.3092418;
 -0.0022329888, 0.26709408, -0.96366787, -1.2716763;
 0.071354039, 0.9612565, 0.26626039, 9.5683718;
 0, 0, 0, 1]
Twc:
[0.99744856, -0.0022329888, 0.071354039, -3.9863799;
 -0.068167038, 0.26709408, 0.9612565, -8.6324205;
 -0.021204716, -0.96366787, 0.26626039, -3.7029803;
 0, 0, 0, 1]
Ow:
[3.3092418;
 -1.2716763;
 9.5683718]
Keyframe: 202 Frame: 1929 Frame from vFrameID : 1930
Tcw:
[0.99792188, -0.063483499, 0.011033325, 3.3004675;
 0.026475241, 0.24786256, -0.96843338, -1.2596204;
 0.058744792, 0.96671301, 0.24902822, 9.6237783;
 0, 0, 0, 1]
Twc:
[0.99792188, 0.026475241, 0.058744792, -3.8256071;
 -0.063483499, 0.24786256, 0.96671301, -8.7816935;
 0.011033325, -0.96843338, 0.24902822, -3.6528659;
 0, 0, 0, 1]
Ow:
[3.3004675;
 -1.2596204;
 9.6237783]
Keyframe: 203 Frame: 1937 Frame from vFrameID : 1938
Tcw:
[0.99768615, -0.066903301, 0.01209666, 3.3485367;
 0.02889318, 0.25616866, -0.96620017, -1.2339938;
 0.061543196, 0.96431404, 0.25750896, 9.6628532;
 0, 0, 0, 1]
Twc:
[0.99768615, 0.02889318, 0.061543196, -3.8998175;
 -0.066903301, 0.25616866, 0.96431404, -8.7778864;
 0.01209666, -0.96620017, 0.25750896, -3.7210624;
 0, 0, 0, 1]
Ow:
[3.3485367;
 -1.2339938;
 9.6628532]
Keyframe: 204 Frame: 1945 Frame from vFrameID : 1946
Tcw:
[0.9977352, -0.061695069, -0.026799515, 3.3672953;
 -0.0095688729, 0.26418495, -0.96442455, -1.281605;
 0.066580266, 0.96249676, 0.26299629, 9.6819315;
 0, 0, 0, 1]
Twc:
[0.9977352, -0.0095688729, 0.066580266, -4.0165582;
 -0.061695069, 0.26418495, 0.96249676, -8.7725019;
 -0.026799515, -0.96442455, 0.26299629, -3.6920815;
 0, 0, 0, 1]
Ow:
[3.3672953;
 -1.281605;
 9.6819315]
Keyframe: 205 Frame: 1953 Frame from vFrameID : 1954
Tcw:
[0.99472529, -0.089949436, -0.049302381, 3.3764677;
 -0.021519292, 0.28695288, -0.95770293, -1.2819786;
 0.1002923, 0.95371228, 0.28350362, 9.7085905;
 0, 0, 0, 1]
Twc:
[0.99472529, -0.021519292, 0.1002923, -4.359942;
 -0.089949436, 0.28695288, 0.95371228, -8.5876245;
 -0.049302381, -0.95770293, 0.28350362, -3.8137081;
 0, 0, 0, 1]
Ow:
[3.3764677;
 -1.2819786;
 9.7085905]
Keyframe: 206 Frame: 1960 Frame from vFrameID : 1961
Tcw:
[0.99685127, -0.079250902, -0.0026214225, 3.3844235;
 0.017813802, 0.25603899, -0.96650231, -1.3203959;
 0.077267364, 0.96341234, 0.25664455, 9.7500124;
 0, 0, 0, 1]
Twc:
[0.99685127, 0.017813802, 0.077267364, -4.1036034;
 -0.079250902, 0.25603899, 0.96341234, -8.7869902;
 -0.0026214225, -0.96650231, 0.25664455, -3.7695811;
 0, 0, 0, 1]
Ow:
[3.3844235;
 -1.3203959;
 9.7500124]
Keyframe: 207 Frame: 1968 Frame from vFrameID : 1969
Tcw:
[0.99789488, -0.056373138, 0.032060225, 3.3711827;
 0.045563016, 0.25763336, -0.96516788, -1.248836;
 0.04614976, 0.96459687, 0.25965953, 9.7802849;
 0, 0, 0, 1]
Twc:
[0.99789488, 0.045563016, 0.04614976, -3.758543;
 -0.056373138, 0.25763336, 0.96459687, -8.922246;
 0.032060225, -0.96516788, 0.25965953, -3.8529615;
 0, 0, 0, 1]
Ow:
[3.3711827;
 -1.248836;
 9.7802849]
Keyframe: 208 Frame: 1976 Frame from vFrameID : 1977
Tcw:
[0.99745601, -0.06979537, 0.014495144, 3.3563676;
 0.032644328, 0.26646814, -0.96329075, -1.2514107;
 0.063370742, 0.96131337, 0.26806867, 9.8129091;
 0, 0, 0, 1]
Twc:
[0.99745601, 0.032644328, 0.063370742, -3.928829;
 -0.06979537, 0.26646814, 0.96131337, -8.8655596;
 0.014495144, -0.96329075, 0.26806867, -3.8846567;
 0, 0, 0, 1]
Ow:
[3.3563676;
 -1.2514107;
 9.8129091]
Keyframe: 209 Frame: 1984 Frame from vFrameID : 1985
Tcw:
[0.99717492, -0.074398771, -0.010343192, 3.3753223;
 0.0080394149, 0.24261846, -0.97008848, -1.266819;
 0.074682839, 0.96726477, 0.24253117, 9.8649197;
 0, 0, 0, 1]
Twc:
[0.99717492, 0.0080394149, 0.074682839, -4.0923429;
 -0.074398771, 0.24261846, 0.96726477, -8.9835157;
 -0.010343192, -0.97008848, 0.24253117, -3.5865653;
 0, 0, 0, 1]
Ow:
[3.3753223;
 -1.266819;
 9.8649197]
Keyframe: 210 Frame: 1992 Frame from vFrameID : 1993
Tcw:
[0.99515629, -0.096253142, 0.019983016, 3.3886468;
 0.046288177, 0.27946597, -0.95903921, -1.2744181;
 0.086725958, 0.95531887, 0.28256768, 9.9111814;
 0, 0, 0, 1]
Twc:
[0.99515629, 0.046288177, 0.086725958, -4.1727991;
 -0.096253142, 0.27946597, 0.95531887, -8.7860136;
 0.019983016, -0.95903921, 0.28256768, -4.0905118;
 0, 0, 0, 1]
Ow:
[3.3886468;
 -1.2744181;
 9.9111814]
Keyframe: 211 Frame: 2000 Frame from vFrameID : 2001
Tcw:
[0.99731648, -0.049652513, 0.053799715, 3.3915164;
 0.065813966, 0.28617856, -0.95591336, -1.3000069;
 0.032067176, 0.95688897, 0.28867841, 9.9157944;
 0, 0, 0, 1]
Twc:
[0.99731648, 0.065813966, 0.032067176, -3.6148286;
 -0.049652513, 0.28617856, 0.95688897, -8.9478827;
 0.053799715, -0.95591336, 0.28867841, -4.2876325;
 0, 0, 0, 1]
Ow:
[3.3915164;
 -1.3000069;
 9.9157944]
Keyframe: 212 Frame: 2008 Frame from vFrameID : 2009
Tcw:
[0.99810594, -0.0056003593, 0.061263192, 3.4339492;
 0.060106516, 0.30092254, -0.95175248, -1.2831838;
 -0.013105319, 0.95363212, 0.30068919, 9.9078693;
 0, 0, 0, 1]
Twc:
[0.99810594, 0.060106516, -0.013105319, -3.2204716;
 -0.0056003593, 0.30092254, 0.95363212, -9.0430918;
 0.061263192, -0.95175248, 0.30068919, -4.4108372;
 0, 0, 0, 1]
Ow:
[3.4339492;
 -1.2831838;
 9.9078693]
Keyframe: 213 Frame: 2016 Frame from vFrameID : 2017
Tcw:
[0.99945253, -0.021108707, 0.025476648, 3.3657916;
 0.030201379, 0.26764998, -0.9630428, -1.3442624;
 0.013509763, 0.96328497, 0.26814094, 9.9752064;
 0, 0, 0, 1]
Twc:
[0.99945253, 0.030201379, 0.013509763, -3.4581132;
 -0.021108707, 0.26764998, 0.96328497, -9.1781263;
 0.025476648, -0.9630428, 0.26814094, -4.0550923;
 0, 0, 0, 1]
Ow:
[3.3657916;
 -1.3442624;
 9.9752064]
Keyframe: 214 Frame: 2024 Frame from vFrameID : 2025
Tcw:
[0.99703395, -0.065675415, -0.04012572, 3.4394825;
 -0.021371005, 0.26460961, -0.96411878, -1.3137543;
 0.073936552, 0.96211666, 0.26242119, 10.013768;
 0, 0, 0, 1]
Twc:
[0.99703395, -0.021371005, 0.073936552, -4.1977406;
 -0.065675415, 0.26460961, 0.96211666, -9.0608921;
 -0.04012572, -0.96411878, 0.26242119, -3.7564285;
 0, 0, 0, 1]
Ow:
[3.4394825;
 -1.3137543;
 10.013768]
Keyframe: 215 Frame: 2032 Frame from vFrameID : 2033
Tcw:
[0.99568021, -0.092608757, -0.0066724429, 3.4106476;
 0.021945531, 0.30455554, -0.95224172, -1.3773422;
 0.090218052, 0.94798183, 0.30527228, 10.08884;
 0, 0, 0, 1]
Twc:
[0.99568021, 0.021945531, 0.090218052, -4.2758832;
 -0.092608757, 0.30455554, 0.94798183, -8.8287039;
 -0.0066724429, -0.95224172, 0.30527228, -4.3686485;
 0, 0, 0, 1]
Ow:
[3.4106476;
 -1.3773422;
 10.08884]
Keyframe: 216 Frame: 2040 Frame from vFrameID : 2041
Tcw:
[0.99867177, -0.040262632, 0.032150336, 3.4326162;
 0.042830262, 0.30186152, -0.95238918, -1.3608651;
 0.028640747, 0.95250118, 0.30318505, 10.082815;
 0, 0, 0, 1]
Twc:
[0.99867177, 0.042830262, 0.028640747, -3.65855;
 -0.040262632, 0.30186152, 0.95250118, -9.0548944;
 0.032150336, -0.95238918, 0.30318505, -4.4633918;
 0, 0, 0, 1]
Ow:
[3.4326162;
 -1.3608651;
 10.082815]
Keyframe: 217 Frame: 2048 Frame from vFrameID : 2049
Tcw:
[0.99879146, 0.025684806, 0.041903526, 3.5101185;
 0.031492766, 0.32010922, -0.94685704, -1.3498337;
 -0.037733544, 0.94703239, 0.31891346, 10.063616;
 0, 0, 0, 1]
Twc:
[0.99879146, 0.031492766, -0.037733544, -3.0836306;
 0.025684806, 0.32010922, 0.94703239, -9.188633;
 0.041903526, -0.94685704, 0.31891346, -4.6346087;
 0, 0, 0, 1]
Ow:
[3.5101185;
 -1.3498337;
 10.063616]
Keyframe: 218 Frame: 2057 Frame from vFrameID : 2058
Tcw:
[0.99127918, 0.074826576, 0.10847363, 3.4183993;
 0.081134446, 0.30208287, -0.94982272, -1.4659638;
 -0.10384, 0.95034045, 0.29337743, 10.169857;
 0, 0, 0, 1]
Twc:
[0.99127918, 0.081134446, -0.10384, -2.2136102;
 0.074826576, 0.30208287, 0.95034045, -9.4777708;
 0.10847363, -0.94982272, 0.29337743, -4.7468185;
 0, 0, 0, 1]
Ow:
[3.4183993;
 -1.4659638;
 10.169857]
