Keyframe: 0 Frame: 0 Frame from vFrameID : 106
Tcw:
[0.99532408, 0.091288082, -0.031566706, 0.083390318;
 -0.063259892, 0.36909914, -0.92723459, -0.016205117;
 -0.072994225, 0.92489582, 0.37314814, -0.072059028;
 0, 0, 0, 1]
Twc:
[0.99532408, -0.063259892, -0.072994225, -0.089285418;
 0.091288082, 0.36909914, 0.92489582, 0.065015845;
 -0.031566706, -0.92723459, 0.37314814, 0.014495104;
 0, 0, 0, 1]
Ow:
[0.083390318;
 -0.016205117;
 -0.072059028]
Keyframe: 1 Frame: 105 Frame from vFrameID : 106
Tcw:
[0.99651754, 0.076314434, -0.033598877, 0.080575161;
 -0.059940394, 0.37550935, -0.9248783, -0.015630275;
 -0.057964873, 0.92367136, 0.37877598, -0.073537618;
 0, 0, 0, 1]
Twc:
[0.99651754, -0.059940394, -0.057964873, -0.085494049;
 0.076314434, 0.37550935, 0.92367136, 0.067644864;
 -0.033598877, -0.9248783, 0.37877598, 0.016105417;
 0, 0, 0, 1]
Ow:
[0.080575161;
 -0.015630275;
 -0.073537618]
Keyframe: 2 Frame: 108 Frame from vFrameID : 109
Tcw:
[0.99817622, 0.048607923, -0.035798509, 0.069015898;
 -0.051276218, 0.36972368, -0.92772579, -0.017226979;
 -0.031859271, 0.92786944, 0.3715418, -0.068347223;
 0, 0, 0, 1]
Twc:
[0.99817622, -0.051276218, -0.031859271, -0.071950853;
 0.048607923, 0.36972368, 0.92786944, 0.066431798;
 -0.035798509, -0.92772579, 0.3715418, 0.011882604;
 0, 0, 0, 1]
Ow:
[0.069015898;
 -0.017226979;
 -0.068347223]
Keyframe: 3 Frame: 111 Frame from vFrameID : 112
Tcw:
[0.99977875, 0.016242193, -0.013367474, 0.060017411;
 -0.018320065, 0.36000094, -0.93277204, -0.018784903;
 -0.010337962, 0.93281054, 0.36021882, -0.066717759;
 0, 0, 0, 1]
Twc:
[0.99977875, -0.018320065, -0.010337962, -0.061037995;
 0.016242193, 0.36000094, 0.93281054, 0.068022795;
 -0.013367474, -0.93277204, 0.36021882, 0.0073132417;
 0, 0, 0, 1]
Ow:
[0.060017411;
 -0.018784903;
 -0.066717759]
Keyframe: 4 Frame: 114 Frame from vFrameID : 115
Tcw:
[0.99992871, -0.011537054, 0.0030728329, 0.048625;
 0.0068806149, 0.34651366, -0.93801969, -0.015771188;
 0.0097572049, 0.93797398, 0.34656835, -0.065429419;
 0, 0, 0, 1]
Twc:
[0.99992871, 0.0068806149, 0.0097572049, -0.047874611;
 -0.011537054, 0.34651366, 0.93797398, 0.067397013;
 0.0030728329, -0.93801969, 0.34656835, 0.0077326656;
 0, 0, 0, 1]
Ow:
[0.048625;
 -0.015771188;
 -0.065429419]
Keyframe: 5 Frame: 117 Frame from vFrameID : 118
Tcw:
[0.99966353, -0.025013927, -0.0068615479, 0.044722211;
 0.0020222666, 0.33889452, -0.94082218, -0.015529133;
 0.025858998, 0.9404918, 0.3388311, -0.064390875;
 0, 0, 0, 1]
Twc:
[0.99966353, 0.0020222666, 0.025858998, -0.043010678;
 -0.025013927, 0.33889452, 0.9404918, 0.066940509;
 -0.0068615479, -0.94082218, 0.3388311, 0.0075143413;
 0, 0, 0, 1]
Ow:
[0.044722211;
 -0.015529133;
 -0.064390875]
Keyframe: 6 Frame: 120 Frame from vFrameID : 121
Tcw:
[0.99950141, -0.025526177, -0.018583225, 0.046437856;
 -0.0091928849, 0.32779488, -0.94470417, -0.017626815;
 0.030206172, 0.94440401, 0.32739678, -0.063954927;
 0, 0, 0, 1]
Twc:
[0.99950141, -0.0091928849, 0.030206172, -0.044644907;
 -0.025526177, 0.32779488, 0.94440401, 0.067362651;
 -0.018583225, -0.94470417, 0.32739678, 0.0051494781;
 0, 0, 0, 1]
Ow:
[0.046437856;
 -0.017626815;
 -0.063954927]
Keyframe: 7 Frame: 124 Frame from vFrameID : 125
Tcw:
[0.9997161, -0.016426027, -0.017259091, 0.050029021;
 -0.011130187, 0.31851992, -0.94785082, -0.01784323;
 0.021066787, 0.94777381, 0.31824666, -0.061838742;
 0, 0, 0, 1]
Twc:
[0.9997161, -0.011130187, 0.021066787, -0.048910674;
 -0.016426027, 0.31851992, 0.94777381, 0.065114342;
 -0.017259091, -0.94785082, 0.31824666, 0.0036307077;
 0, 0, 0, 1]
Ow:
[0.050029021;
 -0.01784323;
 -0.061838742]
Keyframe: 8 Frame: 128 Frame from vFrameID : 129
Tcw:
[0.99983728, 0.0018434521, -0.017945649, 0.056142505;
 -0.017557384, 0.32801169, -0.94451052, -0.018602837;
 0.0041452223, 0.94467187, 0.32799068, -0.06183473;
 0, 0, 0, 1]
Twc:
[0.99983728, -0.017557384, 0.0041452223, -0.056203667;
 0.0018434521, 0.32801169, 0.94467187, 0.064411983;
 -0.017945649, -0.94451052, 0.32799068, 0.0037181536;
 0, 0, 0, 1]
Ow:
[0.056142505;
 -0.018602837;
 -0.06183473]
Keyframe: 9 Frame: 132 Frame from vFrameID : 133
Tcw:
[0.9994607, 0.023374215, -0.023064673, 0.060695983;
 -0.029719997, 0.34514481, -0.93807876, -0.01872924;
 -0.013966202, 0.93825835, 0.34565336, -0.06219954;
 0, 0, 0, 1]
Twc:
[0.9994607, -0.029719997, -0.013966202, -0.062088571;
 0.023374215, 0.34514481, 0.93825835, 0.063404813;
 -0.023064673, -0.93807876, 0.34565336, 0.0053299088;
 0, 0, 0, 1]
Ow:
[0.060695983;
 -0.01872924;
 -0.06219954]
Keyframe: 10 Frame: 136 Frame from vFrameID : 137
Tcw:
[0.99956667, 0.021516837, -0.020086685, 0.060439173;
 -0.026462663, 0.358024, -0.93333733, -0.019113295;
 -0.012890952, 0.93346441, 0.35843825, -0.063469961;
 0, 0, 0, 1]
Twc:
[0.99956667, -0.026462663, -0.012890952, -0.06173696;
 0.021516837, 0.358024, 0.93346441, 0.064789511;
 -0.020086685, -0.93333733, 0.35843825, 0.0061249328;
 0, 0, 0, 1]
Ow:
[0.060439173;
 -0.019113295;
 -0.063469961]
Keyframe: 11 Frame: 140 Frame from vFrameID : 141
Tcw:
[0.99973607, 0.019861173, -0.011548318, 0.059528872;
 -0.017942797, 0.36103934, -0.93237793, -0.019490302;
 -0.014348722, 0.93233907, 0.36130041, -0.061577357;
 0, 0, 0, 1]
Twc:
[0.99973607, -0.017942797, -0.014348722, -0.060746428;
 0.019861173, 0.36103934, 0.93233907, 0.063265428;
 -0.011548318, -0.93237793, 0.36130041, 0.0047630537;
 0, 0, 0, 1]
Ow:
[0.059528872;
 -0.019490302;
 -0.061577357]
Keyframe: 12 Frame: 145 Frame from vFrameID : 146
Tcw:
[0.9996767, 0.023391863, 0.0099661537, 0.060746565;
 0.00092262344, 0.35833055, -0.93359435, -0.021269977;
 -0.025409687, 0.93330169, 0.3581931, -0.060621787;
 0, 0, 0, 1]
Twc:
[0.9996767, 0.00092262344, -0.025409687, -0.062247682;
 0.023391863, 0.35833055, 0.93330169, 0.062779121;
 0.0099661537, -0.93359435, 0.3581931, 0.0012513674;
 0, 0, 0, 1]
Ow:
[0.060746565;
 -0.021269977;
 -0.060621787]
Keyframe: 13 Frame: 150 Frame from vFrameID : 151
Tcw:
[0.99966168, 0.025957434, 0.0016499367, 0.059912466;
 -0.0077180522, 0.35661629, -0.93421906, -0.020146232;
 -0.024838323, 0.93389028, 0.35669598, -0.050950304;
 0, 0, 0, 1]
Twc:
[0.99966168, -0.0077180522, -0.024838323, -0.061313208;
 0.025957434, 0.35661629, 0.93389028, 0.053211294;
 0.0016499367, -0.93421906, 0.35669598, -0.00074607774;
 0, 0, 0, 1]
Ow:
[0.059912466;
 -0.020146232;
 -0.050950304]
Keyframe: 14 Frame: 155 Frame from vFrameID : 156
Tcw:
[0.9993183, 0.025574347, -0.026625397, 0.061854977;
 -0.033763032, 0.34136176, -0.93932539, -0.020089919;
 -0.014933743, 0.93958402, 0.3419925, -0.044838097;
 0, 0, 0, 1]
Twc:
[0.9993183, -0.033763032, -0.014933743, -0.06316071;
 0.025574347, 0.34136176, 0.93958402, 0.047405191;
 -0.026625397, -0.93932539, 0.3419925, -0.0018897617;
 0, 0, 0, 1]
Ow:
[0.061854977;
 -0.020089919;
 -0.044838097]
Keyframe: 15 Frame: 162 Frame from vFrameID : 163
Tcw:
[0.99816775, -0.022106901, -0.056324039, 0.065577202;
 -0.045635041, 0.33618516, -0.94068962, -0.01777794;
 0.039731041, 0.94153643, 0.33456036, 0.0010504068;
 0, 0, 0, 1]
Twc:
[0.99816775, -0.045635041, 0.039731041, -0.066310078;
 -0.022106901, 0.33618516, 0.94153643, 0.0064373924;
 -0.056324039, -0.94068962, 0.33456036, -0.013381376;
 0, 0, 0, 1]
Ow:
[0.065577202;
 -0.01777794;
 0.0010504068]
Keyframe: 16 Frame: 169 Frame from vFrameID : 170
Tcw:
[0.99297678, -0.053562943, -0.1054901, 0.11694746;
 -0.084551133, 0.30240062, -0.94942349, -0.033121366;
 0.082754187, 0.95167476, 0.295748, 0.12420412;
 0, 0, 0, 1]
Twc:
[0.99297678, -0.084551133, 0.082754187, -0.12920497;
 -0.053562943, 0.30240062, 0.95167476, -0.10192195;
 -0.1054901, -0.94942349, 0.295748, -0.055842523;
 0, 0, 0, 1]
Ow:
[0.11694746;
 -0.033121366;
 0.12420412]
Keyframe: 17 Frame: 177 Frame from vFrameID : 178
Tcw:
[0.99799591, -0.0064277514, -0.062951118, 0.12893814;
 -0.058894876, 0.26947302, -0.9612053, -0.039224628;
 0.023142017, 0.96298647, 0.26855442, 0.23439045;
 0, 0, 0, 1]
Twc:
[0.99799591, -0.058894876, 0.023142017, -0.13641414;
 -0.0064277514, 0.26947302, 0.96298647, -0.21431607;
 -0.062951118, -0.9612053, 0.26855442, -0.092532709;
 0, 0, 0, 1]
Ow:
[0.12893814;
 -0.039224628;
 0.23439045]
Keyframe: 18 Frame: 184 Frame from vFrameID : 185
Tcw:
[0.99848205, -0.010154201, -0.054134548, 0.16160831;
 -0.049950462, 0.24719812, -0.96767664, -0.056526706;
 0.023207942, 0.96891177, 0.24631567, 0.3142173;
 0, 0, 0, 1]
Twc:
[0.99848205, -0.049950462, 0.023207942, -0.17147885;
 -0.010154201, 0.24719812, 0.96891177, -0.28883451;
 -0.054134548, -0.96767664, 0.24631567, -0.12334761;
 0, 0, 0, 1]
Ow:
[0.16160831;
 -0.056526706;
 0.3142173]
Keyframe: 19 Frame: 191 Frame from vFrameID : 192
Tcw:
[0.99338657, -0.051439416, -0.10265032, 0.19015785;
 -0.088207297, 0.23042382, -0.96908426, -0.080537729;
 0.073502213, 0.97172982, 0.22436261, 0.38734028;
 0, 0, 0, 1]
Twc:
[0.99338657, -0.088207297, 0.073502213, -0.22447462;
 -0.051439416, 0.23042382, 0.97172982, -0.34805068;
 -0.10265032, -0.96908426, 0.22436261, -0.14543276;
 0, 0, 0, 1]
Ow:
[0.19015785;
 -0.080537729;
 0.38734028]
Keyframe: 20 Frame: 200 Frame from vFrameID : 201
Tcw:
[0.9964608, -0.032714095, -0.077431463, 0.2267233;
 -0.069099873, 0.20573798, -0.97616446, -0.16842613;
 0.047864933, 0.97806019, 0.2027493, 0.49603301;
 0, 0, 0, 1]
Twc:
[0.9964608, -0.069099873, 0.047864933, -0.2613017;
 -0.032714095, 0.20573798, 0.97806019, -0.44308141;
 -0.077431463, -0.97616446, 0.2027493, -0.24742642;
 0, 0, 0, 1]
Ow:
[0.2267233;
 -0.16842613;
 0.49603301]
Keyframe: 21 Frame: 209 Frame from vFrameID : 210
Tcw:
[0.99991697, 0.0083258403, 0.0098330211, 0.22924252;
 0.0084833233, 0.14897248, -0.98880494, -0.17660753;
 -0.009697482, 0.98880631, 0.14888948, 0.75204521;
 0, 0, 0, 1]
Twc:
[0.99991697, 0.0084833233, -0.009697482, -0.22043233;
 0.0083258403, 0.14897248, 0.98880631, -0.719226;
 0.0098330211, -0.98880494, 0.14888948, -0.28885618;
 0, 0, 0, 1]
Ow:
[0.22924252;
 -0.17660753;
 0.75204521]
Keyframe: 22 Frame: 216 Frame from vFrameID : 217
Tcw:
[0.99825537, -0.024525719, -0.053709395, 0.26255471;
 -0.046819758, 0.22541687, -0.97313678, -0.051530927;
 0.03597388, 0.97395366, 0.22387531, 0.74998575;
 0, 0, 0, 1]
Twc:
[0.99825537, -0.046819758, 0.03597388, -0.29148921;
 -0.024525719, 0.22541687, 0.97395366, -0.71239603;
 -0.053709395, -0.97313678, 0.22387531, -0.20394827;
 0, 0, 0, 1]
Ow:
[0.26255471;
 -0.051530927;
 0.74998575]
Keyframe: 23 Frame: 225 Frame from vFrameID : 226
Tcw:
[0.98184979, -0.088246979, -0.16787919, 0.34310466;
 -0.14100282, 0.2523447, -0.95730889, -0.13971904;
 0.12684305, 0.96360505, 0.23532151, 1.0167826;
 0, 0, 0, 1]
Twc:
[0.98184979, -0.14100282, 0.12684305, -0.48554987;
 -0.088246979, 0.2523447, 0.96360505, -0.91424143;
 -0.16787919, -0.95730889, 0.23532151, -0.31542498;
 0, 0, 0, 1]
Ow:
[0.34310466;
 -0.13971904;
 1.0167826]
Keyframe: 24 Frame: 228 Frame from vFrameID : 229
Tcw:
[0.9773528, -0.095996626, -0.18859005, 0.32742092;
 -0.15676379, 0.27020326, -0.9499554, -0.14800239;
 0.14215016, 0.95800567, 0.24903511, 1.0302746;
 0, 0, 0, 1]
Twc:
[0.9773528, -0.15676379, 0.14215016, -0.48966086;
 -0.095996626, 0.27020326, 0.95800567, -0.91558689;
 -0.18859005, -0.9499554, 0.24903511, -0.33542192;
 0, 0, 0, 1]
Ow:
[0.32742092;
 -0.14800239;
 1.0302746]
Keyframe: 25 Frame: 230 Frame from vFrameID : 231
Tcw:
[0.97807121, -0.10704769, -0.17865472, 0.35001013;
 -0.14575593, 0.26091015, -0.95429611, -0.22586942;
 0.14876802, 0.95940953, 0.23958586, 1.0429016;
 0, 0, 0, 1]
Twc:
[0.97807121, -0.14575593, 0.14876802, -0.53040707;
 -0.10704769, 0.26091015, 0.95940953, -0.90417045;
 -0.17865472, -0.95429611, 0.23958586, -0.40287989;
 0, 0, 0, 1]
Ow:
[0.35001013;
 -0.22586942;
 1.0429016]
Keyframe: 26 Frame: 233 Frame from vFrameID : 234
Tcw:
[0.98635924, -0.096766345, -0.13316034, 0.35768667;
 -0.10747545, 0.23413306, -0.96624571, -0.23958792;
 0.12467731, 0.96737683, 0.22053932, 1.0748773;
 0, 0, 0, 1]
Twc:
[0.98635924, -0.10747545, 0.12467731, -0.5125702;
 -0.096766345, 0.23413306, 0.96737683, -0.94910389;
 -0.13316034, -0.96624571, 0.22053932, -0.4209238;
 0, 0, 0, 1]
Ow:
[0.35768667;
 -0.23958792;
 1.0748773]
Keyframe: 27 Frame: 236 Frame from vFrameID : 237
Tcw:
[0.99102628, -0.074819036, -0.11076581, 0.35062727;
 -0.088753365, 0.25130612, -0.96382987, -0.25622734;
 0.09994895, 0.9650116, 0.24241053, 1.089142;
 0, 0, 0, 1]
Twc:
[0.99102628, -0.088753365, 0.09994895, -0.47908047;
 -0.074819036, 0.25130612, 0.9650116, -0.96040946;
 -0.11076581, -0.96382987, 0.24241053, -0.47214153;
 0, 0, 0, 1]
Ow:
[0.35062727;
 -0.25622734;
 1.089142]
Keyframe: 28 Frame: 241 Frame from vFrameID : 242
Tcw:
[0.99435163, -0.054477312, -0.091088302, 0.36543068;
 -0.072992936, 0.2720376, -0.95951426, -0.29761544;
 0.0770512, 0.96074337, 0.26652458, 1.1123909;
 0, 0, 0, 1]
Twc:
[0.99435163, -0.072992936, 0.0770512, -0.47080147;
 -0.054477312, 0.2720376, 0.96074337, -0.96785188;
 -0.091088302, -0.95951426, 0.26652458, -0.54875928;
 0, 0, 0, 1]
Ow:
[0.36543068;
 -0.29761544;
 1.1123909]
Keyframe: 29 Frame: 246 Frame from vFrameID : 247
Tcw:
[0.99083143, -0.097485855, -0.093538992, 0.38135478;
 -0.06703034, 0.24641356, -0.96684396, -0.19984373;
 0.11730289, 0.96424937, 0.23761979, 1.2112873;
 0, 0, 0, 1]
Twc:
[0.99083143, -0.06703034, 0.11730289, -0.53334141;
 -0.097485855, 0.24641356, 0.96424937, -1.081562;
 -0.093538992, -0.96684396, 0.23761979, -0.44537202;
 0, 0, 0, 1]
Ow:
[0.38135478;
 -0.19984373;
 1.2112873]
Keyframe: 30 Frame: 252 Frame from vFrameID : 253
Tcw:
[0.9789294, -0.14316463, -0.14560615, 0.4014473;
 -0.10591245, 0.25366607, -0.96147597, -0.30119228;
 0.1745847, 0.95663857, 0.23315825, 1.3126667;
 0, 0, 0, 1]
Twc:
[0.9789294, -0.10591245, 0.1745847, -0.65406007;
 -0.14316463, 0.25366607, 0.95663857, -1.1218723;
 -0.14560615, -0.96147597, 0.23315825, -0.53719503;
 0, 0, 0, 1]
Ow:
[0.4014473;
 -0.30119228;
 1.3126667]
Keyframe: 31 Frame: 258 Frame from vFrameID : 259
Tcw:
[0.97853255, -0.15700798, -0.13350104, 0.38520238;
 -0.085502364, 0.2801151, -0.95615107, -0.3399719;
 0.187519, 0.9470396, 0.26067719, 1.4106315;
 0, 0, 0, 1]
Twc:
[0.97853255, -0.085502364, 0.187519, -0.67052174;
 -0.15700798, 0.2801151, 0.9470396, -1.1802129;
 -0.13350104, -0.95615107, 0.26067719, -0.64135903;
 0, 0, 0, 1]
Ow:
[0.38520238;
 -0.3399719;
 1.4106315]
Keyframe: 32 Frame: 264 Frame from vFrameID : 265
Tcw:
[0.98205936, -0.14080836, -0.12542903, 0.48126087;
 -0.083016947, 0.27439338, -0.95802736, -0.3907114;
 0.16931517, 0.95125246, 0.25778109, 1.5316503;
 0, 0, 0, 1]
Twc:
[0.98205936, -0.083016947, 0.16931517, -0.76439404;
 -0.14080836, 0.27439338, 0.95125246, -1.282012;
 -0.12542903, -0.95802736, 0.25778109, -0.70877868;
 0, 0, 0, 1]
Ow:
[0.48126087;
 -0.3907114;
 1.5316503]
Keyframe: 33 Frame: 271 Frame from vFrameID : 272
Tcw:
[0.99317718, -0.098709211, -0.062092967, 0.41369948;
 -0.031485129, 0.28571039, -0.95779866, -0.32413122;
 0.11228415, 0.95321882, 0.28065318, 1.5991529;
 0, 0, 0, 1]
Twc:
[0.99317718, -0.031485129, 0.11228415, -0.60064173;
 -0.098709211, 0.28571039, 0.95321882, -1.3908989;
 -0.062092967, -0.95779866, 0.28065318, -0.73357195;
 0, 0, 0, 1]
Ow:
[0.41369948;
 -0.32413122;
 1.5991529]
Keyframe: 34 Frame: 276 Frame from vFrameID : 277
Tcw:
[0.99480814, -0.097418301, -0.029435145, 0.4787026;
 0.00079411449, 0.29665941, -0.954983, -0.4492473;
 0.10176504, 0.95000154, 0.29519656, 1.685202;
 0, 0, 0, 1]
Twc:
[0.99480814, 0.00079411449, 0.10176504, -0.6473552;
 -0.097418301, 0.29665941, 0.95000154, -1.4210366;
 -0.029435145, -0.954983, 0.29519656, -0.9123987;
 0, 0, 0, 1]
Ow:
[0.4787026;
 -0.4492473;
 1.685202]
Keyframe: 35 Frame: 282 Frame from vFrameID : 283
Tcw:
[0.98935437, -0.13886459, -0.043527015, 0.51259172;
 -0.0053534489, 0.26416868, -0.96446162, -0.30314523;
 0.14542805, 0.9544273, 0.26061302, 1.7819687;
 0, 0, 0, 1]
Twc:
[0.98935437, -0.0053534489, 0.14542805, -0.76790595;
 -0.13886459, 0.26416868, 0.9544273, -1.5494975;
 -0.043527015, -0.96446162, 0.26061302, -0.7344647;
 0, 0, 0, 1]
Ow:
[0.51259172;
 -0.30314523;
 1.7819687]
Keyframe: 36 Frame: 287 Frame from vFrameID : 288
Tcw:
[0.98758, -0.14398369, -0.062884368, 0.52278602;
 -0.023086548, 0.26291111, -0.96454382, -0.40489727;
 0.15541159, 0.95401597, 0.25632167, 1.8657687;
 0, 0, 0, 1]
Twc:
[0.98758, -0.023086548, 0.15541159, -0.81560272;
 -0.14398369, 0.26291111, 0.95401597, -1.5982484;
 -0.062884368, -0.96454382, 0.25632167, -0.83590299;
 0, 0, 0, 1]
Ow:
[0.52278602;
 -0.40489727;
 1.8657687]
Keyframe: 37 Frame: 293 Frame from vFrameID : 294
Tcw:
[0.98793244, -0.14693777, -0.048977103, 0.52751732;
 -0.0044555566, 0.289123, -0.95728159, -0.47945091;
 0.15482123, 0.94594777, 0.28497931, 1.9490811;
 0, 0, 0, 1]
Twc:
[0.98793244, -0.0044555566, 0.15482123, -0.82504684;
 -0.14693777, 0.289123, 0.94594777, -1.6275964;
 -0.048977103, -0.95728159, 0.28497931, -0.988581;
 0, 0, 0, 1]
Ow:
[0.52751732;
 -0.47945091;
 1.9490811]
Keyframe: 38 Frame: 299 Frame from vFrameID : 300
Tcw:
[0.98890227, -0.14483522, -0.033091024, 0.56582266;
 0.005533745, 0.25848833, -0.96599853, -0.44832677;
 0.14846425, 0.95509505, 0.25642118, 2.0605731;
 0, 0, 0, 1]
Twc:
[0.98890227, 0.005533745, 0.14846425, -0.86298394;
 -0.14483522, 0.25848833, 0.95509505, -1.770205;
 -0.033091024, -0.96599853, 0.25642118, -0.942734;
 0, 0, 0, 1]
Ow:
[0.56582266;
 -0.44832677;
 2.0605731]
Keyframe: 39 Frame: 305 Frame from vFrameID : 306
Tcw:
[0.9963097, -0.085740365, 0.003939413, 0.55862916;
 0.030546339, 0.31131071, -0.94981712, -0.60074419;
 0.080211282, 0.94643235, 0.31278092, 2.1591113;
 0, 0, 0, 1]
Twc:
[0.9963097, 0.030546339, 0.080211282, -0.71140218;
 -0.085740365, 0.31131071, 0.94643235, -1.8085376;
 0.003939413, -0.94981712, 0.31278092, -1.2481266;
 0, 0, 0, 1]
Ow:
[0.55862916;
 -0.60074419;
 2.1591113]
Keyframe: 40 Frame: 311 Frame from vFrameID : 312
Tcw:
[0.99294722, -0.11794032, 0.012077096, 0.42558074;
 0.045310676, 0.28338081, -0.95793647, -0.61459196;
 0.10955692, 0.95172757, 0.28672615, 2.2656245;
 0, 0, 0, 1]
Twc:
[0.99294722, 0.045310676, 0.10955692, -0.64294648;
 -0.11794032, 0.28338081, 0.95172757, -1.9319006;
 0.012077096, -0.95793647, 0.28672615, -1.2434936;
 0, 0, 0, 1]
Ow:
[0.42558074;
 -0.61459196;
 2.2656245]
Keyframe: 41 Frame: 318 Frame from vFrameID : 319
Tcw:
[0.98850417, -0.13922493, -0.058957353, 0.62631142;
 -0.021087972, 0.25917539, -0.96560001, -0.52187514;
 0.14971589, 0.9557429, 0.25325996, 2.4061267;
 0, 0, 0, 1]
Twc:
[0.98850417, -0.021087972, 0.14971589, -0.99035215;
 -0.13922493, 0.25917539, 0.9557429, -2.0771832;
 -0.058957353, -0.96560001, 0.25325996, -1.0763726;
 0, 0, 0, 1]
Ow:
[0.62631142;
 -0.52187514;
 2.4061267]
Keyframe: 42 Frame: 326 Frame from vFrameID : 327
Tcw:
[0.99087554, -0.12864658, -0.040196586, 0.67044789;
 0.0021877082, 0.31355035, -0.94956905, -0.70778179;
 0.13476247, 0.94081682, 0.31097081, 2.5242453;
 0, 0, 0, 1]
Twc:
[0.99087554, 0.0021877082, 0.13476247, -1.0029554;
 -0.12864658, 0.31355035, 0.94081682, -2.0666761;
 -0.040196586, -0.94956905, 0.31097081, -1.4301045;
 0, 0, 0, 1]
Ow:
[0.67044789;
 -0.70778179;
 2.5242453]
Keyframe: 43 Frame: 333 Frame from vFrameID : 334
Tcw:
[0.98681426, -0.15809849, 0.034677144, 0.5913437;
 0.080682002, 0.29475236, -0.95216149, -0.58914268;
 0.14031412, 0.94240433, 0.30362153, 2.6780598;
 0, 0, 0, 1]
Twc:
[0.98681426, 0.080682002, 0.14031412, -0.9117828;
 -0.15809849, 0.29475236, 0.94240433, -2.2566733;
 0.034677144, -0.95216149, 0.30362153, -1.3945816;
 0, 0, 0, 1]
Ow:
[0.5913437;
 -0.58914268;
 2.6780598]
Keyframe: 44 Frame: 338 Frame from vFrameID : 339
Tcw:
[0.98907804, -0.14540909, 0.024099907, 0.60792941;
 0.068283863, 0.30714884, -0.94920856, -0.62973177;
 0.1306213, 0.94048697, 0.31372327, 2.6850238;
 0, 0, 0, 1]
Twc:
[0.98907804, 0.068283863, 0.1306213, -0.90901041;
 -0.14540909, 0.30714884, 0.94048697, -2.2434101;
 0.024099907, -0.94920856, 0.31372327, -1.4547523;
 0, 0, 0, 1]
Ow:
[0.60792941;
 -0.62973177;
 2.6850238]
Keyframe: 45 Frame: 343 Frame from vFrameID : 344
Tcw:
[0.98407298, -0.17683206, -0.018185874, 0.72731751;
 0.0361229, 0.29908913, -0.95354122, -0.86414552;
 0.17405586, 0.93769723, 0.30071321, 2.8066068;
 0, 0, 0, 1]
Twc:
[0.98407298, 0.0361229, 0.17405586, -1.1730245;
 -0.17683206, 0.29908913, 0.93769723, -2.2446778;
 -0.018185874, -0.95354122, 0.30071321, -1.6547552;
 0, 0, 0, 1]
Ow:
[0.72731751;
 -0.86414552;
 2.8066068]
Keyframe: 46 Frame: 349 Frame from vFrameID : 350
Tcw:
[0.98134905, -0.1834732, -0.057373155, 0.73366773;
 -0.0010233668, 0.29346368, -0.95596969, -0.72090369;
 0.19223174, 0.93819863, 0.28780252, 2.884011;
 0, 0, 0, 1]
Twc:
[0.98134905, -0.0010233668, 0.19223174, -1.2751204;
 -0.1834732, 0.29346368, 0.93819863, -2.3596079;
 -0.057373155, -0.95596969, 0.28780252, -1.4770949;
 0, 0, 0, 1]
Ow:
[0.73366773;
 -0.72090369;
 2.884011]
Keyframe: 47 Frame: 355 Frame from vFrameID : 356
Tcw:
[0.98269242, -0.17430131, -0.06272731, 0.70464373;
 -0.0037315064, 0.31992403, -0.94743586, -0.66618401;
 0.18520729, 0.93127209, 0.31373653, 2.9421875;
 0, 0, 0, 1]
Twc:
[0.98269242, -0.0037315064, 0.18520729, -1.2398484;
 -0.17430131, 0.31992403, 0.93127209, -2.4040284;
 -0.06272731, -0.94743586, 0.31373653, -1.5100378;
 0, 0, 0, 1]
Ow:
[0.70464373;
 -0.66618401;
 2.9421875]
Keyframe: 48 Frame: 361 Frame from vFrameID : 362
Tcw:
[0.98397046, -0.1735433, -0.041046631, 0.73020267;
 0.014416885, 0.30682856, -0.95165563, -0.71539706;
 0.17774774, 0.93580925, 0.30441222, 3.0287087;
 0, 0, 0, 1]
Twc:
[0.98397046, 0.014416885, 0.17774774, -1.2465302;
 -0.1735433, 0.30682856, 0.93580925, -2.4880676;
 -0.041046631, -0.95165563, 0.30441222, -1.5728152;
 0, 0, 0, 1]
Ow:
[0.73020267;
 -0.71539706;
 3.0287087]
Keyframe: 49 Frame: 368 Frame from vFrameID : 369
Tcw:
[0.98926157, -0.146153, 0.00093591987, 0.74769008;
 0.048846584, 0.32457751, -0.94459701, -0.75729436;
 0.13775191, 0.9344992, 0.32823113, 3.1559963;
 0, 0, 0, 1]
Twc:
[0.98926157, 0.048846584, 0.13775191, -1.1374143;
 -0.146153, 0.32457751, 0.9344992, -2.5941982;
 0.00093591987, -0.94459701, 0.32823113, -1.7519339;
 0, 0, 0, 1]
Ow:
[0.74769008;
 -0.75729436;
 3.1559963]
Keyframe: 50 Frame: 376 Frame from vFrameID : 377
Tcw:
[0.98399323, -0.17171353, -0.04766323, 0.80966264;
 0.0042408733, 0.28994951, -0.95703256, -0.74018836;
 0.17815536, 0.94151139, 0.28603655, 3.3203218;
 0, 0, 0, 1]
Twc:
[0.98399323, 0.0042408733, 0.17815536, -1.3850967;
 -0.17171353, 0.28994951, 0.94151139, -2.7724736;
 -0.04766323, -0.95703256, 0.28603655, -1.6195266;
 0, 0, 0, 1]
Ow:
[0.80966264;
 -0.74018836;
 3.3203218]
Keyframe: 51 Frame: 385 Frame from vFrameID : 386
Tcw:
[0.97785115, -0.19067113, -0.086323239, 0.84811866;
 -0.019793343, 0.32634366, -0.94504392, -0.78731948;
 0.20836364, 0.92582089, 0.3153415, 3.4502797;
 0, 0, 0, 1]
Twc:
[0.97785115, -0.019793343, 0.20836364, -1.5638304;
 -0.19067113, 0.32634366, 0.92582089, -2.7756927;
 -0.086323239, -0.94504392, 0.3153415, -1.7588556;
 0, 0, 0, 1]
Ow:
[0.84811866;
 -0.78731948;
 3.4502797]
Keyframe: 52 Frame: 393 Frame from vFrameID : 394
Tcw:
[0.98308069, -0.17350537, -0.058721837, 0.85087663;
 -0.0074535287, 0.28242427, -0.95926064, -0.85059536;
 0.18302134, 0.94346827, 0.27635261, 3.5973985;
 0, 0, 0, 1]
Twc:
[0.98308069, -0.0074535287, 0.18302134, -1.5012211;
 -0.17350537, 0.28242427, 0.94346827, -3.006171;
 -0.058721837, -0.95926064, 0.27635261, -1.7601281;
 0, 0, 0, 1]
Ow:
[0.85087663;
 -0.85059536;
 3.5973985]
Keyframe: 53 Frame: 401 Frame from vFrameID : 402
Tcw:
[0.98319006, -0.18240562, -0.0080964137, 0.84574145;
 0.05020082, 0.31269112, -0.94852734, -0.89090478;
 0.17554839, 0.93217617, 0.31659168, 3.7081497;
 0, 0, 0, 1]
Twc:
[0.98319006, 0.05020082, 0.17554839, -1.4377601;
 -0.18240562, 0.31269112, 0.93217617, -3.023803;
 -0.0080964137, -0.94852734, 0.31659168, -2.0121696;
 0, 0, 0, 1]
Ow:
[0.84574145;
 -0.89090478;
 3.7081497]
Keyframe: 54 Frame: 409 Frame from vFrameID : 410
Tcw:
[0.97892839, -0.19366729, -0.064746767, 0.9078995;
 -0.0015812931, 0.30987057, -0.95077741, -0.86463094;
 0.20419762, 0.93084544, 0.30303487, 3.7606034;
 0, 0, 0, 1]
Twc:
[0.97892839, -0.0015812931, 0.20419762, -1.6580421;
 -0.19366729, 0.30987057, 0.93084544, -3.0567863;
 -0.064746767, -0.95077741, 0.30303487, -1.902882;
 0, 0, 0, 1]
Ow:
[0.9078995;
 -0.86463094;
 3.7606034]
Keyframe: 55 Frame: 416 Frame from vFrameID : 417
Tcw:
[0.97501278, -0.21191697, -0.066642798, 0.92946815;
 0.0077824001, 0.33239144, -0.94310939, -0.8430078;
 0.22201239, 0.91902512, 0.32573512, 3.8979986;
 0, 0, 0, 1]
Twc:
[0.97501278, 0.0077824001, 0.22201239, -1.7650867;
 -0.21191697, 0.33239144, 0.91902512, -3.1051798;
 -0.066642798, -0.94310939, 0.32573512, -2.0028212;
 0, 0, 0, 1]
Ow:
[0.92946815;
 -0.8430078;
 3.8979986]
Keyframe: 56 Frame: 424 Frame from vFrameID : 425
Tcw:
[0.98263752, -0.18455744, -0.019028915, 0.90927774;
 0.038758509, 0.30449, -0.95172668, -0.92708635;
 0.18144234, 0.93446475, 0.30635646, 3.9910421;
 0, 0, 0, 1]
Twc:
[0.98263752, 0.038758509, 0.18144234, -1.5817019;
 -0.18455744, 0.30449, 0.93446475, -3.2793856;
 -0.019028915, -0.95172668, 0.30635646, -2.0877116;
 0, 0, 0, 1]
Ow:
[0.90927774;
 -0.92708635;
 3.9910421]
Keyframe: 57 Frame: 431 Frame from vFrameID : 432
Tcw:
[0.97980267, -0.19976658, 0.0089486009, 0.92561072;
 0.072646447, 0.31390536, -0.94667095, -0.94699156;
 0.18630421, 0.92820078, 0.32207763, 4.0569515;
 0, 0, 0, 1]
Twc:
[0.97980267, 0.072646447, 0.18630421, -1.5939474;
 -0.19976658, 0.31390536, 0.92820078, -3.2834938;
 0.0089486009, -0.94667095, 0.32207763, -2.2114258;
 0, 0, 0, 1]
Ow:
[0.92561072;
 -0.94699156;
 4.0569515]
Keyframe: 58 Frame: 440 Frame from vFrameID : 441
Tcw:
[0.97022754, -0.23943883, -0.036435843, 0.94702506;
 0.040357802, 0.30816898, -0.95047522, -1.0422909;
 0.23880906, 0.92070675, 0.30865726, 4.2462411;
 0, 0, 0, 1]
Twc:
[0.97022754, 0.040357802, 0.23880906, -1.8908061;
 -0.23943883, 0.30816898, 0.92070675, -3.3615863;
 -0.036435843, -0.95047522, 0.30865726, -2.266799;
 0, 0, 0, 1]
Ow:
[0.94702506;
 -1.0422909;
 4.2462411]
Keyframe: 59 Frame: 448 Frame from vFrameID : 449
Tcw:
[0.96907568, -0.24566403, -0.023270113, 0.88467938;
 0.059052475, 0.32243511, -0.94474781, -0.97753525;
 0.23959365, 0.91415799, 0.32697108, 4.2858543;
 0, 0, 0, 1]
Twc:
[0.96907568, 0.059052475, 0.23959365, -1.8264589;
 -0.24566403, 0.32243511, 0.91415799, -3.3854225;
 -0.023270113, -0.94474781, 0.32697108, -2.3042881;
 0, 0, 0, 1]
Ow:
[0.88467938;
 -0.97753525;
 4.2858543]
Keyframe: 60 Frame: 457 Frame from vFrameID : 458
Tcw:
[0.98046547, -0.1952696, 0.023606565, 0.80910563;
 0.090790294, 0.34283179, -0.93499917, -0.81547296;
 0.17448384, 0.91887766, 0.35386333, 4.4300075;
 0, 0, 0, 1]
Twc:
[0.98046547, 0.090790294, 0.17448384, -1.4922278;
 -0.1952696, 0.34283179, 0.91887766, -3.6330709;
 0.023606565, -0.93499917, 0.35386333, -2.349184;
 0, 0, 0, 1]
Ow:
[0.80910563;
 -0.81547296;
 4.4300075]
Keyframe: 61 Frame: 465 Frame from vFrameID : 466
Tcw:
[0.97048342, -0.24026591, 0.020836962, 0.84677404;
 0.09767241, 0.31257656, -0.94485766, -0.96059263;
 0.22050394, 0.9190039, 0.32681772, 4.5845842;
 0, 0, 0, 1]
Twc:
[0.97048342, 0.09767241, 0.22050394, -1.7388757;
 -0.24026591, 0.31257656, 0.9190039, -3.7095413;
 0.020836962, -0.94485766, 0.32681772, -2.4235909;
 0, 0, 0, 1]
Ow:
[0.84677404;
 -0.96059263;
 4.5845842]
Keyframe: 62 Frame: 472 Frame from vFrameID : 473
Tcw:
[0.96660995, -0.25298065, -0.040815756, 1.0130473;
 0.048602208, 0.33738071, -0.94011283, -0.97330594;
 0.2516008, 0.9067387, 0.33841097, 4.641469;
 0, 0, 0, 1]
Twc:
[0.96660995, 0.048602208, 0.2516008, -2.0997143;
 -0.25298065, 0.33738071, 0.9067387, -3.6239433;
 -0.040815756, -0.94011283, 0.33841097, -2.4443932;
 0, 0, 0, 1]
Ow:
[1.0130473;
 -0.97330594;
 4.641469]
Keyframe: 63 Frame: 481 Frame from vFrameID : 482
Tcw:
[0.97545445, -0.22007655, -0.007409812, 0.9956094;
 0.067464784, 0.33072031, -0.94131428, -1.2563292;
 0.20961177, 0.91770929, 0.33745003, 4.8092575;
 0, 0, 0, 1]
Twc:
[0.97545445, 0.067464784, 0.20961177, -1.8944907;
 -0.22007655, 0.33072031, 0.91770929, -3.7788968;
 -0.007409812, -0.94131428, 0.33745003, -2.7981074;
 0, 0, 0, 1]
Ow:
[0.9956094;
 -1.2563292;
 4.8092575]
Keyframe: 64 Frame: 489 Frame from vFrameID : 490
Tcw:
[0.9846521, -0.17023164, 0.038489107, 0.92442137;
 0.094727747, 0.33605388, -0.93706691, -0.98352575;
 0.14658403, 0.92633092, 0.34702182, 4.8672404;
 0, 0, 0, 1]
Twc:
[0.9846521, 0.094727747, 0.14658403, -1.5305259;
 -0.17023164, 0.33605388, 0.92633092, -4.020792;
 0.038489107, -0.93706691, 0.34702182, -2.6462483;
 0, 0, 0, 1]
Ow:
[0.92442137;
 -0.98352575;
 4.8672404]
Keyframe: 65 Frame: 497 Frame from vFrameID : 498
Tcw:
[0.98272818, -0.18322046, 0.025990862, 0.97914129;
 0.083107941, 0.31147861, -0.94661194, -1.2309152;
 0.16534308, 0.93242228, 0.32132587, 4.9756727;
 0, 0, 0, 1]
Twc:
[0.98272818, 0.083107941, 0.16534308, -1.6826241;
 -0.18322046, 0.31147861, 0.93242228, -4.0766258;
 0.025990862, -0.94661194, 0.32132587, -2.7894602;
 0, 0, 0, 1]
Ow:
[0.97914129;
 -1.2309152;
 4.9756727]
Keyframe: 66 Frame: 505 Frame from vFrameID : 506
Tcw:
[0.98094732, -0.19377184, -0.013957466, 1.0288273;
 0.054275673, 0.34232959, -0.93801099, -1.1388166;
 0.18653816, 0.9193818, 0.34632438, 5.0790186;
 0, 0, 0, 1]
Twc:
[0.98094732, 0.054275673, 0.18653816, -1.8948463;
 -0.19377184, 0.34232959, 0.9193818, -4.080349;
 -0.013957466, -0.93801099, 0.34632438, -2.8128507;
 0, 0, 0, 1]
Ow:
[1.0288273;
 -1.1388166;
 5.0790186]
Keyframe: 67 Frame: 513 Frame from vFrameID : 514
Tcw:
[0.9874289, -0.1541355, 0.035020217, 1.0015604;
 0.086046495, 0.33832437, -0.9370873, -1.2196139;
 0.13259022, 0.92832047, 0.34733409, 5.1599488;
 0, 0, 0, 1]
Twc:
[0.9874289, 0.086046495, 0.13259022, -1.568185;
 -0.1541355, 0.33832437, 0.92832047, -4.2230849;
 0.035020217, -0.9370873, 0.34733409, -2.9701858;
 0, 0, 0, 1]
Ow:
[1.0015604;
 -1.2196139;
 5.1599488]
Keyframe: 68 Frame: 522 Frame from vFrameID : 523
Tcw:
[0.98209721, -0.16860439, 0.084009498, 0.98820603;
 0.13560261, 0.32321188, -0.93656075, -1.2848707;
 0.13075538, 0.9311856, 0.3402887, 5.3838763;
 0, 0, 0, 1]
Twc:
[0.98209721, 0.13560261, 0.13075538, -1.5002534;
 -0.16860439, 0.32321188, 0.9311856, -4.4314871;
 0.084009498, -0.93656075, 0.3402887, -3.1184504;
 0, 0, 0, 1]
Ow:
[0.98820603;
 -1.2848707;
 5.3838763]
Keyframe: 69 Frame: 531 Frame from vFrameID : 532
Tcw:
[0.97740084, -0.21129589, 0.0064571053, 0.82605749;
 0.074128225, 0.31397259, -0.9465338, -1.3463448;
 0.19797134, 0.92562157, 0.32254007, 5.5930166;
 0, 0, 0, 1]
Twc:
[0.97740084, 0.074128225, 0.19797134, -1.814844;
 -0.21129589, 0.31397259, 0.92562157, -4.5797586;
 0.0064571053, -0.9465338, 0.32254007, -3.0836666;
 0, 0, 0, 1]
Ow:
[0.82605749;
 -1.3463448;
 5.5930166]
Keyframe: 70 Frame: 539 Frame from vFrameID : 540
Tcw:
[0.97974938, -0.20003518, 0.0087824045, 0.98879987;
 0.076737396, 0.33461493, -0.93922532, -1.2277801;
 0.18493938, 0.92087936, 0.34318894, 5.6000767;
 0, 0, 0, 1]
Twc:
[0.97974938, 0.076737396, 0.18493938, -1.910234;
 -0.20003518, 0.33461493, 0.92087936, -4.5483661;
 0.0087824045, -0.93922532, 0.34318894, -3.0837305;
 0, 0, 0, 1]
Ow:
[0.98879987;
 -1.2277801;
 5.6000767]
Keyframe: 71 Frame: 547 Frame from vFrameID : 548
Tcw:
[0.97972226, -0.17565477, 0.096382812, 0.99983048;
 0.14816745, 0.31135604, -0.93867129, -1.279614;
 0.13487272, 0.933918, 0.33106875, 5.7150526;
 0, 0, 0, 1]
Twc:
[0.97972226, 0.14816745, 0.13487272, -1.5607638;
 -0.17565477, 0.31135604, 0.933918, -4.76335;
 0.096382812, -0.93867129, 0.33106875, -3.1895788;
 0, 0, 0, 1]
Ow:
[0.99983048;
 -1.279614;
 5.7150526]
Keyframe: 72 Frame: 555 Frame from vFrameID : 556
Tcw:
[0.98232579, -0.17362978, 0.069919422, 1.0445405;
 0.12323225, 0.31874925, -0.939794, -1.2316698;
 0.14088945, 0.93180019, 0.33451241, 5.8239908;
 0, 0, 0, 1]
Twc:
[0.98232579, 0.12323225, 0.14088945, -1.6948366;
 -0.17362978, 0.31874925, 0.93180019, -4.8528385;
 0.069919422, -0.939794, 0.33451241, -3.1787465;
 0, 0, 0, 1]
Ow:
[1.0445405;
 -1.2316698;
 5.8239908]
Keyframe: 73 Frame: 563 Frame from vFrameID : 564
Tcw:
[0.98182809, -0.18963511, 0.0072179162, 1.1337353;
 0.07162191, 0.33506128, -0.93947017, -1.2548014;
 0.1757381, 0.92291522, 0.3425546, 5.890439;
 0, 0, 0, 1]
Twc:
[0.98182809, 0.07162191, 0.1757381, -2.0584364;
 -0.18963511, 0.33506128, 0.92291522, -4.8009439;
 0.0072179162, -0.93947017, 0.3425546, -3.2048285;
 0, 0, 0, 1]
Ow:
[1.1337353;
 -1.2548014;
 5.890439]
Keyframe: 74 Frame: 570 Frame from vFrameID : 571
Tcw:
[0.98768872, -0.15627132, -0.0070894244, 1.0924608;
 0.048235986, 0.34735313, -0.93649298, -1.258948;
 0.14880954, 0.92462158, 0.3506147, 6.0086083;
 0, 0, 0, 1]
Twc:
[0.98768872, 0.048235986, 0.14880954, -1.9124227;
 -0.15627132, 0.34735313, 0.92462158, -4.947669;
 -0.0070894244, -0.93649298, 0.3506147, -3.2779572;
 0, 0, 0, 1]
Ow:
[1.0924608;
 -1.258948;
 6.0086083]
Keyframe: 75 Frame: 579 Frame from vFrameID : 580
Tcw:
[0.98918712, -0.14207566, 0.036378346, 1.1088349;
 0.08196196, 0.3298451, -0.94047034, -1.2540619;
 0.12161873, 0.93328279, 0.33792332, 6.1193371;
 0, 0, 0, 1]
Twc:
[0.98918712, 0.08196196, 0.12161873, -1.7382857;
 -0.14207566, 0.3298451, 0.93328279, -5.1398869;
 0.036378346, -0.94047034, 0.33792332, -3.2876122;
 0, 0, 0, 1]
Ow:
[1.1088349;
 -1.2540619;
 6.1193371]
Keyframe: 76 Frame: 586 Frame from vFrameID : 587
Tcw:
[0.98357815, -0.1766409, 0.03704147, 1.143577;
 0.090731956, 0.30652058, -0.94752985, -1.2478869;
 0.15601856, 0.93533051, 0.31751391, 6.236948;
 0, 0, 0, 1]
Twc:
[0.98357815, 0.090731956, 0.15601856, -1.9846537;
 -0.1766409, 0.30652058, 0.93533051, -5.2491021;
 0.03704147, -0.94752985, 0.31751391, -3.2050877;
 0, 0, 0, 1]
Ow:
[1.143577;
 -1.2478869;
 6.236948]
Keyframe: 77 Frame: 594 Frame from vFrameID : 595
Tcw:
[0.97845536, -0.2046842, -0.027009523, 1.1731617;
 0.042545598, 0.3279157, -0.94374847, -1.1653036;
 0.20202725, 0.9222666, 0.3295593, 6.2675781;
 0, 0, 0, 1]
Twc:
[0.97845536, 0.042545598, 0.20202725, -2.3645294;
 -0.2046842, 0.3279157, 0.9222666, -5.1581292;
 -0.027009523, -0.94374847, 0.3295593, -3.1336055;
 0, 0, 0, 1]
Ow:
[1.1731617;
 -1.1653036;
 6.2675781]
Keyframe: 78 Frame: 602 Frame from vFrameID : 603
Tcw:
[0.9800368, -0.19775958, -0.020469805, 1.1743917;
 0.049566053, 0.34273809, -0.93812251, -1.208405;
 0.19253848, 0.91837996, 0.34569809, 6.3608961;
 0, 0, 0, 1]
Twc:
[0.9800368, 0.049566053, 0.19253848, -2.3157685;
 -0.19775958, 0.34273809, 0.91837996, -5.1953058;
 -0.020469805, -0.93812251, 0.34569809, -3.308542;
 0, 0, 0, 1]
Ow:
[1.1743917;
 -1.208405;
 6.3608961]
Keyframe: 79 Frame: 610 Frame from vFrameID : 611
Tcw:
[0.98466963, -0.17412083, -0.010376803, 1.2024004;
 0.049754485, 0.3373889, -0.94004959, -1.2750438;
 0.16718324, 0.92512196, 0.34087989, 6.5065155;
 0, 0, 0, 1]
Twc:
[0.98466963, 0.049754485, 0.16718324, -2.2083085;
 -0.17412083, 0.3373889, 0.92512196, -5.3797717;
 -0.010376803, -0.94004959, 0.34087989, -3.4040678;
 0, 0, 0, 1]
Ow:
[1.2024004;
 -1.2750438;
 6.5065155]
Keyframe: 80 Frame: 619 Frame from vFrameID : 620
Tcw:
[0.97802567, -0.20492476, -0.03836244, 1.2399417;
 0.032397877, 0.33115795, -0.94301897, -1.371549;
 0.20595196, 0.92105389, 0.33052009, 6.6461926;
 0, 0, 0, 1]
Twc:
[0.97802567, 0.032397877, 0.20595196, -2.537056;
 -0.20492476, 0.33115795, 0.92105389, -5.4132075;
 -0.03836244, -0.94301897, 0.33052009, -3.4425299;
 0, 0, 0, 1]
Ow:
[1.2399417;
 -1.371549;
 6.6461926]
Keyframe: 81 Frame: 627 Frame from vFrameID : 628
Tcw:
[0.97834605, -0.1995986, -0.05476721, 1.2053895;
 0.020084746, 0.35491166, -0.9346841, -1.3566121;
 0.20599915, 0.91334444, 0.3512353, 6.7711558;
 0, 0, 0, 1]
Twc:
[0.97834605, 0.020084746, 0.20599915, -2.5468931;
 -0.1995986, 0.35491166, 0.91334444, -5.4623265;
 -0.05476721, -0.9346841, 0.3512353, -3.5802567;
 0, 0, 0, 1]
Ow:
[1.2053895;
 -1.3566121;
 6.7711558]
Keyframe: 82 Frame: 635 Frame from vFrameID : 636
Tcw:
[0.98576474, -0.16808487, -0.0039132293, 1.259974;
 0.051839493, 0.3259986, -0.94394785, -1.4869145;
 0.15993907, 0.93030769, 0.33007136, 6.848712;
 0, 0, 0, 1]
Twc:
[0.98576474, 0.051839493, 0.15993907, -2.2603338;
 -0.16808487, 0.3259986, 0.93030769, -5.6748948;
 -0.0039132293, -0.94394785, 0.33007136, -3.6592031;
 0, 0, 0, 1]
Ow:
[1.259974;
 -1.4869145;
 6.848712]
Keyframe: 83 Frame: 644 Frame from vFrameID : 645
Tcw:
[0.98363036, -0.17381392, 0.047540102, 1.2247752;
 0.10592703, 0.34430265, -0.93286395, -1.3783293;
 0.14577655, 0.92262906, 0.35707814, 7.0178118;
 0, 0, 0, 1]
Twc:
[0.98363036, 0.10592703, 0.14577655, -2.0817561;
 -0.17381392, 0.34430265, 0.92262906, -5.7873917;
 0.047540102, -0.93286395, 0.35707814, -3.8499267;
 0, 0, 0, 1]
Ow:
[1.2247752;
 -1.3783293;
 7.0178118]
Keyframe: 84 Frame: 652 Frame from vFrameID : 653
Tcw:
[0.98240727, -0.18181628, -0.042646997, 1.244386;
 0.020196384, 0.33045968, -0.94360399, -1.3647339;
 0.18565568, 0.9261421, 0.32831803, 7.1423063;
 0, 0, 0, 1]
Twc:
[0.98240727, 0.020196384, 0.18565568, -2.5209408;
 -0.18181628, 0.33045968, 0.9261421, -5.9375515;
 -0.042646997, -0.94360399, 0.32831803, -3.5796471;
 0, 0, 0, 1]
Ow:
[1.244386;
 -1.3647339;
 7.1423063]
Keyframe: 85 Frame: 660 Frame from vFrameID : 661
Tcw:
[0.97871548, -0.20375353, -0.024505233, 1.1765445;
 0.049793445, 0.35160932, -0.93482167, -1.2970617;
 0.19908948, 0.91370422, 0.35427105, 7.179028;
 0, 0, 0, 1]
Twc:
[0.97871548, 0.049793445, 0.19908948, -2.516186;
 -0.20375353, 0.35160932, 0.91370422, -5.8637242;
 -0.024505233, -0.93482167, 0.35427105, -3.7270119;
 0, 0, 0, 1]
Ow:
[1.1765445;
 -1.2970617;
 7.179028]
Keyframe: 86 Frame: 668 Frame from vFrameID : 669
Tcw:
[0.98546731, -0.16605447, 0.035777889, 1.1640241;
 0.094977707, 0.36402515, -0.92653382, -1.4906006;
 0.14083102, 0.91646689, 0.37450638, 7.3375182;
 0, 0, 0, 1]
Twc:
[0.98546731, 0.094977707, 0.14083102, -2.0388842;
 -0.16605447, 0.36402515, 0.91646689, -5.9886856;
 0.035777889, -0.92653382, 0.37450638, -4.1706858;
 0, 0, 0, 1]
Ow:
[1.1640241;
 -1.4906006;
 7.3375182]
Keyframe: 87 Frame: 677 Frame from vFrameID : 678
Tcw:
[0.97797114, -0.20640348, 0.031146478, 1.2459924;
 0.10384325, 0.35163283, -0.93036062, -1.5046654;
 0.18107755, 0.91310018, 0.36532035, 7.4868011;
 0, 0, 0, 1]
Twc:
[0.97797114, 0.10384325, 0.18107755, -2.4179869;
 -0.20640348, 0.35163283, 0.91310018, -6.0499325;
 0.031146478, -0.93036062, 0.36532035, -4.1737709;
 0, 0, 0, 1]
Ow:
[1.2459924;
 -1.5046654;
 7.4868011]
Keyframe: 88 Frame: 686 Frame from vFrameID : 687
Tcw:
[0.96537542, -0.24730927, -0.082996324, 1.3292639;
 0.011950195, 0.35975063, -0.93297195, -1.395597;
 0.26059058, 0.89967638, 0.35024983, 7.5515308;
 0, 0, 0, 1]
Twc:
[0.96537542, 0.011950195, 0.26059058, -3.2344191;
 -0.24730927, 0.35975063, 0.89967638, -5.9631281;
 -0.082996324, -0.93297195, 0.35024983, -3.8366513;
 0, 0, 0, 1]
Ow:
[1.3292639;
 -1.395597;
 7.5515308]
Keyframe: 89 Frame: 694 Frame from vFrameID : 695
Tcw:
[0.97887653, -0.19473206, -0.062290959, 1.3637245;
 0.01008206, 0.35027763, -0.93659163, -1.3204782;
 0.20420355, 0.91617954, 0.34484187, 7.6505356;
 0, 0, 0, 1]
Twc:
[0.97887653, 0.01008206, 0.20420355, -2.8838713;
 -0.19473206, 0.35027763, 0.91617954, -6.2811699;
 -0.062290959, -0.93659163, 0.34484187, -3.7900264;
 0, 0, 0, 1]
Ow:
[1.3637245;
 -1.3204782;
 7.6505356]
Keyframe: 90 Frame: 703 Frame from vFrameID : 704
Tcw:
[0.98059297, -0.19593112, -0.0069550248, 1.3660355;
 0.069462202, 0.38037959, -0.9222182, -1.6439512;
 0.18333679, 0.90383756, 0.38660738, 7.6209588;
 0, 0, 0, 1]
Twc:
[0.98059297, 0.069462202, 0.18333679, -2.6225345;
 -0.19593112, 0.38037959, 0.90383756, -5.9951344;
 -0.0069550248, -0.9222182, 0.38660738, -4.4528995;
 0, 0, 0, 1]
Ow:
[1.3660355;
 -1.6439512;
 7.6209588]
Keyframe: 91 Frame: 712 Frame from vFrameID : 713
Tcw:
[0.95508945, -0.28207144, -0.090773866, 1.3217402;
 0.0058989851, 0.32437837, -0.94590902, -1.453789;
 0.29625899, 0.90289223, 0.31147429, 7.9688082;
 0, 0, 0, 1]
Twc:
[0.95508945, 0.0058989851, 0.29625899, -3.6146352;
 -0.28207144, 0.32437837, 0.90289223, -6.3505726;
 -0.090773866, -0.94590902, 0.31147429, -3.7372518;
 0, 0, 0, 1]
Ow:
[1.3217402;
 -1.453789;
 7.9688082]
Keyframe: 92 Frame: 721 Frame from vFrameID : 722
Tcw:
[0.9577269, -0.27861789, -0.071632966, 1.3693659;
 0.037555099, 0.36796084, -0.92908257, -1.5295467;
 0.28521714, 0.88711721, 0.36286953, 7.9899778;
 0, 0, 0, 1]
Twc:
[0.9577269, 0.037555099, 0.28521714, -3.5329151;
 -0.27861789, 0.36796084, 0.88711721, -6.1437035;
 -0.071632966, -0.92908257, 0.36286953, -4.2223029;
 0, 0, 0, 1]
Ow:
[1.3693659;
 -1.5295467;
 7.9899778]
Keyframe: 93 Frame: 730 Frame from vFrameID : 731
Tcw:
[0.98203605, -0.18857335, 0.0067251725, 1.2827022;
 0.076512799, 0.36537138, -0.92771202, -1.5533414;
 0.17248458, 0.91156119, 0.37323615, 8.1573887;
 0, 0, 0, 1]
Twc:
[0.98203605, 0.076512799, 0.17248458, -2.5478332;
 -0.18857335, 0.36537138, 0.91156119, -6.6265297;
 0.0067251725, -0.92771202, 0.37323615, -4.4943123;
 0, 0, 0, 1]
Ow:
[1.2827022;
 -1.5533414;
 8.1573887]
Keyframe: 94 Frame: 739 Frame from vFrameID : 740
Tcw:
[0.97609347, -0.21648544, 0.019380894, 1.1435633;
 0.098205172, 0.35972086, -0.92787749, -1.5817854;
 0.19390024, 0.90759844, 0.37238118, 8.3143082;
 0, 0, 0, 1]
Twc:
[0.97609347, 0.098205172, 0.19390024, -2.5730317;
 -0.21648544, 0.35972086, 0.90759844, -6.7294874;
 0.019380894, -0.92787749, 0.37238118, -4.5859585;
 0, 0, 0, 1]
Ow:
[1.1435633;
 -1.5817854;
 8.3143082]
Keyframe: 95 Frame: 747 Frame from vFrameID : 748
Tcw:
[0.98194575, -0.18906327, -0.0061326153, 1.1361144;
 0.069665611, 0.39158601, -0.9175005, -1.3420393;
 0.17586708, 0.90050846, 0.39768741, 8.4256067;
 0, 0, 0, 1]
Twc:
[0.98194575, 0.069665611, 0.17586708, -2.5038958;
 -0.18906327, 0.39158601, 0.90050846, -6.8470092;
 -0.0061326153, -0.9175005, 0.39768741, -4.5751119;
 0, 0, 0, 1]
Ow:
[1.1361144;
 -1.3420393;
 8.4256067]
Keyframe: 96 Frame: 754 Frame from vFrameID : 755
Tcw:
[0.98277128, -0.18468533, 0.0072108111, 1.2563386;
 0.080250293, 0.39124352, -0.91678154, -1.5286183;
 0.16649492, 0.90156519, 0.39932394, 8.4797726;
 0, 0, 0, 1]
Twc:
[0.98277128, 0.080250293, 0.16649492, -2.5238602;
 -0.18468533, 0.39124352, 0.90156519, -6.8149786;
 0.0072108111, -0.91678154, 0.39932394, -4.7966447;
 0, 0, 0, 1]
Ow:
[1.2563386;
 -1.5286183;
 8.4797726]
Keyframe: 97 Frame: 761 Frame from vFrameID : 762
Tcw:
[0.98657548, -0.16088974, 0.027986674, 1.3332493;
 0.091722034, 0.40412945, -0.91009146, -1.6082706;
 0.13511413, 0.90044093, 0.41346136, 8.5455456;
 0, 0, 0, 1]
Twc:
[0.98657548, 0.091722034, 0.13511413, -2.3224616;
 -0.16088974, 0.40412945, 0.90044093, -6.8303037;
 0.027986674, -0.91009146, 0.41346136, -5.0342393;
 0, 0, 0, 1]
Ow:
[1.3332493;
 -1.6082706;
 8.5455456]
Keyframe: 98 Frame: 768 Frame from vFrameID : 769
Tcw:
[0.98130268, -0.19233546, -0.0072225668, 1.3233293;
 0.070724584, 0.3952316, -0.91585481, -1.6638894;
 0.17900594, 0.89821994, 0.40144464, 8.58041;
 0, 0, 0, 1]
Twc:
[0.98130268, 0.070724584, 0.17900594, -2.7168531;
 -0.19233546, 0.3952316, 0.89821994, -6.794951;
 -0.0072225668, -0.91585481, 0.40144464, -4.9588828;
 0, 0, 0, 1]
Ow:
[1.3233293;
 -1.6638894;
 8.58041]
Keyframe: 99 Frame: 773 Frame from vFrameID : 774
Tcw:
[0.96465909, -0.25927746, -0.046990242, 1.3583517;
 0.053221982, 0.36637351, -0.92894447, -1.6827552;
 0.25807035, 0.89361382, 0.36722478, 8.7068548;
 0, 0, 0, 1]
Twc:
[0.96465909, 0.053221982, 0.25807035, -3.4677677;
 -0.25927746, 0.36637351, 0.89361382, -6.8118587;
 -0.046990242, -0.92894447, 0.36722478, -4.6967301;
 0, 0, 0, 1]
Ow:
[1.3583517;
 -1.6827552;
 8.7068548]
Keyframe: 100 Frame: 781 Frame from vFrameID : 782
Tcw:
[0.96327084, -0.25748011, -0.07624495, 1.3817093;
 0.023940466, 0.36514634, -0.93064225, -1.6988945;
 0.26746246, 0.8946352, 0.35789901, 8.7894688;
 0, 0, 0, 1]
Twc:
[0.96327084, 0.023940466, 0.26746246, -3.6411407;
 -0.25748011, 0.36514634, 0.8946352, -6.88726;
 -0.07624495, -0.93064225, 0.35789901, -4.6214566;
 0, 0, 0, 1]
Ow:
[1.3817093;
 -1.6988945;
 8.7894688]
Keyframe: 101 Frame: 787 Frame from vFrameID : 788
Tcw:
[0.97388273, -0.21900508, -0.059909672, 1.3734893;
 0.019690815, 0.34433112, -0.93864179, -1.6391373;
 0.22619608, 0.91294736, 0.33965051, 8.8548107;
 0, 0, 0, 1]
Twc:
[0.97388273, 0.019690815, 0.22619608, -3.308265;
 -0.21900508, 0.34433112, 0.91294736, -7.2187681;
 -0.059909672, -0.93864179, 0.33965051, -4.4638181;
 0, 0, 0, 1]
Ow:
[1.3734893;
 -1.6391373;
 8.8548107]
Keyframe: 102 Frame: 794 Frame from vFrameID : 795
Tcw:
[0.97135121, -0.23759118, -0.0052217986, 1.3499839;
 0.085200675, 0.36867243, -0.92564654, -1.6403012;
 0.22185059, 0.89868295, 0.37835333, 9.0457544;
 0, 0, 0, 1]
Twc:
[0.97135121, 0.085200675, 0.22185059, -3.1783595;
 -0.23759118, 0.36867243, 0.89868295, -7.2037873;
 -0.0052217986, -0.92564654, 0.37835333, -4.9337811;
 0, 0, 0, 1]
Ow:
[1.3499839;
 -1.6403012;
 9.0457544]
Keyframe: 103 Frame: 801 Frame from vFrameID : 802
Tcw:
[0.95869392, -0.28398845, -0.016017411, 1.347929;
 0.090032227, 0.35638562, -0.92999113, -1.5511582;
 0.26981512, 0.89013475, 0.36723283, 9.1408415;
 0, 0, 0, 1]
Twc:
[0.95869392, 0.090032227, 0.26981512, -3.6189339;
 -0.28398845, 0.35638562, 0.89013475, -7.2009735;
 -0.016017411, -0.92999113, 0.36723283, -4.7777901;
 0, 0, 0, 1]
Ow:
[1.347929;
 -1.5511582;
 9.1408415]
Keyframe: 104 Frame: 806 Frame from vFrameID : 807
Tcw:
[0.95195282, -0.29130808, -0.094474301, 1.341926;
 0.029356593, 0.3938756, -0.91869485, -1.6017466;
 0.30483434, 0.87178069, 0.38350281, 9.118166;
 0, 0, 0, 1]
Twc:
[0.95195282, 0.029356593, 0.30483434, -4.0099587;
 -0.29130808, 0.3938756, 0.87178069, -6.9272389;
 -0.094474301, -0.91869485, 0.38350281, -4.8415809;
 0, 0, 0, 1]
Ow:
[1.341926;
 -1.6017466;
 9.118166]
Keyframe: 105 Frame: 814 Frame from vFrameID : 815
Tcw:
[0.95611936, -0.28503004, -0.067776114, 1.3852396;
 0.049150396, 0.38410637, -0.92197967, -1.5575771;
 0.28882515, 0.87819141, 0.38126087, 9.2193384;
 0, 0, 0, 1]
Twc:
[0.95611936, 0.049150396, 0.28882515, -3.9106758;
 -0.28503004, 0.38410637, 0.87819141, -7.1032338;
 -0.067776114, -0.92197967, 0.38126087, -4.8571415;
 0, 0, 0, 1]
Ow:
[1.3852396;
 -1.5575771;
 9.2193384]
Keyframe: 106 Frame: 821 Frame from vFrameID : 822
Tcw:
[0.97496146, -0.22146827, 0.02004838, 1.3949167;
 0.10645297, 0.38567021, -0.91647494, -1.6412024;
 0.19523805, 0.89566195, 0.39958954, 9.2886305;
 0, 0, 0, 1]
Twc:
[0.97496146, 0.10645297, 0.19523805, -2.9987733;
 -0.22146827, 0.38567021, 0.89566195, -7.3775802;
 0.02004838, -0.91647494, 0.39958954, -5.2437263;
 0, 0, 0, 1]
Ow:
[1.3949167;
 -1.6412024;
 9.2886305]
Keyframe: 107 Frame: 827 Frame from vFrameID : 828
Tcw:
[0.98619795, -0.16159946, 0.03604446, 1.3722584;
 0.10058562, 0.41183442, -0.90569031, -1.5962551;
 0.13151471, 0.89681548, 0.42240486, 9.3835926;
 0, 0, 0, 1]
Twc:
[0.98619795, 0.10058562, 0.13151471, -2.4268386;
 -0.16159946, 0.41183442, 0.89681548, -7.5362015;
 0.03604446, -0.90569031, 0.42240486, -5.4588499;
 0, 0, 0, 1]
Ow:
[1.3722584;
 -1.5962551;
 9.3835926]
Keyframe: 108 Frame: 834 Frame from vFrameID : 835
Tcw:
[0.97626483, -0.21567135, 0.019821068, 1.4516656;
 0.10569294, 0.39454508, -0.91277772, -1.7060158;
 0.18903971, 0.89320773, 0.40797541, 9.5004921;
 0, 0, 0, 1]
Twc:
[0.97626483, 0.10569294, 0.18903971, -3.0328662;
 -0.21567135, 0.39454508, 0.89320773, -7.4997296;
 0.019821068, -0.91277772, 0.40797541, -5.4619541;
 0, 0, 0, 1]
Ow:
[1.4516656;
 -1.7060158;
 9.5004921]
Keyframe: 109 Frame: 841 Frame from vFrameID : 842
Tcw:
[0.97698402, -0.20990999, -0.037947215, 1.4675885;
 0.049969878, 0.39815962, -0.91595411, -1.8304715;
 0.20737696, 0.89297634, 0.39948475, 9.6538382;
 0, 0, 0, 1]
Twc:
[0.97698402, 0.049969878, 0.20737696, -3.344326;
 -0.20990999, 0.39815962, 0.89297634, -7.5837679;
 -0.037947215, -0.91595411, 0.39948475, -5.4774981;
 0, 0, 0, 1]
Ow:
[1.4675885;
 -1.8304715;
 9.6538382]
Keyframe: 110 Frame: 849 Frame from vFrameID : 850
Tcw:
[0.98894686, -0.14679904, -0.020836452, 1.4534906;
 0.040877901, 0.405029, -0.91338956, -1.6672313;
 0.14252409, 0.90244198, 0.40655297, 9.6989155;
 0, 0, 0, 1]
Twc:
[0.98894686, 0.040877901, 0.14252409, -2.7516012;
 -0.14679904, 0.405029, 0.90244198, -7.8640614;
 -0.020836452, -0.91338956, 0.40655297, -5.4356694;
 0, 0, 0, 1]
Ow:
[1.4534906;
 -1.6672313;
 9.6989155]
Keyframe: 111 Frame: 856 Frame from vFrameID : 857
Tcw:
[0.98422849, -0.1731803, 0.036095556, 1.4880621;
 0.10673192, 0.41860998, -0.90187252, -1.7438586;
 0.14107659, 0.89150113, 0.43049172, 9.7778721;
 0, 0, 0, 1]
Twc:
[0.98422849, 0.10673192, 0.14107659, -2.6578965;
 -0.1731803, 0.41860998, 0.89150113, -7.7292843;
 0.036095556, -0.90187252, 0.43049172, -5.835743;
 0, 0, 0, 1]
Ow:
[1.4880621;
 -1.7438586;
 9.7778721]
Keyframe: 112 Frame: 863 Frame from vFrameID : 864
Tcw:
[0.93419296, -0.3161175, -0.16538823, 1.5813377;
 -0.022223532, 0.41111156, -0.91131413, -1.6779997;
 0.35607535, 0.85501873, 0.37703225, 9.8508539;
 0, 0, 0, 1]
Twc:
[0.93419296, -0.022223532, 0.35607535, -5.0222116;
 -0.3161175, 0.41111156, 0.85501873, -7.2329307;
 -0.16538823, -0.91131413, 0.37703225, -4.98174;
 0, 0, 0, 1]
Ow:
[1.5813377;
 -1.6779997;
 9.8508539]
Keyframe: 113 Frame: 865 Frame from vFrameID : 866
Tcw:
[0.95799977, -0.27571481, -0.078852952, 1.5206171;
 0.032378387, 0.37720796, -0.92556244, -1.6360905;
 0.28493524, 0.88413548, 0.37029234, 9.8274536;
 0, 0, 0, 1]
Twc:
[0.95799977, 0.032378387, 0.28493524, -4.2039647;
 -0.27571481, 0.37720796, 0.88413548, -7.6523972;
 -0.078852952, -0.92556244, 0.37029234, -5.0334296;
 0, 0, 0, 1]
Ow:
[1.5206171;
 -1.6360905;
 9.8274536]
Keyframe: 114 Frame: 869 Frame from vFrameID : 870
Tcw:
[0.96492255, -0.26143384, -0.024016451, 1.4154413;
 0.072716571, 0.35404271, -0.93239802, -1.8027699;
 0.25226325, 0.89794546, 0.36063439, 10.030454;
 0, 0, 0, 1]
Twc:
[0.96492255, 0.072716571, 0.25226325, -3.7650149;
 -0.26143384, 0.35404271, 0.89794546, -7.9984989;
 -0.024016451, -0.93239802, 0.36063439, -5.2642317;
 0, 0, 0, 1]
Ow:
[1.4154413;
 -1.8027699;
 10.030454]
Keyframe: 115 Frame: 877 Frame from vFrameID : 878
Tcw:
[0.96044862, -0.27771834, -0.020272776, 1.127007;
 0.090223849, 0.37924856, -0.92088556, -1.4076054;
 0.26343521, 0.88263416, 0.38930559, 9.9630995;
 0, 0, 0, 1]
Twc:
[0.96044862, 0.090223849, 0.26343521, -3.5800641;
 -0.27771834, 0.37924856, 0.88263416, -7.946949;
 -0.020272776, -0.92088556, 0.38930559, -5.1520858;
 0, 0, 0, 1]
Ow:
[1.127007;
 -1.4076054;
 9.9630995]
Keyframe: 116 Frame: 883 Frame from vFrameID : 884
Tcw:
[0.96716696, -0.25413162, 0.0022678226, 1.4666488;
 0.099321321, 0.36975038, -0.92380732, -1.9711158;
 0.23393013, 0.89370114, 0.38285106, 10.155787;
 0, 0, 0, 1]
Twc:
[0.96716696, 0.099321321, 0.23393013, -3.598465;
 -0.25413162, 0.36975038, 0.89370114, -7.9746957;
 0.0022678226, -0.92380732, 0.38285106, -5.7124109;
 0, 0, 0, 1]
Ow:
[1.4666488;
 -1.9711158;
 10.155787]
Keyframe: 117 Frame: 891 Frame from vFrameID : 892
Tcw:
[0.96878159, -0.22889614, -0.095230266, 1.4667535;
 0.011080937, 0.42371857, -0.90572613, -1.9511192;
 0.24766804, 0.87639552, 0.41302714, 10.224968;
 0, 0, 0, 1]
Twc:
[0.96878159, 0.011080937, 0.24766804, -3.9317412;
 -0.22889614, 0.42371857, 0.87639552, -7.7986569;
 -0.095230266, -0.90572613, 0.41302714, -5.8506894;
 0, 0, 0, 1]
Ow:
[1.4667535;
 -1.9511192;
 10.224968]
Keyframe: 118 Frame: 893 Frame from vFrameID : 894
Tcw:
[0.97631443, -0.18217744, -0.11671105, 1.7598391;
 -0.02359728, 0.44655919, -0.89444286, -1.7348371;
 0.2150657, 0.87601155, 0.4316833, 10.088379;
 0, 0, 0, 1]
Twc:
[0.97631443, -0.02359728, 0.2150657, -3.9287581;
 -0.18217744, 0.44655919, 0.87601155, -7.7422261;
 -0.11671105, -0.89444286, 0.4316833, -5.7013044;
 0, 0, 0, 1]
Ow:
[1.7598391;
 -1.7348371;
 10.088379]
Keyframe: 119 Frame: 895 Frame from vFrameID : 896
Tcw:
[0.96791101, -0.2489887, -0.03395424, 1.3867674;
 0.059043117, 0.35666752, -0.93236375, -1.5851038;
 0.24425842, 0.90044039, 0.35992348, 10.392925;
 0, 0, 0, 1]
Twc:
[0.96791101, 0.059043117, 0.24425842, -3.7872374;
 -0.2489887, 0.35666752, 0.90044039, -8.4475651;
 -0.03395424, -0.93236375, 0.35992348, -5.1714649;
 0, 0, 0, 1]
Ow:
[1.3867674;
 -1.5851038;
 10.392925]
Keyframe: 120 Frame: 897 Frame from vFrameID : 898
Tcw:
[0.96746844, -0.21709451, -0.12990321, 1.5376165;
 -0.030078951, 0.41112188, -0.911084, -1.6963158;
 0.2511974, 0.88535237, 0.39121744, 10.332397;
 0, 0, 0, 1]
Twc:
[0.96746844, -0.030078951, 0.2511974, -4.1340899;
 -0.21709451, 0.41112188, 0.88535237, -8.1166115;
 -0.12990321, -0.911084, 0.39121744, -5.387959;
 0, 0, 0, 1]
Ow:
[1.5376165;
 -1.6963158;
 10.332397]
Keyframe: 121 Frame: 899 Frame from vFrameID : 900
Tcw:
[0.96503192, -0.23752497, -0.11088414, 1.253265;
 -0.0089315483, 0.392968, -0.91950876, -1.5402517;
 0.26198021, 0.88834566, 0.37710518, 10.420166;
 0, 0, 0, 1]
Twc:
[0.96503192, -0.0089315483, 0.26198021, -3.9530752;
 -0.23752497, 0.392968, 0.88834566, -8.3537588;
 -0.11088414, -0.91950876, 0.37710518, -5.2068067;
 0, 0, 0, 1]
Ow:
[1.253265;
 -1.5402517;
 10.420166]
Keyframe: 122 Frame: 901 Frame from vFrameID : 902
Tcw:
[0.96331698, -0.23575996, -0.12820932, 1.2532701;
 -0.023596369, 0.40148038, -0.91556358, -1.7025394;
 0.26732677, 0.88500327, 0.38118979, 10.455666;
 0, 0, 0, 1]
Twc:
[0.96331698, -0.023596369, 0.26732677, -4.0425496;
 -0.23575996, 0.40148038, 0.88500327, -8.274291;
 -0.12820932, -0.91556358, 0.38118979, -5.3836951;
 0, 0, 0, 1]
Ow:
[1.2532701;
 -1.7025394;
 10.455666]
Keyframe: 123 Frame: 903 Frame from vFrameID : 904
Tcw:
[0.95985949, -0.22933015, -0.16148505, 1.475245;
 -0.054517038, 0.41221899, -0.90945226, -1.778373;
 0.27513203, 0.88175005, 0.38316989, 10.475585;
 0, 0, 0, 1]
Twc:
[0.95985949, -0.054517038, 0.27513203, -4.3951488;
 -0.22933015, 0.41221899, 0.88175005, -8.165451;
 -0.16148505, -0.90945226, 0.38316989, -5.3930445;
 0, 0, 0, 1]
Ow:
[1.475245;
 -1.778373;
 10.475585]
Keyframe: 124 Frame: 905 Frame from vFrameID : 906
Tcw:
[0.93811524, -0.2988531, -0.17500448, 1.7522091;
 -0.023557009, 0.44908652, -0.89317769, -2.0596719;
 0.34552106, 0.84202617, 0.41425484, 10.201941;
 0, 0, 0, 1]
Twc:
[0.93811524, -0.023557009, 0.34552106, -5.2172799;
 -0.2988531, 0.44908652, 0.84202617, -7.1416779;
 -0.17500448, -0.89317769, 0.41425484, -5.759212;
 0, 0, 0, 1]
Ow:
[1.7522091;
 -2.0596719;
 10.201941]
Keyframe: 125 Frame: 907 Frame from vFrameID : 908
Tcw:
[0.94254923, -0.31336641, -0.11576875, 1.4042871;
 0.01341063, 0.38175651, -0.92416561, -1.9471908;
 0.33379796, 0.86951911, 0.36402676, 10.491519;
 0, 0, 0, 1]
Twc:
[0.94254923, 0.01341063, 0.33379796, -4.7995439;
 -0.31336641, 0.38175651, 0.86951911, -7.9391661;
 -0.11576875, -0.92416561, 0.36402676, -5.4561477;
 0, 0, 0, 1]
Ow:
[1.4042871;
 -1.9471908;
 10.491519]
Keyframe: 126 Frame: 909 Frame from vFrameID : 910
Tcw:
[0.95171422, -0.29686812, -0.078162305, 1.3134995;
 0.041579615, 0.37692276, -0.92531097, -1.6052363;
 0.30415648, 0.87738162, 0.37106642, 10.474684;
 0, 0, 0, 1]
Twc:
[0.95171422, 0.041579615, 0.30415648, -4.3692741;
 -0.29686812, 0.37692276, 0.87738162, -8.1953096;
 -0.078162305, -0.92531097, 0.37106642, -5.2694802;
 0, 0, 0, 1]
Ow:
[1.3134995;
 -1.6052363;
 10.474684]
Keyframe: 127 Frame: 911 Frame from vFrameID : 912
Tcw:
[0.96699667, -0.25107267, -0.043358807, 1.1292459;
 0.067792118, 0.4175784, -0.90610844, -1.2930236;
 0.24560478, 0.87326443, 0.42081764, 10.404833;
 0, 0, 0, 1]
Twc:
[0.96699667, 0.067792118, 0.24560478, -3.5597968;
 -0.25107267, 0.4175784, 0.87326443, -8.2627096;
 -0.043358807, -0.90610844, 0.42081764, -5.5011945;
 0, 0, 0, 1]
Ow:
[1.1292459;
 -1.2930236;
 10.404833]
Keyframe: 128 Frame: 913 Frame from vFrameID : 914
Tcw:
[0.97255051, -0.22961503, -0.037714686, 1.1741796;
 0.060990367, 0.40795615, -0.9109621, -1.3928027;
 0.22455652, 0.88365644, 0.41076228, 10.46276;
 0, 0, 0, 1]
Twc:
[0.97255051, 0.060990367, 0.22455652, -3.4064825;
 -0.22961503, 0.40795615, 0.88365644, -8.4076738;
 -0.037714686, -0.9109621, 0.41076228, -5.5222139;
 0, 0, 0, 1]
Ow:
[1.1741796;
 -1.3928027;
 10.46276]
Keyframe: 129 Frame: 915 Frame from vFrameID : 916
Tcw:
[0.98154676, -0.19033544, 0.018394476, 0.94640815;
 0.10262057, 0.44314149, -0.8905586, -1.8469255;
 0.16135351, 0.87601256, 0.45449641, 10.398084;
 0, 0, 0, 1]
Twc:
[0.98154676, 0.10262057, 0.16135351, -2.4171786;
 -0.19033544, 0.44314149, 0.87601256, -8.1102676;
 0.018394476, -0.8905586, 0.45449641, -6.3880963;
 0, 0, 0, 1]
Ow:
[0.94640815;
 -1.8469255;
 10.398084]
Keyframe: 130 Frame: 917 Frame from vFrameID : 918
Tcw:
[0.98643583, -0.16376287, 0.011228608, 1.2476076;
 0.078902736, 0.41306698, -0.90727615, -2.0719979;
 0.14393999, 0.89585567, 0.42038539, 10.686194;
 0, 0, 0, 1]
Twc:
[0.98643583, 0.078902736, 0.14393999, -2.6053691;
 -0.16376287, 0.41306698, 0.89585567, -8.5131025;
 0.011228608, -0.90727615, 0.42038539, -6.3862038;
 0, 0, 0, 1]
Ow:
[1.2476076;
 -2.0719979;
 10.686194]
Keyframe: 131 Frame: 919 Frame from vFrameID : 920
Tcw:
[0.98939753, -0.13627864, 0.050206434, 1.2757208;
 0.10430759, 0.42623958, -0.8985765, -2.0390127;
 0.10105681, 0.89428627, 0.43593529, 10.617146;
 0, 0, 0, 1]
Twc:
[0.98939753, 0.10430759, 0.10105681, -2.1224453;
 -0.13627864, 0.42623958, 0.89428627, -8.4518061;
 0.050206434, -0.8985765, 0.43593529, -6.5246468;
 0, 0, 0, 1]
Ow:
[1.2757208;
 -2.0390127;
 10.617146]
Keyframe: 132 Frame: 923 Frame from vFrameID : 924
Tcw:
[0.98176086, -0.18539484, 0.04212385, 1.2684047;
 0.10914387, 0.36818266, -0.92332506, -1.3846934;
 0.15567043, 0.91108191, 0.38170204, 10.602554;
 0, 0, 0, 1]
Twc:
[0.98176086, 0.10914387, 0.15567043, -2.7446434;
 -0.18539484, 0.36818266, 0.91108191, -8.9148197;
 0.04212385, -0.92332506, 0.38170204, -5.3789687;
 0, 0, 0, 1]
Ow:
[1.2684047;
 -1.3846934;
 10.602554]
Keyframe: 133 Frame: 931 Frame from vFrameID : 932
Tcw:
[0.98859519, -0.14947054, -0.018386373, 1.3225939;
 0.047368292, 0.4245162, -0.90418041, -2.3732524;
 0.14295365, 0.8929975, 0.42675483, 11.132687;
 0, 0, 0, 1]
Twc:
[0.98859519, 0.047368292, 0.14295365, -2.7865512;
 -0.14947054, 0.4245162, 0.8929975, -8.7362881;
 -0.018386373, -0.90418041, 0.42675483, -6.8724589;
 0, 0, 0, 1]
Ow:
[1.3225939;
 -2.3732524;
 11.132687]
Keyframe: 134 Frame: 934 Frame from vFrameID : 935
Tcw:
[0.98418987, -0.17447223, -0.030491283, 1.3195288;
 0.047903616, 0.42795119, -0.90253145, -1.8271759;
 0.17051545, 0.88680166, 0.42954308, 10.650381;
 0, 0, 0, 1]
Twc:
[0.98418987, 0.047903616, 0.17051545, -3.0271933;
 -0.17447223, 0.42795119, 0.88680166, -8.4326124;
 -0.030491283, -0.90253145, 0.42954308, -6.1836472;
 0, 0, 0, 1]
Ow:
[1.3195288;
 -1.8271759;
 10.650381]
Keyframe: 135 Frame: 940 Frame from vFrameID : 941
Tcw:
[0.9677338, -0.24976462, 0.033299778, 1.4148307;
 0.12297554, 0.35280985, -0.92757869, -1.8414359;
 0.21992785, 0.90174431, 0.37214097, 10.837215;
 0, 0, 0, 1]
Twc:
[0.9677338, 0.12297554, 0.21992785, -3.5261335;
 -0.24976462, 0.35280985, 0.90174431, -8.7693462;
 0.033299778, -0.92757869, 0.37214097, -5.7881618;
 0, 0, 0, 1]
Ow:
[1.4148307;
 -1.8414359;
 10.837215]
Keyframe: 136 Frame: 948 Frame from vFrameID : 949
Tcw:
[0.98408449, -0.15996423, -0.077389948, 2.1128275;
 0.0063919937, 0.46708864, -0.8841874, -2.2579083;
 0.17758632, 0.86962038, 0.46067718, 10.804889;
 0, 0, 0, 1]
Twc:
[0.98408449, 0.0063919937, 0.17758632, -3.9835687;
 -0.15996423, 0.46708864, 0.86962038, -8.0035315;
 -0.077389948, -0.8841874, 0.46067718, -6.8104677;
 0, 0, 0, 1]
Ow:
[2.1128275;
 -2.2579083;
 10.804889]
Keyframe: 137 Frame: 949 Frame from vFrameID : 950
Tcw:
[0.98456824, -0.16353816, -0.062295143, 2.0766578;
 0.022866914, 0.47314167, -0.88068956, -2.2383647;
 0.17350078, 0.86567444, 0.46957988, 10.764213;
 0, 0, 0, 1]
Twc:
[0.98456824, 0.022866914, 0.17350078, -3.8610258;
 -0.16353816, 0.47314167, 0.86567444, -7.9196272;
 -0.062295143, -0.88068956, 0.46957988, -6.896596;
 0, 0, 0, 1]
Ow:
[2.0766578;
 -2.2383647;
 10.764213]
Keyframe: 138 Frame: 952 Frame from vFrameID : 953
Tcw:
[0.97009492, -0.23498558, -0.060808286, 1.638387;
 0.04166609, 0.40801895, -0.91202217, -2.0207877;
 0.23912299, 0.88221443, 0.40560803, 11.164905;
 0, 0, 0, 1]
Twc:
[0.97009492, 0.04166609, 0.23912299, -4.1749778;
 -0.23498558, 0.40801895, 0.88221443, -8.6403227;
 -0.060808286, -0.91202217, 0.40560803, -6.2719507;
 0, 0, 0, 1]
Ow:
[1.638387;
 -2.0207877;
 11.164905]
Keyframe: 139 Frame: 954 Frame from vFrameID : 955
Tcw:
[0.96904832, -0.23311979, -0.081243768, 1.7606943;
 0.024337847, 0.41770294, -0.9082576, -1.994221;
 0.24566859, 0.87816823, 0.41044798, 11.171857;
 0, 0, 0, 1]
Twc:
[0.96904832, 0.024337847, 0.24566859, -4.4022369;
 -0.23311979, 0.41770294, 0.87816823, -8.5673246;
 -0.081243768, -0.9082576, 0.41044798, -6.2536869;
 0, 0, 0, 1]
Ow:
[1.7606943;
 -1.994221;
 11.171857]
Keyframe: 140 Frame: 957 Frame from vFrameID : 958
Tcw:
[0.96402109, -0.25333446, -0.080529153, 1.6370536;
 0.03056548, 0.40656793, -0.91310912, -1.962373;
 0.26406258, 0.87779504, 0.39968336, 11.279827;
 0, 0, 0, 1]
Twc:
[0.96402109, 0.03056548, 0.26406258, -4.4967542;
 -0.25333446, 0.40656793, 0.87779504, -8.688817;
 -0.080529153, -0.91310912, 0.39968336, -6.1683898;
 0, 0, 0, 1]
Ow:
[1.6370536;
 -1.962373;
 11.279827]
Keyframe: 141 Frame: 960 Frame from vFrameID : 961
Tcw:
[0.96034819, -0.26917973, -0.072619751, 1.6269267;
 0.045374017, 0.40789428, -0.911901, -2.0202644;
 0.27508646, 0.87244743, 0.4039343, 11.354065;
 0, 0, 0, 1]
Twc:
[0.96034819, 0.045374017, 0.27508646, -4.5940981;
 -0.26917973, 0.40789428, 0.87244743, -8.6438351;
 -0.072619751, -0.911901, 0.4039343, -6.3104305;
 0, 0, 0, 1]
Ow:
[1.6269267;
 -2.0202644;
 11.354065]
Keyframe: 142 Frame: 964 Frame from vFrameID : 965
Tcw:
[0.96033573, -0.25891483, -0.10352968, 1.6093432;
 0.017760238, 0.42731833, -0.90392679, -2.0468159;
 0.27828017, 0.86623448, 0.41496745, 11.375181;
 0, 0, 0, 1]
Twc:
[0.96033573, 0.017760238, 0.27828017, -4.6746449;
 -0.25891483, 0.42731833, 0.86623448, -8.5622492;
 -0.10352968, -0.90392679, 0.41496745, -6.4038868;
 0, 0, 0, 1]
Ow:
[1.6093432;
 -2.0468159;
 11.375181]
Keyframe: 143 Frame: 967 Frame from vFrameID : 968
Tcw:
[0.95990491, -0.26045555, -0.10366025, 1.5892186;
 0.022193896, 0.43923467, -0.89809817, -2.0586619;
 0.27944583, 0.85978824, 0.42740405, 11.343663;
 0, 0, 0, 1]
Twc:
[0.95990491, 0.022193896, 0.27944583, -4.6497483;
 -0.26045555, 0.43923467, 0.85978824, -8.4349918;
 -0.10366025, -0.89809817, 0.42740405, -6.5324693;
 0, 0, 0, 1]
Ow:
[1.5892186;
 -2.0586619;
 11.343663]
Keyframe: 144 Frame: 970 Frame from vFrameID : 971
Tcw:
[0.95907158, -0.27113098, -0.081668161, 1.5706539;
 0.043852355, 0.42714947, -0.903117, -2.0576627;
 0.27974749, 0.86257249, 0.42155665, 11.400293;
 0, 0, 0, 1]
Twc:
[0.95907158, 0.043852355, 0.27974749, -4.60534;
 -0.27113098, 0.42714947, 0.86257249, -8.5287971;
 -0.081668161, -0.903117, 0.42155665, -6.5359073;
 0, 0, 0, 1]
Ow:
[1.5706539;
 -2.0576627;
 11.400293]
Keyframe: 145 Frame: 974 Frame from vFrameID : 975
Tcw:
[0.95808828, -0.27920607, -0.064115278, 1.6344101;
 0.059134126, 0.41174197, -0.90937984, -2.0668502;
 0.28030333, 0.86747479, 0.41099575, 11.514806;
 0, 0, 0, 1]
Twc:
[0.95808828, 0.059134126, 0.28030333, -4.6713262;
 -0.27920607, 0.41174197, 0.86747479, -8.6814575;
 -0.064115278, -0.90937984, 0.41099575, -6.5072975;
 0, 0, 0, 1]
Ow:
[1.6344101;
 -2.0668502;
 11.514806]
Keyframe: 146 Frame: 979 Frame from vFrameID : 980
Tcw:
[0.96085602, -0.27279854, -0.048339147, 1.5705078;
 0.080119953, 0.44063288, -0.89410484, -2.0613956;
 0.2652103, 0.85523307, 0.44524136, 11.465511;
 0, 0, 0, 1]
Twc:
[0.96085602, 0.080119953, 0.2652103, -4.3846445;
 -0.27279854, 0.44063288, 0.85523307, -8.4689341;
 -0.048339147, -0.89410484, 0.44524136, -6.8721066;
 0, 0, 0, 1]
Ow:
[1.5705078;
 -2.0613956;
 11.465511]
Keyframe: 147 Frame: 984 Frame from vFrameID : 985
Tcw:
[0.95947319, -0.27276686, -0.070777379, 1.5438883;
 0.057070423, 0.43404204, -0.89908314, -2.0343263;
 0.27596045, 0.85860687, 0.43201861, 11.528563;
 0, 0, 0, 1]
Twc:
[0.95947319, 0.057070423, 0.27596045, -4.5466471;
 -0.27276686, 0.43404204, 0.85860687, -8.5943985;
 -0.070777379, -0.89908314, 0.43201861, -6.7003098;
 0, 0, 0, 1]
Ow:
[1.5438883;
 -2.0343263;
 11.528563]
Keyframe: 148 Frame: 989 Frame from vFrameID : 990
Tcw:
[0.94754601, -0.30302581, -0.10164589, 1.5790608;
 0.03552638, 0.41590488, -0.90871394, -2.0620997;
 0.31763881, 0.85743713, 0.40485445, 11.582794;
 0, 0, 0, 1]
Twc:
[0.94754601, 0.03552638, 0.31763881, -5.1021185;
 -0.30302581, 0.41590488, 0.85743713, -8.5953846;
 -0.10164589, -0.90871394, 0.40485445, -6.4026995;
 0, 0, 0, 1]
Ow:
[1.5790608;
 -2.0620997;
 11.582794]
Keyframe: 149 Frame: 994 Frame from vFrameID : 995
Tcw:
[0.94125044, -0.31691158, -0.1166821, 1.5337873;
 0.03574346, 0.43705714, -0.89872324, -2.1073554;
 0.33581254, 0.84175301, 0.42270774, 11.631844;
 0, 0, 0, 1]
Twc:
[0.94125044, 0.03574346, 0.33581254, -5.2744727;
 -0.31691158, 0.43705714, 0.84175301, -8.3840294;
 -0.1166821, -0.89872324, 0.42270774, -6.6318336;
 0, 0, 0, 1]
Ow:
[1.5337873;
 -2.1073554;
 11.631844]
Keyframe: 150 Frame: 1000 Frame from vFrameID : 1001
Tcw:
[0.93459022, -0.33184525, -0.12813981, 1.5552468;
 0.037623465, 0.45041126, -0.89202815, -2.1616623;
 0.35373092, 0.82885969, 0.43343514, 11.670516;
 0, 0, 0, 1]
Twc:
[0.93459022, 0.037623465, 0.35373092, -5.5004115;
 -0.33184525, 0.45041126, 0.82885969, -8.1834822;
 -0.12813981, -0.89202815, 0.43343514, -6.7873859;
 0, 0, 0, 1]
Ow:
[1.5552468;
 -2.1616623;
 11.670516]
Keyframe: 151 Frame: 1006 Frame from vFrameID : 1007
Tcw:
[0.9346019, -0.3287231, -0.13586915, 1.5893812;
 0.014389121, 0.41660985, -0.90897149, -2.0337303;
 0.35540435, 0.84757143, 0.39409441, 11.75068;
 0, 0, 0, 1]
Twc:
[0.9346019, 0.014389121, 0.35540435, -5.6324182;
 -0.3287231, 0.41660985, 0.84757143, -8.5898027;
 -0.13586915, -0.90897149, 0.39409441, -6.2635322;
 0, 0, 0, 1]
Ow:
[1.5893812;
 -2.0337303;
 11.75068]
Keyframe: 152 Frame: 1012 Frame from vFrameID : 1013
Tcw:
[0.94240034, -0.32233247, -0.089349568, 1.6029713;
 0.064162061, 0.43636805, -0.89747769, -2.1059556;
 0.3282755, 0.8400504, 0.43191493, 11.809632;
 0, 0, 0, 1]
Twc:
[0.94240034, 0.064162061, 0.3282755, -5.2523313;
 -0.32233247, 0.43636805, 0.8400504, -8.4850245;
 -0.089349568, -0.89747769, 0.43191493, -6.8475795;
 0, 0, 0, 1]
Ow:
[1.6029713;
 -2.1059556;
 11.809632]
Keyframe: 153 Frame: 1019 Frame from vFrameID : 1020
Tcw:
[0.92784625, -0.36347866, -0.083574243, 1.5809717;
 0.079275951, 0.4111664, -0.90810657, -2.0263979;
 0.36444026, 0.83595783, 0.41031432, 11.984181;
 0, 0, 0, 1]
Twc:
[0.92784625, 0.079275951, 0.36444026, -5.6737719;
 -0.36347866, 0.4111664, 0.83595783, -8.6104336;
 -0.083574243, -0.90810657, 0.41031432, -6.6253376;
 0, 0, 0, 1]
Ow:
[1.5809717;
 -2.0263979;
 11.984181]
Keyframe: 154 Frame: 1026 Frame from vFrameID : 1027
Tcw:
[0.91168934, -0.38924685, -0.13156554, 1.588153;
 0.056351226, 0.43563101, -0.89835972, -2.027041;
 0.40699771, 0.81161106, 0.41909465, 12.081618;
 0, 0, 0, 1]
Twc:
[0.91168934, 0.056351226, 0.40699771, -6.2508669;
 -0.38924685, 0.43563101, 0.81161106, -8.3043499;
 -0.13156554, -0.89835972, 0.41909465, -6.6754074;
 0, 0, 0, 1]
Ow:
[1.588153;
 -2.027041;
 12.081618]
Keyframe: 155 Frame: 1034 Frame from vFrameID : 1035
Tcw:
[0.92647243, -0.35711214, -0.11882642, 1.5564013;
 0.051161435, 0.43229228, -0.90028101, -1.9931264;
 0.37286901, 0.82800621, 0.41877726, 12.130203;
 0, 0, 0, 1]
Twc:
[0.92647243, 0.051161435, 0.37286901, -5.8629689;
 -0.35711214, 0.43229228, 0.82800621, -8.626461;
 -0.11882642, -0.90028101, 0.41877726, -6.6892858;
 0, 0, 0, 1]
Ow:
[1.5564013;
 -1.9931264;
 12.130203]
Keyframe: 156 Frame: 1041 Frame from vFrameID : 1042
Tcw:
[0.94103271, -0.32948655, -0.07678584, 1.5473242;
 0.084384538, 0.44838375, -0.88984901, -2.0173645;
 0.3276228, 0.83089751, 0.44974732, 12.17164;
 0, 0, 0, 1]
Twc:
[0.94103271, 0.084384538, 0.3276228, -5.2735553;
 -0.32948655, 0.44838375, 0.83089751, -8.6990089;
 -0.07678584, -0.88984901, 0.44974732, -7.1505003;
 0, 0, 0, 1]
Ow:
[1.5473242;
 -2.0173645;
 12.17164]
Keyframe: 157 Frame: 1048 Frame from vFrameID : 1049
Tcw:
[0.93501842, -0.34696463, -0.073185273, 1.5617085;
 0.091248259, 0.43486455, -0.89586079, -1.9876966;
 0.34265769, 0.83096832, 0.43826631, 12.240097;
 0, 0, 0, 1]
Twc:
[0.93501842, 0.091248259, 0.34265769, -5.4730158;
 -0.34696463, 0.43486455, 0.83096832, -8.7648964;
 -0.073185273, -0.89586079, 0.43826631, -7.0308275;
 0, 0, 0, 1]
Ow:
[1.5617085;
 -1.9876966;
 12.240097]
Keyframe: 158 Frame: 1056 Frame from vFrameID : 1057
Tcw:
[0.94067639, -0.31892541, -0.11582112, 1.501727;
 0.048934452, 0.46529505, -0.883802, -1.831706;
 0.33575791, 0.82570398, 0.45329851, 12.324105;
 0, 0, 0, 1]
Twc:
[0.94067639, 0.048934452, 0.33575791, -5.4609213;
 -0.31892541, 0.46529505, 0.82570398, -8.84484;
 -0.11582112, -0.883802, 0.45329851, -7.0314322;
 0, 0, 0, 1]
Ow:
[1.501727;
 -1.831706;
 12.324105]
Keyframe: 159 Frame: 1065 Frame from vFrameID : 1066
Tcw:
[0.9638527, -0.26139423, -0.051585075, 1.4652745;
 0.073229007, 0.44605467, -0.89200491, -1.8305235;
 0.25617468, 0.85598379, 0.44907266, 12.438177;
 0, 0, 0, 1]
Twc:
[0.9638527, 0.073229007, 0.25617468, -4.4646077;
 -0.26139423, 0.44605467, 0.85598379, -9.4473505;
 -0.051585075, -0.89200491, 0.44907266, -7.1428943;
 0, 0, 0, 1]
Ow:
[1.4652745;
 -1.8305235;
 12.438177]
Keyframe: 160 Frame: 1073 Frame from vFrameID : 1074
Tcw:
[0.97220081, -0.23409986, -0.0047799493, 1.4792414;
 0.10724347, 0.46333629, -0.87966943, -1.8992834;
 0.20814522, 0.85470271, 0.47556159, 12.474799;
 0, 0, 0, 1]
Twc:
[0.97220081, 0.10724347, 0.20814522, -3.8310037;
 -0.23409986, 0.46333629, 0.85470271, -9.4359474;
 -0.0047799493, -0.87966943, 0.47556159, -7.5962062;
 0, 0, 0, 1]
Ow:
[1.4792414;
 -1.8992834;
 12.474799]
Keyframe: 161 Frame: 1081 Frame from vFrameID : 1082
Tcw:
[0.95947337, -0.28108296, -0.020081086, 1.5151042;
 0.11130436, 0.44347289, -0.88934982, -1.9366918;
 0.25888652, 0.85107237, 0.45678619, 12.633654;
 0, 0, 0, 1]
Twc:
[0.95947337, 0.11130436, 0.25888652, -4.508822;
 -0.28108296, 0.44347289, 0.85107237, -9.467412;
 -0.020081086, -0.88934982, 0.45678619, -7.4628496;
 0, 0, 0, 1]
Ow:
[1.5151042;
 -1.9366918;
 12.633654]
Keyframe: 162 Frame: 1090 Frame from vFrameID : 1091
Tcw:
[0.95905435, -0.27545437, -0.065875761, 1.608907;
 0.074483536, 0.46970749, -0.87967443, -1.9267759;
 0.27325249, 0.83874893, 0.47099182, 12.691032;
 0, 0, 0, 1]
Twc:
[0.95905435, 0.074483536, 0.27325249, -4.867373;
 -0.27545437, 0.46970749, 0.83874893, -9.2963886;
 -0.065875761, -0.87967443, 0.47099182, -7.5663204;
 0, 0, 0, 1]
Ow:
[1.608907;
 -1.9267759;
 12.691032]
Keyframe: 163 Frame: 1098 Frame from vFrameID : 1099
Tcw:
[0.9739247, -0.22464488, -0.031707641, 1.5828717;
 0.079007201, 0.46684873, -0.88080084, -2.0148034;
 0.21267007, 0.85532856, 0.47242406, 12.761425;
 0, 0, 0, 1]
Twc:
[0.9739247, 0.079007201, 0.21267007, -4.0963874;
 -0.22464488, 0.46684873, 0.85532856, -9.6190195;
 -0.031707641, -0.88080084, 0.47242406, -7.7532563;
 0, 0, 0, 1]
Ow:
[1.5828717;
 -2.0148034;
 12.761425]
Keyframe: 164 Frame: 1106 Frame from vFrameID : 1107
Tcw:
[0.97973603, -0.19827408, 0.028366994, 1.5692978;
 0.12602527, 0.50016201, -0.8567121, -2.0825224;
 0.15567571, 0.84292668, 0.51501429, 12.81234;
 0, 0, 0, 1]
Twc:
[0.97973603, 0.12602527, 0.15567571, -3.2696171;
 -0.19827408, 0.50016201, 0.84292668, -9.447113;
 0.028366994, -0.8567121, 0.51501429, -8.4271765;
 0, 0, 0, 1]
Ow:
[1.5692978;
 -2.0825224;
 12.81234]
Keyframe: 165 Frame: 1115 Frame from vFrameID : 1116
Tcw:
[0.97380096, -0.22615223, -0.023808016, 1.5777719;
 0.079478636, 0.436573, -0.8961513, -2.0241246;
 0.21306054, 0.87078077, 0.44310948, 13.032124;
 0, 0, 0, 1]
Twc:
[0.97380096, 0.079478636, 0.21306054, -4.1521931;
 -0.22615223, 0.436573, 0.87078077, -10.107629;
 -0.023808016, -0.8961513, 0.44310948, -7.5510159;
 0, 0, 0, 1]
Ow:
[1.5777719;
 -2.0241246;
 13.032124]
Keyframe: 166 Frame: 1124 Frame from vFrameID : 1125
Tcw:
[0.98055059, -0.19619763, -0.0052029197, 1.6352384;
 0.088805161, 0.46715641, -0.87970364, -2.0140996;
 0.17502636, 0.86213189, 0.47549385, 13.047522;
 0, 0, 0, 1]
Twc:
[0.98055059, 0.088805161, 0.17502636, -3.7082314;
 -0.19619763, 0.46715641, 0.86213189, -9.9869547;
 -0.0052029197, -0.87970364, 0.47549385, -7.967319;
 0, 0, 0, 1]
Ow:
[1.6352384;
 -2.0140996;
 13.047522]
Keyframe: 167 Frame: 1132 Frame from vFrameID : 1133
Tcw:
[0.98302478, -0.18166654, 0.025681334, 1.6317571;
 0.10743652, 0.45649937, -0.88321328, -1.9474559;
 0.14872679, 0.87097967, 0.46826783, 13.136232;
 0, 0, 0, 1]
Twc:
[0.98302478, 0.10743652, 0.14872679, -3.3485394;
 -0.18166654, 0.45649937, 0.87097967, -10.255943;
 0.025681334, -0.88321328, 0.46826783, -7.9131999;
 0, 0, 0, 1]
Ow:
[1.6317571;
 -1.9474559;
 13.136232]
Keyframe: 168 Frame: 1140 Frame from vFrameID : 1141
Tcw:
[0.98191273, -0.18856759, -0.017019007, 1.6563777;
 0.074004889, 0.46498373, -0.88222075, -2.0600309;
 0.17427181, 0.86500424, 0.47052839, 13.215233;
 0, 0, 0, 1]
Twc:
[0.98191273, 0.074004889, 0.17427181, -3.7770083;
 -0.18856759, 0.46498373, 0.86500424, -10.161013;
 -0.017019007, -0.88222075, 0.47052839, -8.0073538;
 0, 0, 0, 1]
Ow:
[1.6563777;
 -2.0600309;
 13.215233]
Keyframe: 169 Frame: 1149 Frame from vFrameID : 1150
Tcw:
[0.95637399, -0.28244001, -0.074675888, 1.6211461;
 0.062677905, 0.44802773, -0.89181983, -2.1431603;
 0.28534248, 0.84823275, 0.44618481, 13.309021;
 0, 0, 0, 1]
Twc:
[0.95637399, 0.062677905, 0.28534248, -5.2137218;
 -0.28244001, 0.44802773, 0.84823275, -9.8710756;
 -0.074675888, -0.89181983, 0.44618481, -7.7285352;
 0, 0, 0, 1]
Ow:
[1.6211461;
 -2.1431603;
 13.309021]
Keyframe: 170 Frame: 1158 Frame from vFrameID : 1159
Tcw:
[0.97847348, -0.19578914, -0.0652401, 1.7010889;
 0.037853844, 0.48103628, -0.8758831, -2.1598625;
 0.20287125, 0.85455877, 0.47809261, 13.383333;
 0, 0, 0, 1]
Twc:
[0.97847348, 0.037853844, 0.20287125, -4.2978048;
 -0.19578914, 0.48103628, 0.85455877, -10.064818;
 -0.0652401, -0.8758831, 0.47809261, -8.1792803;
 0, 0, 0, 1]
Ow:
[1.7010889;
 -2.1598625;
 13.383333]
Keyframe: 171 Frame: 1166 Frame from vFrameID : 1167
Tcw:
[0.99016362, -0.13977146, -0.0063154856, 1.6407158;
 0.063363068, 0.48820391, -0.87042636, -2.1122742;
 0.12474401, 0.86146438, 0.4922581, 13.400174;
 0, 0, 0, 1]
Twc:
[0.99016362, 0.063363068, 0.12474401, -3.1623285;
 -0.13977146, 0.48820391, 0.86146438, -10.283227;
 -0.0063154856, -0.87042636, 0.4922581, -8.4245615;
 0, 0, 0, 1]
Ow:
[1.6407158;
 -2.1122742;
 13.400174]
Keyframe: 172 Frame: 1173 Frame from vFrameID : 1174
Tcw:
[0.97738266, -0.21110298, -0.012594086, 1.6285259;
 0.096376769, 0.49763983, -0.8620128, -2.2614412;
 0.1882408, 0.84130263, 0.50672996, 13.452892;
 0, 0, 0, 1]
Twc:
[0.97738266, 0.096376769, 0.1882408, -3.9061258;
 -0.21110298, 0.49763983, 0.84130263, -9.8487835;
 -0.012594086, -0.8620128, 0.50672996, -8.7458649;
 0, 0, 0, 1]
Ow:
[1.6285259;
 -2.2614412;
 13.452892]
Keyframe: 173 Frame: 1178 Frame from vFrameID : 1179
Tcw:
[0.98403716, -0.17584321, -0.027387014, 1.4644153;
 0.051346522, 0.42788252, -0.90237468, -1.582696;
 0.17039488, 0.88656402, 0.43008122, 13.618872;
 0, 0, 0, 1]
Twc:
[0.98403716, 0.051346522, 0.17039488, -3.6803591;
 -0.17584321, 0.42788252, 0.88656402, -11.139286;
 -0.027387014, -0.90237468, 0.43008122, -7.2452998;
 0, 0, 0, 1]
Ow:
[1.4644153;
 -1.582696;
 13.618872]
Keyframe: 174 Frame: 1186 Frame from vFrameID : 1187
Tcw:
[0.9796679, -0.19672647, -0.039363116, 1.4711303;
 0.053565759, 0.44555995, -0.89364815, -2.0969663;
 0.19334288, 0.87336993, 0.44703859, 13.591146;
 0, 0, 0, 1]
Twc:
[0.9796679, 0.053565759, 0.19334288, -3.9566448;
 -0.19672647, 0.44555995, 0.87336993, -10.646363;
 -0.039363116, -0.89364815, 0.44703859, -7.8918085;
 0, 0, 0, 1]
Ow:
[1.4711303;
 -2.0969663;
 13.591146]
Keyframe: 175 Frame: 1194 Frame from vFrameID : 1195
Tcw:
[0.98463386, -0.17331024, 0.021441672, 1.4328098;
 0.097356878, 0.44284752, -0.89129549, -2.0413141;
 0.14497524, 0.87968725, 0.45291561, 13.76796;
 0, 0, 0, 1]
Twc:
[0.98463386, 0.097356878, 0.14497524, -3.2080703;
 -0.17331024, 0.44284752, 0.87968725, -10.959187;
 0.021441672, -0.89129549, 0.45291561, -8.0858603;
 0, 0, 0, 1]
Ow:
[1.4328098;
 -2.0413141;
 13.76796]
Keyframe: 176 Frame: 1203 Frame from vFrameID : 1204
Tcw:
[0.96719944, -0.25054657, -0.041852675, 1.4410564;
 0.073533587, 0.4338679, -0.89797074, -2.0742698;
 0.24314202, 0.86543924, 0.4380604, 13.807912;
 0, 0, 0, 1]
Twc:
[0.96719944, 0.073533587, 0.24314202, -4.5985441;
 -0.25054657, 0.4338679, 0.86543924, -10.688897;
 -0.041852675, -0.89797074, 0.4380604, -7.8510208;
 0, 0, 0, 1]
Ow:
[1.4410564;
 -2.0742698;
 13.807912]
Keyframe: 177 Frame: 1211 Frame from vFrameID : 1212
Tcw:
[0.93649769, -0.33924159, -0.088810191, 1.4266372;
 0.073605292, 0.43777379, -0.89606714, -2.0703311;
 0.34286201, 0.83262789, 0.43494412, 13.859184;
 0, 0, 0, 1]
Twc:
[0.93649769, 0.073605292, 0.34286201, -5.9354429;
 -0.33924159, 0.43777379, 0.83262789, -10.149232;
 -0.088810191, -0.89606714, 0.43494412, -7.7564263;
 0, 0, 0, 1]
Ow:
[1.4266372;
 -2.0703311;
 13.859184]
