Keyframe: 0 Frame: 0 Frame from vFrameID : 95
Tcw:
[0.99673128, 0.075373702, -0.029078728, 0.099271394;
 -0.060219027, 0.45321658, -0.88936406, -0.019776629;
 -0.053855699, 0.88820803, 0.45627406, -0.066705577;
 0, 0, 0, 1]
Twc:
[0.99673128, -0.060219027, -0.053855699, -0.10373031;
 0.075373702, 0.45321658, 0.88820803, 0.060729071;
 -0.029078728, -0.88936406, 0.45627406, 0.015734088;
 0, 0, 0, 1]
Ow:
[0.099271394;
 -0.019776629;
 -0.066705577]
Keyframe: 1 Frame: 106 Frame from vFrameID : 95
Tcw:
[0.99798656, 0.05065278, -0.038172178, 0.10000589;
 -0.057190031, 0.45841902, -0.88689417, -0.02160386;
 -0.027424805, 0.88729155, 0.46039286, -0.066773765;
 0, 0, 0, 1]
Twc:
[0.99798656, -0.057190031, -0.027424805, -0.10287133;
 0.05065278, 0.45841902, 0.88729155, 0.064085841;
 -0.038172178, -0.88689417, 0.46039286, 0.015399268;
 0, 0, 0, 1]
Ow:
[0.10000589;
 -0.02160386;
 -0.066773765]
Keyframe: 2 Frame: 108 Frame from vFrameID : 111
Tcw:
[0.99856716, 0.029819567, -0.04443391, 0.099970363;
 -0.053156465, 0.45713198, -0.88780898, -0.022810174;
 -0.0061619165, 0.88889885, 0.45806211, -0.067194849;
 0, 0, 0, 1]
Twc:
[0.99856716, -0.053156465, -0.0061619165, -0.10145368;
 0.029819567, 0.45713198, 0.88889885, 0.067175612;
 -0.04443391, -0.88780898, 0.45806211, 0.014970412;
 0, 0, 0, 1]
Ow:
[0.099970363;
 -0.022810174;
 -0.067194849]
Keyframe: 3 Frame: 111 Frame from vFrameID : 112
Tcw:
[0.99953496, -0.010093377, -0.028773924, 0.10004109;
 -0.021087747, 0.45279112, -0.8913672, -0.024442635;
 0.022025483, 0.89155948, 0.45236772, -0.068368845;
 0, 0, 0, 1]
Twc:
[0.99953496, -0.021087747, 0.022025483, -0.099004157;
 -0.010093377, 0.45279112, 0.89155948, 0.073032051;
 -0.028773924, -0.8913672, 0.45236772, 0.012019072;
 0, 0, 0, 1]
Ow:
[0.10004109;
 -0.024442635;
 -0.068368845]
Keyframe: 4 Frame: 114 Frame from vFrameID : 115
Tcw:
[0.99833751, -0.053149078, -0.022303084, 0.099836707;
 0.0041423184, 0.45210215, -0.89195657, -0.026343405;
 0.057489943, 0.89038128, 0.45157069, -0.072193496;
 0, 0, 0, 1]
Twc:
[0.99833751, 0.0041423184, 0.057489943, -0.095411204;
 -0.053149078, 0.45210215, 0.89038128, 0.081495881;
 -0.022303084, -0.89195657, 0.45157069, 0.01132996;
 0, 0, 0, 1]
Ow:
[0.099836707;
 -0.026343405;
 -0.072193496]
Keyframe: 5 Frame: 118 Frame from vFrameID : 119
Tcw:
[0.99628705, -0.076594502, -0.039311964, 0.099270262;
 -0.00066977058, 0.44970837, -0.89317518, -0.027319238;
 0.086091228, 0.88988519, 0.44798732, -0.07370048;
 0, 0, 0, 1]
Twc:
[0.99628705, -0.00066977058, 0.086091228, -0.092575006;
 -0.076594502, 0.44970837, 0.88988519, 0.085474208;
 -0.039311964, -0.89317518, 0.44798732, 0.01251852;
 0, 0, 0, 1]
Ow:
[0.099270262;
 -0.027319238;
 -0.07370048]
Keyframe: 6 Frame: 122 Frame from vFrameID : 123
Tcw:
[0.99737167, -0.058823492, -0.042303223, 0.099230878;
 -0.013365298, 0.42446956, -0.90534359, -0.027495099;
 0.071211897, 0.90352941, 0.42256773, -0.07041689;
 0, 0, 0, 1]
Twc:
[0.99737167, -0.013365298, 0.071211897, -0.094323024;
 -0.058823492, 0.42446956, 0.90352941, 0.081131667;
 -0.042303223, -0.90534359, 0.42256773, 0.009061181;
 0, 0, 0, 1]
Ow:
[0.099230878;
 -0.027495099;
 -0.07041689]
Keyframe: 7 Frame: 127 Frame from vFrameID : 128
Tcw:
[0.99876332, -0.035121981, -0.035188943, 0.098720878;
 -0.016721791, 0.42923996, -0.9030357, -0.026960714;
 0.046820905, 0.90250736, 0.42812183, -0.069419049;
 0, 0, 0, 1]
Twc:
[0.99876332, -0.016721791, 0.046820905, -0.095799364;
 -0.035121981, 0.42923996, 0.90250736, 0.077691093;
 -0.035188943, -0.9030357, 0.42812183, 0.0088472087;
 0, 0, 0, 1]
Ow:
[0.098720878;
 -0.026960714;
 -0.069419049]
Keyframe: 8 Frame: 132 Frame from vFrameID : 133
Tcw:
[0.99914533, 0.0022354135, -0.041274816, 0.10072869;
 -0.03811859, 0.43602383, -0.89912748, -0.029642105;
 0.015986882, 0.89993232, 0.43573639, -0.061302438;
 0, 0, 0, 1]
Twc:
[0.99914533, -0.03811859, 0.015986882, -0.10079248;
 0.0022354135, 0.43602383, 0.89993232, 0.06786754;
 -0.041274816, -0.89912748, 0.43573639, 0.004217227;
 0, 0, 0, 1]
Ow:
[0.10072869;
 -0.029642105;
 -0.061302438]
Keyframe: 9 Frame: 138 Frame from vFrameID : 139
Tcw:
[0.9994728, -0.0013121229, -0.032440819, 0.099451378;
 -0.028356627, 0.45134693, -0.89189792, -0.028667349;
 0.015812345, 0.89234757, 0.45107177, -0.062178247;
 0, 0, 0, 1]
Twc:
[0.9994728, -0.028356627, 0.015812345, -0.099228673;
 -0.0013121229, 0.45134693, 0.89234757, 0.068554021;
 -0.032440819, -0.89189792, 0.45107177, 0.0057047862;
 0, 0, 0, 1]
Ow:
[0.099451378;
 -0.028667349;
 -0.062178247]
Keyframe: 10 Frame: 144 Frame from vFrameID : 145
Tcw:
[0.99991763, -0.0018749471, -0.012697496, 0.099903129;
 -0.01051929, 0.44712532, -0.89440948, -0.030492712;
 0.0073543419, 0.89446938, 0.44706875, -0.054856315;
 0, 0, 0, 1]
Twc:
[0.99991763, -0.01051929, 0.0073543419, -0.099812232;
 -0.0018749471, 0.44712532, 0.89446938, 0.062888667;
 -0.012697496, -0.89440948, 0.44706875, -0.001479907;
 0, 0, 0, 1]
Ow:
[0.099903129;
 -0.030492712;
 -0.054856315]
Keyframe: 11 Frame: 151 Frame from vFrameID : 152
Tcw:
[0.99993008, -0.0041554482, -0.011070491, 0.084458217;
 -0.0082815941, 0.42215329, -0.90648663, -0.015044852;
 0.0084403027, 0.90651494, 0.42208937, -0.019716511;
 0, 0, 0, 1]
Twc:
[0.99993008, -0.0082815941, 0.0084403027, -0.084410489;
 -0.0041554482, 0.42215329, 0.90651494, 0.024575507;
 -0.011070491, -0.90648663, 0.42208937, -0.0043808334;
 0, 0, 0, 1]
Ow:
[0.084458217;
 -0.015044852;
 -0.019716511]
Keyframe: 12 Frame: 158 Frame from vFrameID : 159
Tcw:
[0.99870348, -0.015480923, -0.048494671, 0.098319501;
 -0.037824973, 0.4118771, -0.91045403, -0.028690871;
 0.034068514, 0.9111079, 0.41075751, -0.02902361;
 0, 0, 0, 1]
Twc:
[0.99870348, -0.037824973, 0.034068514, -0.098288469;
 -0.015480923, 0.4118771, 0.9111079, 0.03978283;
 -0.048494671, -0.91045403, 0.41075751, -0.0094320811;
 0, 0, 0, 1]
Ow:
[0.098319501;
 -0.028690871;
 -0.02902361]
Keyframe: 13 Frame: 166 Frame from vFrameID : 167
Tcw:
[0.9932946, -0.040534556, -0.1082716, 0.11641232;
 -0.079485111, 0.44062546, -0.89416516, -0.075770281;
 0.083951809, 0.89677542, 0.43444902, -0.015831454;
 0, 0, 0, 1]
Twc:
[0.9932946, -0.079485111, 0.083951809, -0.12032527;
 -0.040534556, 0.44062546, 0.89677542, 0.052302293;
 -0.1082716, -0.89416516, 0.43444902, -0.048269037;
 0, 0, 0, 1]
Ow:
[0.11641232;
 -0.075770281;
 -0.015831454]
Keyframe: 14 Frame: 175 Frame from vFrameID : 176
Tcw:
[0.99699771, -0.023000253, -0.073935941, 0.10806353;
 -0.05634395, 0.43946999, -0.89648843, -0.21943223;
 0.053112086, 0.89796275, 0.43685466, 0.050087959;
 0, 0, 0, 1]
Twc:
[0.99699771, -0.05634395, 0.053112086, -0.12276306;
 -0.023000253, 0.43946999, 0.89796275, 0.053942248;
 -0.073935941, -0.89648843, 0.43685466, -0.21060982;
 0, 0, 0, 1]
Ow:
[0.10806353;
 -0.21943223;
 0.050087959]
Keyframe: 15 Frame: 183 Frame from vFrameID : 184
Tcw:
[0.9989264, 0.0018432228, -0.046288963, 0.10907765;
 -0.04265815, 0.42624924, -0.90359938, -0.27669874;
 0.018065101, 0.9046039, 0.42587024, 0.1430261;
 0, 0, 0, 1]
Twc:
[0.9989264, -0.04265815, 0.018065101, -0.12334777;
 0.0018432228, 0.42624924, 0.9046039, -0.011640378;
 -0.046288963, -0.90359938, 0.42587024, -0.3058863;
 0, 0, 0, 1]
Ow:
[0.10907765;
 -0.27669874;
 0.1430261]
Keyframe: 16 Frame: 190 Frame from vFrameID : 191
Tcw:
[0.99560815, -0.03220154, -0.087905809, 0.171051;
 -0.066853784, 0.41276646, -0.90838009, -0.30987236;
 0.065535806, 0.91026747, 0.40880087, 0.21510933;
 0, 0, 0, 1]
Twc:
[0.99560815, -0.066853784, 0.065535806, -0.20511328;
 -0.03220154, 0.41276646, 0.91026747, -0.062394008;
 -0.087905809, -0.90838009, 0.40880087, -0.3543824;
 0, 0, 0, 1]
Ow:
[0.171051;
 -0.30987236;
 0.21510933]
Keyframe: 17 Frame: 195 Frame from vFrameID : 196
Tcw:
[0.99398601, -0.041739687, -0.10124045, 0.17891677;
 -0.074003771, 0.42541724, -0.90196651, -0.36332744;
 0.080717236, 0.90403426, 0.41976991, 0.26595205;
 0, 0, 0, 1]
Twc:
[0.99398601, -0.074003771, 0.080717236, -0.22619528;
 -0.041739687, 0.42541724, 0.90403426, -0.078396067;
 -0.10124045, -0.90196651, 0.41976991, -0.42123422;
 0, 0, 0, 1]
Ow:
[0.17891677;
 -0.36332744;
 0.26595205]
Keyframe: 18 Frame: 200 Frame from vFrameID : 201
Tcw:
[0.99726892, -0.026805514, -0.068819724, 0.18961625;
 -0.051300749, 0.41892132, -0.90657222, -0.38983512;
 0.053131182, 0.90762681, 0.41640207, 0.30340058;
 0, 0, 0, 1]
Twc:
[0.99726892, -0.051300749, 0.053131182, -0.22521727;
 -0.026805514, 0.41892132, 0.90762681, -0.1069815;
 -0.068819724, -0.90657222, 0.41640207, -0.46670097;
 0, 0, 0, 1]
Ow:
[0.18961625;
 -0.38983512;
 0.30340058]
Keyframe: 19 Frame: 206 Frame from vFrameID : 207
Tcw:
[0.99982601, 0.015995409, -0.0095947925, 0.20535444;
 -0.015306216, 0.40960592, -0.91213417, -0.39799064;
 -0.010659874, 0.91212231, 0.40977949, 0.35955822;
 0, 0, 0, 1]
Twc:
[0.99982601, -0.015306216, -0.010659874, -0.2075776;
 0.015995409, 0.40960592, 0.91212231, -0.16822648;
 -0.0095947925, -0.91213417, 0.40977949, -0.50839013;
 0, 0, 0, 1]
Ow:
[0.20535444;
 -0.39799064;
 0.35955822]
Keyframe: 20 Frame: 211 Frame from vFrameID : 212
Tcw:
[0.99998105, -0.0020775709, 0.0058004558, 0.226134;
 0.0061345347, 0.42337814, -0.90593231, -0.45230848;
 -0.00057364762, 0.90595067, 0.42338285, 0.40717614;
 0, 0, 0, 1]
Twc:
[0.99998105, 0.0061345347, -0.00057364762, -0.22312143;
 -0.0020775709, 0.42337814, 0.90595067, -0.17691419;
 0.0058004558, -0.90593231, 0.42338285, -0.58346391;
 0, 0, 0, 1]
Ow:
[0.226134;
 -0.45230848;
 0.40717614]
Keyframe: 21 Frame: 216 Frame from vFrameID : 217
Tcw:
[0.9981885, 0.024772186, -0.054827467, 0.23108622;
 -0.060163978, 0.41235512, -0.90903443, -0.45795447;
 8.9616755e-05, 0.91068631, 0.41309851, 0.46498704;
 0, 0, 0, 1]
Twc:
[0.9981885, -0.060163978, 8.9616755e-05, -0.25826165;
 0.024772186, 0.41235512, 0.91068631, -0.24034201;
 -0.054827467, -0.90903443, 0.41309851, -0.59571195;
 0, 0, 0, 1]
Ow:
[0.23108622;
 -0.45795447;
 0.46498704]
Keyframe: 22 Frame: 222 Frame from vFrameID : 223
Tcw:
[0.98870063, -0.0040176976, -0.14984985, 0.25231084;
 -0.13430683, 0.42024514, -0.89741611, -0.47149286;
 0.066579215, 0.90740174, 0.41495702, 0.51569152;
 0, 0, 0, 1]
Twc:
[0.98870063, -0.13430683, 0.066579215, -0.34711891;
 -0.0040176976, 0.42024514, 0.90740174, -0.26878306;
 -0.14984985, -0.89741611, 0.41495702, -0.59930634;
 0, 0, 0, 1]
Ow:
[0.25231084;
 -0.47149286;
 0.51569152]
Keyframe: 23 Frame: 227 Frame from vFrameID : 228
Tcw:
[0.98117334, -0.050821561, -0.18632245, 0.2680541;
 -0.14485526, 0.4444218, -0.88402838, -0.48649368;
 0.12773345, 0.89437491, 0.42869306, 0.59173596;
 0, 0, 0, 1]
Twc:
[0.98117334, -0.14485526, 0.12773345, -0.40906322;
 -0.050821561, 0.4444218, 0.89437491, -0.29940245;
 -0.18632245, -0.88402838, 0.42869306, -0.63380283;
 0, 0, 0, 1]
Ow:
[0.2680541;
 -0.48649368;
 0.59173596]
Keyframe: 24 Frame: 233 Frame from vFrameID : 234
Tcw:
[0.98968804, -0.048323151, -0.13484222, 0.29575038;
 -0.10289539, 0.41506165, -0.90395594, -0.57270437;
 0.099649832, 0.90850908, 0.40580934, 0.66022968;
 0, 0, 0, 1]
Twc:
[0.98968804, -0.10289539, 0.099649832, -0.41742104;
 -0.048323151, 0.41506165, 0.90850908, -0.34782538;
 -0.13484222, -0.90395594, 0.40580934, -0.74574721;
 0, 0, 0, 1]
Ow:
[0.29575038;
 -0.57270437;
 0.66022968]
Keyframe: 25 Frame: 240 Frame from vFrameID : 241
Tcw:
[0.99290586, -0.0282217, -0.11550556, 0.38168621;
 -0.093194276, 0.41857859, -0.90338629, -0.52800566;
 0.073843248, 0.90774196, 0.41297904, 0.98692876;
 0, 0, 0, 1]
Twc:
[0.99290586, -0.093194276, 0.073843248, -0.50106359;
 -0.0282217, 0.41857859, 0.90774196, -0.66409296;
 -0.11550556, -0.90338629, 0.41297904, -0.84048706;
 0, 0, 0, 1]
Ow:
[0.38168621;
 -0.52800566;
 0.98692876]
Keyframe: 26 Frame: 247 Frame from vFrameID : 248
Tcw:
[0.98552048, -0.091437362, -0.14278874, 0.54982394;
 -0.10017741, 0.36543337, -0.92543119, -0.28622887;
 0.13679875, 0.92633563, 0.3509821, 1.3895794;
 0, 0, 0, 1]
Twc:
[0.98552048, -0.10017741, 0.13679875, -0.76062918;
 -0.091437362, 0.36543337, 0.92633563, -1.1323448;
 -0.14278874, -0.92543119, 0.3509821, -0.67409396;
 0, 0, 0, 1]
Ow:
[0.54982394;
 -0.28622887;
 1.3895794]
Keyframe: 27 Frame: 253 Frame from vFrameID : 254
Tcw:
[0.97934288, -0.11259229, -0.16795988, 0.53749931;
 -0.11489096, 0.37368903, -0.92041111, -0.32582849;
 0.16639596, 0.92069513, 0.35303387, 1.3531842;
 0, 0, 0, 1]
Twc:
[0.97934288, -0.11489096, 0.16639596, -0.78899521;
 -0.11259229, 0.37368903, 0.92069513, -1.0635933;
 -0.16795988, -0.92041111, 0.35303387, -0.68733764;
 0, 0, 0, 1]
Ow:
[0.53749931;
 -0.32582849;
 1.3531842]
Keyframe: 28 Frame: 260 Frame from vFrameID : 261
Tcw:
[0.98008651, -0.1279534, -0.15184984, 0.55297005;
 -0.087547161, 0.40794143, -0.90880102, -0.38557136;
 0.17823002, 0.90399766, 0.38861594, 1.4086742;
 0, 0, 0, 1]
Twc:
[0.98008651, -0.087547161, 0.17823002, -0.82678223;
 -0.1279534, 0.40794143, 0.90399766, -1.0453932;
 -0.15184984, -0.90880102, 0.38861594, -0.81387252;
 0, 0, 0, 1]
Ow:
[0.55297005;
 -0.38557136;
 1.4086742]
Keyframe: 29 Frame: 268 Frame from vFrameID : 269
Tcw:
[0.98862368, -0.083718799, -0.12495771, 0.60060358;
 -0.085762806, 0.36873409, -0.92557007, -0.25141686;
 0.12356377, 0.92575717, 0.35735929, 1.6974477;
 0, 0, 0, 1]
Twc:
[0.98862368, -0.085762806, 0.12356377, -0.82507616;
 -0.083718799, 0.36873409, 0.92575717, -1.4284365;
 -0.12495771, -0.92557007, 0.35735929, -0.76425254;
 0, 0, 0, 1]
Ow:
[0.60060358;
 -0.25141686;
 1.6974477]
Keyframe: 30 Frame: 275 Frame from vFrameID : 276
Tcw:
[0.99730659, -0.05233096, -0.051390622, 0.56776047;
 -0.026822176, 0.39191669, -0.91960961, -0.23899418;
 0.068264902, 0.91851115, 0.38945749, 1.8193463;
 0, 0, 0, 1]
Twc:
[0.99730659, -0.026822176, 0.068264902, -0.69683915;
 -0.05233096, 0.39191669, 0.91851115, -1.5477127;
 -0.051390622, -0.91960961, 0.38945749, -0.89916182;
 0, 0, 0, 1]
Ow:
[0.56776047;
 -0.23899418;
 1.8193463]
Keyframe: 31 Frame: 282 Frame from vFrameID : 283
Tcw:
[0.99482471, -0.079299524, -0.063524634, 0.73133683;
 -0.029193887, 0.3757576, -0.92625803, -0.45615083;
 0.097321682, 0.92331892, 0.37149787, 2.0288191;
 0, 0, 0, 1]
Twc:
[0.99482471, -0.029193887, 0.097321682, -0.93831688;
 -0.079299524, 0.3757576, 0.92331892, -1.6438501;
 -0.063524634, -0.92625803, 0.37149787, -1.1297575;
 0, 0, 0, 1]
Ow:
[0.73133683;
 -0.45615083;
 2.0288191]
Keyframe: 32 Frame: 290 Frame from vFrameID : 291
Tcw:
[0.99075609, -0.10949402, -0.080084175, 0.68930525;
 -0.033685446, 0.37328428, -0.92710525, -0.51397669;
 0.13140665, 0.92123282, 0.36614531, 2.3146172;
 0, 0, 0, 1]
Twc:
[0.99075609, -0.033685446, 0.13140665, -1.004403;
 -0.10949402, 0.37328428, 0.92123282, -1.8649672;
 -0.080084175, -0.92710525, 0.36614531, -1.2687943;
 0, 0, 0, 1]
Ow:
[0.68930525;
 -0.51397669;
 2.3146172]
Keyframe: 33 Frame: 297 Frame from vFrameID : 298
Tcw:
[0.99212736, -0.10466635, -0.068762697, 0.70381033;
 -0.023651078, 0.38259831, -0.923612, -0.60268444;
 0.12297959, 0.91796702, 0.37711078, 2.3735306;
 0, 0, 0, 1]
Twc:
[0.99212736, -0.023651078, 0.12297959, -1.0044194;
 -0.10466635, 0.38259831, 0.91796702, -1.8745716;
 -0.068762697, -0.923612, 0.37711078, -1.4033346;
 0, 0, 0, 1]
Ow:
[0.70381033;
 -0.60268444;
 2.3735306]
Keyframe: 34 Frame: 304 Frame from vFrameID : 305
Tcw:
[0.999156, -0.035928253, -0.01991233, 0.70902187;
 -0.0034135962, 0.41045275, -0.91187549, -0.57040763;
 0.040935166, 0.91117382, 0.40998369, 2.4842944;
 0, 0, 0, 1]
Twc:
[0.999156, -0.0034135962, 0.040935166, -0.81206554;
 -0.035928253, 0.41045275, 0.91117382, -2.0040247;
 -0.01991233, -0.91187549, 0.40998369, -1.5245426;
 0, 0, 0, 1]
Ow:
[0.70902187;
 -0.57040763;
 2.4842944]
Keyframe: 35 Frame: 311 Frame from vFrameID : 312
Tcw:
[0.99692619, -0.071033597, -0.033052269, 0.86906672;
 -0.0025925981, 0.39172998, -0.92007655, -0.79222411;
 0.078303911, 0.91733408, 0.3903417, 2.6678379;
 0, 0, 0, 1]
Twc:
[0.99692619, -0.0025925981, 0.078303911, -1.0773515;
 -0.071033597, 0.39172998, 0.91733408, -2.0752277;
 -0.033052269, -0.92007655, 0.3903417, -1.7415507;
 0, 0, 0, 1]
Ow:
[0.86906672;
 -0.79222411;
 2.6678379]
Keyframe: 36 Frame: 319 Frame from vFrameID : 320
Tcw:
[0.99206865, -0.10830791, -0.063790262, 0.80848324;
 -0.018252192, 0.37798578, -0.92563146, -0.75390667;
 0.12436502, 0.91945428, 0.37301096, 2.8778689;
 0, 0, 0, 1]
Twc:
[0.99206865, -0.018252192, 0.12436502, -1.1737375;
 -0.10830791, 0.37798578, 0.91945428, -2.2735379;
 -0.063790262, -0.92563146, 0.37301096, -1.7197431;
 0, 0, 0, 1]
Ow:
[0.80848324;
 -0.75390667;
 2.8778689]
Keyframe: 37 Frame: 327 Frame from vFrameID : 328
Tcw:
[0.99378681, -0.1049201, -0.037142076, 0.84005415;
 0.010080593, 0.41718754, -0.90876454, -0.88410974;
 0.11084288, 0.90274376, 0.41565314, 2.9766145;
 0, 0, 0, 1]
Twc:
[0.99378681, 0.010080593, 0.11084288, -1.1558589;
 -0.1049201, 0.41718754, 0.90274376, -2.2301421;
 -0.037142076, -0.90876454, 0.41565314, -2.0094852;
 0, 0, 0, 1]
Ow:
[0.84005415;
 -0.88410974;
 2.9766145]
Keyframe: 38 Frame: 336 Frame from vFrameID : 337
Tcw:
[0.99382204, -0.11097847, 0.0012444813, 0.93555272;
 0.04834348, 0.42277232, -0.90494555, -0.90801477;
 0.099903345, 0.89941502, 0.42552555, 3.0591908;
 0, 0, 0, 1]
Twc:
[0.99382204, 0.04834348, 0.099903345, -1.1914997;
 -0.11097847, 0.42277232, 0.89941502, -2.2637722;
 0.0012444813, -0.90494555, 0.42552555, -2.1246319;
 0, 0, 0, 1]
Ow:
[0.93555272;
 -0.90801477;
 3.0591908]
Keyframe: 39 Frame: 343 Frame from vFrameID : 344
Tcw:
[0.98694593, -0.15924174, -0.024080295, 0.85336173;
 0.042396046, 0.40113229, -0.91503853, -0.94101727;
 0.15537171, 0.90207261, 0.40264708, 3.2832608;
 0, 0, 0, 1]
Twc:
[0.98694593, 0.042396046, 0.15537171, -1.3124522;
 -0.15924174, 0.40113229, 0.90207261, -2.4483762;
 -0.024080295, -0.91503853, 0.40264708, -2.162513;
 0, 0, 0, 1]
Ow:
[0.85336173;
 -0.94101727;
 3.2832608]
Keyframe: 40 Frame: 351 Frame from vFrameID : 352
Tcw:
[0.98509514, -0.15960139, -0.064147756, 0.93222433;
 0.0041594198, 0.39492309, -0.91870475, -0.95382142;
 0.17196, 0.9047448, 0.38970068, 3.4421091;
 0, 0, 0, 1]
Twc:
[0.98509514, 0.0041594198, 0.17196, -1.5062673;
 -0.15960139, 0.39492309, 0.9047448, -2.5887599;
 -0.064147756, -0.91870475, 0.38970068, -2.1578724;
 0, 0, 0, 1]
Ow:
[0.93222433;
 -0.95382142;
 3.4421091]
Keyframe: 41 Frame: 359 Frame from vFrameID : 360
Tcw:
[0.98628336, -0.15292582, -0.062119227, 0.94901842;
 0.0053250198, 0.40562451, -0.91402429, -1.0477494;
 0.16497499, 0.90115619, 0.40087503, 3.4909744;
 0, 0, 0, 1]
Twc:
[0.98628336, 0.0053250198, 0.16497499, -1.5063453;
 -0.15292582, 0.40562451, 0.90115619, -2.5757911;
 -0.062119227, -0.91402429, 0.40087503, -2.2981608;
 0, 0, 0, 1]
Ow:
[0.94901842;
 -1.0477494;
 3.4909744]
Keyframe: 42 Frame: 368 Frame from vFrameID : 369
Tcw:
[0.99196535, -0.12635106, -0.0063360226, 0.95960259;
 0.047732756, 0.42018512, -0.90618211, -0.97268617;
 0.11715937, 0.89859885, 0.42284015, 3.7030926;
 0, 0, 0, 1]
Twc:
[0.99196535, 0.047732756, 0.11715937, -1.3393155;
 -0.12635106, 0.42018512, 0.89859885, -2.7976398;
 -0.0063360226, -0.90618211, 0.42284015, -2.4411671;
 0, 0, 0, 1]
Ow:
[0.95960259;
 -0.97268617;
 3.7030926]
Keyframe: 43 Frame: 377 Frame from vFrameID : 378
Tcw:
[0.98373628, -0.1660029, -0.068600446, 0.99472308;
 -0.00053977373, 0.37918818, -0.92531943, -0.97886264;
 0.17961818, 0.91030729, 0.37293154, 3.8268538;
 0, 0, 0, 1]
Twc:
[0.98373628, -0.00053977373, 0.17961818, -1.6664461;
 -0.1660029, 0.37918818, 0.91030729, -2.9473131;
 -0.068600446, -0.92531943, 0.37293154, -2.2646766;
 0, 0, 0, 1]
Ow:
[0.99472308;
 -0.97886264;
 3.8268538]
Keyframe: 44 Frame: 384 Frame from vFrameID : 385
Tcw:
[0.97933853, -0.17980805, -0.092547864, 1.0083681;
 -0.0078438912, 0.42352274, -0.90585154, -0.91690421;
 0.20207553, 0.88786125, 0.41336173, 3.8835368;
 0, 0, 0, 1]
Twc:
[0.97933853, -0.0078438912, 0.20207553, -1.7794936;
 -0.17980805, 0.42352274, 0.88786125, -2.8783991;
 -0.092547864, -0.90585154, 0.41336173, -2.3425622;
 0, 0, 0, 1]
Ow:
[1.0083681;
 -0.91690421;
 3.8835368]
Keyframe: 45 Frame: 391 Frame from vFrameID : 392
Tcw:
[0.9855926, -0.15018493, -0.077792808, 1.0914253;
 -0.011711749, 0.39823675, -0.9172079, -1.1036699;
 0.16873077, 0.90490443, 0.39074028, 4.0688272;
 0, 0, 0, 1]
Twc:
[0.9855926, -0.011711749, 0.16873077, -1.7751629;
 -0.15018493, 0.39823675, 0.90490443, -3.0784621;
 -0.077792808, -0.9172079, 0.39074028, -2.5172443;
 0, 0, 0, 1]
Ow:
[1.0914253;
 -1.1036699;
 4.0688272]
Keyframe: 46 Frame: 400 Frame from vFrameID : 401
Tcw:
[0.9893021, -0.14355831, -0.025930826, 1.1038638;
 0.036157366, 0.41350448, -0.90978384, -1.0432068;
 0.14132954, 0.89911348, 0.41427153, 4.1993709;
 0, 0, 0, 1]
Twc:
[0.9893021, 0.036157366, 0.14132954, -1.6478302;
 -0.14355831, 0.41350448, 0.89911348, -3.1858714;
 -0.025930826, -0.90978384, 0.41427153, -2.6601484;
 0, 0, 0, 1]
Ow:
[1.1038638;
 -1.0432068;
 4.1993709]
Keyframe: 47 Frame: 408 Frame from vFrameID : 409
Tcw:
[0.98094594, -0.18347581, -0.063888073, 1.1419027;
 0.013728938, 0.39348552, -0.91922832, -1.1206113;
 0.19379517, 0.90083617, 0.38850695, 4.3389854;
 0, 0, 0, 1]
Twc:
[0.98094594, 0.013728938, 0.19379517, -1.9456345;
 -0.18347581, 0.39348552, 0.90083617, -3.2582595;
 -0.063888073, -0.91922832, 0.38850695, -2.6428697;
 0, 0, 0, 1]
Ow:
[1.1419027;
 -1.1206113;
 4.3389854]
Keyframe: 48 Frame: 416 Frame from vFrameID : 417
Tcw:
[0.97770816, -0.19710638, -0.07235904, 1.1685935;
 0.017008938, 0.41783568, -0.9083634, -1.1412264;
 0.2092784, 0.88688356, 0.41187394, 4.4339542;
 0, 0, 0, 1]
Twc:
[0.97770816, 0.017008938, 0.2092784, -2.0510633;
 -0.19710638, 0.41783568, 0.88688356, -3.2252188;
 -0.07235904, -0.9083634, 0.41187394, -2.7783201;
 0, 0, 0, 1]
Ow:
[1.1685935;
 -1.1412264;
 4.4339542]
Keyframe: 49 Frame: 423 Frame from vFrameID : 424
Tcw:
[0.98702055, -0.15569875, -0.039349288, 1.1930944;
 0.02492281, 0.39056239, -0.92023903, -1.1168014;
 0.15864842, 0.90731412, 0.38937354, 4.5042658;
 0, 0, 0, 1]
Twc:
[0.98702055, 0.02492281, 0.15864842, -1.8643695;
 -0.15569875, 0.39056239, 0.90731412, -3.4648399;
 -0.039349288, -0.92023903, 0.38937354, -2.7346187;
 0, 0, 0, 1]
Ow:
[1.1930944;
 -1.1168014;
 4.5042658]
Keyframe: 50 Frame: 432 Frame from vFrameID : 433
Tcw:
[0.98136741, -0.19103241, 0.020605676, 0.93963253;
 0.093992785, 0.38376945, -0.91863286, -0.99812782;
 0.16758083, 0.90345317, 0.39457449, 4.7315679;
 0, 0, 0, 1]
Twc:
[0.98136741, 0.093992785, 0.16758083, -1.621228;
 -0.19103241, 0.38376945, 0.90345317, -3.7121987;
 0.020605676, -0.91863286, 0.39457449, -2.8032308;
 0, 0, 0, 1]
Ow:
[0.93963253;
 -0.99812782;
 4.7315679]
Keyframe: 51 Frame: 441 Frame from vFrameID : 442
Tcw:
[0.97530079, -0.21813093, -0.034745332, 1.0692222;
 0.053176105, 0.38455322, -0.92156994, -1.0183843;
 0.21438433, 0.89696026, 0.38665444, 4.9125113;
 0, 0, 0, 1]
Twc:
[0.97530079, 0.053176105, 0.21438433, -2.0418251;
 -0.21813093, 0.38455322, 0.89696026, -3.7814739;
 -0.034745332, -0.92156994, 0.38665444, -2.800806;
 0, 0, 0, 1]
Ow:
[1.0692222;
 -1.0183843;
 4.9125113]
Keyframe: 52 Frame: 449 Frame from vFrameID : 450
Tcw:
[0.97492534, -0.22142456, -0.022176024, 1.1268981;
 0.067808762, 0.39050886, -0.91809845, -1.0271522;
 0.2119495, 0.8935737, 0.39573151, 5.0406284;
 0, 0, 0, 1]
Twc:
[0.97492534, 0.067808762, 0.2119495, -2.0973501;
 -0.22142456, 0.39050886, 0.8935737, -3.8535383;
 -0.022176024, -0.91809845, 0.39573151, -2.9127724;
 0, 0, 0, 1]
Ow:
[1.1268981;
 -1.0271522;
 5.0406284]
Keyframe: 53 Frame: 457 Frame from vFrameID : 458
Tcw:
[0.98537195, -0.16945696, 0.018069796, 1.1033323;
 0.088548951, 0.41851744, -0.90388179, -1.1140617;
 0.14560653, 0.89225978, 0.42740056, 5.1630139;
 0, 0, 0, 1]
Twc:
[0.98537195, 0.088548951, 0.14560653, -1.7403122;
 -0.16945696, 0.41851744, 0.89225978, -3.9535282;
 0.018069796, -0.90388179, 0.42740056, -3.233592;
 0, 0, 0, 1]
Ow:
[1.1033323;
 -1.1140617;
 5.1630139]
Keyframe: 54 Frame: 466 Frame from vFrameID : 467
Tcw:
[0.97651452, -0.21475208, 0.017347932, 1.0534395;
 0.10353836, 0.39714247, -0.91189784, -1.2175653;
 0.18894236, 0.89227766, 0.41005045, 5.2952137;
 0, 0, 0, 1]
Twc:
[0.97651452, 0.10353836, 0.18894236, -1.9031243;
 -0.21475208, 0.39714247, 0.89227766, -4.0150256;
 0.017347932, -0.91189784, 0.41005045, -3.299875;
 0, 0, 0, 1]
Ow:
[1.0534395;
 -1.2175653;
 5.2952137]
Keyframe: 55 Frame: 474 Frame from vFrameID : 475
Tcw:
[0.97170341, -0.23477241, -0.025968207, 1.0317523;
 0.0768933, 0.4183594, -0.90502089, -1.2746824;
 0.22333799, 0.87741512, 0.42457369, 5.3442693;
 0, 0, 0, 1]
Twc:
[0.97170341, 0.0768933, 0.22333799, -2.0981212;
 -0.23477241, 0.4183594, 0.87741512, -3.9136405;
 -0.025968207, -0.90502089, 0.42457369, -3.3958576;
 0, 0, 0, 1]
Ow:
[1.0317523;
 -1.2746824;
 5.3442693]
Keyframe: 56 Frame: 482 Frame from vFrameID : 483
Tcw:
[0.98258996, -0.18578592, -0.00076177367, 1.059256;
 0.077158444, 0.41180089, -0.90800142, -1.2031732;
 0.16900757, 0.89213431, 0.41896635, 5.4358573;
 0, 0, 0, 1]
Twc:
[0.98258996, 0.077158444, 0.16900757, -1.8666804;
 -0.18578592, 0.41180089, 0.89213431, -4.1572523;
 -0.00076177367, -0.90800142, 0.41896635, -3.3691175;
 0, 0, 0, 1]
Ow:
[1.059256;
 -1.2031732;
 5.4358573]
Keyframe: 57 Frame: 490 Frame from vFrameID : 491
Tcw:
[0.98458868, -0.16567782, 0.05599957, 1.0327097;
 0.12170281, 0.41914463, -0.89972562, -1.1253771;
 0.12559265, 0.89267498, 0.43284851, 5.5123959;
 0, 0, 0, 1]
Twc:
[0.98458868, 0.12170281, 0.12559265, -1.5721493;
 -0.16567782, 0.41914463, 0.89267498, -4.2779851;
 0.05599957, -0.89972562, 0.43284851, -3.4563944;
 0, 0, 0, 1]
Ow:
[1.0327097;
 -1.1253771;
 5.5123959]
Keyframe: 58 Frame: 499 Frame from vFrameID : 500
Tcw:
[0.98598182, -0.16632974, 0.01320307, 1.1824582;
 0.078966282, 0.39546415, -0.91508055, -1.2542109;
 0.14698377, 0.9032954, 0.40305489, 5.6309576;
 0, 0, 0, 1]
Twc:
[0.98598182, 0.078966282, 0.14698377, -1.8945012;
 -0.16632974, 0.39546415, 0.9032954, -4.3937445;
 0.01320307, -0.91508055, 0.40305489, -3.4329011;
 0, 0, 0, 1]
Ow:
[1.1824582;
 -1.2542109;
 5.6309576]
Keyframe: 59 Frame: 508 Frame from vFrameID : 509
Tcw:
[0.98301595, -0.18351591, 0.0012445099, 1.2354995;
 0.081117235, 0.42840734, -0.89993733, -1.1491921;
 0.16461965, 0.8847537, 0.43601754, 5.8262172;
 0, 0, 0, 1]
Twc:
[0.98301595, 0.081117235, 0.16461965, -2.0804062;
 -0.18351591, 0.42840734, 0.8847537, -4.4357109;
 0.0012445099, -0.89993733, 0.43601754, -3.5760713;
 0, 0, 0, 1]
Ow:
[1.2354995;
 -1.1491921;
 5.8262172]
Keyframe: 60 Frame: 517 Frame from vFrameID : 518
Tcw:
[0.98607278, -0.14209588, 0.086424969, 1.2242733;
 0.13908823, 0.41965294, -0.89696479, -1.4115193;
 0.091186516, 0.89649326, 0.4335722, 6.0098333;
 0, 0, 0, 1]
Twc:
[0.98607278, 0.13908823, 0.091186516, -1.5589126;
 -0.14209588, 0.41965294, 0.89649326, -4.6214628;
 0.086424969, -0.89696479, 0.4335722, -3.9775877;
 0, 0, 0, 1]
Ow:
[1.2242733;
 -1.4115193;
 6.0098333]
Keyframe: 61 Frame: 526 Frame from vFrameID : 527
Tcw:
[0.9826048, -0.18163694, 0.038675535, 1.2340426;
 0.11285053, 0.41861522, -0.90112489, -1.498584;
 0.1474874, 0.8898142, 0.43183115, 6.0865297;
 0, 0, 0, 1]
Twc:
[0.9826048, 0.11285053, 0.1474874, -1.9411467;
 -0.18163694, 0.41861522, 0.8898142, -4.5644026;
 0.038675535, -0.90112489, 0.43183115, -4.0264916;
 0, 0, 0, 1]
Ow:
[1.2340426;
 -1.498584;
 6.0865297]
Keyframe: 62 Frame: 536 Frame from vFrameID : 537
Tcw:
[0.97853732, -0.20592512, -0.0077153118, 1.2708602;
 0.086300343, 0.44351533, -0.89210224, -1.5114236;
 0.18712813, 0.87228954, 0.45176771, 6.1848249;
 0, 0, 0, 1]
Twc:
[0.97853732, 0.086300343, 0.18712813, -2.2705026;
 -0.20592512, 0.44351533, 0.87228954, -4.4629164;
 -0.0077153118, -0.89210224, 0.45176771, -4.1326432;
 0, 0, 0, 1]
Ow:
[1.2708602;
 -1.5114236;
 6.1848249]
Keyframe: 63 Frame: 543 Frame from vFrameID : 544
Tcw:
[0.98400378, -0.17113018, 0.049507428, 1.2748805;
 0.11859304, 0.42187494, -0.89886439, -1.5471661;
 0.13293688, 0.89035726, 0.43542141, 6.2657499;
 0, 0, 0, 1]
Twc:
[0.98400378, 0.11859304, 0.13293688, -1.9039534;
 -0.17113018, 0.42187494, 0.89035726, -4.7078743;
 0.049507428, -0.89886439, 0.43542141, -4.1820502;
 0, 0, 0, 1]
Ow:
[1.2748805;
 -1.5471661;
 6.2657499]
Keyframe: 64 Frame: 550 Frame from vFrameID : 551
Tcw:
[0.9886815, -0.12570311, 0.08190003, 1.2884438;
 0.12972474, 0.44202849, -0.88757104, -1.4823508;
 0.0753683, 0.8881495, 0.45333219, 6.4194083;
 0, 0, 0, 1]
Twc:
[0.9886815, 0.12972474, 0.0753683, -1.5653828;
 -0.12570311, 0.44202849, 0.8881495, -4.884192;
 0.08190003, -0.88757104, 0.45333219, -4.3313398;
 0, 0, 0, 1]
Ow:
[1.2884438;
 -1.4823508;
 6.4194083]
Keyframe: 65 Frame: 558 Frame from vFrameID : 559
Tcw:
[0.98267245, -0.18110037, 0.039465737, 1.2336665;
 0.11363107, 0.42040402, -0.90019357, -1.5881982;
 0.14643383, 0.88907993, 0.43369806, 6.510438;
 0, 0, 0, 1]
Twc:
[0.98267245, 0.11363107, 0.14643383, -1.9851696;
 -0.18110037, 0.42040402, 0.88907993, -4.8971972;
 0.039465737, -0.90019357, 0.43369806, -4.3019376;
 0, 0, 0, 1]
Ow:
[1.2336665;
 -1.5881982;
 6.510438]
Keyframe: 66 Frame: 565 Frame from vFrameID : 566
Tcw:
[0.98253238, -0.18609135, -0.00040150143, 1.2435843;
 0.078742489, 0.41770059, -0.90516621, -1.3711562;
 0.1686113, 0.88932347, 0.42505765, 6.7015381;
 0, 0, 0, 1]
Twc:
[0.98253238, 0.078742489, 0.1686113, -2.2438483;
 -0.18609135, 0.41770059, 0.88932347, -5.1556816;
 -0.00040150143, -0.90516621, 0.42505765, -4.0891647;
 0, 0, 0, 1]
Ow:
[1.2435843;
 -1.3711562;
 6.7015381]
Keyframe: 67 Frame: 573 Frame from vFrameID : 574
Tcw:
[0.99035084, -0.13756093, 0.016800473, 1.211544;
 0.075269572, 0.43213838, -0.8986606, -1.5195971;
 0.11636046, 0.89125383, 0.43832275, 6.833005;
 0, 0, 0, 1]
Twc:
[0.99035084, 0.075269572, 0.11636046, -1.8805659;
 -0.13756093, 0.43213838, 0.89125383, -5.2666044;
 0.016800473, -0.8986606, 0.43832275, -4.3810182;
 0, 0, 0, 1]
Ow:
[1.211544;
 -1.5195971;
 6.833005]
Keyframe: 68 Frame: 582 Frame from vFrameID : 583
Tcw:
[0.98694706, -0.14625894, 0.06740766, 1.3131994;
 0.12518623, 0.43344074, -0.89244467, -1.7054029;
 0.10131079, 0.88923419, 0.44609267, 6.9511213;
 0, 0, 0, 1]
Twc:
[0.98694706, 0.12518623, 0.10131079, -1.7867888;
 -0.14625894, 0.43344074, 0.88923419, -5.2499161;
 0.06740766, -0.89244467, 0.44609267, -4.7113419;
 0, 0, 0, 1]
Ow:
[1.3131994;
 -1.7054029;
 6.9511213]
Keyframe: 69 Frame: 590 Frame from vFrameID : 591
Tcw:
[0.98011702, -0.19840978, 0.0020295505, 1.2977806;
 0.081154168, 0.39151457, -0.91658622, -1.5875356;
 0.18106508, 0.89852649, 0.39983189, 7.1967106;
 0, 0, 0, 1]
Twc:
[0.98011702, 0.081154168, 0.18106508, -2.4462149;
 -0.19840978, 0.39151457, 0.89852649, -5.5874;
 0.0020295505, -0.91658622, 0.39983189, -4.3352218;
 0, 0, 0, 1]
Ow:
[1.2977806;
 -1.5875356;
 7.1967106]
Keyframe: 70 Frame: 599 Frame from vFrameID : 600
Tcw:
[0.98100221, -0.1922946, -0.025641002, 1.325169;
 0.062491726, 0.43836299, -0.89662296, -1.6645095;
 0.18365581, 0.87798673, 0.44205186, 7.2563314;
 0, 0, 0, 1]
Twc:
[0.98100221, 0.062491726, 0.18365581, -2.5286431;
 -0.1922946, 0.43836299, 0.87798673, -5.3864808;
 -0.025641002, -0.89662296, 0.44205186, -4.6661334;
 0, 0, 0, 1]
Ow:
[1.325169;
 -1.6645095;
 7.2563314]
Keyframe: 71 Frame: 608 Frame from vFrameID : 609
Tcw:
[0.98209614, -0.18822291, 0.0076986267, 1.2492869;
 0.085836254, 0.41074383, -0.90770131, -1.3790805;
 0.16768803, 0.89211076, 0.41954628, 7.3595366;
 0, 0, 0, 1]
Twc:
[0.98209614, 0.085836254, 0.16768803, -2.3426509;
 -0.18822291, 0.41074383, 0.89211076, -5.7639284;
 0.0076986267, -0.90770131, 0.41954628, -4.3490772;
 0, 0, 0, 1]
Ow:
[1.2492869;
 -1.3790805;
 7.3595366]
Keyframe: 72 Frame: 617 Frame from vFrameID : 618
Tcw:
[0.97715741, -0.21249086, -0.003319494, 1.3899726;
 0.085786335, 0.4086903, -0.90863246, -1.5231178;
 0.19443274, 0.8875922, 0.41758358, 7.5334678;
 0, 0, 0, 1]
Twc:
[0.97715741, 0.085786335, 0.19443274, -2.692312;
 -0.21249086, 0.4086903, 0.8875922, -5.7688069;
 -0.003319494, -0.90863246, 0.41758358, -4.5251927;
 0, 0, 0, 1]
Ow:
[1.3899726;
 -1.5231178;
 7.5334678]
Keyframe: 73 Frame: 625 Frame from vFrameID : 626
Tcw:
[0.97260904, -0.23097417, -0.026125582, 1.2294278;
 0.074781835, 0.41733935, -0.90566856, -1.6293554;
 0.22008927, 0.87890774, 0.4231807, 7.7917147;
 0, 0, 0, 1]
Twc:
[0.97260904, 0.074781835, 0.22008927, -2.7887795;
 -0.23097417, 0.41733935, 0.87890774, -5.8842382;
 -0.026125582, -0.90566856, 0.4231807, -4.74084;
 0, 0, 0, 1]
Ow:
[1.2294278;
 -1.6293554;
 7.7917147]
Keyframe: 74 Frame: 634 Frame from vFrameID : 635
Tcw:
[0.98380005, -0.17917755, -0.0057358555, 1.4123479;
 0.068665273, 0.40618622, -0.91120678, -1.4347813;
 0.16559763, 0.89605141, 0.41190928, 7.8083477;
 0, 0, 0, 1]
Twc:
[0.98380005, 0.068665273, 0.16559763, -2.5839922;
 -0.17917755, 0.40618622, 0.89605141, -6.1608319;
 -0.0057358555, -0.91120678, 0.41190928, -4.5156126;
 0, 0, 0, 1]
Ow:
[1.4123479;
 -1.4347813;
 7.8083477]
Keyframe: 75 Frame: 643 Frame from vFrameID : 644
Tcw:
[0.98701048, -0.15426682, 0.044856202, 1.4326206;
 0.10977897, 0.44376463, -0.88939393, -1.4247537;
 0.11729837, 0.88276535, 0.45493561, 7.8066573;
 0, 0, 0, 1]
Twc:
[0.98701048, 0.10977897, 0.11729837, -2.1733117;
 -0.15426682, 0.44376463, 0.88276535, -6.0381861;
 0.044856202, -0.88939393, 0.45493561, -4.8829556;
 0, 0, 0, 1]
Ow:
[1.4326206;
 -1.4247537;
 7.8066573]
Keyframe: 76 Frame: 651 Frame from vFrameID : 652
Tcw:
[0.98383176, -0.17621469, -0.031991251, 1.3640435;
 0.043748364, 0.40967566, -0.91118163, -1.3586731;
 0.17366962, 0.89504987, 0.41076103, 8.0037708;
 0, 0, 0, 1]
Twc:
[0.98383176, 0.043748364, 0.17366962, -2.6725614;
 -0.17621469, 0.40967566, 0.89504987, -6.3667941;
 -0.031991251, -0.91118163, 0.41076103, -4.4819975;
 0, 0, 0, 1]
Ow:
[1.3640435;
 -1.3586731;
 8.0037708]
Keyframe: 77 Frame: 660 Frame from vFrameID : 661
Tcw:
[0.97817117, -0.20661457, -0.022171995, 1.4270188;
 0.069464177, 0.42567915, -0.90220398, -1.5472105;
 0.19584665, 0.88096976, 0.43073937, 8.197711;
 0, 0, 0, 1]
Twc:
[0.97817117, 0.069464177, 0.19584665, -2.893887;
 -0.20661457, 0.42567915, 0.88096976, -6.2684774;
 -0.022171995, -0.90220398, 0.43073937, -4.8953366;
 0, 0, 0, 1]
Ow:
[1.4270188;
 -1.5472105;
 8.197711]
Keyframe: 78 Frame: 668 Frame from vFrameID : 669
Tcw:
[0.98428684, -0.17429198, 0.028314948, 1.4625859;
 0.10542129, 0.45140183, -0.8860715, -1.521035;
 0.14165375, 0.87513351, 0.46268296, 8.1985464;
 0, 0, 0, 1]
Twc:
[0.98428684, 0.10542129, 0.14165375, -2.4406092;
 -0.17429198, 0.45140183, 0.87513351, -6.2333078;
 0.028314948, -0.8860715, 0.46268296, -5.182487;
 0, 0, 0, 1]
Ow:
[1.4625859;
 -1.521035;
 8.1985464]
Keyframe: 79 Frame: 675 Frame from vFrameID : 676
Tcw:
[0.97689408, -0.21194285, 0.0275355, 1.4877589;
 0.12120813, 0.44328913, -0.88814598, -1.5230794;
 0.17603001, 0.87096208, 0.45873573, 8.3619843;
 0, 0, 0, 1]
Twc:
[0.97689408, 0.12120813, 0.17603001, -2.7407334;
 -0.21194285, 0.44328913, 0.87096208, -6.2924871;
 0.0275355, -0.88814598, 0.45873573, -5.2296238;
 0, 0, 0, 1]
Ow:
[1.4877589;
 -1.5230794;
 8.3619843]
Keyframe: 80 Frame: 684 Frame from vFrameID : 685
Tcw:
[0.9666217, -0.24598227, -0.071660146, 1.4816877;
 0.044952448, 0.43818459, -0.89776027, -1.5361731;
 0.25223351, 0.8645733, 0.43461624, 8.4625731;
 0, 0, 0, 1]
Twc:
[0.9666217, 0.044952448, 0.25223351, -3.4977212;
 -0.24598227, 0.43818459, 0.8645733, -6.2789183;
 -0.071660146, -0.89776027, 0.43461624, -4.9509087;
 0, 0, 0, 1]
Ow:
[1.4816877;
 -1.5361731;
 8.4625731]
Keyframe: 81 Frame: 694 Frame from vFrameID : 695
Tcw:
[0.96791327, -0.24761358, -0.042794868, 1.4281617;
 0.062476814, 0.4020932, -0.91346467, -1.5139923;
 0.24339378, 0.88148087, 0.40466148, 8.6782331;
 0, 0, 0, 1]
Twc:
[0.96791327, 0.062476814, 0.24339378, -3.3999755;
 -0.24761358, 0.4020932, 0.88148087, -6.6872988;
 -0.042794868, -0.91346467, 0.40466148, -4.8336072;
 0, 0, 0, 1]
Ow:
[1.4281617;
 -1.5139923;
 8.6782331]
Keyframe: 82 Frame: 703 Frame from vFrameID : 704
Tcw:
[0.96621978, -0.25768813, 0.0040193917, 1.4691865;
 0.11455777, 0.41546744, -0.90236539, -1.6038516;
 0.23085892, 0.87234378, 0.43095303, 8.8363171;
 0, 0, 0, 1]
Twc:
[0.96621978, 0.11455777, 0.23085892, -3.2757661;
 -0.25768813, 0.41546744, 0.87234378, -6.6633663;
 0.0040193917, -0.90236539, 0.43095303, -5.2612033;
 0, 0, 0, 1]
Ow:
[1.4691865;
 -1.6038516;
 8.8363171]
Keyframe: 83 Frame: 712 Frame from vFrameID : 713
Tcw:
[0.90895897, -0.38370955, -0.16297403, 1.5444138;
 0.019694814, 0.43002021, -0.9026044, -1.7323546;
 0.41642007, 0.81722063, 0.39842781, 8.9208241;
 0, 0, 0, 1]
Twc:
[0.90895897, 0.019694814, 0.41642007, -5.0845008;
 -0.38370955, 0.43002021, 0.81722063, -5.9527283;
 -0.16297403, -0.9026044, 0.39842781, -4.8662362;
 0, 0, 0, 1]
Ow:
[1.5444138;
 -1.7323546;
 8.9208241]
Keyframe: 84 Frame: 716 Frame from vFrameID : 717
Tcw:
[0.94927037, -0.30402327, -0.080347098, 1.5112187;
 0.056608155, 0.41654527, -0.90735084, -1.7243688;
 0.30932397, 0.85677296, 0.4126243, 8.9623146;
 0, 0, 0, 1]
Twc:
[0.94927037, 0.056608155, 0.30932397, -4.1092005;
 -0.30402327, 0.41654527, 0.85677296, -6.5009456;
 -0.080347098, -0.90735084, 0.4126243, -5.1412539;
 0, 0, 0, 1]
Ow:
[1.5112187;
 -1.7243688;
 8.9623146]
Keyframe: 85 Frame: 724 Frame from vFrameID : 725
Tcw:
[0.96385264, -0.26428118, -0.033816908, 1.5071331;
 0.089217946, 0.4397383, -0.89368361, -1.6904576;
 0.25105435, 0.8583622, 0.44742155, 9.0469751;
 0, 0, 0, 1]
Twc:
[0.96385264, 0.089217946, 0.25105435, -3.5731175;
 -0.26428118, 0.4397383, 0.8583622, -6.6239161;
 -0.033816908, -0.89368361, 0.44742155, -5.5075793;
 0, 0, 0, 1]
Ow:
[1.5071331;
 -1.6904576;
 9.0469751]
Keyframe: 86 Frame: 731 Frame from vFrameID : 732
Tcw:
[0.97830093, -0.20702536, 0.0082301404, 1.5205393;
 0.10287467, 0.45088813, -0.8866322, -1.6920099;
 0.17984448, 0.86823982, 0.46240196, 9.1272011;
 0, 0, 0, 1]
Twc:
[0.97830093, 0.10287467, 0.17984448, -2.954957;
 -0.20702536, 0.45088813, 0.86823982, -6.8469024;
 0.0082301404, -0.8866322, 0.46240196, -5.7331405;
 0, 0, 0, 1]
Ow:
[1.5205393;
 -1.6920099;
 9.1272011]
Keyframe: 87 Frame: 742 Frame from vFrameID : 743
Tcw:
[0.97326124, -0.22969399, 0.0018056078, 1.4388268;
 0.1078186, 0.44988066, -0.88655657, -1.5048301;
 0.20282441, 0.86304581, 0.46261668, 9.0905075;
 0, 0, 0, 1]
Twc:
[0.97326124, 0.1078186, 0.20282441, -3.0818825;
 -0.22969399, 0.44988066, 0.86304581, -6.8380404;
 0.0018056078, -0.88655657, 0.46261668, -5.5421352;
 0, 0, 0, 1]
Ow:
[1.4388268;
 -1.5048301;
 9.0905075]
Keyframe: 88 Frame: 752 Frame from vFrameID : 753
Tcw:
[0.95971614, -0.27949551, -0.02876169, 1.555706;
 0.10507267, 0.45195004, -0.88583344, -1.6927276;
 0.26058531, 0.84712654, 0.46311107, 9.3476734;
 0, 0, 0, 1]
Twc:
[0.95971614, 0.10507267, 0.26058531, -3.7510431;
 -0.27949551, 0.45195004, 0.84712654, -6.718821;
 -0.02876169, -0.88583344, 0.46311107, -5.783741;
 0, 0, 0, 1]
Ow:
[1.555706;
 -1.6927276;
 9.3476734]
Keyframe: 89 Frame: 759 Frame from vFrameID : 760
Tcw:
[0.98186326, -0.18352073, 0.047588129, 1.4559453;
 0.12869863, 0.46086231, -0.87809032, -1.7197211;
 0.13921621, 0.86828917, 0.47612265, 9.4912987;
 0, 0, 0, 1]
Twc:
[0.98186326, 0.12869863, 0.13921621, -2.529556;
 -0.18352073, 0.46086231, 0.86828917, -7.1814413;
 0.047588129, -0.87809032, 0.47612265, -6.0983787;
 0, 0, 0, 1]
Ow:
[1.4559453;
 -1.7197211;
 9.4912987]
Keyframe: 90 Frame: 766 Frame from vFrameID : 767
Tcw:
[0.92946291, -0.3650687, -0.053136915, 1.7087386;
 0.12790754, 0.45399699, -0.8817746, -2.186655;
 0.34603232, 0.81278014, 0.4686684, 9.8026714;
 0, 0, 0, 1]
Twc:
[0.92946291, 0.12790754, 0.34603232, -4.7005606;
 -0.3650687, 0.45399699, 0.81278014, -6.3508749;
 -0.053136915, -0.8817746, 0.4686684, -6.4315419;
 0, 0, 0, 1]
Ow:
[1.7087386;
 -2.186655;
 9.8026714]
Keyframe: 91 Frame: 770 Frame from vFrameID : 771
Tcw:
[0.91784894, -0.38568804, -0.093797892, 1.6840061;
 0.08231625, 0.41612583, -0.90557349, -2.216274;
 0.3883006, 0.82345855, 0.41368908, 9.9194326;
 0, 0, 0, 1]
Twc:
[0.91784894, 0.08231625, 0.3883006, -5.2149491;
 -0.38568804, 0.41612583, 0.82345855, -6.5964918;
 -0.093797892, -0.90557349, 0.41368908, -5.9526033;
 0, 0, 0, 1]
Ow:
[1.6840061;
 -2.216274;
 9.9194326]
Keyframe: 92 Frame: 772 Frame from vFrameID : 773
Tcw:
[0.90666962, -0.40740514, -0.10941323, 1.70231;
 0.079961672, 0.42064941, -0.90369254, -2.2296271;
 0.4141936, 0.81060171, 0.41396683, 9.9375143;
 0, 0, 0, 1]
Twc:
[0.90666962, 0.079961672, 0.4141936, -5.4812031;
 -0.40740514, 0.42064941, 0.81060171, -6.4239454;
 -0.10941323, -0.90369254, 0.41396683, -5.9424434;
 0, 0, 0, 1]
Ow:
[1.70231;
 -2.2296271;
 9.9375143]
Keyframe: 93 Frame: 776 Frame from vFrameID : 777
Tcw:
[0.90809649, -0.39684439, -0.13369848, 1.6638112;
 0.057674751, 0.43475279, -0.89870107, -2.1676254;
 0.41477025, 0.80839628, 0.41768539, 9.9569139;
 0, 0, 0, 1]
Twc:
[0.90809649, 0.057674751, 0.41477025, -5.5157156;
 -0.39684439, 0.43475279, 0.80839628, -6.4464765;
 -0.13369848, -0.89870107, 0.41768539, -5.8844557;
 0, 0, 0, 1]
Ow:
[1.6638112;
 -2.1676254;
 9.9569139]
Keyframe: 94 Frame: 781 Frame from vFrameID : 782
Tcw:
[0.90835458, -0.39519808, -0.13678591, 1.6750679;
 0.049423456, 0.42623541, -0.90326113, -2.2132549;
 0.41527006, 0.813721, 0.40670496, 9.9813519;
 0, 0, 0, 1]
Twc:
[0.90835458, 0.049423456, 0.41527006, -5.5571256;
 -0.39519808, 0.42623541, 0.813721, -6.5166841;
 -0.13678591, -0.90326113, 0.40670496, -5.8294868;
 0, 0, 0, 1]
Ow:
[1.6750679;
 -2.2132549;
 9.9813519]
Keyframe: 95 Frame: 784 Frame from vFrameID : 785
Tcw:
[0.91441292, -0.38561809, -0.123076, 1.6778483;
 0.052204095, 0.41386202, -0.90884155, -2.1887226;
 0.40140224, 0.82463139, 0.39857161, 10.001089;
 0, 0, 0, 1]
Twc:
[0.91441292, 0.052204095, 0.40140224, -5.4344454;
 -0.38561809, 0.41386202, 0.82463139, -6.6943741;
 -0.123076, -0.90884155, 0.39857161, -5.7688494;
 0, 0, 0, 1]
Ow:
[1.6778483;
 -2.1887226;
 10.001089]
Keyframe: 96 Frame: 788 Frame from vFrameID : 789
Tcw:
[0.92804933, -0.35454658, -0.11411018, 1.6276102;
 0.045048468, 0.41097128, -0.91053456, -2.1023707;
 0.36972293, 0.83988053, 0.39737344, 10.01106;
 0, 0, 0, 1]
Twc:
[0.92804933, 0.045048468, 0.36972293, -5.1171126;
 -0.35454658, 0.41097128, 0.83988053, -6.9670167;
 -0.11411018, -0.91053456, 0.39737344, -5.7066836;
 0, 0, 0, 1]
Ow:
[1.6276102;
 -2.1023707;
 10.01106]
Keyframe: 97 Frame: 792 Frame from vFrameID : 793
Tcw:
[0.93870509, -0.33576244, -0.078078955, 1.6215683;
 0.089338198, 0.45571339, -0.88563198, -2.1184242;
 0.33294356, 0.82437181, 0.4577769, 10.010211;
 0, 0, 0, 1]
Twc:
[0.93870509, 0.089338198, 0.33294356, -4.6657538;
 -0.33576244, 0.45571339, 0.82437181, -6.74228;
 -0.078078955, -0.88563198, 0.4577769, -6.3319774;
 0, 0, 0, 1]
Ow:
[1.6215683;
 -2.1184242;
 10.010211]
Keyframe: 98 Frame: 796 Frame from vFrameID : 797
Tcw:
[0.93676347, -0.34254232, -0.071686722, 1.7055123;
 0.10308493, 0.46583399, -0.87884706, -2.1360378;
 0.33443642, 0.81588203, 0.47168723, 10.12224;
 0, 0, 0, 1]
Twc:
[0.93676347, 0.10308493, 0.33443642, -4.7627139;
 -0.34254232, 0.46583399, 0.81588203, -6.6793041;
 -0.071686722, -0.87884706, 0.47168723, -6.5295191;
 0, 0, 0, 1]
Ow:
[1.7055123;
 -2.1360378;
 10.12224]
Keyframe: 99 Frame: 801 Frame from vFrameID : 802
Tcw:
[0.92404968, -0.36739001, -0.10562583, 1.7447193;
 0.072628446, 0.44000408, -0.89505392, -1.9686818;
 0.37530965, 0.81940281, 0.43326861, 10.217495;
 0, 0, 0, 1]
Twc:
[0.92404968, 0.072628446, 0.37530965, -5.3039494;
 -0.36739001, 0.44000408, 0.81940281, -6.8650236;
 -0.10562583, -0.89505392, 0.43326861, -6.0047083;
 0, 0, 0, 1]
Ow:
[1.7447193;
 -1.9686818;
 10.217495]
Keyframe: 100 Frame: 806 Frame from vFrameID : 807
Tcw:
[0.90917063, -0.37208891, -0.18697219, 1.7413042;
 0.0041412804, 0.45705175, -0.88943046, -1.9398568;
 0.41640317, 0.80786973, 0.41707897, 10.307079;
 0, 0, 0, 1]
Twc:
[0.90917063, 0.0041412804, 0.41640317, -5.8670096;
 -0.37208891, 0.45705175, 0.80786973, -6.7922425;
 -0.18697219, -0.88943046, 0.41707897, -5.698658;
 0, 0, 0, 1]
Ow:
[1.7413042;
 -1.9398568;
 10.307079]
Keyframe: 101 Frame: 811 Frame from vFrameID : 812
Tcw:
[0.90674597, -0.38036606, -0.18202576, 1.7411246;
 0.010395981, 0.45170432, -0.89210713, -1.9673657;
 0.42154908, 0.80702221, 0.41353536, 10.403864;
 0, 0, 0, 1]
Twc:
[0.90674597, 0.010395981, 0.42154908, -5.9440446;
 -0.38036606, 0.45170432, 0.80702221, -6.8452172;
 -0.18202576, -0.89210713, 0.41353536, -5.7405376;
 0, 0, 0, 1]
Ow:
[1.7411246;
 -1.9673657;
 10.403864]
Keyframe: 102 Frame: 817 Frame from vFrameID : 818
Tcw:
[0.92688417, -0.35927185, -0.10867125, 1.7188658;
 0.070215911, 0.45037603, -0.89007366, -2.1153729;
 0.36872134, 0.81736475, 0.44267303, 10.478005;
 0, 0, 0, 1]
Twc:
[0.92688417, 0.070215911, 0.36872134, -5.3081212;
 -0.35927185, 0.45037603, 0.81736475, -6.9940991;
 -0.10867125, -0.89007366, 0.44267303, -6.3343768;
 0, 0, 0, 1]
Ow:
[1.7188658;
 -2.1153729;
 10.478005]
Keyframe: 103 Frame: 823 Frame from vFrameID : 824
Tcw:
[0.9531759, -0.29713237, -0.056285921, 1.7360251;
 0.092823312, 0.46459082, -0.88064706, -1.9932055;
 0.28781867, 0.83418685, 0.47041756, 10.494019;
 0, 0, 0, 1]
Twc:
[0.9531759, 0.092823312, 0.28781867, -4.4900956;
 -0.29713237, 0.46459082, 0.83418685, -7.3121185;
 -0.056285921, -0.88064706, 0.47041756, -6.5941672;
 0, 0, 0, 1]
Ow:
[1.7360251;
 -1.9932055;
 10.494019]
Keyframe: 104 Frame: 829 Frame from vFrameID : 830
Tcw:
[0.96458197, -0.2586638, -0.051716793, 1.7350113;
 0.084531873, 0.48882875, -0.86827463, -2.0093172;
 0.24987188, 0.83315033, 0.49338073, 10.541413;
 0, 0, 0, 1]
Twc:
[0.96458197, 0.084531873, 0.24987188, -4.137712;
 -0.2586638, 0.48882875, 0.83315033, -7.3515854;
 -0.051716793, -0.86827463, 0.49338073, -6.8558402;
 0, 0, 0, 1]
Ow:
[1.7350113;
 -2.0093172;
 10.541413]
Keyframe: 105 Frame: 835 Frame from vFrameID : 836
Tcw:
[0.9464922, -0.3135305, -0.076492563, 1.7421374;
 0.07915996, 0.45532373, -0.88679987, -1.9276338;
 0.3128677, 0.83329403, 0.4557794, 10.649817;
 0, 0, 0, 1]
Twc:
[0.9464922, 0.07915996, 0.3128677, -4.8283114;
 -0.3135305, 0.45532373, 0.83329403, -7.4505177;
 -0.076492563, -0.88679987, 0.4557794, -6.4301319;
 0, 0, 0, 1]
Ow:
[1.7421374;
 -1.9276338;
 10.649817]
Keyframe: 106 Frame: 842 Frame from vFrameID : 843
Tcw:
[0.94221616, -0.30952042, -0.12816304, 1.7347078;
 0.03176168, 0.46338195, -0.8855893, -1.9605522;
 0.33349639, 0.83034587, 0.44643685, 10.740088;
 0, 0, 0, 1]
Twc:
[0.94221616, 0.03176168, 0.33349639, -5.1539803;
 -0.30952042, 0.46338195, 0.83034587, -7.4725761;
 -0.12816304, -0.8855893, 0.44643685, -6.3086901;
 0, 0, 0, 1]
Ow:
[1.7347078;
 -1.9605522;
 10.740088]
Keyframe: 107 Frame: 850 Frame from vFrameID : 851
Tcw:
[0.96137625, -0.25701162, -0.09849254, 1.7352252;
 0.032456454, 0.4612087, -0.88669789, -1.8365786;
 0.27331728, 0.84925354, 0.45173678, 10.851808;
 0, 0, 0, 1]
Twc:
[0.96137625, 0.032456454, 0.27331728, -4.5745821;
 -0.25701162, 0.4612087, 0.84925354, -7.9229169;
 -0.09849254, -0.88669789, 0.45173678, -6.3597441;
 0, 0, 0, 1]
Ow:
[1.7352252;
 -1.8365786;
 10.851808]
Keyframe: 108 Frame: 857 Frame from vFrameID : 858
Tcw:
[0.96501118, -0.25947288, -0.037779063, 1.6792629;
 0.092061922, 0.47018936, -0.87775087, -1.8809276;
 0.24551585, 0.84356135, 0.47762555, 10.967537;
 0, 0, 0, 1]
Twc:
[0.96501118, 0.092061922, 0.24551585, -4.1400499;
 -0.25947288, 0.47018936, 0.84356135, -7.9316754;
 -0.037779063, -0.87775087, 0.47762555, -6.8259206;
 0, 0, 0, 1]
Ow:
[1.6792629;
 -1.8809276;
 10.967537]
Keyframe: 109 Frame: 865 Frame from vFrameID : 866
Tcw:
[0.94841164, -0.30008009, -0.10230989, 1.7399766;
 0.040685523, 0.43523067, -0.89939922, -1.8522823;
 0.31442019, 0.84883815, 0.42498675, 11.059998;
 0, 0, 0, 1]
Twc:
[0.94841164, 0.040685523, 0.31442019, -5.05234;
 -0.30008009, 0.43523067, 0.84883815, -8.0598459;
 -0.10230989, -0.89939922, 0.42498675, -6.1882768;
 0, 0, 0, 1]
Ow:
[1.7399766;
 -1.8522823;
 11.059998]
Keyframe: 110 Frame: 873 Frame from vFrameID : 874
Tcw:
[0.94527018, -0.29516077, -0.13908397, 1.7772833;
 0.011090593, 0.45507902, -0.89038199, -1.8649404;
 0.32610002, 0.84010905, 0.43344614, 11.24239;
 0, 0, 0, 1]
Twc:
[0.94527018, 0.011090593, 0.32610002, -5.3254728;
 -0.29516077, 0.45507902, 0.84010905, -8.0715532;
 -0.13908397, -0.89038199, 0.43344614, -6.2862878;
 0, 0, 0, 1]
Ow:
[1.7772833;
 -1.8649404;
 11.24239]
Keyframe: 111 Frame: 881 Frame from vFrameID : 882
Tcw:
[0.95235747, -0.28875896, -0.09815044, 1.6978666;
 0.036023807, 0.42607397, -0.90397084, -1.7895427;
 0.30284902, 0.85736763, 0.41617692, 11.278335;
 0, 0, 0, 1]
Twc:
[0.95235747, 0.036023807, 0.30284902, -4.9681425;
 -0.28875896, 0.42607397, 0.85736763, -8.4169273;
 -0.09815044, -0.90397084, 0.41617692, -6.1448307;
 0, 0, 0, 1]
Ow:
[1.6978666;
 -1.7895427;
 11.278335]
Keyframe: 112 Frame: 889 Frame from vFrameID : 890
Tcw:
[0.96198159, -0.26487726, -0.066569254, 1.69945;
 0.068650626, 0.47042862, -0.8797636, -1.9265194;
 0.26434547, 0.84174639, 0.47072765, 11.341146;
 0, 0, 0, 1]
Twc:
[0.96198159, 0.068650626, 0.26434547, -4.5005631;
 -0.26487726, 0.47042862, 0.84174639, -8.1899319;
 -0.066569254, -0.8797636, 0.47072765, -6.920341;
 0, 0, 0, 1]
Ow:
[1.69945;
 -1.9265194;
 11.341146]
Keyframe: 113 Frame: 898 Frame from vFrameID : 899
Tcw:
[0.94945979, -0.29023719, -0.11953457, 1.6600364;
 0.026796738, 0.45437604, -0.89040685, -1.9052634;
 0.31274283, 0.84220237, 0.4391892, 11.542896;
 0, 0, 0, 1]
Twc:
[0.94945979, 0.026796738, 0.31274283, -5.1350408;
 -0.29023719, 0.45437604, 0.84220237, -8.3739433;
 -0.11953457, -0.89040685, 0.4391892, -6.5675426;
 0, 0, 0, 1]
Ow:
[1.6600364;
 -1.9052634;
 11.542896]
Keyframe: 114 Frame: 907 Frame from vFrameID : 908
Tcw:
[0.94903702, -0.29813939, -0.10218428, 1.6503874;
 0.046558473, 0.45329309, -0.89014477, -1.8776827;
 0.31170663, 0.8400228, 0.44407284, 11.630544;
 0, 0, 0, 1]
Twc:
[0.94903702, 0.046558473, 0.31170663, -5.1041746;
 -0.29813939, 0.45329309, 0.8400228, -8.4267349;
 -0.10218428, -0.89014477, 0.44407284, -6.6675739;
 0, 0, 0, 1]
Ow:
[1.6503874;
 -1.8776827;
 11.630544]
Keyframe: 115 Frame: 915 Frame from vFrameID : 916
Tcw:
[0.96049905, -0.26229113, -0.092977926, 1.6256349;
 0.048605379, 0.48709831, -0.87199354, -2.0036411;
 0.27400559, 0.83302975, 0.48060626, 11.724073;
 0, 0, 0, 1]
Twc:
[0.96049905, 0.048605379, 0.27400559, -4.6764951;
 -0.26229113, 0.48709831, 0.83302975, -8.3641424;
 -0.092977926, -0.87199354, 0.48060626, -7.2306771;
 0, 0, 0, 1]
Ow:
[1.6256349;
 -2.0036411;
 11.724073]
Keyframe: 116 Frame: 924 Frame from vFrameID : 925
Tcw:
[0.94927925, -0.31192663, -0.039631154, 1.6476529;
 0.10410463, 0.43071732, -0.89646238, -1.9350195;
 0.29670033, 0.84686738, 0.44134402, 11.864882;
 0, 0, 0, 1]
Twc:
[0.94927925, 0.10410463, 0.29670033, -4.8829527;
 -0.31192663, 0.43071732, 0.84686738, -8.7005892;
 -0.039631154, -0.89646238, 0.44134402, -6.9058695;
 0, 0, 0, 1]
Ow:
[1.6476529;
 -1.9350195;
 11.864882]
Keyframe: 117 Frame: 932 Frame from vFrameID : 933
Tcw:
[0.94421881, -0.31215569, -0.10492713, 1.6351209;
 0.056356043, 0.46708074, -0.8824169, -1.9265308;
 0.32446089, 0.82728136, 0.45861828, 11.910003;
 0, 0, 0, 1]
Twc:
[0.94421881, 0.056356043, 0.32446089, -5.2996702;
 -0.31215569, 0.46708074, 0.82728136, -8.4426651;
 -0.10492713, -0.8824169, 0.45861828, -6.9905801;
 0, 0, 0, 1]
Ow:
[1.6351209;
 -1.9265308;
 11.910003]
Keyframe: 118 Frame: 940 Frame from vFrameID : 941
Tcw:
[0.96375072, -0.26141348, -0.053362548, 1.6921684;
 0.071613416, 0.44612208, -0.89210236, -1.9573679;
 0.2570138, 0.85594279, 0.44867119, 12.129736;
 0, 0, 0, 1]
Twc:
[0.96375072, 0.071613416, 0.2570138, -4.6081643;
 -0.26141348, 0.44612208, 0.85594279, -9.0667801;
 -0.053362548, -0.89210236, 0.44867119, -7.0981379;
 0, 0, 0, 1]
Ow:
[1.6921684;
 -1.9573679;
 12.129736]
Keyframe: 119 Frame: 949 Frame from vFrameID : 950
Tcw:
[0.96830773, -0.24975629, 0.0013932405, 1.7264956;
 0.12384593, 0.47529277, -0.8710677, -2.0546188;
 0.21689245, 0.84363413, 0.49116096, 12.226334;
 0, 0, 0, 1]
Twc:
[0.96830773, 0.12384593, 0.21689245, -4.0691223;
 -0.24975629, 0.47529277, 0.84363413, -8.9068041;
 0.0013932405, -0.8710677, 0.49116096, -7.7972159;
 0, 0, 0, 1]
Ow:
[1.7264956;
 -2.0546188;
 12.226334]
Keyframe: 120 Frame: 957 Frame from vFrameID : 958
Tcw:
[0.96391737, -0.26453942, -0.029701959, 1.6901276;
 0.1021588, 0.47064123, -0.87639058, -1.9652972;
 0.24581882, 0.84173375, 0.48068428, 12.301186;
 0, 0, 0, 1]
Twc:
[0.96391737, 0.1021588, 0.24581882, -4.4522338;
 -0.26453942, 0.47064123, 0.84173375, -8.9822683;
 -0.029701959, -0.87639058, 0.48068428, -7.5851541;
 0, 0, 0, 1]
Ow:
[1.6901276;
 -1.9652972;
 12.301186]
Keyframe: 121 Frame: 965 Frame from vFrameID : 966
Tcw:
[0.96068293, -0.27343833, -0.048164267, 1.6070759;
 0.094796859, 0.48607963, -0.86875784, -2.0266476;
 0.26096338, 0.83003497, 0.49288949, 12.498579;
 0, 0, 0, 1]
Twc:
[0.96068293, 0.094796859, 0.26096338, -4.6134419;
 -0.27343833, 0.48607963, 0.83003497, -8.9497099;
 -0.048164267, -0.86875784, 0.49288949, -7.8436809;
 0, 0, 0, 1]
Ow:
[1.6070759;
 -2.0266476;
 12.498579]
Keyframe: 122 Frame: 974 Frame from vFrameID : 975
Tcw:
[0.95715797, -0.28950211, -0.0060949079, 1.625175;
 0.13678187, 0.47058284, -0.87168944, -2.0517864;
 0.25522411, 0.83351082, 0.49002075, 12.553957;
 0, 0, 0, 1]
Twc:
[0.95715797, 0.13678187, 0.25522411, -4.4789743;
 -0.28950211, 0.47058284, 0.83351082, -9.027832;
 -0.0060949079, -0.87168944, 0.49002075, -7.930315;
 0, 0, 0, 1]
Ow:
[1.625175;
 -2.0517864;
 12.553957]
Keyframe: 123 Frame: 982 Frame from vFrameID : 983
Tcw:
[0.96994466, -0.24323329, -0.006706221, 1.6217968;
 0.120763, 0.50512922, -0.85455292, -2.0852928;
 0.21124323, 0.8280592, 0.51932096, 12.623304;
 0, 0, 0, 1]
Twc:
[0.96994466, 0.120763, 0.21124323, -3.9878147;
 -0.24323329, 0.50512922, 0.8280592, -9.0050259;
 -0.006706221, -0.85455292, 0.51932096, -8.326664;
 0, 0, 0, 1]
Ow:
[1.6217968;
 -2.0852928;
 12.623304]
Keyframe: 124 Frame: 990 Frame from vFrameID : 991
Tcw:
[0.95057762, -0.30648163, -0.04971116, 1.6345515;
 0.10067349, 0.4556998, -0.88442218, -2.0864787;
 0.29371253, 0.83570731, 0.46403259, 12.781718;
 0, 0, 0, 1]
Twc:
[0.95057762, 0.10067349, 0.29371253, -5.0978656;
 -0.30648163, 0.4556998, 0.83570731, -9.2300072;
 -0.04971116, -0.88442218, 0.46403259, -7.6952062;
 0, 0, 0, 1]
Ow:
[1.6345515;
 -2.0864787;
 12.781718]
Keyframe: 125 Frame: 999 Frame from vFrameID : 1000
Tcw:
[0.93137354, -0.35402384, -0.084914237, 1.6650252;
 0.10101256, 0.47537106, -0.87396729, -2.0215635;
 0.34977102, 0.80541259, 0.47850889, 12.900173;
 0, 0, 0, 1]
Twc:
[0.93137354, 0.10101256, 0.34977102, -5.858664;
 -0.35402384, 0.47537106, 0.80541259, -8.83951;
 -0.084914237, -0.87396729, 0.47850889, -7.7982435;
 0, 0, 0, 1]
Ow:
[1.6650252;
 -2.0215635;
 12.900173]
Keyframe: 126 Frame: 1007 Frame from vFrameID : 1008
Tcw:
[0.93452185, -0.34744477, -0.077143133, 1.6409328;
 0.09611211, 0.45506585, -0.88525563, -2.0502815;
 0.34268266, 0.81987631, 0.45866263, 13.01689;
 0, 0, 0, 1]
Twc:
[0.93452185, 0.09611211, 0.34268266, -5.7970929;
 -0.34744477, 0.45506585, 0.81987631, -9.1690931;
 -0.077143133, -0.88525563, 0.45866263, -7.6587973;
 0, 0, 0, 1]
Ow:
[1.6409328;
 -2.0502815;
 13.01689]
Keyframe: 127 Frame: 1016 Frame from vFrameID : 1017
Tcw:
[0.93535548, -0.35241044, -0.030281939, 1.6335454;
 0.14572626, 0.46195564, -0.87484902, -2.1302538;
 0.32229483, 0.81388199, 0.48344821, 13.110212;
 0, 0, 0, 1]
Twc:
[0.93535548, 0.14572626, 0.32229483, -5.4428654;
 -0.35241044, 0.46195564, 0.81388199, -9.110404;
 -0.030281939, -0.87484902, 0.48344821, -8.1522923;
 0, 0, 0, 1]
Ow:
[1.6335454;
 -2.1302538;
 13.110212]
Keyframe: 128 Frame: 1024 Frame from vFrameID : 1025
Tcw:
[0.91506827, -0.3988857, -0.059500076, 1.6350057;
 0.14171374, 0.45614916, -0.87854719, -2.0867901;
 0.37758079, 0.79549867, 0.47393522, 13.246905;
 0, 0, 0, 1]
Twc:
[0.91506827, 0.14171374, 0.37758079, -6.2021928;
 -0.3988857, 0.45614916, 0.79549867, -8.9338284;
 -0.059500076, -0.87854719, 0.47393522, -8.0142355;
 0, 0, 0, 1]
Ow:
[1.6350057;
 -2.0867901;
 13.246905]
Keyframe: 129 Frame: 1033 Frame from vFrameID : 1034
Tcw:
[0.92807609, -0.36366463, -0.08014255, 1.7040195;
 0.11235501, 0.47863293, -0.87079668, -2.0202122;
 0.35503682, 0.7991612, 0.48506731, 13.298464;
 0, 0, 0, 1]
Twc:
[0.92807609, 0.11235501, 0.35503682, -6.075923;
 -0.36366463, 0.47863293, 0.7991612, -9.0409842;
 -0.08014255, -0.87079668, 0.48506731, -8.0732803;
 0, 0, 0, 1]
Ow:
[1.7040195;
 -2.0202122;
 13.298464]
Keyframe: 130 Frame: 1041 Frame from vFrameID : 1042
Tcw:
[0.94202751, -0.33499795, -0.018988702, 1.5784129;
 0.15185586, 0.47612175, -0.8661685, -2.0098443;
 0.2992056, 0.81307101, 0.49939117, 13.458658;
 0, 0, 0, 1]
Twc:
[0.94202751, 0.15185586, 0.2992056, -5.2086072;
 -0.33499795, 0.47612175, 0.81307101, -9.4571486;
 -0.018988702, -0.8661685, 0.49939117, -8.4320269;
 0, 0, 0, 1]
Ow:
[1.5784129;
 -2.0098443;
 13.458658]
Keyframe: 131 Frame: 1050 Frame from vFrameID : 1051
Tcw:
[0.93066603, -0.36573243, -0.010024791, 1.5101302;
 0.1700891, 0.45675364, -0.8731814, -1.9741535;
 0.32392961, 0.8109352, 0.4872922, 13.59054;
 0, 0, 0, 1]
Twc:
[0.93066603, 0.1700891, 0.32392961, -5.4720235;
 -0.36573243, 0.45675364, 0.8109352, -9.5670424;
 -0.010024791, -0.8731814, 0.4872922, -8.3312206;
 0, 0, 0, 1]
Ow:
[1.5101302;
 -1.9741535;
 13.59054]
Keyframe: 132 Frame: 1058 Frame from vFrameID : 1059
Tcw:
[0.94142276, -0.33097574, -0.06463901, 1.6193683;
 0.11245073, 0.48880845, -0.86511338, -2.0707874;
 0.31792763, 0.80716872, 0.49739388, 13.740729;
 0, 0, 0, 1]
Twc:
[0.94142276, 0.11245073, 0.31792763, -5.6602063;
 -0.33097574, 0.48880845, 0.80716872, -9.5428972;
 -0.06463901, -0.86511338, 0.49739388, -8.5213461;
 0, 0, 0, 1]
Ow:
[1.6193683;
 -2.0707874;
 13.740729]
Keyframe: 133 Frame: 1066 Frame from vFrameID : 1067
Tcw:
[0.9661988, -0.25779754, -0.00053192256, 1.6352031;
 0.13099474, 0.4927299, -0.86026603, -1.9770799;
 0.22203656, 0.83111835, 0.50984514, 13.773702;
 0, 0, 0, 1]
Twc:
[0.9661988, 0.13099474, 0.22203656, -4.37921;
 -0.25779754, 0.4927299, 0.83111835, -10.051859;
 -0.00053192256, -0.86026603, 0.50984514, -8.7223997;
 0, 0, 0, 1]
Ow:
[1.6352031;
 -1.9770799;
 13.773702]
Keyframe: 134 Frame: 1075 Frame from vFrameID : 1076
Tcw:
[0.97555774, -0.21718736, 0.033417668, 1.7297292;
 0.14043695, 0.49925718, -0.85499692, -1.9650536;
 0.16901051, 0.83879197, 0.51755536, 13.892199;
 0, 0, 0, 1]
Twc:
[0.97555774, 0.14043695, 0.16901051, -3.7594121;
 -0.21718736, 0.49925718, 0.83879197, -10.295921;
 0.033417668, -0.85499692, 0.51755536, -8.9278994;
 0, 0, 0, 1]
Ow:
[1.7297292;
 -1.9650536;
 13.892199]
Keyframe: 135 Frame: 1083 Frame from vFrameID : 1084
Tcw:
[0.95706671, -0.28868484, 0.026160708, 1.696471;
 0.17394677, 0.49978817, -0.84850121, -2.1571183;
 0.23187463, 0.81662285, 0.52854639, 13.990761;
 0, 0, 0, 1]
Twc:
[0.95706671, 0.17394677, 0.23187463, -4.4925141;
 -0.28868484, 0.49978817, 0.81662285, -9.8573265;
 0.026160708, -0.84850121, 0.52854639, -9.2694645;
 0, 0, 0, 1]
Ow:
[1.696471;
 -2.1571183;
 13.990761]
Keyframe: 136 Frame: 1091 Frame from vFrameID : 1092
Tcw:
[0.9567166, -0.29097223, -0.0053370665, 1.6751915;
 0.1505964, 0.51068711, -0.84647471, -2.174521;
 0.24902619, 0.80903262, 0.53240222, 14.049158;
 0, 0, 0, 1]
Twc:
[0.9567166, 0.1505964, 0.24902619, -4.7738171;
 -0.29097223, 0.51068711, 0.80903262, -9.7682943;
 -0.0053370665, -0.84647471, 0.53240222, -9.3115396;
 0, 0, 0, 1]
Ow:
[1.6751915;
 -2.174521;
 14.049158]
Keyframe: 137 Frame: 1098 Frame from vFrameID : 1099
Tcw:
[0.97139889, -0.23682751, 0.017232258, 1.6625915;
 0.14055416, 0.51498491, -0.84559745, -2.1351957;
 0.19138639, 0.82383448, 0.53354287, 14.101616;
 0, 0, 0, 1]
Twc:
[0.97139889, 0.14055416, 0.19138639, -4.0137863;
 -0.23682751, 0.51498491, 0.82383448, -10.124057;
 0.017232258, -0.84559745, 0.53354287, -9.3579836;
 0, 0, 0, 1]
Ow:
[1.6625915;
 -2.1351957;
 14.101616]
Keyframe: 138 Frame: 1105 Frame from vFrameID : 1106
Tcw:
[0.97491932, -0.21370143, 0.062160812, 1.6841795;
 0.17239477, 0.54848063, -0.81819868, -2.1431561;
 0.14075622, 0.8083939, 0.57156539, 14.104599;
 0, 0, 0, 1]
Twc:
[0.97491932, 0.17239477, 0.14075622, -3.2577803;
 -0.21370143, 0.54848063, 0.8083939, -9.8666801;
 0.062160812, -0.81819868, 0.57156539, -9.9199181;
 0, 0, 0, 1]
Ow:
[1.6841795;
 -2.1431561;
 14.104599]
Keyframe: 139 Frame: 1112 Frame from vFrameID : 1113
Tcw:
[0.97381127, -0.22439513, 0.036585256, 1.7065654;
 0.15208502, 0.52330297, -0.83846533, -2.220015;
 0.16900235, 0.82207108, 0.54372543, 14.147769;
 0, 0, 0, 1]
Twc:
[0.97381127, 0.15208502, 0.16900235, -3.7152479;
 -0.22439513, 0.52330297, 0.82207108, -10.085786;
 0.036585256, -0.83846533, 0.54372543, -9.6163425;
 0, 0, 0, 1]
Ow:
[1.7065654;
 -2.220015;
 14.147769]
Keyframe: 140 Frame: 1118 Frame from vFrameID : 1119
Tcw:
[0.97636449, -0.21594615, 0.0089258412, 1.7102779;
 0.12604336, 0.53536361, -0.83516395, -2.2096024;
 0.17557187, 0.81654948, 0.54992861, 14.175564;
 0, 0, 0, 1]
Twc:
[0.97636449, 0.12604336, 0.17557187, -3.8801789;
 -0.21594615, 0.53536361, 0.81654948, -10.022779;
 0.0089258412, -0.83516395, 0.54992861, -9.6561937;
 0, 0, 0, 1]
Ow:
[1.7102779;
 -2.2096024;
 14.175564]
Keyframe: 141 Frame: 1124 Frame from vFrameID : 1125
Tcw:
[0.97241771, -0.23076378, 0.033939756, 1.6788845;
 0.15204956, 0.51681364, -0.84248716, -2.1490712;
 0.176875, 0.8244099, 0.53764629, 14.331585;
 0, 0, 0, 1]
Twc:
[0.97241771, 0.15204956, 0.176875, -3.8407106;
 -0.23076378, 0.51681364, 0.8244099, -10.317006;
 0.033939756, -0.84248716, 0.53764629, -9.5728683;
 0, 0, 0, 1]
Ow:
[1.6788845;
 -2.1490712;
 14.331585]
Keyframe: 142 Frame: 1130 Frame from vFrameID : 1131
Tcw:
[0.96825886, -0.23957263, 0.071272127, 1.6080914;
 0.18390663, 0.48973563, -0.85225427, -2.1898956;
 0.1692723, 0.83831018, 0.51824987, 14.438356;
 0, 0, 0, 1]
Twc:
[0.96825886, 0.18390663, 0.1692723, -3.5983262;
 -0.23957263, 0.48973563, 0.83831018, -10.646097;
 0.071272127, -0.85225427, 0.51824987, -9.4636364;
 0, 0, 0, 1]
Ow:
[1.6080914;
 -2.1898956;
 14.438356]
Keyframe: 143 Frame: 1135 Frame from vFrameID : 1136
Tcw:
[0.96541494, -0.25095758, 0.070669852, 1.5754659;
 0.19495355, 0.51489359, -0.83479202, -2.2355161;
 0.17310992, 0.81969804, 0.54601109, 14.473839;
 0, 0, 0, 1]
Twc:
[0.96541494, 0.19495355, 0.17310992, -3.5907218;
 -0.25095758, 0.51489359, 0.81969804, -10.317749;
 0.070669852, -0.83479202, 0.54601109, -9.8804045;
 0, 0, 0, 1]
Ow:
[1.5754659;
 -2.2355161;
 14.473839]
Keyframe: 144 Frame: 1140 Frame from vFrameID : 1141
Tcw:
[0.96519101, -0.26128811, 0.011610905, 1.6807369;
 0.14909898, 0.51320857, -0.84521389, -2.166502;
 0.21488552, 0.81752402, 0.53430206, 14.471613;
 0, 0, 0, 1]
Twc:
[0.96519101, 0.14909898, 0.21488552, -4.4089489;
 -0.26128811, 0.51320857, 0.81752402, -10.279867;
 0.011610905, -0.84521389, 0.53430206, -9.5828848;
 0, 0, 0, 1]
Ow:
[1.6807369;
 -2.166502;
 14.471613]
Keyframe: 145 Frame: 1145 Frame from vFrameID : 1146
Tcw:
[0.94927746, -0.31371003, -0.021408683, 1.6708076;
 0.13588308, 0.47067174, -0.871782, -2.2367325;
 0.28356323, 0.82465392, 0.48942596, 14.537839;
 0, 0, 0, 1]
Twc:
[0.94927746, 0.13588308, 0.28356323, -5.4045224;
 -0.31371003, 0.47067174, 0.82465392, -10.41177;
 -0.021408683, -0.871782, 0.48942596, -9.0293694;
 0, 0, 0, 1]
Ow:
[1.6708076;
 -2.2367325;
 14.537839]
Keyframe: 146 Frame: 1152 Frame from vFrameID : 1153
Tcw:
[0.9557308, -0.28590691, -0.069540478, 1.7261374;
 0.095286556, 0.52433479, -0.84616399, -2.2541409;
 0.27838662, 0.80207872, 0.52836603, 14.638372;
 0, 0, 0, 1]
Twc:
[0.9557308, 0.095286556, 0.27838662, -5.5100603;
 -0.28590691, 0.52433479, 0.80207872, -10.065687;
 -0.069540478, -0.84616399, 0.52836603, -9.5217543;
 0, 0, 0, 1]
Ow:
[1.7261374;
 -2.2541409;
 14.638372]
Keyframe: 147 Frame: 1159 Frame from vFrameID : 1160
Tcw:
[0.96161705, -0.27265108, -0.030887971, 1.7427452;
 0.12275965, 0.52815038, -0.84023046, -2.270124;
 0.24540325, 0.80418813, 0.54134899, 14.654839;
 0, 0, 0, 1]
Twc:
[0.96161705, 0.12275965, 0.24540325, -4.9935188;
 -0.27265108, 0.52815038, 0.80418813, -10.111119;
 -0.030887971, -0.84023046, 0.54134899, -9.7869787;
 0, 0, 0, 1]
Ow:
[1.7427452;
 -2.270124;
 14.654839]
Keyframe: 148 Frame: 1164 Frame from vFrameID : 1165
Tcw:
[0.97333843, -0.22930212, 0.0057274695, 1.6569471;
 0.12596649, 0.5134998, -0.84879351, -2.2608504;
 0.1916891, 0.82688481, 0.52869344, 14.770288;
 0, 0, 0, 1]
Twc:
[0.97333843, 0.12596649, 0.1916891, -4.1592827;
 -0.22930212, 0.5134998, 0.82688481, -10.672441;
 0.0057274695, -0.84879351, 0.52869344, -9.7374411;
 0, 0, 0, 1]
Ow:
[1.6569471;
 -2.2608504;
 14.770288]
Keyframe: 149 Frame: 1170 Frame from vFrameID : 1171
Tcw:
[0.97232038, -0.23349196, 0.0086369962, 1.714945;
 0.13292694, 0.5223853, -0.84228504, -2.2599545;
 0.19215493, 0.82011896, 0.5389632, 14.818682;
 0, 0, 0, 1]
Twc:
[0.97232038, 0.13292694, 0.19215493, -4.21455;
 -0.23349196, 0.5223853, 0.82011896, -10.572089;
 0.0086369962, -0.84228504, 0.5389632, -9.9050627;
 0, 0, 0, 1]
Ow:
[1.714945;
 -2.2599545;
 14.818682]
Keyframe: 150 Frame: 1176 Frame from vFrameID : 1177
Tcw:
[0.96031481, -0.27878791, -0.008532133, 1.759735;
 0.13492352, 0.49109641, -0.86059278, -2.2040906;
 0.24411298, 0.82528883, 0.50922221, 14.922968;
 0, 0, 0, 1]
Twc:
[0.96031481, 0.13492352, 0.24411298, -5.0354056;
 -0.27878791, 0.49109641, 0.82528883, -10.742744;
 -0.008532133, -0.86059278, 0.50922221, -9.480916;
 0, 0, 0, 1]
Ow:
[1.759735;
 -2.2040906;
 14.922968]
Keyframe: 151 Frame: 1182 Frame from vFrameID : 1183
Tcw:
[0.9646641, -0.26157695, -0.031633444, 1.6947612;
 0.10527565, 0.49270678, -0.86380386, -2.2344236;
 0.24153718, 0.82995033, 0.5028342, 14.973294;
 0, 0, 0, 1]
Twc:
[0.9646641, 0.10527565, 0.24153718, -5.016252;
 -0.26157695, 0.49270678, 0.82995033, -10.882864;
 -0.031633444, -0.86380386, 0.5028342, -9.4055767;
 0, 0, 0, 1]
Ow:
[1.6947612;
 -2.2344236;
 14.973294]
Keyframe: 152 Frame: 1188 Frame from vFrameID : 1189
Tcw:
[0.96480101, -0.26263168, -0.013549735, 1.6574389;
 0.11517989, 0.46831939, -0.87601972, -2.2207341;
 0.23641613, 0.84362406, 0.4820849, 15.04615;
 0, 0, 0, 1]
Twc:
[0.96480101, 0.11517989, 0.23641613, -4.9004674;
 -0.26263168, 0.46831939, 0.84362406, -11.217985;
 -0.013549735, -0.87601972, 0.4820849, -9.1764708;
 0, 0, 0, 1]
Ow:
[1.6574389;
 -2.2207341;
 15.04615]
Keyframe: 153 Frame: 1195 Frame from vFrameID : 1196
Tcw:
[0.97116023, -0.23611099, 0.033157185, 1.6363416;
 0.14589103, 0.4784734, -0.86589777, -2.2418613;
 0.18858315, 0.84576285, 0.49912083, 15.100932;
 0, 0, 0, 1]
Twc:
[0.97116023, 0.14589103, 0.18858315, -4.1098638;
 -0.23611099, 0.4784734, 0.84576285, -11.312778;
 0.033157185, -0.86589777, 0.49912083, -9.5326691;
 0, 0, 0, 1]
Ow:
[1.6363416;
 -2.2418613;
 15.100932]
Keyframe: 154 Frame: 1202 Frame from vFrameID : 1203
Tcw:
[0.95576286, -0.29413816, -0.00024182833, 1.5755259;
 0.14218719, 0.4627378, -0.875018, -2.2879086;
 0.2574881, 0.83627534, 0.48409027, 15.139103;
 0, 0, 0, 1]
Twc:
[0.95576286, 0.14218719, 0.2574881, -5.0786567;
 -0.29413816, 0.4627378, 0.83627534, -11.138335;
 -0.00024182833, -0.875018, 0.48409027, -9.3302736;
 0, 0, 0, 1]
Ow:
[1.5755259;
 -2.2879086;
 15.139103]
Keyframe: 155 Frame: 1208 Frame from vFrameID : 1209
Tcw:
[0.9309575, -0.35909995, -0.066070549, 1.5810795;
 0.1218257, 0.47607133, -0.87092745, -2.2924623;
 0.34420431, 0.80274737, 0.4869498, 15.121928;
 0, 0, 0, 1]
Twc:
[0.9309575, 0.1218257, 0.34420431, -6.3976693;
 -0.35909995, 0.47607133, 0.80274737, -10.479946;
 -0.066070549, -0.87092745, 0.4869498, -9.2557249;
 0, 0, 0, 1]
Ow:
[1.5810795;
 -2.2924623;
 15.121928]
