Keyframe: 0 Frame: 0 Frame from vFrameID : 196
Tcw:
[0.93054974, 0.13260776, 0.3413097, 0.019066138;
 0.25080845, 0.44829232, -0.85797966, -0.039794169;
 -0.26678127, 0.88399613, 0.38389918, 0.18017302;
 0, 0, 0, 1]
Twc:
[0.93054974, 0.25080845, -0.26678127, 0.040305518;
 0.13260776, 0.44829232, 0.88399613, -0.14396116;
 0.3413097, -0.85797966, 0.38389918, -0.10981832;
 0, 0, 0, 1]
Ow:
[0.019066138;
 -0.039794169;
 0.18017302]
Keyframe: 1 Frame: 195 Frame from vFrameID : 196
Tcw:
[0.93145818, 0.11746108, 0.34436688, 0.018788539;
 0.25121459, 0.4770433, -0.8422119, -0.0586976;
 -0.26320505, 0.87099516, 0.41483796, 0.16489002;
 0, 0, 0, 1]
Twc:
[0.93145818, 0.25121459, -0.26320505, 0.040644839;
 0.11746108, 0.4770433, 0.87099516, -0.11782403;
 0.34436688, -0.8422119, 0.41483796, -0.12430861;
 0, 0, 0, 1]
Ow:
[0.018788539;
 -0.0586976;
 0.16489002]
Keyframe: 2 Frame: 198 Frame from vFrameID : 199
Tcw:
[0.93057072, 0.12765294, 0.34313688, 0.028180772;
 0.24778171, 0.47038171, -0.84696239, -0.060844112;
 -0.26952255, 0.8731814, 0.40609339, 0.18311939;
 0, 0, 0, 1]
Twc:
[0.93057072, 0.24778171, -0.26952255, 0.038206659;
 0.12765294, 0.47038171, 0.8731814, -0.13487384;
 0.34313688, -0.84696239, 0.40609339, -0.1355661;
 0, 0, 0, 1]
Ow:
[0.028180772;
 -0.060844112;
 0.18311939]
Keyframe: 3 Frame: 201 Frame from vFrameID : 202
Tcw:
[0.9327985, 0.1283849, 0.33675548, 0.031290434;
 0.24258816, 0.46735686, -0.85013443, -0.063149072;
 -0.26652941, 0.87469703, 0.40480512, 0.18589078;
 0, 0, 0, 1]
Twc:
[0.9327985, 0.24258816, -0.26652941, 0.035676908;
 0.1283849, 0.46735686, 0.87469703, -0.13710217;
 0.33675548, -0.85013443, 0.40480512, -0.13947196;
 0, 0, 0, 1]
Ow:
[0.031290434;
 -0.063149072;
 0.18589078]
Keyframe: 4 Frame: 204 Frame from vFrameID : 205
Tcw:
[0.93567443, 0.11683869, 0.33295965, 0.03710755;
 0.24518082, 0.4633368, -0.85158992, -0.070604071;
 -0.2537711, 0.87844622, 0.40488577, 0.19549976;
 0, 0, 0, 1]
Twc:
[0.93567443, 0.24518082, -0.2537711, 0.03220237;
 0.11683869, 0.4633368, 0.87844622, -0.14335816;
 0.33295965, -0.85158992, 0.40488577, -0.15163611;
 0, 0, 0, 1]
Ow:
[0.03710755;
 -0.070604071;
 0.19549976]
Keyframe: 5 Frame: 207 Frame from vFrameID : 208
Tcw:
[0.94194609, 0.11251321, 0.31635156, 0.043494515;
 0.23323119, 0.45852393, -0.85753077, -0.073524281;
 -0.2415383, 0.88153082, 0.40566322, 0.19866185;
 0, 0, 0, 1]
Twc:
[0.94194609, 0.23323119, -0.2415383, 0.02416311;
 0.11251321, 0.45852393, 0.88153082, -0.1463076;
 0.31635156, -0.85753077, 0.40566322, -0.1573987;
 0, 0, 0, 1]
Ow:
[0.043494515;
 -0.073524281;
 0.19866185]
Keyframe: 6 Frame: 210 Frame from vFrameID : 211
Tcw:
[0.93813264, 0.1083568, 0.32888594, 0.046357013;
 0.24890639, 0.44927981, -0.85801703, -0.074573345;
 -0.24073379, 0.88679564, 0.39451334, 0.20786695;
 0, 0, 0, 1]
Twc:
[0.93813264, 0.24890639, -0.24073379, 0.025113359;
 0.1083568, 0.44927981, 0.88679564, -0.1558543;
 0.32888594, -0.85801703, 0.39451334, -0.16123766;
 0, 0, 0, 1]
Ow:
[0.046357013;
 -0.074573345;
 0.20786695]
Keyframe: 7 Frame: 213 Frame from vFrameID : 214
Tcw:
[0.93215555, 0.097126022, 0.34878725, 0.017980728;
 0.28260294, 0.40700221, -0.86861086, -0.067288533;
 -0.22632189, 0.90824872, 0.35194126, 0.30426565;
 0, 0, 0, 1]
Twc:
[0.93215555, 0.28260294, -0.22632189, 0.071117073;
 0.097126022, 0.40700221, 0.90824872, -0.2507087;
 0.34878725, -0.86861086, 0.35194126, -0.17180263;
 0, 0, 0, 1]
Ow:
[0.017980728;
 -0.067288533;
 0.30426565]
Keyframe: 8 Frame: 217 Frame from vFrameID : 218
Tcw:
[0.93032134, 0.086877167, 0.35630685, 0.019374683;
 0.29736924, 0.38992703, -0.87150925, -0.070551008;
 -0.21464792, 0.91673839, 0.33692285, 0.32706147;
 0, 0, 0, 1]
Twc:
[0.93032134, 0.29736924, -0.21464792, 0.073158093;
 0.086877167, 0.38992703, 0.91673839, -0.27400327;
 0.35630685, -0.87150925, 0.33692285, -0.17858368;
 0, 0, 0, 1]
Ow:
[0.019374683;
 -0.070551008;
 0.32706147]
Keyframe: 9 Frame: 222 Frame from vFrameID : 223
Tcw:
[0.92824316, 0.11957522, 0.35223067, 0.013026517;
 0.2969304, 0.33215436, -0.89526856, -0.037457466;
 -0.22404689, 0.93561488, 0.27281448, 0.42868724;
 0, 0, 0, 1]
Twc:
[0.92824316, 0.2969304, -0.22404689, 0.095076531;
 0.11957522, 0.33215436, 0.93561488, -0.39020216;
 0.35223067, -0.89526856, 0.27281448, -0.15507492;
 0, 0, 0, 1]
Ow:
[0.013026517;
 -0.037457466;
 0.42868724]
Keyframe: 10 Frame: 226 Frame from vFrameID : 227
Tcw:
[0.93570161, 0.12294268, 0.33067748, 0.035920419;
 0.26521829, 0.37295562, -0.88913631, -0.070410475;
 -0.23264083, 0.91966796, 0.31636855, 0.43186596;
 0, 0, 0, 1]
Twc:
[0.93570161, 0.26521829, -0.23264083, 0.085533001;
 0.12294268, 0.37295562, 0.91966796, -0.37532946;
 0.33067748, -0.88913631, 0.31636855, -0.21111138;
 0, 0, 0, 1]
Ow:
[0.035920419;
 -0.070410475;
 0.43186596]
Keyframe: 11 Frame: 232 Frame from vFrameID : 233
Tcw:
[0.93559808, 0.12026931, 0.33195105, 0.06835942;
 0.26770735, 0.37133726, -0.88906771, -0.09028019;
 -0.23019336, 0.92067581, 0.31522545, 0.4730885;
 0, 0, 0, 1]
Twc:
[0.93559808, 0.26770735, -0.23019336, 0.06911356;
 0.12026931, 0.37133726, 0.92067581, -0.41025826;
 0.33195105, -0.88906771, 0.31522545, -0.25208673;
 0, 0, 0, 1]
Ow:
[0.06835942;
 -0.09028019;
 0.4730885]
Keyframe: 12 Frame: 237 Frame from vFrameID : 238
Tcw:
[0.92365909, 0.128214, 0.36113027, 0.066758983;
 0.29645571, 0.35808584, -0.88537478, -0.10763478;
 -0.24283308, 0.92484361, 0.29273945, 0.506625;
 0, 0, 0, 1]
Twc:
[0.92365909, 0.29645571, -0.24283308, 0.093271717;
 0.128214, 0.35808584, 0.92484361, -0.43856585;
 0.36113027, -0.88537478, 0.29273945, -0.26771495;
 0, 0, 0, 1]
Ow:
[0.066758983;
 -0.10763478;
 0.506625]
Keyframe: 13 Frame: 243 Frame from vFrameID : 244
Tcw:
[0.90157408, 0.13745897, 0.41020626, 0.075384639;
 0.33131006, 0.39036423, -0.85898161, -0.1440244;
 -0.27820459, 0.91034102, 0.30640075, 0.56143445;
 0, 0, 0, 1]
Twc:
[0.90157408, 0.33131006, -0.27820459, 0.13594553;
 0.13745897, 0.39036423, 0.91034102, -0.46523714;
 0.41020626, -0.85898161, 0.30640075, -0.3266615;
 0, 0, 0, 1]
Ow:
[0.075384639;
 -0.1440244;
 0.56143445]
Keyframe: 14 Frame: 249 Frame from vFrameID : 250
Tcw:
[0.89528996, 0.11434823, 0.43055817, 0.007627964;
 0.37334543, 0.33469519, -0.86521232, -0.12617028;
 -0.24304125, 0.93536282, 0.25695783, 0.64353448;
 0, 0, 0, 1]
Twc:
[0.89528996, 0.37334543, -0.24304125, 0.19668129;
 0.11434823, 0.33469519, 0.93536282, -0.56058192;
 0.43055817, -0.86521232, 0.25695783, -0.27780959;
 0, 0, 0, 1]
Ow:
[0.007627964;
 -0.12617028;
 0.64353448]
Keyframe: 15 Frame: 255 Frame from vFrameID : 256
Tcw:
[0.91248274, 0.073424958, 0.40247238, 0.0041900352;
 0.35964981, 0.3249481, -0.87467754, -0.12347829;
 -0.19500579, 0.94287723, 0.27010226, 0.6840471;
 0, 0, 0, 1]
Twc:
[0.91248274, 0.35964981, -0.19500579, 0.17397876;
 0.073424958, 0.3249481, 0.94287723, -0.60515612;
 0.40247238, -0.87467754, 0.27010226, -0.29445273;
 0, 0, 0, 1]
Ow:
[0.0041900352;
 -0.12347829;
 0.6840471]
Keyframe: 16 Frame: 262 Frame from vFrameID : 263
Tcw:
[0.88150424, 0.095856547, 0.46234375, -0.15000591;
 0.40538493, 0.34841886, -0.84514338, -0.15040445;
 -0.24210182, 0.93242472, 0.26827392, 0.76597929;
 0, 0, 0, 1]
Twc:
[0.88150424, 0.40538493, -0.24210182, 0.37864751;
 0.095856547, 0.34841886, 0.93242472, -0.64743519;
 0.46234375, -0.84514338, 0.26827392, -0.2632513;
 0, 0, 0, 1]
Ow:
[-0.15000591;
 -0.15040445;
 0.76597929]
Keyframe: 17 Frame: 268 Frame from vFrameID : 269
Tcw:
[0.86732823, 0.12645756, 0.48140448, -0.11507542;
 0.42146587, 0.32792079, -0.84547883, -0.16049235;
 -0.26477972, 0.93620318, 0.2311174, 0.81464481;
 0, 0, 0, 1]
Twc:
[0.86732823, 0.42146587, -0.26477972, 0.38315162;
 0.12645756, 0.32792079, 0.93620318, -0.69549215;
 0.48140448, -0.84547883, 0.2311174, -0.26857367;
 0, 0, 0, 1]
Ow:
[-0.11507542;
 -0.16049235;
 0.81464481]
Keyframe: 18 Frame: 276 Frame from vFrameID : 277
Tcw:
[0.85826564, 0.14553638, 0.49213746, -0.064901099;
 0.40921491, 0.38464442, -0.82740062, -0.11672066;
 -0.30971482, 0.91151953, 0.27057141, 0.82361019;
 0, 0, 0, 1]
Twc:
[0.85826564, 0.40921491, -0.30971482, 0.35855049;
 0.14553638, 0.38464442, 0.91151953, -0.69639534;
 0.49213746, -0.82740062, 0.27057141, -0.28747988;
 0, 0, 0, 1]
Ow:
[-0.064901099;
 -0.11672066;
 0.82361019]
Keyframe: 19 Frame: 282 Frame from vFrameID : 283
Tcw:
[0.88956827, 0.14859064, 0.43195957, 0.034630641;
 0.36118522, 0.35013816, -0.86426181, -0.074251235;
 -0.27966675, 0.92483735, 0.25780305, 0.86867666;
 0, 0, 0, 1]
Twc:
[0.88956827, 0.36118522, -0.27966675, 0.23895212;
 0.14859064, 0.35013816, 0.92483735, -0.78253222;
 0.43195957, -0.86426181, 0.25780305, -0.30307904;
 0, 0, 0, 1]
Ow:
[0.034630641;
 -0.074251235;
 0.86867666]
Keyframe: 20 Frame: 290 Frame from vFrameID : 291
Tcw:
[0.89827484, 0.13757245, 0.41734415, -0.055254146;
 0.34502557, 0.36736032, -0.86371511, -0.10132185;
 -0.2721391, 0.91984791, 0.2825245, 0.9707045;
 0, 0, 0, 1]
Twc:
[0.89827484, 0.34502557, -0.2721391, 0.34875867;
 0.13757245, 0.36736032, 0.91984791, -0.84807748;
 0.41734415, -0.86371511, 0.2825245, -0.33870104;
 0, 0, 0, 1]
Ow:
[-0.055254146;
 -0.10132185;
 0.9707045]
Keyframe: 21 Frame: 295 Frame from vFrameID : 296
Tcw:
[0.93213457, 0.14676161, 0.33103803, 0.12894692;
 0.23623049, 0.44640696, -0.86308515, -0.036340445;
 -0.27444544, 0.88271278, 0.38144177, 0.76601452;
 0, 0, 0, 1]
Twc:
[0.93213457, 0.23623049, -0.27444544, 0.098618038;
 0.14676161, 0.44640696, 0.88271278, -0.67887264;
 0.33103803, -0.86308515, 0.38144177, -0.36624119;
 0, 0, 0, 1]
Ow:
[0.12894692;
 -0.036340445;
 0.76601452]
Keyframe: 22 Frame: 299 Frame from vFrameID : 300
Tcw:
[0.89259791, 0.15550174, 0.42318806, 0.021710753;
 0.35487726, 0.33662266, -0.8722083, -0.085067272;
 -0.27808461, 0.92871118, 0.24528465, 1.000571;
 0, 0, 0, 1]
Twc:
[0.89259791, 0.35487726, -0.27808461, 0.28905284;
 0.15550174, 0.33662266, 0.92871118, -0.90398192;
 0.42318806, -0.8722083, 0.24528465, -0.32880881;
 0, 0, 0, 1]
Ow:
[0.021710753;
 -0.085067272;
 1.000571]
Keyframe: 23 Frame: 305 Frame from vFrameID : 306
Tcw:
[0.87972432, 0.18987951, 0.43592536, 0.053587079;
 0.35402137, 0.35046145, -0.86709034, -0.12647146;
 -0.31741771, 0.91712731, 0.24108806, 0.98530626;
 0, 0, 0, 1]
Twc:
[0.87972432, 0.35402137, -0.31741771, 0.31038544;
 0.18987951, 0.35046145, 0.91712731, -0.86950308;
 0.43592536, -0.86709034, 0.24108806, -0.37056774;
 0, 0, 0, 1]
Ow:
[0.053587079;
 -0.12647146;
 0.98530626]
Keyframe: 24 Frame: 311 Frame from vFrameID : 312
Tcw:
[0.85611051, 0.199426, 0.47676414, 0.037983596;
 0.38001654, 0.38228017, -0.84228814, -0.16854627;
 -0.35023162, 0.90226996, 0.25148889, 1.0748154;
 0, 0, 0, 1]
Twc:
[0.85611051, 0.38001654, -0.35023162, 0.40796658;
 0.199426, 0.38228017, 0.90226996, -0.91291672;
 0.47676414, -0.84228814, 0.25148889, -0.43037787;
 0, 0, 0, 1]
Ow:
[0.037983596;
 -0.16854627;
 1.0748154]
Keyframe: 25 Frame: 316 Frame from vFrameID : 317
Tcw:
[0.84488535, 0.21572514, 0.48952159, 0.071651071;
 0.38283563, 0.3953166, -0.83496207, -0.32802284;
 -0.37363833, 0.89285356, 0.25140995, 1.1645764;
 0, 0, 0, 1]
Twc:
[0.84488535, 0.38283563, -0.37363833, 0.50017226;
 0.21572514, 0.3953166, 0.89285356, -0.9255802;
 0.48952159, -0.83496207, 0.25140995, -0.60174745;
 0, 0, 0, 1]
Ow:
[0.071651071;
 -0.32802284;
 1.1645764]
Keyframe: 26 Frame: 321 Frame from vFrameID : 322
Tcw:
[0.86846834, 0.21407329, 0.44714129, 0.095387831;
 0.35898706, 0.35047305, -0.86504155, -0.22434716;
 -0.34189326, 0.91177917, 0.22752519, 1.1568856;
 0, 0, 0, 1]
Twc:
[0.86846834, 0.35898706, -0.34189326, 0.39322782;
 0.21407329, 0.35047305, 0.91177917, -0.9966166;
 0.44714129, -0.86504155, 0.22752519, -0.49994212;
 0, 0, 0, 1]
Ow:
[0.095387831;
 -0.22434716;
 1.1568856]
Keyframe: 27 Frame: 325 Frame from vFrameID : 326
Tcw:
[0.8712337, 0.21735677, 0.44012257, 0.1084554;
 0.33889163, 0.38230565, -0.85964811, -0.27263856;
 -0.35511169, 0.89810824, 0.25941718, 1.1929839;
 0, 0, 0, 1]
Twc:
[0.8712337, 0.33889163, -0.35511169, 0.42154738;
 0.21735677, 0.38230565, 0.89810824, -0.99077088;
 0.44012257, -0.85964811, 0.25941718, -0.59158736;
 0, 0, 0, 1]
Ow:
[0.1084554;
 -0.27263856;
 1.1929839]
Keyframe: 28 Frame: 331 Frame from vFrameID : 332
Tcw:
[0.85761231, 0.21740134, 0.46608776, 0.12321635;
 0.35053173, 0.41606718, -0.83905637, -0.3176387;
 -0.3763358, 0.8829636, 0.28061828, 1.2110636;
 0, 0, 0, 1]
Twc:
[0.85761231, 0.35053173, -0.3763358, 0.4614372;
 0.21740134, 0.41606718, 0.8829636, -0.96395355;
 0.46608776, -0.83905637, 0.28061828, -0.66379297;
 0, 0, 0, 1]
Ow:
[0.12321635;
 -0.3176387;
 1.2110636]
Keyframe: 29 Frame: 337 Frame from vFrameID : 338
Tcw:
[0.86512053, 0.20084338, 0.45959592, -0.085967839;
 0.35328087, 0.40644208, -0.84261346, -0.17292137;
 -0.35603246, 0.89132863, 0.28066725, 1.2832773;
 0, 0, 0, 1]
Twc:
[0.86512053, 0.35328087, -0.35603246, 0.59235078;
 0.20084338, 0.40644208, 0.89132863, -1.0562733;
 0.45959592, -0.84261346, 0.28066725, -0.46636936;
 0, 0, 0, 1]
Ow:
[-0.085967839;
 -0.17292137;
 1.2832773]
Keyframe: 30 Frame: 343 Frame from vFrameID : 344
Tcw:
[0.8425861, 0.19362058, 0.50255316, -0.072290599;
 0.38523751, 0.43540412, -0.81364322, -0.39742053;
 -0.3763518, 0.87916684, 0.29227558, 1.3071332;
 0, 0, 0, 1]
Twc:
[0.8425861, 0.38523751, -0.3763518, 0.70595425;
 0.19362058, 0.43540412, 0.87916684, -0.9621526;
 0.50255316, -0.81364322, 0.29227558, -0.66907173;
 0, 0, 0, 1]
Ow:
[-0.072290599;
 -0.39742053;
 1.3071332]
Keyframe: 31 Frame: 348 Frame from vFrameID : 349
Tcw:
[0.85938871, 0.19340196, 0.47333577, -0.082825094;
 0.37207717, 0.39842936, -0.83833921, -0.29057735;
 -0.35072732, 0.89657664, 0.27044526, 1.4244902;
 0, 0, 0, 1]
Twc:
[0.85938871, 0.37207717, -0.35072732, 0.67890382;
 0.19340196, 0.39842936, 0.89657664, -1.1453717;
 0.47333577, -0.83833921, 0.27044526, -0.58964491;
 0, 0, 0, 1]
Ow:
[-0.082825094;
 -0.29057735;
 1.4244902]
Keyframe: 32 Frame: 353 Frame from vFrameID : 354
Tcw:
[0.87766635, 0.20084056, 0.43516067, -0.016427994;
 0.34094957, 0.37647119, -0.86140746, -0.32817498;
 -0.33683103, 0.90439624, 0.26193959, 1.4227852;
 0, 0, 0, 1]
Twc:
[0.87766635, 0.34094957, -0.33683103, 0.60554761;
 0.20084056, 0.37647119, 0.90439624, -1.1599137;
 0.43516067, -0.86140746, 0.26193959, -0.64822733;
 0, 0, 0, 1]
Ow:
[-0.016427994;
 -0.32817498;
 1.4227852]
Keyframe: 33 Frame: 360 Frame from vFrameID : 361
Tcw:
[0.88709396, 0.17468171, 0.42725945, 0.039535582;
 0.32444727, 0.42242897, -0.84633785, -0.37182015;
 -0.32832649, 0.88940436, 0.31805918, 1.4463305;
 0, 0, 0, 1]
Twc:
[0.88709396, 0.32444727, -0.32832649, 0.56043291;
 0.17468171, 0.42242897, 0.88940436, -1.1362112;
 0.42725945, -0.84633785, 0.31805918, -0.79159611;
 0, 0, 0, 1]
Ow:
[0.039535582;
 -0.37182015;
 1.4463305]
Keyframe: 34 Frame: 364 Frame from vFrameID : 365
Tcw:
[0.87663972, 0.1921054, 0.44113293, 0.084792286;
 0.33783537, 0.40705854, -0.84862864, -0.38557148;
 -0.34259307, 0.89297193, 0.2919437, 1.4711647;
 0, 0, 0, 1]
Twc:
[0.87663972, 0.33783537, -0.34259307, 0.55993825;
 0.1921054, 0.40705854, 0.89297193, -1.1730477;
 0.44113293, -0.84862864, 0.2919437, -0.79410893;
 0, 0, 0, 1]
Ow:
[0.084792286;
 -0.38557148;
 1.4711647]
Keyframe: 35 Frame: 372 Frame from vFrameID : 373
Tcw:
[0.85297394, 0.21250461, 0.47673607, 0.10625601;
 0.36108798, 0.41928837, -0.83295423, -0.42310137;
 -0.3768965, 0.8826319, 0.28090918, 1.494442;
 0, 0, 0, 1]
Twc:
[0.85297394, 0.36108798, -0.3768965, 0.62539315;
 0.21250461, 0.41928837, 0.8826319, -1.1642206;
 0.47673607, -0.83295423, 0.28090918, -0.82288259;
 0, 0, 0, 1]
Ow:
[0.10625601;
 -0.42310137;
 1.494442]
Keyframe: 36 Frame: 379 Frame from vFrameID : 380
Tcw:
[0.86705172, 0.19046901, 0.46037248, 0.068034142;
 0.35649118, 0.40833354, -0.84034383, -0.40378046;
 -0.34804499, 0.89274031, 0.28614581, 1.5936623;
 0, 0, 0, 1]
Twc:
[0.86705172, 0.35649118, -0.34804499, 0.6396212;
 0.19046901, 0.40833354, 0.89274031, -1.2708079;
 0.46037248, -0.84034383, 0.28614581, -0.82665521;
 0, 0, 0, 1]
Ow:
[0.068034142;
 -0.40378046;
 1.5936623]
Keyframe: 37 Frame: 386 Frame from vFrameID : 387
Tcw:
[0.88352096, 0.19747441, 0.42472875, 0.15486941;
 0.32242972, 0.40132144, -0.85730988, -0.43418568;
 -0.33974952, 0.89439642, 0.29090428, 1.6045051;
 0, 0, 0, 1]
Twc:
[0.88352096, 0.32242972, -0.33974952, 0.54829383;
 0.19747441, 0.40132144, 0.89439642, -1.2913983;
 0.42472875, -0.85730988, 0.29090428, -0.90476656;
 0, 0, 0, 1]
Ow:
[0.15486941;
 -0.43418568;
 1.6045051]
Keyframe: 38 Frame: 393 Frame from vFrameID : 394
Tcw:
[0.88056308, 0.18961038, 0.43434617, 0.12799731;
 0.33189088, 0.407518, -0.85075116, -0.43331823;
 -0.33831513, 0.89329559, 0.29591534, 1.6533699;
 0, 0, 0, 1]
Twc:
[0.88056308, 0.33189088, -0.33831513, 0.59046471;
 0.18961038, 0.407518, 0.89329559, -1.3246326;
 0.43434617, -0.85075116, 0.29591534, -0.91349864;
 0, 0, 0, 1]
Ow:
[0.12799731;
 -0.43331823;
 1.6533699]
Keyframe: 39 Frame: 397 Frame from vFrameID : 398
Tcw:
[0.86216795, 0.21788181, 0.45737723, 0.059752852;
 0.35700107, 0.37928298, -0.85363615, -0.41938031;
 -0.35946718, 0.89926189, 0.24922158, 1.7522614;
 0, 0, 0, 1]
Twc:
[0.86216795, 0.35700107, -0.35946718, 0.72808272;
 0.21788181, 0.37928298, 0.89926189, -1.4296972;
 0.45737723, -0.85363615, 0.24922158, -0.82202917;
 0, 0, 0, 1]
Ow:
[0.059752852;
 -0.41938031;
 1.7522614]
Keyframe: 40 Frame: 403 Frame from vFrameID : 404
Tcw:
[0.85315186, 0.21585995, 0.47490668, 0.017899215;
 0.36728343, 0.39793494, -0.84068465, -0.38879752;
 -0.37045211, 0.89165705, 0.26021716, 1.7503603;
 0, 0, 0, 1]
Twc:
[0.85315186, 0.36728343, -0.37045211, 0.77595276;
 0.21585995, 0.39793494, 0.89165705, -1.4098686;
 0.47490668, -0.84068465, 0.26021716, -0.79083031;
 0, 0, 0, 1]
Ow:
[0.017899215;
 -0.38879752;
 1.7503603]
Keyframe: 41 Frame: 411 Frame from vFrameID : 412
Tcw:
[0.86454093, 0.18433611, 0.46753523, -0.044577569;
 0.3796522, 0.37000537, -0.84791523, -0.3647722;
 -0.32929194, 0.91055816, 0.24990118, 1.8597767;
 0, 0, 0, 1]
Twc:
[0.86454093, 0.3796522, -0.32929194, 0.78943521;
 0.18433611, 0.37000537, 0.91055816, -1.5502501;
 0.46753523, -0.84791523, 0.24990118, -0.75321472;
 0, 0, 0, 1]
Ow:
[-0.044577569;
 -0.3647722;
 1.8597767]
Keyframe: 42 Frame: 418 Frame from vFrameID : 419
Tcw:
[0.8761903, 0.19556196, 0.44050655, -0.033303887;
 0.34320405, 0.38852665, -0.85513628, -0.35401052;
 -0.33838066, 0.90044576, 0.27330565, 1.8454022;
 0, 0, 0, 1]
Twc:
[0.8761903, 0.34320405, -0.33838066, 0.77512681;
 0.19556196, 0.38852665, 0.90044576, -1.5176291;
 0.44050655, -0.85513628, 0.27330565, -0.79241544;
 0, 0, 0, 1]
Ow:
[-0.033303887;
 -0.35401052;
 1.8454022]
Keyframe: 43 Frame: 424 Frame from vFrameID : 425
Tcw:
[0.87342054, 0.20199119, 0.44309828, -0.0032885075;
 0.33585083, 0.40901896, -0.84847373, -0.38598394;
 -0.35261983, 0.88988936, 0.28940669, 1.8580635;
 0, 0, 0, 1]
Twc:
[0.87342054, 0.33585083, -0.35261983, 0.78769529;
 0.20199119, 0.40901896, 0.88988936, -1.4949318;
 0.44309828, -0.84847373, 0.28940669, -0.86377603;
 0, 0, 0, 1]
Ow:
[-0.0032885075;
 -0.38598394;
 1.8580635]
Keyframe: 44 Frame: 431 Frame from vFrameID : 432
Tcw:
[0.85500765, 0.24216166, 0.45860624, 0.01603654;
 0.33346868, 0.42054087, -0.84376776, -0.38767076;
 -0.39719087, 0.87435865, 0.27881232, 1.8705094;
 0, 0, 0, 1]
Twc:
[0.85500765, 0.33346868, -0.39719087, 0.85851389;
 0.24216166, 0.42054087, 0.87435865, -1.4763482;
 0.45860624, -0.84376776, 0.27881232, -0.85597962;
 0, 0, 0, 1]
Ow:
[0.01603654;
 -0.38767076;
 1.8705094]
Keyframe: 45 Frame: 437 Frame from vFrameID : 438
Tcw:
[0.8490051, 0.22636233, 0.47744152, 0.023726225;
 0.35029593, 0.43534884, -0.82931548, -0.40791184;
 -0.3955794, 0.8713389, 0.29031959, 1.8702118;
 0, 0, 0, 1]
Twc:
[0.8490051, 0.35029593, -0.3955794, 0.86256343;
 0.22636233, 0.43534884, 0.8713389, -1.457375;
 0.47744152, -0.82931548, 0.29031959, -0.89257455;
 0, 0, 0, 1]
Ow:
[0.023726225;
 -0.40791184;
 1.8702118]
Keyframe: 46 Frame: 443 Frame from vFrameID : 444
Tcw:
[0.92180812, 0.1791154, 0.343784, 0.037664562;
 0.25509492, 0.38747895, -0.88588184, -0.2549375;
 -0.29188415, 0.90431064, 0.31148982, 1.9341017;
 0, 0, 0, 1]
Twc:
[0.92180812, 0.25509492, -0.29188415, 0.59484738;
 0.1791154, 0.38747895, 0.90431064, -1.6569921;
 0.343784, -0.88588184, 0.31148982, -0.84124595;
 0, 0, 0, 1]
Ow:
[0.037664562;
 -0.2549375;
 1.9341017]
Keyframe: 47 Frame: 447 Frame from vFrameID : 448
Tcw:
[0.89419234, 0.14516492, 0.42349401, -0.0100061;
 0.35623023, 0.34222144, -0.8694737, -0.45936528;
 -0.27114582, 0.92833811, 0.25429967, 2.0468693;
 0, 0, 0, 1]
Twc:
[0.89419234, 0.35623023, -0.27114582, 0.72758722;
 0.14516492, 0.34222144, 0.92833811, -1.7415296;
 0.42349401, -0.8694737, 0.25429967, -0.91568667;
 0, 0, 0, 1]
Ow:
[-0.0100061;
 -0.45936528;
 2.0468693]
Keyframe: 48 Frame: 453 Frame from vFrameID : 454
Tcw:
[0.90471077, 0.13702442, 0.40338907, 0.030716807;
 0.33821794, 0.34474146, -0.87564945, -0.45428902;
 -0.25905031, 0.92864287, 0.26554719, 2.051461;
 0, 0, 0, 1]
Twc:
[0.90471077, 0.33821794, -0.25905031, 0.65729046;
 0.13702442, 0.34474146, 0.92864287, -1.7526715;
 0.40338907, -0.87564945, 0.26554719, -0.95494848;
 0, 0, 0, 1]
Ow:
[0.030716807;
 -0.45428902;
 2.051461]
Keyframe: 49 Frame: 460 Frame from vFrameID : 461
Tcw:
[0.89347565, 0.16440152, 0.41793948, 0.016263872;
 0.3344329, 0.37757322, -0.86347735, -0.36834997;
 -0.29975975, 0.91126865, 0.28237122, 2.0532408;
 0, 0, 0, 1]
Twc:
[0.89347565, 0.3344329, -0.29975975, 0.72413588;
 0.16440152, 0.37757322, 0.91126865, -1.7346487;
 0.41793948, -0.86347735, 0.28237122, -0.90463519;
 0, 0, 0, 1]
Ow:
[0.016263872;
 -0.36834997;
 2.0532408]
Keyframe: 50 Frame: 467 Frame from vFrameID : 468
Tcw:
[0.87890279, 0.20112956, 0.43252373, 0.035882592;
 0.32290524, 0.41652733, -0.84984541, -0.3687914;
 -0.35108697, 0.88659567, 0.30114126, 2.0723999;
 0, 0, 0, 1]
Twc:
[0.87890279, 0.32290524, -0.35108697, 0.81514001;
 0.20112956, 0.41652733, 0.88659567, -1.6909862;
 0.43252373, -0.84984541, 0.30114126, -0.95302081;
 0, 0, 0, 1]
Ow:
[0.035882592;
 -0.3687914;
 2.0723999]
Keyframe: 51 Frame: 473 Frame from vFrameID : 474
Tcw:
[0.88961196, 0.20054793, 0.4103305, 0.068773896;
 0.30572906, 0.40595096, -0.86123955, -0.3871122;
 -0.33929387, 0.89161897, 0.29982549, 2.1404204;
 0, 0, 0, 1]
Twc:
[0.88961196, 0.30572906, -0.33929387, 0.78340095;
 0.20054793, 0.40595096, 0.89161897, -1.7650834;
 0.4103305, -0.86123955, 0.29982549, -1.003369;
 0, 0, 0, 1]
Ow:
[0.068773896;
 -0.3871122;
 2.1404204]
Keyframe: 52 Frame: 478 Frame from vFrameID : 479
Tcw:
[0.90756321, 0.20019685, 0.36912084, 0.08991015;
 0.2659747, 0.40615606, -0.8742395, -0.39093226;
 -0.32494065, 0.89160442, 0.31536502, 2.1555619;
 0, 0, 0, 1]
Twc:
[0.90756321, 0.2659747, -0.32494065, 0.72280866;
 0.20019685, 0.40615606, 0.89160442, -1.7811288;
 0.36912084, -0.8742395, 0.31536502, -1.054745;
 0, 0, 0, 1]
Ow:
[0.08991015;
 -0.39093226;
 2.1555619]
Keyframe: 53 Frame: 484 Frame from vFrameID : 485
Tcw:
[0.91127789, 0.18451171, 0.36814138, 0.12013906;
 0.26368061, 0.42522892, -0.865825, -0.42310143;
 -0.3162992, 0.88607889, 0.33884954, 2.1880894;
 0, 0, 0, 1]
Twc:
[0.91127789, 0.26368061, -0.3162992, 0.69417453;
 0.18451171, 0.42522892, 0.88607889, -1.781072;
 0.36814138, -0.865825, 0.33884954, -1.151993;
 0, 0, 0, 1]
Ow:
[0.12013906;
 -0.42310143;
 2.1880894]
Keyframe: 54 Frame: 491 Frame from vFrameID : 492
Tcw:
[0.89976251, 0.19201505, 0.39186427, 0.088282377;
 0.28753421, 0.41461882, -0.86337435, -0.46421295;
 -0.32825518, 0.88950628, 0.31784758, 2.2397773;
 0, 0, 0, 1]
Twc:
[0.89976251, 0.28753421, -0.32825518, 0.78926247;
 0.19201505, 0.41461882, 0.88950628, -1.8167763;
 0.39186427, -0.86337435, 0.31784758, -1.1472921;
 0, 0, 0, 1]
Ow:
[0.088282377;
 -0.46421295;
 2.2397773]
Keyframe: 55 Frame: 499 Frame from vFrameID : 500
Tcw:
[0.87419605, 0.20655179, 0.43945155, 0.10846472;
 0.31751758, 0.44155362, -0.83917397, -0.53539705;
 -0.36737433, 0.87313616, 0.32042059, 2.2952769;
 0, 0, 0, 1]
Twc:
[0.87419605, 0.31751758, -0.36737433, 0.91840428;
 0.20655179, 0.44155362, 0.87313616, -1.7900862;
 0.43945155, -0.83917397, 0.32042059, -1.2324103;
 0, 0, 0, 1]
Ow:
[0.10846472;
 -0.53539705;
 2.2952769]
Keyframe: 56 Frame: 505 Frame from vFrameID : 506
Tcw:
[0.90757775, 0.20173913, 0.36824435, 0.18306708;
 0.2637423, 0.40850946, -0.87381923, -0.5196358;
 -0.32671484, 0.89018053, 0.31754696, 2.3115633;
 0, 0, 0, 1]
Twc:
[0.90757775, 0.2637423, -0.32671484, 0.72612429;
 0.20173913, 0.40850946, 0.89018053, -1.8823642;
 0.36824435, -0.87381923, 0.31754696, -1.2555109;
 0, 0, 0, 1]
Ow:
[0.18306708;
 -0.5196358;
 2.3115633]
Keyframe: 57 Frame: 513 Frame from vFrameID : 514
Tcw:
[0.91082156, 0.19571982, 0.36345264, 0.18707272;
 0.25549549, 0.4242664, -0.86874628, -0.54541677;
 -0.32423162, 0.88413334, 0.33642545, 2.3483055;
 0, 0, 0, 1]
Twc:
[0.91082156, 0.25549549, -0.32423162, 0.73035657;
 0.19571982, 0.4242664, 0.88413334, -1.881427;
 0.36345264, -0.86874628, 0.33642545, -1.3318506;
 0, 0, 0, 1]
Ow:
[0.18707272;
 -0.54541677;
 2.3483055]
Keyframe: 58 Frame: 520 Frame from vFrameID : 521
Tcw:
[0.90179932, 0.22139171, 0.3711383, 0.19632816;
 0.25358722, 0.42431265, -0.8692826, -0.4895851;
 -0.34993064, 0.87803447, 0.32650277, 2.3730538;
 0, 0, 0, 1]
Twc:
[0.90179932, 0.25358722, -0.34993064, 0.77750814;
 0.22139171, 0.42431265, 0.87803447, -1.9193511;
 0.3711383, -0.8692826, 0.32650277, -1.2732613;
 0, 0, 0, 1]
Ow:
[0.19632816;
 -0.4895851;
 2.3730538]
Keyframe: 59 Frame: 526 Frame from vFrameID : 527
Tcw:
[0.87163192, 0.23234637, 0.43159345, 0.1775403;
 0.29246813, 0.46006528, -0.83833307, -0.59817076;
 -0.39334482, 0.85694522, 0.33305368, 2.441385;
 0, 0, 0, 1]
Twc:
[0.87163192, 0.29246813, -0.39334482, 0.98050231;
 0.23234637, 0.46006528, 0.85694522, -1.8581866;
 0.43159345, -0.83833307, 0.33305368, -1.3912039;
 0, 0, 0, 1]
Ow:
[0.1775403;
 -0.59817076;
 2.441385]
Keyframe: 60 Frame: 533 Frame from vFrameID : 534
Tcw:
[0.89710844, 0.19690618, 0.39550522, -0.077801049;
 0.28795293, 0.41835111, -0.86143219, -0.38045233;
 -0.33508137, 0.88668501, 0.31860662, 2.5788727;
 0, 0, 0, 1]
Twc:
[0.89710844, 0.28795293, -0.33508137, 1.0434806;
 0.19690618, 0.41835111, 0.88668501, -2.1121657;
 0.39550522, -0.86143219, 0.31860662, -1.1186092;
 0, 0, 0, 1]
Ow:
[-0.077801049;
 -0.38045233;
 2.5788727]
Keyframe: 61 Frame: 539 Frame from vFrameID : 540
Tcw:
[0.91502517, 0.1659856, 0.3676652, 0.058210611;
 0.2732785, 0.41535896, -0.86763805, -0.4980005;
 -0.29672846, 0.89438564, 0.33470362, 2.5574582;
 0, 0, 0, 1]
Twc:
[0.91502517, 0.2732785, -0.29672846, 0.8416993;
 0.1659856, 0.41535896, 0.89438564, -2.090167;
 0.3676652, -0.86763805, 0.33470362, -1.3094767;
 0, 0, 0, 1]
Ow:
[0.058210611;
 -0.4980005;
 2.5574582]
Keyframe: 62 Frame: 545 Frame from vFrameID : 546
Tcw:
[0.92644662, 0.16691694, 0.3373951, -0.017249048;
 0.24427904, 0.41535509, -0.87624651, -0.41390169;
 -0.28639916, 0.89421409, 0.34402999, 2.6148622;
 0, 0, 0, 1]
Twc:
[0.92644662, 0.24427904, -0.28639916, 0.86598212;
 0.16691694, 0.41535509, 0.89421409, -2.1634514;
 0.3373951, -0.87624651, 0.34402999, -1.2564512;
 0, 0, 0, 1]
Ow:
[-0.017249048;
 -0.41390169;
 2.6148622]
Keyframe: 63 Frame: 553 Frame from vFrameID : 554
Tcw:
[0.91426569, 0.17345494, 0.36610326, 0.018921226;
 0.27227548, 0.40606624, -0.87233955, -0.44268131;
 -0.29997379, 0.89723104, 0.32402492, 2.6400251;
 0, 0, 0, 1]
Twc:
[0.91426569, 0.27227548, -0.29997379, 0.89517057;
 0.17345494, 0.40606624, 0.89723104, -2.1922367;
 0.36610326, -0.87233955, 0.32402492, -1.2485294;
 0, 0, 0, 1]
Ow:
[0.018921226;
 -0.44268131;
 2.6400251]
Keyframe: 64 Frame: 560 Frame from vFrameID : 561
Tcw:
[0.90442693, 0.19655597, 0.37865242, -0.056736827;
 0.27863055, 0.39997667, -0.87314588, -0.40129948;
 -0.32307416, 0.89520079, 0.30698317, 2.7306511;
 0, 0, 0, 1]
Twc:
[0.90442693, 0.27863055, -0.32307416, 1.0453315;
 0.19655597, 0.39997667, 0.89520079, -2.2728186;
 0.37865242, -0.87314588, 0.30698317, -1.1671734;
 0, 0, 0, 1]
Ow:
[-0.056736827;
 -0.40129948;
 2.7306511]
Keyframe: 65 Frame: 567 Frame from vFrameID : 568
Tcw:
[0.9072808, 0.17730038, 0.38132152, 0.054555029;
 0.28222415, 0.41551268, -0.86469573, -0.55592793;
 -0.31175482, 0.89213997, 0.32694823, 2.7372239;
 0, 0, 0, 1]
Twc:
[0.9072808, 0.28222415, -0.31175482, 0.96074229;
 0.17730038, 0.41551268, 0.89213997, -2.2206645;
 0.38132152, -0.86469573, 0.32694823, -1.3964421;
 0, 0, 0, 1]
Ow:
[0.054555029;
 -0.55592793;
 2.7372239]
Keyframe: 66 Frame: 572 Frame from vFrameID : 573
Tcw:
[0.9112376, 0.17777286, 0.37154123, 0.063717872;
 0.26319769, 0.44253513, -0.85725707, -0.56477028;
 -0.3168171, 0.87895364, 0.35646525, 2.7361343;
 0, 0, 0, 1]
Twc:
[0.9112376, 0.26319769, -0.3168171, 0.95743811;
 0.17777286, 0.44253513, 0.87895364, -2.1663318;
 0.37154123, -0.85725707, 0.35646525, -1.4831638;
 0, 0, 0, 1]
Ow:
[0.063717872;
 -0.56477028;
 2.7361343]
Keyframe: 67 Frame: 576 Frame from vFrameID : 577
Tcw:
[0.91876751, 0.19302361, 0.34439528, 0.012934029;
 0.23150739, 0.44320315, -0.86601114, -0.41907644;
 -0.31979766, 0.87539297, 0.36251429, 2.71737;
 0, 0, 0, 1]
Twc:
[0.91876751, 0.23150739, -0.31979766, 0.9541446;
 0.19302361, 0.44320315, 0.87539297, -2.1955273;
 0.34439528, -0.86601114, 0.36251429, -1.3524647;
 0, 0, 0, 1]
Ow:
[0.012934029;
 -0.41907644;
 2.71737]
Keyframe: 68 Frame: 582 Frame from vFrameID : 583
Tcw:
[0.89922404, 0.21984972, 0.37823561, -0.0016426146;
 0.26139444, 0.42327631, -0.86747342, -0.39376414;
 -0.35081196, 0.87892169, 0.32315272, 2.7374659;
 0, 0, 0, 1]
Twc:
[0.89922404, 0.26139444, -0.35081196, 1.0647405;
 0.21984972, 0.42327631, 0.87892169, -2.2389858;
 0.37823561, -0.86747342, 0.32315272, -1.2255782;
 0, 0, 0, 1]
Ow:
[-0.0016426146;
 -0.39376414;
 2.7374659]
Keyframe: 69 Frame: 588 Frame from vFrameID : 589
Tcw:
[0.87960452, 0.21696234, 0.42334771, 0.098046482;
 0.2969791, 0.44476047, -0.84498018, -0.60227859;
 -0.3716172, 0.86897379, 0.32678002, 2.8257356;
 0, 0, 0, 1]
Twc:
[0.87960452, 0.2969791, -0.3716172, 1.1427139;
 0.21696234, 0.44476047, 0.86897379, -2.2088928;
 0.42334771, -0.84498018, 0.32678002, -1.4738152;
 0, 0, 0, 1]
Ow:
[0.098046482;
 -0.60227859;
 2.8257356]
Keyframe: 70 Frame: 595 Frame from vFrameID : 596
Tcw:
[0.9046728, 0.19835769, 0.37712249, 0.15217584;
 0.25605306, 0.45436129, -0.85322487, -0.62896508;
 -0.34059358, 0.86845267, 0.36025819, 2.8164098;
 0, 0, 0, 1]
Twc:
[0.9046728, 0.25605306, -0.34059358, 0.98263013;
 0.19835769, 0.45436129, 0.86845267, -2.1903265;
 0.37712249, -0.85322487, 0.36025819, -1.6086723;
 0, 0, 0, 1]
Ow:
[0.15217584;
 -0.62896508;
 2.8164098]
Keyframe: 71 Frame: 602 Frame from vFrameID : 603
Tcw:
[0.90500373, 0.19174686, 0.37973866, 0.021219552;
 0.25980926, 0.45770216, -0.8502987, -0.57261133;
 -0.3368493, 0.86818308, 0.36440453, 2.8855643;
 0, 0, 0, 1]
Twc:
[0.90500373, 0.25980926, -0.3368493, 1.1015662;
 0.19174686, 0.45770216, 0.86818308, -2.2471814;
 0.37973866, -0.8502987, 0.36440453, -1.5464613;
 0, 0, 0, 1]
Ow:
[0.021219552;
 -0.57261133;
 2.8855643]
Keyframe: 72 Frame: 609 Frame from vFrameID : 610
Tcw:
[0.89251822, 0.20096023, 0.40376499, 0.1268065;
 0.27679032, 0.46275902, -0.84216458, -0.64769202;
 -0.35608748, 0.86340553, 0.35739702, 2.8932309;
 0, 0, 0, 1]
Twc:
[0.89251822, 0.27679032, -0.35608748, 1.0963411;
 0.20096023, 0.46275902, 0.86340553, -2.2237892;
 0.40376499, -0.84216458, 0.35739702, -1.6306953;
 0, 0, 0, 1]
Ow:
[0.1268065;
 -0.64769202;
 2.8932309]
Keyframe: 73 Frame: 617 Frame from vFrameID : 618
Tcw:
[0.87861258, 0.20011942, 0.43358067, 0.046187639;
 0.30844751, 0.45531633, -0.83519292, -0.65274388;
 -0.36455467, 0.86754787, 0.33832031, 2.9823134;
 0, 0, 0, 1]
Twc:
[0.87861258, 0.30844751, -0.36455467, 1.2479725;
 0.20011942, 0.45531633, 0.86754787, -2.2993376;
 0.43358067, -0.83519292, 0.33832031, -1.5741702;
 0, 0, 0, 1]
Ow:
[0.046187639;
 -0.65274388;
 2.9823134]
Keyframe: 74 Frame: 624 Frame from vFrameID : 625
Tcw:
[0.89148819, 0.17162354, 0.41927809, -0.01661253;
 0.31161344, 0.43949035, -0.84246379, -0.57028615;
 -0.32885531, 0.88169926, 0.33832026, 3.0734096;
 0, 0, 0, 1]
Twc:
[0.89148819, 0.31161344, -0.32885531, 1.2032259;
 0.17162354, 0.43949035, 0.88169926, -2.4563367;
 0.41927809, -0.84246379, 0.33832026, -1.5132771;
 0, 0, 0, 1]
Ow:
[-0.01661253;
 -0.57028615;
 3.0734096]
Keyframe: 75 Frame: 630 Frame from vFrameID : 631
Tcw:
[0.90504634, 0.16455719, 0.39218879, 0.024300039;
 0.29020339, 0.43517882, -0.85229182, -0.60762835;
 -0.31092301, 0.88517815, 0.34610194, 3.1058502;
 0, 0, 0, 1]
Twc:
[0.90504634, 0.29020339, -0.31092301, 1.1200234;
 0.16455719, 0.43517882, 0.88517815, -2.4888024;
 0.39218879, -0.85229182, 0.34610194, -1.6023477;
 0, 0, 0, 1]
Ow:
[0.024300039;
 -0.60762835;
 3.1058502]
Keyframe: 76 Frame: 637 Frame from vFrameID : 638
Tcw:
[0.90824455, 0.17063549, 0.38206717, 0.052290857;
 0.26957962, 0.45972177, -0.84615761, -0.62121391;
 -0.32002914, 0.87151557, 0.37153995, 3.1217525;
 0, 0, 0, 1]
Twc:
[0.90824455, 0.26957962, -0.32002914, 1.1190255;
 0.17063549, 0.45972177, 0.87151557, -2.4439933;
 0.38206717, -0.84615761, 0.37153995, -1.7054794;
 0, 0, 0, 1]
Ow:
[0.052290857;
 -0.62121391;
 3.1217525]
Keyframe: 77 Frame: 644 Frame from vFrameID : 645
Tcw:
[0.89543951, 0.19486465, 0.40026972, 0.04063791;
 0.28224784, 0.44681275, -0.84893727, -0.57256103;
 -0.34427348, 0.87314725, 0.34509367, 3.1318307;
 0, 0, 0, 1]
Twc:
[0.89543951, 0.28224784, -0.34427348, 1.2034215;
 0.19486465, 0.44681275, 0.87314725, -2.4866405;
 0.40026972, -0.84893727, 0.34509367, -1.5831094;
 0, 0, 0, 1]
Ow:
[0.04063791;
 -0.57256103;
 3.1318307]
Keyframe: 78 Frame: 652 Frame from vFrameID : 653
Tcw:
[0.88535088, 0.22604835, 0.40627074, -0.00010895729;
 0.28153154, 0.43475184, -0.85541266, -0.54621744;
 -0.36999157, 0.87171841, 0.32126817, 3.3082957;
 0, 0, 0, 1]
Twc:
[0.88535088, 0.28153154, -0.36999157, 1.3779156;
 0.22604835, 0.43475184, 0.87171841, -2.6464088;
 0.40627074, -0.85541266, 0.32126817, -1.5300473;
 0, 0, 0, 1]
Ow:
[-0.00010895729;
 -0.54621744;
 3.3082957]
Keyframe: 79 Frame: 659 Frame from vFrameID : 660
Tcw:
[0.91049838, 0.20082667, 0.36147115, 0.067633808;
 0.24588214, 0.43988606, -0.86373734, -0.60051227;
 -0.33246762, 0.87531072, 0.35113585, 3.3108873;
 0, 0, 0, 1]
Twc:
[0.91049838, 0.24588214, -0.33246762, 1.1868377;
 0.20082667, 0.43988606, 0.87531072, -2.647481;
 0.36147115, -0.86373734, 0.35113585, -1.7057039;
 0, 0, 0, 1]
Ow:
[0.067633808;
 -0.60051227;
 3.3108873]
Keyframe: 80 Frame: 665 Frame from vFrameID : 666
Tcw:
[0.91208267, 0.2078322, 0.35342747, 0.070189714;
 0.22676428, 0.4624576, -0.85715282, -0.61650753;
 -0.34158918, 0.86193895, 0.37467065, 3.3443027;
 0, 0, 0, 1]
Twc:
[0.91208267, 0.22676428, -0.34158918, 1.2181606;
 0.2078322, 0.4624576, 0.86193895, -2.6120639;
 0.35342747, -0.85715282, 0.37467065, -1.8062602;
 0, 0, 0, 1]
Ow:
[0.070189714;
 -0.61650753;
 3.3443027]
Keyframe: 81 Frame: 671 Frame from vFrameID : 672
Tcw:
[0.88936126, 0.21712384, 0.40236032, 0.014454722;
 0.2749584, 0.44911772, -0.85011244, -0.60453898;
 -0.36528683, 0.86668938, 0.33972788, 3.3780153;
 0, 0, 0, 1]
Twc:
[0.88936126, 0.2749584, -0.36528683, 1.3873121;
 0.21712384, 0.44911772, 0.86668938, -2.6593194;
 0.40236032, -0.85011244, 0.33972788, -1.6673481;
 0, 0, 0, 1]
Ow:
[0.014454722;
 -0.60453898;
 3.3780153]
Keyframe: 82 Frame: 678 Frame from vFrameID : 679
Tcw:
[0.88680339, 0.22295566, 0.40480927, 0.077452779;
 0.25784349, 0.48823398, -0.83375317, -0.60989666;
 -0.38353163, 0.84375256, 0.37547985, 3.3498335;
 0, 0, 0, 1]
Twc:
[0.88680339, 0.25784349, -0.38353163, 1.3733395;
 0.22295566, 0.48823398, 0.84375256, -2.5459268;
 0.40480927, -0.83375317, 0.37547985, -1.7976519;
 0, 0, 0, 1]
Ow:
[0.077452779;
 -0.60989666;
 3.3498335]
Keyframe: 83 Frame: 685 Frame from vFrameID : 686
Tcw:
[0.89670515, 0.15902252, 0.41307589, -0.072105765;
 0.31680769, 0.42115584, -0.84985918, -0.6136018;
 -0.30911607, 0.89293873, 0.32727304, 3.4755874;
 0, 0, 0, 1]
Twc:
[0.89670515, 0.31680769, -0.30911607, 1.3334113;
 0.15902252, 0.42115584, 0.89293873, -2.8335981;
 0.41307589, -0.84985918, 0.32727304, -1.6291561;
 0, 0, 0, 1]
Ow:
[-0.072105765;
 -0.6136018;
 3.4755874]
Keyframe: 84 Frame: 692 Frame from vFrameID : 693
Tcw:
[0.91918051, 0.20671992, 0.33522242, -0.011107981;
 0.22018999, 0.43597025, -0.8726089, -0.51566219;
 -0.32653263, 0.87589771, 0.3552177, 3.4598217;
 0, 0, 0, 1]
Twc:
[0.91918051, 0.22018999, -0.32653263, 1.2534987;
 0.20671992, 0.43597025, 0.87589771, -2.8033404;
 0.33522242, -0.8726089, 0.3552177, -1.6752377;
 0, 0, 0, 1]
Ow:
[-0.011107981;
 -0.51566219;
 3.4598217]
Keyframe: 85 Frame: 699 Frame from vFrameID : 700
Tcw:
[0.90756136, 0.21102862, 0.36304176, -0.092943907;
 0.24255189, 0.44229579, -0.86344832, -0.4699055;
 -0.34278414, 0.87168878, 0.35022518, 3.5150387;
 0, 0, 0, 1]
Twc:
[0.90756136, 0.24255189, -0.34278414, 1.4032283;
 0.21102862, 0.44229579, 0.87168878, -2.8365688;
 0.36304176, -0.86344832, 0.35022518, -1.6030517;
 0, 0, 0, 1]
Ow:
[-0.092943907;
 -0.4699055;
 3.5150387]
Keyframe: 86 Frame: 707 Frame from vFrameID : 708
Tcw:
[0.88337934, 0.23128071, 0.40761524, -0.032366395;
 0.26638705, 0.46779442, -0.84273744, -0.55519634;
 -0.38558906, 0.85304022, 0.35162973, 3.5351405;
 0, 0, 0, 1]
Twc:
[0.88337934, 0.26638705, -0.38558906, 1.5396004;
 0.23128071, 0.46779442, 0.85304022, -2.7484136;
 0.40761524, -0.84273744, 0.35162973, -1.6977522;
 0, 0, 0, 1]
Ow:
[-0.032366395;
 -0.55519634;
 3.5351405]
Keyframe: 87 Frame: 714 Frame from vFrameID : 715
Tcw:
[0.88737136, 0.23171245, 0.3985993, 0.0095915794;
 0.2609902, 0.46023786, -0.84856659, -0.59018147;
 -0.38007393, 0.85702419, 0.34792721, 3.5857644;
 0, 0, 0, 1]
Twc:
[0.88737136, 0.2609902, -0.38007393, 1.5083758;
 0.23171245, 0.46023786, 0.85702419, -2.8036852;
 0.3985993, -0.84856659, 0.34792721, -1.7522165;
 0, 0, 0, 1]
Ow:
[0.0095915794;
 -0.59018147;
 3.5857644]
Keyframe: 88 Frame: 721 Frame from vFrameID : 722
Tcw:
[0.9122746, 0.20397891, 0.35517278, 0.027372479;
 0.23361933, 0.45312208, -0.86029202, -0.6199019;
 -0.33641806, 0.86779779, 0.36571833, 3.5870123;
 0, 0, 0, 1]
Twc:
[0.9122746, 0.23361933, -0.33641806, 1.3265854;
 0.20397891, 0.45312208, 0.86779779, -2.8374932;
 0.35517278, -0.86029202, 0.36571833, -1.8548547;
 0, 0, 0, 1]
Ow:
[0.027372479;
 -0.6199019;
 3.5870123]
Keyframe: 89 Frame: 728 Frame from vFrameID : 729
Tcw:
[0.91108161, 0.19107327, 0.36526886, 0.020329893;
 0.25660595, 0.43060139, -0.86529523, -0.61115128;
 -0.32262006, 0.88208473, 0.34328246, 3.6916161;
 0, 0, 0, 1]
Twc:
[0.91108161, 0.25660595, -0.32262006, 1.3292923;
 0.19107327, 0.43060139, 0.88208473, -2.99704;
 0.36526886, -0.86529523, 0.34328246, -1.8035192;
 0, 0, 0, 1]
Ow:
[0.020329893;
 -0.61115128;
 3.6916161]
Keyframe: 90 Frame: 737 Frame from vFrameID : 738
Tcw:
[0.87440026, 0.19983551, 0.44214243, -0.010219216;
 0.32549548, 0.43419409, -0.83995724, -0.66741401;
 -0.35982892, 0.87837422, 0.31461385, 3.7309515;
 0, 0, 0, 1]
Twc:
[0.87440026, 0.32549548, -0.35982892, 1.5686803;
 0.19983551, 0.43419409, 0.87837422, -2.9853423;
 0.44214243, -0.83995724, 0.31461385, -1.72989;
 0, 0, 0, 1]
Ow:
[-0.010219216;
 -0.66741401;
 3.7309515]
Keyframe: 91 Frame: 744 Frame from vFrameID : 745
Tcw:
[0.88981426, 0.17754953, 0.42036504, -0.090063393;
 0.31789422, 0.4196972, -0.85017502, -0.6776157;
 -0.32737419, 0.89012945, 0.31701058, 3.841161;
 0, 0, 0, 1]
Twc:
[0.88981426, 0.31789422, -0.32737419, 1.5530468;
 0.17754953, 0.4196972, 0.89012945, -3.1187465;
 0.42036504, -0.85017502, 0.31701058, -1.7559211;
 0, 0, 0, 1]
Ow:
[-0.090063393;
 -0.6776157;
 3.841161]
Keyframe: 92 Frame: 750 Frame from vFrameID : 751
Tcw:
[0.91848034, 0.1496549, 0.36605638, -0.10418606;
 0.27851936, 0.41233459, -0.86741406, -0.62442255;
 -0.28075048, 0.89865655, 0.33703944, 3.8406749;
 0, 0, 0, 1]
Twc:
[0.91848034, 0.27851936, -0.28075048, 1.3478779;
 0.1496549, 0.41233459, 0.89865655, -3.1783845;
 0.36605638, -0.86741406, 0.33703944, -1.7979537;
 0, 0, 0, 1]
Ow:
[-0.10418606;
 -0.62442255;
 3.8406749]
Keyframe: 93 Frame: 753 Frame from vFrameID : 754
Tcw:
[0.92281044, 0.14348948, 0.35753554, -0.1018821;
 0.26600909, 0.43399006, -0.86075073, -0.64261508;
 -0.27867553, 0.88941747, 0.36232105, 3.8451171;
 0, 0, 0, 1]
Twc:
[0.92281044, 0.26600909, -0.27867553, 1.3364995;
 0.14348948, 0.43399006, 0.88941747, -3.1264067;
 0.35753554, -0.86075073, 0.36232105, -1.9098717;
 0, 0, 0, 1]
Ow:
[-0.1018821;
 -0.64261508;
 3.8451171]
Keyframe: 94 Frame: 758 Frame from vFrameID : 759
Tcw:
[0.92256981, 0.15440401, 0.35358787, -0.075920403;
 0.25595322, 0.4408282, -0.86032462, -0.64468408;
 -0.28870907, 0.88421142, 0.3671746, 3.8576858;
 0, 0, 0, 1]
Twc:
[0.92256981, 0.25595322, -0.28870907, 1.3487997;
 0.15440401, 0.4408282, 0.88421142, -3.1150925;
 0.35358787, -0.86032462, 0.3671746, -1.9442372;
 0, 0, 0, 1]
Ow:
[-0.075920403;
 -0.64468408;
 3.8576858]
Keyframe: 95 Frame: 762 Frame from vFrameID : 763
Tcw:
[0.91632873, 0.17121366, 0.36197722, -0.065439463;
 0.26188913, 0.42758703, -0.86520714, -0.65128469;
 -0.30291206, 0.8876121, 0.3469713, 3.8676028;
 0, 0, 0, 1]
Twc:
[0.91632873, 0.26188913, -0.30291206, 1.402072;
 0.17121366, 0.42758703, 0.8876121, -3.1432459;
 0.36197722, -0.86520714, 0.3469713, -1.8817557;
 0, 0, 0, 1]
Ow:
[-0.065439463;
 -0.65128469;
 3.8676028]
Keyframe: 96 Frame: 766 Frame from vFrameID : 767
Tcw:
[0.90153974, 0.17846496, 0.394178, -0.05533123;
 0.28605631, 0.43768206, -0.85241199, -0.66079164;
 -0.32465032, 0.88124043, 0.34353676, 3.8791432;
 0, 0, 0, 1]
Twc:
[0.90153974, 0.28605631, -0.32465032, 1.4982721;
 0.17846496, 0.43768206, 0.88124043, -3.1193664;
 0.394178, -0.85241199, 0.34353676, -1.8740846;
 0, 0, 0, 1]
Ow:
[-0.05533123;
 -0.66079164;
 3.8791432]
Keyframe: 97 Frame: 770 Frame from vFrameID : 771
Tcw:
[0.89388824, 0.18550123, 0.40810922, -0.049075365;
 0.2969836, 0.43689367, -0.84907281, -0.66333091;
 -0.3358044, 0.88017797, 0.33544326, 3.9031956;
 0, 0, 0, 1]
Twc:
[0.89388824, 0.2969836, -0.3358044, 1.5515766;
 0.18550123, 0.43689367, 0.88017797, -3.1365981;
 0.40810922, -0.84907281, 0.33544326, -1.852489;
 0, 0, 0, 1]
Ow:
[-0.049075365;
 -0.66333091;
 3.9031956]
Keyframe: 98 Frame: 775 Frame from vFrameID : 776
Tcw:
[0.91639292, 0.1559854, 0.36863616, -0.019376755;
 0.27389023, 0.42724913, -0.86165094, -0.65013766;
 -0.29190445, 0.8905766, 0.34880522, 3.907856;
 0, 0, 0, 1]
Twc:
[0.91639292, 0.27389023, -0.29190445, 1.3365436;
 0.1559854, 0.42724913, 0.8905766, -3.1994522;
 0.36863616, -0.86165094, 0.34880522, -1.9161292;
 0, 0, 0, 1]
Ow:
[-0.019376755;
 -0.65013766;
 3.907856]
Keyframe: 99 Frame: 780 Frame from vFrameID : 781
Tcw:
[0.92425257, 0.16227877, 0.34557608, -0.020970285;
 0.25741661, 0.40358189, -0.87798536, -0.63952756;
 -0.28194663, 0.90043724, 0.33123836, 3.9539256;
 0, 0, 0, 1]
Twc:
[0.92425257, 0.25741661, -0.28194663, 1.298803;
 0.16227877, 0.40358189, 0.90043724, -3.2987573;
 0.34557608, -0.87798536, 0.33123836, -1.863941;
 0, 0, 0, 1]
Ow:
[-0.020970285;
 -0.63952756;
 3.9539256]
Keyframe: 100 Frame: 785 Frame from vFrameID : 786
Tcw:
[0.92582631, 0.15981437, 0.34249821, -0.0025064945;
 0.2478068, 0.42755222, -0.86936235, -0.66786873;
 -0.28537247, 0.88975191, 0.35623598, 3.9685087;
 0, 0, 0, 1]
Twc:
[0.92582631, 0.2478068, -0.28537247, 1.3003261;
 0.15981437, 0.42755222, 0.88975191, -3.2450387;
 0.34249821, -0.86936235, 0.35623598, -1.9934871;
 0, 0, 0, 1]
Ow:
[-0.0025064945;
 -0.66786873;
 3.9685087]
Keyframe: 101 Frame: 790 Frame from vFrameID : 791
Tcw:
[0.91907173, 0.15949047, 0.36037469, -0.0052797198;
 0.26839083, 0.41628653, -0.8687185, -0.6633898;
 -0.28857145, 0.89513594, 0.33979142, 3.9767044;
 0, 0, 0, 1]
Twc:
[0.91907173, 0.26839083, -0.28857145, 1.3304635;
 0.15949047, 0.41628653, 0.89513594, -3.2826886;
 0.36037469, -0.8687185, 0.33979142, -1.9256462;
 0, 0, 0, 1]
Ow:
[-0.0052797198;
 -0.6633898;
 3.9767044]
Keyframe: 102 Frame: 795 Frame from vFrameID : 796
Tcw:
[0.90548944, 0.17785822, 0.38529906, 0.0018036366;
 0.28359714, 0.421808, -0.86119139, -0.68564212;
 -0.31569219, 0.88906944, 0.33150262, 3.9980342;
 0, 0, 0, 1]
Twc:
[0.90548944, 0.28359714, -0.31569219, 1.4549612;
 0.17785822, 0.421808, 0.88906944, -3.2656415;
 0.38529906, -0.86119139, 0.33150262, -1.9165229;
 0, 0, 0, 1]
Ow:
[0.0018036366;
 -0.68564212;
 3.9980342]
Keyframe: 103 Frame: 801 Frame from vFrameID : 802
Tcw:
[0.89829379, 0.17221718, 0.40423945, -0.13158691;
 0.30390668, 0.42093527, -0.85466617, -0.63510233;
 -0.31734684, 0.89059234, 0.32578558, 4.0666752;
 0, 0, 0, 1]
Twc:
[0.89829379, 0.30390668, -0.31734684, 1.6017621;
 0.17221718, 0.42093527, 0.89059234, -3.3317516;
 0.40423945, -0.85466617, 0.32578558, -1.8144721;
 0, 0, 0, 1]
Ow:
[-0.13158691;
 -0.63510233;
 4.0666752]
Keyframe: 104 Frame: 807 Frame from vFrameID : 808
Tcw:
[0.90943325, 0.15927619, 0.38413835, -0.140885;
 0.29078016, 0.41680488, -0.86123204, -0.61933398;
 -0.29728448, 0.89493287, 0.33274186, 4.0704246;
 0, 0, 0, 1]
Twc:
[0.90943325, 0.29078016, -0.29728448, 1.5182896;
 0.15927619, 0.41680488, 0.89493287, -3.3621755;
 0.38413835, -0.86123204, 0.33274186, -1.8336715;
 0, 0, 0, 1]
Ow:
[-0.140885;
 -0.61933398;
 4.0704246]
Keyframe: 105 Frame: 813 Frame from vFrameID : 814
Tcw:
[0.92426527, 0.12540315, 0.36056596, -0.1121605;
 0.2786606, 0.42394036, -0.86175567, -0.6292237;
 -0.26092535, 0.89696634, 0.35688844, 4.096715;
 0, 0, 0, 1]
Twc:
[0.92426527, 0.2786606, -0.26092535, 1.3479426;
 0.12540315, 0.42394036, 0.89696634, -3.3937967;
 0.36056596, -0.86175567, 0.35688844, -1.963866;
 0, 0, 0, 1]
Ow:
[-0.1121605;
 -0.6292237;
 4.096715]
Keyframe: 106 Frame: 821 Frame from vFrameID : 822
Tcw:
[0.94513482, 0.088798009, 0.3143805, -0.065284908;
 0.26376483, 0.36034995, -0.89474916, -0.65742314;
 -0.19273894, 0.92858106, 0.31715751, 4.1612387;
 0, 0, 0, 1]
Twc:
[0.94513482, 0.26376483, -0.19273894, 1.0371408;
 0.088798009, 0.36034995, 0.92858106, -3.6213479;
 0.3143805, -0.89474916, 0.31715751, -1.8874724;
 0, 0, 0, 1]
Ow:
[-0.065284908;
 -0.65742314;
 4.1612387]
Keyframe: 107 Frame: 827 Frame from vFrameID : 828
Tcw:
[0.94457138, 0.11657912, 0.30691072, -0.020458519;
 0.24456365, 0.37381417, -0.89467961, -0.65720773;
 -0.21902853, 0.92014796, 0.32458314, 4.1666937;
 0, 0, 0, 1]
Twc:
[0.94457138, 0.24456365, -0.21902853, 1.0926785;
 0.11657912, 0.37381417, 0.92014796, -3.585916;
 0.30691072, -0.89467961, 0.32458314, -1.93415;
 0, 0, 0, 1]
Ow:
[-0.020458519;
 -0.65720773;
 4.1666937]
Keyframe: 108 Frame: 833 Frame from vFrameID : 834
Tcw:
[0.94179857, 0.11705057, 0.31514224, -0.017407835;
 0.24992692, 0.38317242, -0.88922179, -0.67468452;
 -0.22483774, 0.91623038, 0.33161715, 4.1897225;
 0, 0, 0, 1]
Twc:
[0.94179857, 0.24992692, -0.22483774, 1.1270243;
 0.11705057, 0.38317242, 0.91623038, -3.5781929;
 0.31514224, -0.88922179, 0.33161715, -1.9838423;
 0, 0, 0, 1]
Ow:
[-0.017407835;
 -0.67468452;
 4.1897225]
Keyframe: 109 Frame: 839 Frame from vFrameID : 840
Tcw:
[0.95329285, 0.10749561, 0.28227195, -0.063932598;
 0.23322436, 0.33187997, -0.91403615, -0.59411633;
 -0.19193527, 0.93717682, 0.29130819, 4.2231932;
 0, 0, 0, 1]
Twc:
[0.95329285, 0.23322436, -0.19193527, 1.0100887;
 0.10749561, 0.33187997, 0.93717682, -3.7538311;
 0.28227195, -0.91403615, 0.29130819, -1.7552483;
 0, 0, 0, 1]
Ow:
[-0.063932598;
 -0.59411633;
 4.2231932]
Keyframe: 110 Frame: 844 Frame from vFrameID : 845
Tcw:
[0.95592922, 0.11053297, 0.2719959, -0.008390069;
 0.21686864, 0.35864875, -0.90793121, -0.68691325;
 -0.19790733, 0.92690533, 0.31887168, 4.2000952;
 0, 0, 0, 1]
Twc:
[0.95592922, 0.21686864, -0.19790733, 0.98821992;
 0.11053297, 0.35864875, 0.92690533, -3.645803;
 0.2719959, -0.90793121, 0.31887168, -1.9606795;
 0, 0, 0, 1]
Ow:
[-0.008390069;
 -0.68691325;
 4.2000952]
Keyframe: 111 Frame: 849 Frame from vFrameID : 850
Tcw:
[0.96084636, 0.099778004, 0.25849307, 0.053128362;
 0.20691344, 0.36209321, -0.90888685, -0.7145505;
 -0.18428551, 0.9267863, 0.32727051, 4.2149076;
 0, 0, 0, 1]
Twc:
[0.96084636, 0.20691344, -0.18428551, 0.87354821;
 0.099778004, 0.36209321, 0.9267863, -3.6528857;
 0.25849307, -0.90888685, 0.32727051, -2.042594;
 0, 0, 0, 1]
Ow:
[0.053128362;
 -0.7145505;
 4.2149076]
Keyframe: 112 Frame: 855 Frame from vFrameID : 856
Tcw:
[0.95819432, 0.11350784, 0.26263979, 0.056814492;
 0.20519961, 0.3670736, -0.90727621, -0.7406193;
 -0.1993911, 0.92324048, 0.32843605, 4.2305655;
 0, 0, 0, 1]
Twc:
[0.95819432, 0.20519961, -0.1993911, 0.94107252;
 0.11350784, 0.3670736, 0.92324048, -3.6404164;
 0.26263979, -0.90727621, 0.32843605, -2.0763383;
 0, 0, 0, 1]
Ow:
[0.056814492;
 -0.7406193;
 4.2305655]
Keyframe: 113 Frame: 860 Frame from vFrameID : 861
Tcw:
[0.93481576, 0.11015337, 0.33761764, -0.094253242;
 0.28170902, 0.34885794, -0.8938334, -0.73160756;
 -0.21623935, 0.9306795, 0.29508671, 4.3468099;
 0, 0, 0, 1]
Twc:
[0.93481576, 0.28170902, -0.21623935, 1.2341613;
 0.11015337, 0.34885794, 0.9306795, -3.7798774;
 0.33761764, -0.8938334, 0.29508671, -1.9047995;
 0, 0, 0, 1]
Ow:
[-0.094253242;
 -0.73160756;
 4.3468099]
Keyframe: 114 Frame: 865 Frame from vFrameID : 866
Tcw:
[0.9428426, 0.079828292, 0.32353559, 0.0028623939;
 0.26783219, 0.39614567, -0.8782565, -0.79026651;
 -0.19827694, 0.91471094, 0.35212243, 4.3768673;
 0, 0, 0, 1]
Twc:
[0.9428426, 0.26783219, -0.19827694, 1.0767919;
 0.079828292, 0.39614567, 0.91471094, -3.6907361;
 0.32353559, -0.8782565, 0.35212243, -2.236176;
 0, 0, 0, 1]
Ow:
[0.0028623939;
 -0.79026651;
 4.3768673]
Keyframe: 115 Frame: 870 Frame from vFrameID : 871
Tcw:
[0.94123304, 0.090736017, 0.32534191, 0.027540505;
 0.26565516, 0.39597973, -0.87899226, -0.7991457;
 -0.20858505, 0.91376531, 0.34860471, 4.3957601;
 0, 0, 0, 1]
Twc:
[0.94123304, 0.26565516, -0.20858505, 1.103265;
 0.090736017, 0.39597973, 0.91376531, -3.7027466;
 0.32534191, -0.87899226, 0.34860471, -2.2437856;
 0, 0, 0, 1]
Ow:
[0.027540505;
 -0.7991457;
 4.3957601]
Keyframe: 116 Frame: 876 Frame from vFrameID : 877
Tcw:
[0.94342774, 0.039866682, 0.32917279, 0.032215297;
 0.29238793, 0.3681649, -0.88258934, -0.82036424;
 -0.15637577, 0.92890543, 0.33568043, 4.4131584;
 0, 0, 0, 1]
Twc:
[0.94342774, 0.29238793, -0.15637577, 0.89958274;
 0.039866682, 0.3681649, 0.92890543, -3.7986615;
 0.32917279, -0.88258934, 0.33568043, -2.2160599;
 0, 0, 0, 1]
Ow:
[0.032215297;
 -0.82036424;
 4.4131584]
Keyframe: 117 Frame: 881 Frame from vFrameID : 882
Tcw:
[0.93274498, 0.040149841, 0.35829425, -0.021675825;
 0.3168357, 0.38296136, -0.8677302, -0.7615025;
 -0.17205209, 0.92289144, 0.34448439, 4.4477735;
 0, 0, 0, 1]
Twc:
[0.93274498, 0.3168357, -0.17205209, 1.0267379;
 0.040149841, 0.38296136, 0.92289144, -3.8123157;
 0.35829425, -0.8677302, 0.34448439, -2.1852009;
 0, 0, 0, 1]
Ow:
[-0.021675825;
 -0.7615025;
 4.4477735]
Keyframe: 118 Frame: 887 Frame from vFrameID : 888
Tcw:
[0.93644363, 0.073406652, 0.34305221, -0.08160001;
 0.28897062, 0.39306566, -0.87292343, -0.67207193;
 -0.19892043, 0.91657561, 0.34687147, 4.4675689;
 0, 0, 0, 1]
Twc:
[0.93644363, 0.28897062, -0.19892043, 1.1593137;
 0.073406652, 0.39306566, 0.91657561, -3.8247066;
 0.34305221, -0.87292343, 0.34687147, -2.1083467;
 0, 0, 0, 1]
Ow:
[-0.08160001;
 -0.67207193;
 4.4675689]
Keyframe: 119 Frame: 893 Frame from vFrameID : 894
Tcw:
[0.93580216, 0.075698785, 0.34430212, -0.089269757;
 0.28087518, 0.43010554, -0.8579734, -0.70738053;
 -0.2130338, 0.89959931, 0.38123181, 4.4726982;
 0, 0, 0, 1]
Twc:
[0.93580216, 0.28087518, -0.2130338, 1.2350603;
 0.075698785, 0.43010554, 0.89959931, -3.71263;
 0.34430212, -0.8579734, 0.38123181, -2.2813125;
 0, 0, 0, 1]
Ow:
[-0.089269757;
 -0.70738053;
 4.4726982]
Keyframe: 120 Frame: 899 Frame from vFrameID : 900
Tcw:
[0.95190907, 0.0054159104, 0.30633274, -0.13980484;
 0.28099445, 0.38306624, -0.87994456, -0.64268982;
 -0.12211143, 0.92370498, 0.36312237, 4.5542541;
 0, 0, 0, 1]
Twc:
[0.95190907, 0.28099445, -0.12211143, 0.86980027;
 0.0054159104, 0.38306624, 0.92370498, -3.9598374;
 0.30633274, -0.87994456, 0.36312237, -2.1764562;
 0, 0, 0, 1]
Ow:
[-0.13980484;
 -0.64268982;
 4.5542541]
Keyframe: 121 Frame: 902 Frame from vFrameID : 903
Tcw:
[0.9673363, 0.0042685093, 0.25346059, -0.11983043;
 0.22733803, 0.42774707, -0.87484276, -0.60435581;
 -0.1121513, 0.9038884, 0.41280487, 4.5028968;
 0, 0, 0, 1]
Twc:
[0.9673363, 0.22733803, -0.1121513, 0.75831509;
 0.0042685093, 0.42774707, 0.9038884, -3.8110933;
 0.25346059, -0.87484276, 0.41280487, -2.3571618;
 0, 0, 0, 1]
Ow:
[-0.11983043;
 -0.60435581;
 4.5028968]
Keyframe: 122 Frame: 905 Frame from vFrameID : 906
Tcw:
[0.9668557, -0.00095888053, 0.25532165, -0.16083407;
 0.22905932, 0.44501311, -0.86573386, -0.56258464;
 -0.11279134, 0.89552355, 0.4304831, 4.5125561;
 0, 0, 0, 1]
Twc:
[0.9668557, 0.22905932, -0.11279134, 0.79334593;
 -0.00095888053, 0.44501311, 0.89552355, -3.7908967;
 0.25532165, -0.86573386, 0.4304831, -2.3885634;
 0, 0, 0, 1]
Ow:
[-0.16083407;
 -0.56258464;
 4.5125561]
Keyframe: 123 Frame: 909 Frame from vFrameID : 910
Tcw:
[0.96037447, -0.00096229324, 0.27871114, -0.11211157;
 0.24896875, 0.45245868, -0.85632688, -0.59990203;
 -0.12528123, 0.89178485, 0.43476933, 4.5298643;
 0, 0, 0, 1]
Twc:
[0.96037447, 0.24896875, -0.12528123, 0.82453299;
 -0.00096229324, 0.45245868, 0.89178485, -3.7683415;
 0.27871114, -0.85632688, 0.43476933, -2.4519117;
 0, 0, 0, 1]
Ow:
[-0.11211157;
 -0.59990203;
 4.5298643]
Keyframe: 124 Frame: 912 Frame from vFrameID : 913
Tcw:
[0.96013838, 0.0021415073, 0.27951694, -0.099074781;
 0.24442579, 0.47870132, -0.8432681, -0.60209167;
 -0.135611, 0.87797523, 0.45909604, 4.5345244;
 0, 0, 0, 1]
Twc:
[0.96013838, 0.24442579, -0.135611, 0.85722363;
 0.0021415073, 0.47870132, 0.87797523, -3.692766;
 0.27951694, -0.8432681, 0.45909604, -2.5618141;
 0, 0, 0, 1]
Ow:
[-0.099074781;
 -0.60209167;
 4.5345244]
Keyframe: 125 Frame: 916 Frame from vFrameID : 917
Tcw:
[0.95630264, 0.034307703, 0.29035884, -0.075544298;
 0.24330966, 0.45730489, -0.85537869, -0.62920868;
 -0.16212858, 0.88864797, 0.42897448, 4.553968;
 0, 0, 0, 1]
Twc:
[0.95630264, 0.24330966, -0.16212858, 0.96366411;
 0.034307703, 0.45730489, 0.88864797, -3.7565424;
 0.29035884, -0.85537869, 0.42897448, -2.4698126;
 0, 0, 0, 1]
Ow:
[-0.075544298;
 -0.62920868;
 4.553968]
Keyframe: 126 Frame: 921 Frame from vFrameID : 922
Tcw:
[0.94560796, 0.051712759, 0.32117191, -0.073135495;
 0.26149294, 0.46646315, -0.8450051, -0.66659021;
 -0.19351241, 0.88302767, 0.42756876, 4.5706987;
 0, 0, 0, 1]
Twc:
[0.94560796, 0.26149294, -0.19351241, 1.1279531;
 0.051712759, 0.46646315, 0.88302767, -3.7213321;
 0.32117191, -0.8450051, 0.42756876, -2.494071;
 0, 0, 0, 1]
Ow:
[-0.073135495;
 -0.66659021;
 4.5706987]
Keyframe: 127 Frame: 927 Frame from vFrameID : 928
Tcw:
[0.9376834, 0.040440083, 0.34512955, -0.070059359;
 0.28523847, 0.47768438, -0.83093721, -0.66956639;
 -0.19846617, 0.87760025, 0.43638164, 4.5784974;
 0, 0, 0, 1]
Twc:
[0.9376834, 0.28523847, -0.19846617, 1.1653564;
 0.040440083, 0.47768438, 0.87760025, -3.695416;
 0.34512955, -0.83093721, 0.43638164, -2.5301604;
 0, 0, 0, 1]
Ow:
[-0.070059359;
 -0.66956639;
 4.5784974]
Keyframe: 128 Frame: 932 Frame from vFrameID : 933
Tcw:
[0.93518323, 0.062190685, 0.3486613, -0.095825076;
 0.27706185, 0.48476002, -0.82960498, -0.67413855;
 -0.22061077, 0.87243342, 0.43610877, 4.5785723;
 0, 0, 0, 1]
Twc:
[0.93518323, 0.27706185, -0.22061077, 1.2864742;
 0.062190685, 0.48476002, 0.87243342, -3.6617441;
 0.3486613, -0.82960498, 0.43610877, -2.5226135;
 0, 0, 0, 1]
Ow:
[-0.095825076;
 -0.67413855;
 4.5785723]
Keyframe: 129 Frame: 936 Frame from vFrameID : 937
Tcw:
[0.95248115, 0.058799308, 0.29886836, -0.13241613;
 0.22942096, 0.50693917, -0.8308903, -0.68847013;
 -0.20036384, 0.85997403, 0.4693602, 4.6211605;
 0, 0, 0, 1]
Twc:
[0.95248115, 0.22942096, -0.20036384, 1.2099869;
 0.058799308, 0.50693917, 0.85997403, -3.6172798;
 0.29886836, -0.8308903, 0.4693602, -2.7014573;
 0, 0, 0, 1]
Ow:
[-0.13241613;
 -0.68847013;
 4.6211605]
Keyframe: 130 Frame: 941 Frame from vFrameID : 942
Tcw:
[0.96063364, 0.016762085, 0.27731225, -0.079650044;
 0.23461431, 0.48565251, -0.84207946, -0.71923435;
 -0.1487924, 0.87399125, 0.46260148, 4.6308432;
 0, 0, 0, 1]
Twc:
[0.96063364, 0.23461431, -0.1487924, 0.93429136;
 0.016762085, 0.48565251, 0.87399125, -3.6966834;
 0.27731225, -0.84207946, 0.46260148, -2.7257996;
 0, 0, 0, 1]
Ow:
[-0.079650044;
 -0.71923435;
 4.6308432]
Keyframe: 131 Frame: 946 Frame from vFrameID : 947
Tcw:
[0.95865917, -0.018292487, 0.2839683, -0.053205311;
 0.26231396, 0.44359443, -0.85698038, -0.71362686;
 -0.11029045, 0.89604092, 0.43005425, 4.6425686;
 0, 0, 0, 1]
Twc:
[0.95865917, 0.26231396, -0.11029045, 0.75023103;
 -0.018292487, 0.44359443, 0.89604092, -3.8443439;
 0.2839683, -0.85698038, 0.43005425, -2.5930119;
 0, 0, 0, 1]
Ow:
[-0.053205311;
 -0.71362686;
 4.6425686]
Keyframe: 132 Frame: 952 Frame from vFrameID : 953
Tcw:
[0.95277661, -0.0087556895, 0.3035458, -0.041205645;
 0.273193, 0.46118191, -0.84420186, -0.73791301;
 -0.13259827, 0.8872624, 0.44179535, 4.6616502;
 0, 0, 0, 1]
Twc:
[0.95277661, 0.273193, -0.13259827, 0.85897923;
 -0.0087556895, 0.46118191, 0.8872624, -3.7961555;
 0.3035458, -0.84420186, 0.44179535, -2.6699352;
 0, 0, 0, 1]
Ow:
[-0.041205645;
 -0.73791301;
 4.6616502]
Keyframe: 133 Frame: 959 Frame from vFrameID : 960
Tcw:
[0.94095516, 0.038326792, 0.33635467, -0.077922583;
 0.28014556, 0.46965128, -0.83722526, -0.75809085;
 -0.19005758, 0.8820197, 0.43118373, 4.7212558;
 0, 0, 0, 1]
Twc:
[0.94095516, 0.28014556, -0.19005758, 1.1830077;
 0.038326792, 0.46965128, 0.8820197, -3.8052156;
 0.33635467, -0.83722526, 0.43118373, -2.6442118;
 0, 0, 0, 1]
Ow:
[-0.077922583;
 -0.75809085;
 4.7212558]
Keyframe: 134 Frame: 965 Frame from vFrameID : 966
Tcw:
[0.95322275, 0.045424338, 0.29883602, -0.07990557;
 0.2397678, 0.48838165, -0.83904397, -0.74815464;
 -0.18405904, 0.87144709, 0.45464525, 4.7194805;
 0, 0, 0, 1]
Twc:
[0.95322275, 0.2397678, -0.18405904, 1.1242143;
 0.045424338, 0.48838165, 0.87144709, -3.7437625;
 0.29883602, -0.83904397, 0.45464525, -2.7495451;
 0, 0, 0, 1]
Ow:
[-0.07990557;
 -0.74815464;
 4.7194805]
Keyframe: 135 Frame: 970 Frame from vFrameID : 971
Tcw:
[0.94333529, 0.050952155, 0.32790616, -0.060619712;
 0.25904223, 0.50452542, -0.8236208, -0.78607881;
 -0.20740224, 0.8618921, 0.46273786, 4.7160721;
 0, 0, 0, 1]
Twc:
[0.94333529, 0.25904223, -0.20740224, 1.2389363;
 0.050952155, 0.50452542, 0.8618921, -3.6650598;
 0.32790616, -0.8236208, 0.46273786, -2.8098586;
 0, 0, 0, 1]
Ow:
[-0.060619712;
 -0.78607881;
 4.7160721]
Keyframe: 136 Frame: 977 Frame from vFrameID : 978
Tcw:
[0.93314749, 0.05994546, 0.3544606, -0.11968309;
 0.28497046, 0.47773221, -0.8310017, -0.74162543;
 -0.21915202, 0.87645793, 0.42871192, 4.7794189;
 0, 0, 0, 1]
Twc:
[0.93314749, 0.28497046, -0.21915202, 1.3704426;
 0.05994546, 0.47773221, 0.87645793, -3.8274865;
 0.3544606, -0.8310017, 0.42871192, -2.6228628;
 0, 0, 0, 1]
Ow:
[-0.11968309;
 -0.74162543;
 4.7794189]
Keyframe: 137 Frame: 984 Frame from vFrameID : 985
Tcw:
[0.95163542, 0.057563968, 0.30178863, -0.1169526;
 0.2457165, 0.44705689, -0.86009508, -0.71280932;
 -0.18442717, 0.89265138, 0.41129076, 4.788403;
 0, 0, 0, 1]
Twc:
[0.95163542, 0.2457165, -0.18442717, 1.169557;
 0.057563968, 0.44705689, 0.89265138, -3.9489763;
 0.30178863, -0.86009508, 0.41129076, -2.5472147;
 0, 0, 0, 1]
Ow:
[-0.1169526;
 -0.71280932;
 4.788403]
Keyframe: 138 Frame: 992 Frame from vFrameID : 993
Tcw:
[0.94789839, 0.065162607, 0.31183735, -0.11145854;
 0.25003925, 0.45437777, -0.85499781, -0.71712232;
 -0.19740583, 0.88842255, 0.41441074, 4.7947173;
 0, 0, 0, 1]
Twc:
[0.94789839, 0.25003925, -0.19740583, 1.2314652;
 0.065162607, 0.45437777, 0.88842255, -3.9266279;
 0.31183735, -0.85499781, 0.41441074, -2.5653634;
 0, 0, 0, 1]
Ow:
[-0.11145854;
 -0.71712232;
 4.7947173]
Keyframe: 139 Frame: 1000 Frame from vFrameID : 1001
Tcw:
[0.94756055, 0.042489771, 0.31673902, -0.10136271;
 0.27513558, 0.39572755, -0.876185, -0.73043108;
 -0.16257127, 0.91738451, 0.36328536, 4.8067513;
 0, 0, 0, 1]
Twc:
[0.94756055, 0.27513558, -0.16257127, 1.0784545;
 0.042489771, 0.39572755, 0.91738451, -4.1162806;
 0.31673902, -0.876185, 0.36328536, -2.3541095;
 0, 0, 0, 1]
Ow:
[-0.10136271;
 -0.73043108;
 4.8067513]
Keyframe: 140 Frame: 1007 Frame from vFrameID : 1008
Tcw:
[0.94317013, 0.073808305, 0.32401001, -0.10334289;
 0.2704522, 0.39606544, -0.87748945, -0.75001025;
 -0.19309518, 0.91525108, 0.35359547, 4.8163385;
 0, 0, 0, 1]
Twc:
[0.94317013, 0.2704522, -0.19309518, 1.2303236;
 0.073808305, 0.39606544, 0.91525108, -4.103478;
 0.32401001, -0.87748945, 0.35359547, -2.3276775;
 0, 0, 0, 1]
Ow:
[-0.10334289;
 -0.75001025;
 4.8163385]
Keyframe: 141 Frame: 1015 Frame from vFrameID : 1016
Tcw:
[0.95001626, 0.078721382, 0.3021127, -0.095398068;
 0.24250484, 0.42337653, -0.87289387, -0.74954593;
 -0.19662283, 0.90252715, 0.38312426, 4.8256488;
 0, 0, 0, 1]
Twc:
[0.95001626, 0.24250484, -0.19662283, 1.221231;
 0.078721382, 0.42337653, 0.90252715, -4.0304289;
 0.3021127, -0.87289387, 0.38312426, -2.4742763;
 0, 0, 0, 1]
Ow:
[-0.095398068;
 -0.74954593;
 4.8256488]
Keyframe: 142 Frame: 1023 Frame from vFrameID : 1024
Tcw:
[0.9411701, 0.081970729, 0.32784083, -0.094160974;
 0.26717708, 0.41352454, -0.87041014, -0.75761485;
 -0.20691839, 0.90679562, 0.36729625, 4.8370752;
 0, 0, 0, 1]
Twc:
[0.9411701, 0.26717708, -0.20691839, 1.2919186;
 0.081970729, 0.41352454, 0.90679562, -4.0652275;
 0.32784083, -0.87041014, 0.36729625, -2.4052055;
 0, 0, 0, 1]
Ow:
[-0.094160974;
 -0.75761485;
 4.8370752]
Keyframe: 143 Frame: 1032 Frame from vFrameID : 1033
Tcw:
[0.93842173, 0.10621887, 0.3287586, -0.099725366;
 0.24980165, 0.44875386, -0.85803211, -0.75656641;
 -0.23867089, 0.8873204, 0.39458674, 4.8341122;
 0, 0, 0, 1]
Twc:
[0.93842173, 0.24980165, -0.23867089, 1.4363378;
 0.10621887, 0.44875386, 0.8873204, -3.9393015;
 0.3287586, -0.85803211, 0.39458674, -2.523849;
 0, 0, 0, 1]
Ow:
[-0.099725366;
 -0.75656641;
 4.8341122]
