Keyframe: 0 Frame: 0 Frame from vFrameID : 15
Tcw:
[0.99931455, 0.026095552, -0.026258446, 0.037717856;
 -0.036957528, 0.74443549, -0.6666708, -0.076052219;
 0.002150577, 0.66718423, 0.74488962, 0.0044909082;
 0, 0, 0, 1]
Twc:
[0.99931455, -0.036957528, 0.002150577, -0.040512361;
 0.026095552, 0.74443549, 0.66718423, 0.052635439;
 -0.026258446, -0.6666708, 0.74488962, -0.053056609;
 0, 0, 0, 1]
Ow:
[0.037717856;
 -0.076052219;
 0.0044909082]
Keyframe: 1 Frame: 22 Frame from vFrameID : 15
Tcw:
[0.9992826, 0.02138105, -0.031258788, 0.038693305;
 -0.036803681, 0.74288237, -0.66840953, -0.072819248;
 0.0089303041, 0.66908044, 0.74313635, 0.0037063174;
 0, 0, 0, 1]
Twc:
[0.9992826, -0.036803681, 0.0089303041, -0.041378662;
 0.02138105, 0.74288237, 0.66908044, 0.050789002;
 -0.031258788, -0.66840953, 0.74313635, -0.050217867;
 0, 0, 0, 1]
Ow:
[0.038693305;
 -0.072819248;
 0.0037063174]
Keyframe: 2 Frame: 25 Frame from vFrameID : 26
Tcw:
[0.99923158, 0.018036978, -0.034798022, 0.038319811;
 -0.03662068, 0.74607533, -0.66485375, -0.075273082;
 0.013969992, 0.66561723, 0.74616259, 0.0035385601;
 0, 0, 0, 1]
Twc:
[0.99923158, -0.03662068, 0.013969992, -0.041096352;
 0.018036978, 0.74607533, 0.66561723, 0.053112891;
 -0.034798022, -0.66485375, 0.74616259, -0.051352479;
 0, 0, 0, 1]
Ow:
[0.038319811;
 -0.075273082;
 0.0035385601]
Keyframe: 3 Frame: 27 Frame from vFrameID : 28
Tcw:
[0.99934363, 0.021451375, -0.029190887, 0.036432158;
 -0.035382628, 0.75080407, -0.65957659, -0.076346569;
 0.0077678119, 0.66017652, 0.75107032, 0.004574921;
 0, 0, 0, 1]
Twc:
[0.99934363, -0.035382628, 0.0077678119, -0.039145127;
 0.021451375, 0.75080407, 0.66017652, 0.053519543;
 -0.029190887, -0.65957659, 0.75107032, -0.052729007;
 0, 0, 0, 1]
Ow:
[0.036432158;
 -0.076346569;
 0.004574921]
Keyframe: 4 Frame: 29 Frame from vFrameID : 30
Tcw:
[0.99949145, 0.022988912, -0.022097193, 0.03595233;
 -0.031848919, 0.7535497, -0.65661895, -0.077303857;
 0.001556377, 0.65698886, 0.75389868, 0.0050286017;
 0, 0, 0, 1]
Twc:
[0.99949145, -0.031848919, 0.001556377, -0.038403921;
 0.022988912, 0.7535497, 0.65698886, 0.054122061;
 -0.022097193, -0.65661895, 0.75389868, -0.05375579;
 0, 0, 0, 1]
Ow:
[0.03595233;
 -0.077303857;
 0.0050286017]
Keyframe: 5 Frame: 31 Frame from vFrameID : 32
Tcw:
[0.99961549, 0.026011351, -0.0096044382, 0.035320137;
 -0.025995737, 0.75864571, -0.65098459, -0.077704653;
 -0.0096466225, 0.65098393, 0.75903022, 0.0055018775;
 0, 0, 0, 1]
Twc:
[0.99961549, -0.025995737, -0.0096466225, -0.037273474;
 0.026011351, 0.75864571, 0.65098393, 0.054449942;
 -0.0096044382, -0.65098459, 0.75903022, -0.054421384;
 0, 0, 0, 1]
Ow:
[0.035320137;
 -0.077704653;
 0.0055018775]
Keyframe: 6 Frame: 33 Frame from vFrameID : 34
Tcw:
[0.99979758, 0.018603671, -0.0076613906, 0.037071906;
 -0.019134566, 0.76153308, -0.64784354, -0.07645689;
 -0.0062178662, 0.64785898, 0.7617349, 0.0050903596;
 0, 0, 0, 1]
Twc:
[0.99979758, -0.019134566, -0.0062178662, -0.038495719;
 0.018603671, 0.76153308, 0.64785898, 0.054236941;
 -0.0076613906, -0.64784354, 0.7617349, -0.053125583;
 0, 0, 0, 1]
Ow:
[0.037071906;
 -0.07645689;
 0.0050903596]
Keyframe: 7 Frame: 34 Frame from vFrameID : 35
Tcw:
[0.9997918, 0.018838029, -0.0078429943, 0.03716062;
 -0.019429646, 0.76141411, -0.64797461, -0.076906249;
 -0.0062347976, 0.64799207, 0.76162159, 0.0055509284;
 0, 0, 0, 1]
Twc:
[0.9997918, -0.019429646, -0.0062347976, -0.038612533;
 0.018838029, 0.76141411, 0.64799207, 0.054260511;
 -0.0078429943, -0.64797461, 0.76162159, -0.053769555;
 0, 0, 0, 1]
Ow:
[0.03716062;
 -0.076906249;
 0.0055509284]
Keyframe: 8 Frame: 36 Frame from vFrameID : 37
Tcw:
[0.99979955, 0.013749289, -0.01455505, 0.039574027;
 -0.019897625, 0.76328313, -0.64575768, -0.075872019;
 0.0022309155, 0.64591783, 0.76340371, 0.0030339621;
 0, 0, 0, 1]
Twc:
[0.99979955, -0.019897625, 0.0022309155, -0.041082539;
 0.013749289, 0.76328313, 0.64591783, 0.055408027;
 -0.01455505, -0.64575768, 0.76340371, -0.050735071;
 0, 0, 0, 1]
Ow:
[0.039574027;
 -0.075872019;
 0.0030339621]
Keyframe: 9 Frame: 38 Frame from vFrameID : 39
Tcw:
[0.99991596, 0.0070459903, -0.010880875, 0.039605577;
 -0.012399012, 0.76474923, -0.64420873, -0.076062948;
 0.0037820528, 0.64428949, 0.76477236, 0.0047945939;
 0, 0, 0, 1]
Twc:
[0.99991596, -0.012399012, 0.0037820528, -0.040563487;
 0.0070459903, 0.76474923, 0.64428949, 0.054800913;
 -0.010880875, -0.64420873, 0.76477236, -0.05223624;
 0, 0, 0, 1]
Ow:
[0.039605577;
 -0.076062948;
 0.0047945939]
Keyframe: 10 Frame: 40 Frame from vFrameID : 41
Tcw:
[0.99997818, 0.00304744, -0.0058585363, 0.039212916;
 -0.0061224028, 0.76031882, -0.64952123, -0.075625926;
 0.0024749783, 0.64954293, 0.7603209, 0.0045681745;
 0, 0, 0, 1]
Twc:
[0.99997818, -0.0061224028, 0.0024749783, -0.039686378;
 0.00304744, 0.76031882, 0.64954293, 0.054413091;
 -0.0058585363, -0.64952123, 0.7603209, -0.052364193;
 0, 0, 0, 1]
Ow:
[0.039212916;
 -0.075625926;
 0.0045681745]
Keyframe: 11 Frame: 42 Frame from vFrameID : 43
Tcw:
[0.99998564, -0.0046909633, -0.0025870358, 0.040887319;
 0.0018670837, 0.75783187, -0.65244722, -0.074470297;
 0.0050211442, 0.65243304, 0.75782973, 0.003437236;
 0, 0, 0, 1]
Twc:
[0.99998564, 0.0018670837, 0.0050211442, -0.040764946;
 -0.0046909633, 0.75783187, 0.65243304, 0.0543852;
 -0.0025870358, -0.65244722, 0.75782973, -0.051087003;
 0, 0, 0, 1]
Ow:
[0.040887319;
 -0.074470297;
 0.003437236]
Keyframe: 12 Frame: 44 Frame from vFrameID : 45
Tcw:
[0.99982303, -0.017186645, -0.0076483153, 0.047390189;
 0.0079686912, 0.75523788, -0.65540236, -0.071960405;
 0.017040465, 0.65522546, 0.75524116, 0.0016718991;
 0, 0, 0, 1]
Twc:
[0.99982303, 0.0079686912, 0.017040465, -0.046836864;
 -0.017186645, 0.75523788, 0.65522546, 0.05406623;
 -0.0076483153, -0.65540236, 0.75524116, -0.048063256;
 0, 0, 0, 1]
Ow:
[0.047390189;
 -0.071960405;
 0.0016718991]
Keyframe: 13 Frame: 46 Frame from vFrameID : 47
Tcw:
[0.99954987, -0.018031385, -0.023978915, 0.04541865;
 -0.0022488867, 0.75196576, -0.65919828, -0.07165049;
 0.029917581, 0.65895545, 0.75158674, 0.0017280243;
 0, 0, 0, 1]
Twc:
[0.99954987, -0.0022488867, 0.029917581, -0.045611031;
 -0.018031385, 0.75196576, 0.65895545, 0.053558987;
 -0.023978915, -0.65919828, 0.75158674, -0.04744155;
 0, 0, 0, 1]
Ow:
[0.04541865;
 -0.07165049;
 0.0017280243]
Keyframe: 14 Frame: 48 Frame from vFrameID : 49
Tcw:
[0.9993481, -0.022139572, -0.028517704, 0.045770772;
 -0.0026095379, 0.74353826, -0.6686883, -0.068670191;
 0.036008477, 0.6683268, 0.74299574, 0.0031973384;
 0, 0, 0, 1]
Twc:
[0.9993481, -0.0026095379, 0.036008477, -0.046035264;
 -0.022139572, 0.74353826, 0.6683268, 0.049935393;
 -0.028517704, -0.6686883, 0.74299574, -0.046989284;
 0, 0, 0, 1]
Ow:
[0.045770772;
 -0.068670191;
 0.0031973384]
Keyframe: 15 Frame: 50 Frame from vFrameID : 51
Tcw:
[0.99936581, -0.023939028, -0.026361324, 0.045980308;
 -0.00035363517, 0.73359209, -0.67958999, -0.070233785;
 0.035607181, 0.67916828, 0.73311836, 0.0060208105;
 0, 0, 0, 1]
Twc:
[0.99936581, -0.00035363517, 0.035607181, -0.046190366;
 -0.023939028, 0.73359209, 0.67916828, 0.048534527;
 -0.026361324, -0.67958999, 0.73311836, -0.050932042;
 0, 0, 0, 1]
Ow:
[0.045980308;
 -0.070233785;
 0.0060208105]
Keyframe: 16 Frame: 52 Frame from vFrameID : 53
Tcw:
[0.99981713, -0.012100162, -0.014806577, 0.046386413;
 -0.0018421578, 0.70977223, -0.70442885, -0.073604345;
 0.019033, 0.70432734, 0.70962018, 0.0084894486;
 0, 0, 0, 1]
Twc:
[0.99981713, -0.0018421578, 0.019033, -0.046675105;
 -0.012100162, 0.70977223, 0.70432734, 0.046824247;
 -0.014806577, -0.70442885, 0.70962018, -0.057186481;
 0, 0, 0, 1]
Ow:
[0.046386413;
 -0.073604345;
 0.0084894486]
Keyframe: 17 Frame: 55 Frame from vFrameID : 56
Tcw:
[0.99988836, 0.00893158, 0.011977853, 0.035106387;
 0.001846772, 0.72163582, -0.6922704, -0.079148948;
 -0.014826717, 0.69221526, 0.72153878, -1.308322e-05;
 0, 0, 0, 1]
Twc:
[0.99988836, 0.001846772, -0.014826717, -0.034956492;
 0.00893158, 0.72163582, 0.69221526, 0.056812216;
 0.011977853, -0.6922704, 0.72153878, -0.055203531;
 0, 0, 0, 1]
Ow:
[0.035106387;
 -0.079148948;
 -1.308322e-05]
Keyframe: 18 Frame: 57 Frame from vFrameID : 58
Tcw:
[0.99968332, 0.018928459, 0.016583189, 0.0402111;
 -0.002297641, 0.72487277, -0.68887895, -0.076654971;
 -0.025060119, 0.68862271, 0.72468668, 0.0029003732;
 0, 0, 0, 1]
Twc:
[0.99968332, -0.002297641, -0.025060119, -0.040301807;
 0.018928459, 0.72487277, 0.68862271, 0.052806702;
 0.016583189, -0.68887895, 0.72468668, -0.055574685;
 0, 0, 0, 1]
Ow:
[0.0402111;
 -0.076654971;
 0.0029003732]
Keyframe: 19 Frame: 59 Frame from vFrameID : 60
Tcw:
[0.99965519, 0.012319851, 0.023189183, 0.039054744;
 0.0068693301, 0.72965825, -0.68377751, -0.077737674;
 -0.025344215, 0.68370104, 0.72932202, 0.0019075535;
 0, 0, 0, 1]
Twc:
[0.99965519, 0.0068693301, -0.025344215, -0.038458928;
 0.012319851, 0.72965825, 0.68370104, 0.054936588;
 0.023189183, -0.68377751, 0.72932202, -0.055452142;
 0, 0, 0, 1]
Ow:
[0.039054744;
 -0.077737674;
 0.0019075535]
Keyframe: 20 Frame: 61 Frame from vFrameID : 62
Tcw:
[0.99966264, 0.0060231597, 0.025265012, 0.040449563;
 0.012784388, 0.73263592, -0.68050069, -0.07631743;
 -0.022608818, 0.68059415, 0.73231173, 0.0028633066;
 0, 0, 0, 1]
Twc:
[0.99966264, 0.012784388, -0.022608818, -0.039395511;
 0.0060231597, 0.73263592, 0.68059415, 0.053720504;
 0.025265012, -0.68050069, 0.73231173, -0.055052862;
 0, 0, 0, 1]
Ow:
[0.040449563;
 -0.07631743;
 0.0028633066]
Keyframe: 21 Frame: 64 Frame from vFrameID : 65
Tcw:
[0.9996075, -0.020643793, 0.018937439, 0.043418717;
 0.028012123, 0.72842455, -0.68455315, -0.07385131;
 0.00033727876, 0.68481499, 0.72871691, 0.0027204119;
 0, 0, 0, 1]
Twc:
[0.9996075, 0.028012123, 0.00033727876, -0.041333865;
 -0.020643793, 0.72842455, 0.68481499, 0.052828453;
 0.018937439, -0.68455315, 0.72871691, -0.053359799;
 0, 0, 0, 1]
Ow:
[0.043418717;
 -0.07385131;
 0.0027204119]
Keyframe: 22 Frame: 66 Frame from vFrameID : 67
Tcw:
[0.99962646, -0.025043346, 0.010945044, 0.047926083;
 0.02571045, 0.7258361, -0.68738705, -0.072962672;
 0.0092701633, 0.68741167, 0.72620881, 0.001739759;
 0, 0, 0, 1]
Twc:
[0.99962646, 0.02571045, 0.0092701633, -0.046048403;
 -0.025043346, 0.7258361, 0.68741167, 0.052963238;
 0.010945044, -0.68738705, 0.72620881, -0.051941577;
 0, 0, 0, 1]
Ow:
[0.047926083;
 -0.072962672;
 0.001739759]
Keyframe: 23 Frame: 68 Frame from vFrameID : 69
Tcw:
[0.99951738, -0.029555941, 0.0095655974, 0.043989539;
 0.027937913, 0.72057384, -0.69281512, -0.073742807;
 0.013584083, 0.69274795, 0.72105181, 0.002600126;
 0, 0, 0, 1]
Twc:
[0.99951738, 0.027937913, 0.013584083, -0.041943409;
 -0.029555941, 0.72057384, 0.69274795, 0.052636057;
 0.0095655974, -0.69281512, 0.72105181, -0.053385738;
 0, 0, 0, 1]
Ow:
[0.043989539;
 -0.073742807;
 0.002600126]
Keyframe: 24 Frame: 71 Frame from vFrameID : 72
Tcw:
[0.9996295, -0.027004898, 0.0034062713, 0.044020869;
 0.021734409, 0.71659911, -0.69714653, -0.073690578;
 0.01638544, 0.6969623, 0.71692055, 0.0025959611;
 0, 0, 0, 1]
Twc:
[0.9996295, 0.021734409, 0.01638544, -0.04244547;
 -0.027004898, 0.71659911, 0.6969623, 0.052186094;
 0.0034062713, -0.69714653, 0.71692055, -0.053384174;
 0, 0, 0, 1]
Ow:
[0.044020869;
 -0.073690578;
 0.0025959611]
Keyframe: 25 Frame: 74 Frame from vFrameID : 75
Tcw:
[0.99976438, -0.021342358, -0.0039671822, 0.044128403;
 0.012590614, 0.71897137, -0.69492561, -0.073398679;
 0.01768364, 0.69471192, 0.71907067, 0.002250839;
 0, 0, 0, 1]
Twc:
[0.99976438, 0.012590614, 0.01768364, -0.04323367;
 -0.021342358, 0.71897137, 0.69471192, 0.052149668;
 -0.0039671822, -0.69492561, 0.71907067, -0.052450068;
 0, 0, 0, 1]
Ow:
[0.044128403;
 -0.073398679;
 0.002250839]
Keyframe: 26 Frame: 77 Frame from vFrameID : 78
Tcw:
[0.99970883, -0.024036597, 0.0021162773, 0.043963511;
 0.018798975, 0.72087234, -0.69281286, -0.073406115;
 0.015127297, 0.69265091, 0.72111434, 0.0021099262;
 0, 0, 0, 1]
Twc:
[0.99970883, 0.018798975, 0.015127297, -0.042602669;
 -0.024036597, 0.72087234, 0.69265091, 0.052511729;
 0.0021162773, -0.69281286, 0.72111434, -0.052471235;
 0, 0, 0, 1]
Ow:
[0.043963511;
 -0.073406115;
 0.0021099262]
Keyframe: 27 Frame: 82 Frame from vFrameID : 83
Tcw:
[0.99974883, -0.014456151, 0.017125214, 0.042634711;
 0.022299141, 0.71792024, -0.69576812, -0.074387334;
 -0.0022364086, 0.69597524, 0.71806228, 0.0023039468;
 0, 0, 0, 1]
Twc:
[0.99974883, 0.022299141, -0.0022364086, -0.040960077;
 -0.014456151, 0.71792024, 0.69597524, 0.052417014;
 0.017125214, -0.69576812, 0.71806228, -0.054140843;
 0, 0, 0, 1]
Ow:
[0.042634711;
 -0.074387334;
 0.0023039468]
Keyframe: 28 Frame: 89 Frame from vFrameID : 90
Tcw:
[0.99958849, 0.015892481, 0.023881728, 0.040792473;
 0.0053439098, 0.71477616, -0.69933289, -0.075410008;
 -0.028184224, 0.69917274, 0.71439707, 0.0016053058;
 0, 0, 0, 1]
Twc:
[0.99958849, 0.0053439098, -0.028184224, -0.040327456;
 0.015892481, 0.71477616, 0.69917274, 0.052130595;
 0.023881728, -0.69933289, 0.71439707, -0.054857723;
 0, 0, 0, 1]
Ow:
[0.040792473;
 -0.075410008;
 0.0016053058]
Keyframe: 29 Frame: 94 Frame from vFrameID : 95
Tcw:
[0.99852902, 0.042374473, 0.033825308, 0.039063722;
 -0.0067753526, 0.71648782, -0.69756669, -0.076596767;
 -0.053794444, 0.69631141, 0.71572101, 0.0024796389;
 0, 0, 0, 1]
Twc:
[0.99852902, -0.0067753526, -0.053794444, -0.039391838;
 0.042374473, 0.71648782, 0.69631141, 0.051498748;
 0.033825308, -0.69756669, 0.71572101, -0.056527425;
 0, 0, 0, 1]
Ow:
[0.039063722;
 -0.076596767;
 0.0024796389]
Keyframe: 30 Frame: 100 Frame from vFrameID : 101
Tcw:
[0.99838114, 0.049158987, 0.0286086, 0.038773276;
 -0.015835155, 0.72333586, -0.69031477, -0.07640969;
 -0.054628801, 0.68874425, 0.72294331, 0.0023629442;
 0, 0, 0, 1]
Twc:
[0.99838114, -0.015835155, -0.054628801, -0.039791387;
 0.049158987, 0.72333586, 0.68874425, 0.051736347;
 0.0286086, -0.69031477, 0.72294331, -0.055564266;
 0, 0, 0, 1]
Ow:
[0.038773276;
 -0.07640969;
 0.0023629442]
Keyframe: 31 Frame: 105 Frame from vFrameID : 106
Tcw:
[0.99949592, 0.03160331, 0.0030213576, 0.039747652;
 -0.020384196, 0.71179825, -0.70208812, -0.075407632;
 -0.024338905, 0.70167261, 0.7120837, 0.0017572977;
 0, 0, 0, 1]
Twc:
[0.99949592, -0.020384196, -0.024338905, -0.041221969;
 0.03160331, 0.71179825, 0.70167261, 0.051185817;
 0.0030213576, -0.70208812, 0.7120837, -0.054314233;
 0, 0, 0, 1]
Ow:
[0.039747652;
 -0.075407632;
 0.0017572977]
Keyframe: 32 Frame: 110 Frame from vFrameID : 111
Tcw:
[0.99969625, 0.023520743, -0.0073640095, 0.04033459;
 -0.021891568, 0.71012115, -0.70373911, -0.074906573;
 -0.011323128, 0.70368654, 0.71042031, 0.0013435818;
 0, 0, 0, 1]
Twc:
[0.99969625, -0.021891568, -0.011323128, -0.041946944;
 0.023520743, 0.71012115, 0.70368654, 0.051298581;
 -0.0073640095, -0.70373911, 0.71042031, -0.053372171;
 0, 0, 0, 1]
Ow:
[0.04033459;
 -0.074906573;
 0.0013435818]
Keyframe: 33 Frame: 115 Frame from vFrameID : 116
Tcw:
[0.99942023, 0.025758568, -0.022265725, 0.04078918;
 -0.034004208, 0.72196859, -0.69108975, -0.074591018;
 -0.0017263276, 0.69144619, 0.72242594, 0.00084561855;
 0, 0, 0, 1]
Twc:
[0.99942023, -0.034004208, -0.0017263276, -0.043300476;
 0.025758568, 0.72196859, 0.69144619, 0.052217003;
 -0.022265725, -0.69108975, 0.72242594, -0.051251784;
 0, 0, 0, 1]
Ow:
[0.04078918;
 -0.074591018;
 0.00084561855]
Keyframe: 34 Frame: 121 Frame from vFrameID : 122
Tcw:
[0.99973285, 0.0090841865, -0.02125404, 0.041226495;
 -0.021221623, 0.72513741, -0.68827713, -0.074686691;
 0.0091596609, 0.68854427, 0.72513646, 0.001524359;
 0, 0, 0, 1]
Twc:
[0.99973285, -0.021221623, 0.0091596609, -0.042814415;
 0.0090841865, 0.72513741, 0.68854427, 0.052734017;
 -0.02125404, -0.68827713, 0.72513646, -0.051634278;
 0, 0, 0, 1]
Ow:
[0.041226495;
 -0.074686691;
 0.001524359]
Keyframe: 35 Frame: 126 Frame from vFrameID : 127
Tcw:
[0.99992335, 0.0092566768, -0.008222661, 0.041476235;
 -0.012376768, 0.72919703, -0.68419188, -0.074842632;
 -0.00033740356, 0.68424124, 0.72925568, 0.0017414093;
 0, 0, 0, 1]
Twc:
[0.99992335, -0.012376768, -0.00033740356, -0.042398777;
 0.0092566768, 0.72919703, 0.68424124, 0.052999549;
 -0.008222661, -0.68419188, 0.72925568, -0.052135613;
 0, 0, 0, 1]
Ow:
[0.041476235;
 -0.074842632;
 0.0017414093]
Keyframe: 36 Frame: 131 Frame from vFrameID : 132
Tcw:
[0.999924, 0.011591174, 0.0042026876, 0.041171532;
 -0.0054534161, 0.72149253, -0.69240075, -0.075499028;
 -0.011057945, 0.69232517, 0.72150093, 0.002566535;
 0, 0, 0, 1]
Twc:
[0.999924, -0.0054534161, -0.011057945, -0.04155175;
 0.011591174, 0.72149253, 0.69232517, 0.052217886;
 0.0042026876, -0.69240075, 0.72150093, -0.054300372;
 0, 0, 0, 1]
Ow:
[0.041171532;
 -0.075499028;
 0.002566535]
Keyframe: 37 Frame: 137 Frame from vFrameID : 138
Tcw:
[0.99938256, 0.021241689, 0.027987827, 0.042524729;
 0.0046190168, 0.71022004, -0.70396459, -0.076316953;
 -0.034830913, 0.70365918, 0.70968342, 0.0047650039;
 0, 0, 0, 1]
Twc:
[0.99938256, 0.0046190168, -0.034830913, -0.041979995;
 0.021241689, 0.71022004, 0.70365918, 0.049945593;
 0.027987827, -0.70396459, 0.70968342, -0.058296248;
 0, 0, 0, 1]
Ow:
[0.042524729;
 -0.076316953;
 0.0047650039]
Keyframe: 38 Frame: 142 Frame from vFrameID : 143
Tcw:
[0.99940521, 0.024696941, 0.024069617, 0.041799363;
 -0.0010269313, 0.71895623, -0.69505459, -0.075518951;
 -0.034470722, 0.69461644, 0.71855396, 0.0035117529;
 0, 0, 0, 1]
Twc:
[0.99940521, -0.0010269313, -0.034470722, -0.041731;
 0.024696941, 0.71895623, 0.69461644, 0.050823182;
 0.024069617, -0.69505459, 0.71855396, -0.056019269;
 0, 0, 0, 1]
Ow:
[0.041799363;
 -0.075518951;
 0.0035117529]
Keyframe: 39 Frame: 147 Frame from vFrameID : 148
Tcw:
[0.99968785, 0.015607472, 0.019508397, 0.041679345;
 0.0020509821, 0.72694933, -0.68668801, -0.076398;
 -0.02489908, 0.68651372, 0.72669041, 0.005297292;
 0, 0, 0, 1]
Twc:
[0.99968785, 0.0020509821, -0.02489908, -0.041377746;
 0.015607472, 0.72694933, 0.68651372, 0.051250301;
 0.019508397, -0.68668801, 0.72669041, -0.057124183;
 0, 0, 0, 1]
Ow:
[0.041679345;
 -0.076398;
 0.005297292]
Keyframe: 40 Frame: 151 Frame from vFrameID : 152
Tcw:
[0.99987864, 0.0050973431, 0.014721624, 0.042252082;
 0.0063873185, 0.72775686, -0.68580544, -0.076159112;
 -0.014209549, 0.68581623, 0.72763598, 0.0047486834;
 0, 0, 0, 1]
Twc:
[0.99987864, 0.0063873185, -0.014209549, -0.041693024;
 0.0050973431, 0.72775686, 0.68581623, 0.051953223;
 0.014721624, -0.68580544, 0.72763598, -0.05630767;
 0, 0, 0, 1]
Ow:
[0.042252082;
 -0.076159112;
 0.0047486834]
Keyframe: 41 Frame: 156 Frame from vFrameID : 157
Tcw:
[0.99995363, 0.0015695827, 0.0095035974, 0.042342629;
 0.0054478361, 0.72151631, -0.69237602, -0.07615082;
 -0.007943742, 0.69239569, 0.72147429, 0.0049991608;
 0, 0, 0, 1]
Twc:
[0.99995363, 0.0054478361, -0.007943742, -0.041886091;
 0.0015695827, 0.72151631, 0.69239569, 0.051416203;
 0.0095035974, -0.69237602, 0.72147429, -0.056734174;
 0, 0, 0, 1]
Ow:
[0.042342629;
 -0.07615082;
 0.0049991608]
Keyframe: 42 Frame: 161 Frame from vFrameID : 162
Tcw:
[0.99988961, 0.014828755, 0.00090350391, 0.043570828;
 -0.01022922, 0.73129958, -0.68197972, -0.076053739;
 -0.010773642, 0.6818952, 0.73137057, 0.0054914393;
 0, 0, 0, 1]
Twc:
[0.99988961, -0.01022922, -0.010773642, -0.044284828;
 0.014828755, 0.73129958, 0.6818952, 0.051227376;
 0.00090350391, -0.68197972, 0.73137057, -0.055922743;
 0, 0, 0, 1]
Ow:
[0.043570828;
 -0.076053739;
 0.0054914393]
Keyframe: 43 Frame: 167 Frame from vFrameID : 168
Tcw:
[0.99991947, 0.0093306964, -0.0086005572, 0.043473881;
 -0.012689388, 0.72962916, -0.6837253, -0.075958364;
 -0.00010441602, 0.68377942, 0.72968876, 0.0052918084;
 0, 0, 0, 1]
Twc:
[0.99991947, -0.012689388, -0.00010441602, -0.044433691;
 0.0093306964, 0.72962916, 0.68377942, 0.051397361;
 -0.0086005572, -0.6837253, 0.72968876, -0.055422127;
 0, 0, 0, 1]
Ow:
[0.043473881;
 -0.075958364;
 0.0052918084]
Keyframe: 44 Frame: 172 Frame from vFrameID : 173
Tcw:
[0.999942, 0.0093208672, 0.0053977305, 0.042856783;
 -0.0028788503, 0.71418548, -0.69995058, -0.076557934;
 -0.010379127, 0.69989443, 0.71417087, 0.0062246136;
 0, 0, 0, 1]
Twc:
[0.999942, -0.0028788503, -0.010379127, -0.04301009;
 0.0093208672, 0.71418548, 0.69989443, 0.049920529;
 0.0053977305, -0.69995058, 0.71417087, -0.05826354;
 0, 0, 0, 1]
Ow:
[0.042856783;
 -0.076557934;
 0.0062246136]
Keyframe: 45 Frame: 178 Frame from vFrameID : 179
Tcw:
[0.99969435, 0.0073566437, 0.023602637, 0.045056947;
 0.010914771, 0.72528702, -0.6883601, -0.076192625;
 -0.022182705, 0.6884073, 0.724985, 0.0047319978;
 0, 0, 0, 1]
Twc:
[0.99969435, 0.010914771, -0.022182705, -0.04410658;
 0.0073566437, 0.72528702, 0.6884073, 0.051672511;
 0.023602637, -0.6883601, 0.724985, -0.056942053;
 0, 0, 0, 1]
Ow:
[0.045056947;
 -0.076192625;
 0.0047319978]
Keyframe: 46 Frame: 184 Frame from vFrameID : 185
Tcw:
[0.99930674, 0.018194279, 0.032481082, 0.045363508;
 0.0086549381, 0.73501545, -0.67799509, -0.076316491;
 -0.036209729, 0.6778062, 0.73434848, 0.0062508509;
 0, 0, 0, 1]
Twc:
[0.99930674, 0.0086549381, -0.036209729, -0.044445205;
 0.018194279, 0.73501545, 0.6778062, 0.051031582;
 0.032481082, -0.67799509, 0.73434848, -0.057805963;
 0, 0, 0, 1]
Ow:
[0.045363508;
 -0.076316491;
 0.0062508509]
Keyframe: 47 Frame: 193 Frame from vFrameID : 194
Tcw:
[0.99981099, 0.019406868, 0.001162014, 0.045707464;
 -0.013256268, 0.72422302, -0.6894384, -0.076075129;
 -0.014221397, 0.68929273, 0.72434336, 0.0064595975;
 0, 0, 0, 1]
Twc:
[0.99981099, -0.013256268, -0.014221397, -0.046615433;
 0.019406868, 0.72422302, 0.68929273, 0.049755763;
 0.001162014, -0.6894384, 0.72434336, -0.057181198;
 0, 0, 0, 1]
Ow:
[0.045707464;
 -0.076075129;
 0.0064595975]
Keyframe: 48 Frame: 202 Frame from vFrameID : 203
Tcw:
[0.99937713, 0.022936961, -0.026818192, 0.045715429;
 -0.035102755, 0.72413093, -0.68876863, -0.076218873;
 0.0036216241, 0.68928099, 0.72448504, 0.0070149675;
 0, 0, 0, 1]
Twc:
[0.99937713, -0.035102755, 0.0036216241, -0.048387855;
 0.022936961, 0.72413093, 0.68928099, 0.049308587;
 -0.026818192, -0.68876863, 0.72448504, -0.056353401;
 0, 0, 0, 1]
Ow:
[0.045715429;
 -0.076218873;
 0.0070149675]
Keyframe: 49 Frame: 211 Frame from vFrameID : 212
Tcw:
[0.99858552, 0.04574855, 0.027093712, 0.045333229;
 -0.014393436, 0.72314101, -0.69055045, -0.076344155;
 -0.051184256, 0.68918371, 0.72277659, 0.0072206408;
 0, 0, 0, 1]
Twc:
[0.99858552, -0.014393436, -0.051184256, -0.045998372;
 0.04574855, 0.72314101, 0.68918371, 0.048157312;
 0.027093712, -0.69055045, 0.72277659, -0.059166644;
 0, 0, 0, 1]
Ow:
[0.045333229;
 -0.076344155;
 0.0072206408]
Keyframe: 50 Frame: 219 Frame from vFrameID : 220
Tcw:
[0.99749649, 0.054618005, 0.044918038, 0.04598479;
 -0.0099315569, 0.73709381, -0.67571741, -0.076525666;
 -0.070015147, 0.67357969, 0.73579097, 0.0079071671;
 0, 0, 0, 1]
Twc:
[0.99749649, -0.0099315569, -0.070015147, -0.046076063;
 0.054618005, 0.73709381, 0.67357969, 0.048568893;
 0.044918038, -0.67571741, 0.73579097, -0.059593298;
 0, 0, 0, 1]
Ow:
[0.04598479;
 -0.076525666;
 0.0079071671]
Keyframe: 51 Frame: 227 Frame from vFrameID : 228
Tcw:
[0.99934459, 0.035749093, 0.0056927269, 0.04613914;
 -0.021613125, 0.71539396, -0.69838697, -0.076563716;
 -0.029039243, 0.69780618, 0.71569777, 0.0081239864;
 0, 0, 0, 1]
Twc:
[0.99934459, -0.021613125, -0.029039243, -0.047527768;
 0.035749093, 0.71539396, 0.69780618, 0.047454827;
 0.0056927269, -0.69838697, 0.71569777, -0.05954808;
 0, 0, 0, 1]
Ow:
[0.04613914;
 -0.076563716;
 0.0081239864]
Keyframe: 52 Frame: 235 Frame from vFrameID : 236
Tcw:
[0.99865729, 0.04757636, -0.020497067, 0.046026792;
 -0.048345108, 0.71377438, -0.69870514, -0.076688722;
 -0.018611567, 0.69875789, 0.71511608, 0.0084600858;
 0, 0, 0, 1]
Twc:
[0.99865729, -0.048345108, -0.018611567, -0.049515061;
 0.04757636, 0.71377438, 0.69875789, 0.04663711;
 -0.020497067, -0.69870514, 0.71511608, -0.058689333;
 0, 0, 0, 1]
Ow:
[0.046026792;
 -0.076688722;
 0.0084600858]
Keyframe: 53 Frame: 243 Frame from vFrameID : 244
Tcw:
[0.99934518, 0.035762407, -0.0055001904, 0.046161328;
 -0.029612955, 0.72103578, -0.69226474, -0.075692877;
 -0.02079122, 0.69197428, 0.72162271, 0.010621581;
 0, 0, 0, 1]
Twc:
[0.99934518, -0.029612955, -0.02079122, -0.048151754;
 0.035762407, 0.72103578, 0.69197428, 0.045576576;
 -0.0055001904, -0.69226474, 0.72162271, -0.059810389;
 0, 0, 0, 1]
Ow:
[0.046161328;
 -0.075692877;
 0.010621581]
Keyframe: 54 Frame: 253 Frame from vFrameID : 254
Tcw:
[0.9998194, 0.0189292, 0.0017027439, 0.046481937;
 -0.012394718, 0.71733814, -0.69661498, -0.076458327;
 -0.014407806, 0.696468, 0.71744317, 0.012279268;
 0, 0, 0, 1]
Twc:
[0.9998194, -0.012394718, -0.014407806, -0.047244299;
 0.0189292, 0.71733814, 0.696468, 0.045414489;
 0.0017027439, -0.69661498, 0.71744317, -0.062150836;
 0, 0, 0, 1]
Ow:
[0.046481937;
 -0.076458327;
 0.012279268]
Keyframe: 55 Frame: 262 Frame from vFrameID : 263
Tcw:
[0.99939203, 0.031288028, 0.015382698, 0.046711303;
 -0.012437357, 0.73211533, -0.68106711, -0.076695338;
 -0.032571156, 0.6804617, 0.73205942, 0.012926467;
 0, 0, 0, 1]
Twc:
[0.99939203, -0.012437357, -0.032571156, -0.047215763;
 0.031288028, 0.73211533, 0.6804617, 0.045892365;
 0.015382698, -0.68106711, 0.73205942, -0.062416159;
 0, 0, 0, 1]
Ow:
[0.046711303;
 -0.076695338;
 0.012926467]
Keyframe: 56 Frame: 271 Frame from vFrameID : 272
Tcw:
[0.99807787, -0.0040134373, -0.061842572, 0.047717571;
 -0.040373005, 0.71497768, -0.69798064, -0.076195106;
 0.047017358, 0.69913578, 0.71344131, 0.014391458;
 0, 0, 0, 1]
Twc:
[0.99807787, -0.040373005, 0.047017358, -0.051378723;
 -0.0040134373, 0.71497768, 0.69913578, 0.044607729;
 -0.061842572, -0.69798064, 0.71344131, -0.060499195;
 0, 0, 0, 1]
Ow:
[0.047717571;
 -0.076195106;
 0.014391458]
Keyframe: 57 Frame: 280 Frame from vFrameID : 281
Tcw:
[0.99852169, 0.0049024592, -0.054133028, 0.048121762;
 -0.040102709, 0.73871654, -0.67282212, -0.076723725;
 0.036690481, 0.67399836, 0.7378211, 0.014989233;
 0, 0, 0, 1]
Twc:
[0.99852169, -0.040102709, 0.036690481, -0.051677413;
 0.0049024592, 0.73871654, 0.67399836, 0.046338454;
 -0.054133028, -0.67282212, 0.7378211, -0.060075816;
 0, 0, 0, 1]
Ow:
[0.048121762;
 -0.076723725;
 0.014989233]
Keyframe: 58 Frame: 289 Frame from vFrameID : 290
Tcw:
[0.99872673, -0.011667881, -0.049079906, 0.048219152;
 -0.02557458, 0.72150087, -0.69194108, -0.076768026;
 0.04348468, 0.69231522, 0.72028381, 0.015304513;
 0, 0, 0, 1]
Twc:
[0.99872673, -0.02557458, 0.04348468, -0.050786573;
 -0.011667881, 0.72150087, 0.69231522, 0.045355264;
 -0.049079906, -0.69194108, 0.72028381, -0.061775949;
 0, 0, 0, 1]
Ow:
[0.048219152;
 -0.076768026;
 0.015304513]
Keyframe: 59 Frame: 298 Frame from vFrameID : 299
Tcw:
[0.99970847, -0.00065199746, -0.024135357, 0.048362363;
 -0.015930548, 0.73334628, -0.67966861, -0.076270893;
 0.018142717, 0.67985499, 0.73312211, 0.015476659;
 0, 0, 0, 1]
Twc:
[0.99970847, -0.015930548, 0.018142717, -0.049844094;
 -0.00065199746, 0.73334628, 0.67985499, 0.04544263;
 -0.024135357, -0.67966861, 0.73312211, -0.062017977;
 0, 0, 0, 1]
Ow:
[0.048362363;
 -0.076270893;
 0.015476659]
Keyframe: 60 Frame: 307 Frame from vFrameID : 308
Tcw:
[0.99784929, -0.015711026, -0.063639611, 0.048555911;
 -0.032047544, 0.72998565, -0.68271071, -0.076562822;
 0.057182088, 0.68328184, 0.72791213, 0.015731059;
 0, 0, 0, 1]
Twc:
[0.99784929, -0.032047544, 0.057182088, -0.051804662;
 -0.015711026, 0.72998565, 0.68328184, 0.04590388;
 -0.063639611, -0.68271071, 0.72791213, -0.060631007;
 0, 0, 0, 1]
Ow:
[0.048555911;
 -0.076562822;
 0.015731059]
Keyframe: 61 Frame: 317 Frame from vFrameID : 318
Tcw:
[0.99943608, -0.013714553, -0.030650035, 0.048624963;
 -0.01057156, 0.73785579, -0.67487562, -0.076736599;
 0.031870924, 0.67481905, 0.73729473, 0.015883926;
 0, 0, 0, 1]
Twc:
[0.99943608, -0.01057156, 0.031870924, -0.049915005;
 -0.013714553, 0.73785579, 0.67481905, 0.046568636;
 -0.030650035, -0.67487562, 0.73729473, -0.062008433;
 0, 0, 0, 1]
Ow:
[0.048624963;
 -0.076736599;
 0.015883926]
Keyframe: 62 Frame: 325 Frame from vFrameID : 326
Tcw:
[0.99992323, 0.012386168, -0.00040760569, 0.048882112;
 -0.0092885997, 0.72727519, -0.68628311, -0.076360181;
 -0.0082039768, 0.68623418, 0.72733438, 0.015784953;
 0, 0, 0, 1]
Twc:
[0.99992323, -0.0092885997, -0.0082039768, -0.049458135;
 0.012386168, 0.72727519, 0.68623418, 0.044097226;
 -0.00040760569, -0.68628311, 0.72733438, -0.063865714;
 0, 0, 0, 1]
Ow:
[0.048882112;
 -0.076360181;
 0.015784953]
Keyframe: 63 Frame: 334 Frame from vFrameID : 335
Tcw:
[0.99988681, 0.015043654, -0.00011821939, 0.048318002;
 -0.011167739, 0.73696041, -0.67584366, -0.07614097;
 -0.010080035, 0.67576849, 0.73704499, 0.015153989;
 0, 0, 0, 1]
Twc:
[0.99988681, -0.011167739, -0.010080035, -0.049010102;
 0.015043654, 0.73696041, 0.67576849, 0.045145411;
 -0.00011821939, -0.67584366, 0.73704499, -0.062622853;
 0, 0, 0, 1]
Ow:
[0.048318002;
 -0.07614097;
 0.015153989]
Keyframe: 64 Frame: 342 Frame from vFrameID : 343
Tcw:
[0.99942821, -0.0033128143, -0.033648543, 0.047717582;
 -0.020556955, 0.73058629, -0.68251085, -0.076259717;
 0.026844198, 0.68281233, 0.73010045, 0.015848249;
 0, 0, 0, 1]
Twc:
[0.99942821, -0.020556955, 0.026844198, -0.049683403;
 -0.0033128143, 0.73058629, 0.68281233, 0.045051005;
 -0.033648543, -0.68251085, 0.73010045, -0.062013276;
 0, 0, 0, 1]
Ow:
[0.047717582;
 -0.076259717;
 0.015848249]
Keyframe: 65 Frame: 351 Frame from vFrameID : 352
Tcw:
[0.99919587, -0.007534225, -0.039381105, 0.048817221;
 -0.020255778, 0.75278205, -0.65795815, -0.076662309;
 0.034602594, 0.65822673, 0.75202405, 0.016480319;
 0, 0, 0, 1]
Twc:
[0.99919587, -0.020255778, 0.034602594, -0.050901081;
 -0.007534225, 0.75278205, 0.65822673, 0.04723002;
 -0.039381105, -0.65795815, 0.75202405, -0.060911711;
 0, 0, 0, 1]
Ow:
[0.048817221;
 -0.076662309;
 0.016480319]
Keyframe: 66 Frame: 360 Frame from vFrameID : 361
Tcw:
[0.99952674, -0.021692399, -0.021811111, 0.0480172;
 0.00013425271, 0.71210307, -0.70207494, -0.076010071;
 0.030761449, 0.70173973, 0.71176898, 0.016245343;
 0, 0, 0, 1]
Twc:
[0.99952674, 0.00013425271, 0.030761449, -0.048484001;
 -0.021692399, 0.71210307, 0.70173973, 0.043768611;
 -0.021811111, -0.70207494, 0.71176898, -0.063880384;
 0, 0, 0, 1]
Ow:
[0.0480172;
 -0.076010071;
 0.016245343]
Keyframe: 67 Frame: 369 Frame from vFrameID : 370
Tcw:
[0.99982661, -0.017511528, -0.0063327793, 0.048474692;
 0.0086754821, 0.73896044, -0.67369294, -0.076107576;
 0.016477067, 0.67352122, 0.73898423, 0.016437637;
 0, 0, 0, 1]
Twc:
[0.99982661, 0.0086754821, 0.016477067, -0.048076861;
 -0.017511528, 0.73896044, 0.67352122, 0.046018258;
 -0.0063327793, -0.67369294, 0.73898423, -0.063113317;
 0, 0, 0, 1]
Ow:
[0.048474692;
 -0.076107576;
 0.016437637]
Keyframe: 68 Frame: 378 Frame from vFrameID : 379
Tcw:
[0.99889922, -0.039067004, -0.025963569, 0.047753979;
 0.0090771737, 0.70402825, -0.71011394, -0.074851096;
 0.046021111, 0.70909661, 0.70360786, 0.01481818;
 0, 0, 0, 1]
Twc:
[0.99889922, 0.0090771737, 0.046021111, -0.047703926;
 -0.039067004, 0.70402825, 0.70909661, 0.044055369;
 -0.025963569, -0.71011394, 0.70360786, -0.062339135;
 0, 0, 0, 1]
Ow:
[0.047753979;
 -0.074851096;
 0.01481818]
Keyframe: 69 Frame: 387 Frame from vFrameID : 388
Tcw:
[0.99737906, -0.062523827, -0.036411434, 0.048069358;
 0.018842973, 0.71033728, -0.70360917, -0.075237975;
 0.069856741, 0.70107895, 0.70965368, 0.016073536;
 0, 0, 0, 1]
Twc:
[0.99737906, 0.018842973, 0.069856741, -0.047648508;
 -0.062523827, 0.71033728, 0.70107895, 0.045181002;
 -0.036411434, -0.70360917, 0.70965368, -0.062594503;
 0, 0, 0, 1]
Ow:
[0.048069358;
 -0.075237975;
 0.016073536]
Keyframe: 70 Frame: 396 Frame from vFrameID : 397
Tcw:
[0.99892086, -0.042328916, -0.01911517, 0.048136774;
 0.016211066, 0.70344621, -0.7105636, -0.075078763;
 0.043523882, 0.7094869, 0.70337331, 0.016074093;
 0, 0, 0, 1]
Twc:
[0.99892086, 0.016211066, 0.043523882, -0.047567327;
 -0.042328916, 0.70344621, 0.7094869, 0.043447092;
 -0.01911517, -0.7105636, 0.70337331, -0.063734181;
 0, 0, 0, 1]
Ow:
[0.048136774;
 -0.075078763;
 0.016074093]
Keyframe: 71 Frame: 405 Frame from vFrameID : 406
Tcw:
[0.99972218, -0.019441081, 0.013325329, 0.048236638;
 0.023269795, 0.7242586, -0.68913567, -0.075130478;
 0.003746558, 0.68925428, 0.72450984, 0.016242743;
 0, 0, 0, 1]
Twc:
[0.99972218, 0.023269795, 0.003746558, -0.046535823;
 -0.019441081, 0.7242586, 0.68925428, 0.044156291;
 0.013325329, -0.68913567, 0.72450984, -0.064185888;
 0, 0, 0, 1]
Ow:
[0.048236638;
 -0.075130478;
 0.016242743]
Keyframe: 72 Frame: 414 Frame from vFrameID : 415
Tcw:
[0.99930966, -0.036948819, -0.0038779045, 0.04826124;
 0.023860963, 0.71831352, -0.69531024, -0.074959055;
 0.028476445, 0.69473773, 0.71869928, 0.01576777;
 0, 0, 0, 1]
Twc:
[0.99930966, 0.023860963, 0.028476445, -0.046888337;
 -0.036948819, 0.71831352, 0.69473773, 0.044672839;
 -0.0038779045, -0.69531024, 0.71869928, -0.063264936;
 0, 0, 0, 1]
Ow:
[0.04826124;
 -0.074959055;
 0.01576777]
Keyframe: 73 Frame: 423 Frame from vFrameID : 424
Tcw:
[0.99917448, -0.035659943, -0.019460795, 0.04792814;
 0.011898329, 0.71491349, -0.69911164, -0.074911483;
 0.038843069, 0.69830298, 0.71474761, 0.016689654;
 0, 0, 0, 1]
Twc:
[0.99917448, 0.011898329, 0.038843069, -0.047645532;
 -0.035659943, 0.71491349, 0.69830298, 0.04360991;
 -0.019460795, -0.69911164, 0.71474761, -0.063367665;
 0, 0, 0, 1]
Ow:
[0.04792814;
 -0.074911483;
 0.016689654]
Keyframe: 74 Frame: 432 Frame from vFrameID : 433
Tcw:
[0.99960959, -0.025166543, -0.012137517, 0.048325188;
 0.0094854487, 0.71426857, -0.69980747, -0.075320728;
 0.026281182, 0.69941908, 0.71422839, 0.016811468;
 0, 0, 0, 1]
Twc:
[0.99960959, 0.0094854487, 0.026281182, -0.048033696;
 -0.025166543, 0.71426857, 0.69941908, 0.043257143;
 -0.012137517, -0.69980747, 0.71422839, -0.064130686;
 0, 0, 0, 1]
Ow:
[0.048325188;
 -0.075320728;
 0.016811468]
Keyframe: 75 Frame: 441 Frame from vFrameID : 442
Tcw:
[0.99931014, -0.019303324, 0.031727407, 0.048114475;
 0.035965547, 0.71599579, -0.69717753, -0.0744773;
 -0.0092588458, 0.69783765, 0.71619612, 0.014532017;
 0, 0, 0, 1]
Twc:
[0.99931014, 0.035965547, -0.0092588458, -0.045268118;
 -0.019303324, 0.71599579, 0.69783765, 0.044113215;
 0.031727407, -0.69717753, 0.71619612, -0.063858218;
 0, 0, 0, 1]
Ow:
[0.048114475;
 -0.0744773;
 0.014532017]
Keyframe: 76 Frame: 450 Frame from vFrameID : 451
Tcw:
[0.99995077, 0.0061700461, 0.0077740313, 0.047182713;
 0.0010817441, 0.71086001, -0.70333266, -0.07380347;
 -0.0098658428, 0.70330644, 0.71081835, 0.013850173;
 0, 0, 0, 1]
Twc:
[0.99995077, 0.0010817441, -0.0098658428, -0.046963908;
 0.0061700461, 0.71086001, 0.70330644, 0.042431902;
 0.0077740313, -0.70333266, 0.71081835, -0.062120147;
 0, 0, 0, 1]
Ow:
[0.047182713;
 -0.07380347;
 0.013850173]
Keyframe: 77 Frame: 459 Frame from vFrameID : 460
Tcw:
[0.99886942, -0.0065511572, -0.047084592, 0.047758464;
 -0.028996149, 0.70091325, -0.71265692, -0.07380268;
 0.03767094, 0.71321648, 0.69993085, 0.01596405;
 0, 0, 0, 1]
Twc:
[0.99886942, -0.028996149, 0.03767094, -0.050445843;
 -0.0065511572, 0.70091325, 0.71321648, 0.040656324;
 -0.047084592, -0.71265692, 0.69993085, -0.061521031;
 0, 0, 0, 1]
Ow:
[0.047758464;
 -0.07380268;
 0.01596405]
Keyframe: 78 Frame: 467 Frame from vFrameID : 468
Tcw:
[0.99921727, -0.0019060874, -0.039512634, 0.048089176;
 -0.026608063, 0.70674032, -0.70697248, -0.074097544;
 0.029272724, 0.70747048, 0.70613641, 0.015172077;
 0, 0, 0, 1]
Twc:
[0.99921727, -0.026608063, 0.029272724, -0.050467256;
 -0.0019060874, 0.70674032, 0.70747048, 0.041725587;
 -0.039512634, -0.70697248, 0.70613641, -0.061198354;
 0, 0, 0, 1]
Ow:
[0.048089176;
 -0.074097544;
 0.015172077]
Keyframe: 79 Frame: 475 Frame from vFrameID : 476
Tcw:
[0.99979371, 0.018910494, 0.0074154492, 0.047639463;
 -0.0080898898, 0.70557332, -0.70859075, -0.073709123;
 -0.018631944, 0.70838457, 0.70558071, 0.013376744;
 0, 0, 0, 1]
Twc:
[0.99979371, -0.0080898898, -0.018631944, -0.047976695;
 0.018910494, 0.70557332, 0.70838457, 0.041630425;
 0.0074154492, -0.70859075, 0.70558071, -0.062021241;
 0, 0, 0, 1]
Ow:
[0.047639463;
 -0.073709123;
 0.013376744]
Keyframe: 80 Frame: 483 Frame from vFrameID : 484
Tcw:
[0.99965972, 0.0098318029, 0.024160605, 0.047557358;
 0.0098554902, 0.71522331, -0.69882649, -0.073712148;
 -0.024150953, 0.69882685, 0.71488303, 0.013982903;
 0, 0, 0, 1]
Twc:
[0.99965972, 0.0098554902, -0.024150953, -0.046477005;
 0.0098318029, 0.71522331, 0.69882685, 0.042481445;
 0.024160605, -0.69882649, 0.71488303, -0.062657163;
 0, 0, 0, 1]
Ow:
[0.047557358;
 -0.073712148;
 0.013982903]
Keyframe: 81 Frame: 491 Frame from vFrameID : 492
Tcw:
[0.99981111, -0.00053435285, -0.019428944, 0.047719136;
 -0.013459005, 0.702142, -0.71190971, -0.07381618;
 0.014022289, 0.71203673, 0.70200217, 0.014305592;
 0, 0, 0, 1]
Twc:
[0.99981111, -0.013459005, 0.014022289, -0.04890421;
 -0.00053435285, 0.702142, 0.71203673, 0.041668836;
 -0.019428944, -0.71190971, 0.70200217, -0.061665881;
 0, 0, 0, 1]
Ow:
[0.047719136;
 -0.07381618;
 0.014305592]
Keyframe: 82 Frame: 499 Frame from vFrameID : 500
Tcw:
[0.99982363, -0.008664323, -0.016662573, 0.047777206;
 -0.0055686068, 0.71055543, -0.70361918, -0.073942877;
 0.017936066, 0.70358789, 0.71038187, 0.014842007;
 0, 0, 0, 1]
Twc:
[0.99982363, -0.0055686068, 0.017936066, -0.048446748;
 -0.008664323, 0.71055543, 0.70358789, 0.042511813;
 -0.016662573, -0.70361918, 0.71038187, -0.061775029;
 0, 0, 0, 1]
Ow:
[0.047777206;
 -0.073942877;
 0.014842007]
Keyframe: 83 Frame: 508 Frame from vFrameID : 509
Tcw:
[0.99962014, -0.02403857, -0.01347925, 0.048206393;
 0.0067425859, 0.68754095, -0.72611433, -0.073840909;
 0.026722286, 0.72574764, 0.68744183, 0.014923463;
 0, 0, 0, 1]
Twc:
[0.99962014, 0.0067425859, 0.026722286, -0.048088994;
 -0.02403857, 0.68754095, 0.72574764, 0.041096792;
 -0.01347925, -0.72611433, 0.68744183, -0.063226171;
 0, 0, 0, 1]
Ow:
[0.048206393;
 -0.073840909;
 0.014923463]
Keyframe: 84 Frame: 516 Frame from vFrameID : 517
Tcw:
[0.9994927, -0.012674659, 0.029218655, 0.048337288;
 0.02960995, 0.70770907, -0.7058832, -0.074039564;
 -0.011731479, 0.70639026, 0.70772535, 0.015732061;
 0, 0, 0, 1]
Twc:
[0.9994927, 0.02960995, -0.011731479, -0.045935895;
 -0.012674659, 0.70770907, 0.70639026, 0.041898154;
 0.029218655, -0.7058832, 0.70772535, -0.064809613;
 0, 0, 0, 1]
Ow:
[0.048337288;
 -0.074039564;
 0.015732061]
Keyframe: 85 Frame: 525 Frame from vFrameID : 526
Tcw:
[0.99950832, -0.027608821, -0.014861154, 0.048264287;
 0.0086594168, 0.6986047, -0.71545541, -0.074182451;
 0.030134954, 0.71497494, 0.69850034, 0.015628818;
 0, 0, 0, 1]
Twc:
[0.99950832, 0.0086594168, 0.030134954, -0.048069153;
 -0.027608821, 0.6986047, 0.71497494, 0.04198252;
 -0.014861154, -0.71545541, 0.69850034, -0.063273706;
 0, 0, 0, 1]
Ow:
[0.048264287;
 -0.074182451;
 0.015628818]
Keyframe: 86 Frame: 534 Frame from vFrameID : 535
Tcw:
[0.99782687, -0.048452396, -0.044653155, 0.049059302;
 0.0030818228, 0.7112661, -0.70291609, -0.074253298;
 0.065818243, 0.70125097, 0.70986974, 0.017161358;
 0, 0, 0, 1]
Twc:
[0.99782687, 0.0030818228, 0.065818243, -0.049853384;
 -0.048452396, 0.7112661, 0.70125097, 0.043156475;
 -0.044653155, -0.70291609, 0.70986974, -0.062185518;
 0, 0, 0, 1]
Ow:
[0.049059302;
 -0.074253298;
 0.017161358]
Keyframe: 87 Frame: 543 Frame from vFrameID : 544
Tcw:
[0.99978471, -0.020677373, -0.0017273388, 0.048444726;
 0.01389086, 0.72883159, -0.68455207, -0.074616998;
 0.015413677, 0.68438071, 0.72896194, 0.016287502;
 0, 0, 0, 1]
Twc:
[0.99978471, 0.01389086, 0.015413677, -0.047648855;
 -0.020677373, 0.72883159, 0.68438071, 0.044238083;
 -0.0017273388, -0.68455207, 0.72896194, -0.062868506;
 0, 0, 0, 1]
Ow:
[0.048444726;
 -0.074616998;
 0.016287502]
Keyframe: 88 Frame: 553 Frame from vFrameID : 554
Tcw:
[0.9986757, -0.0054223025, 0.051161211, 0.048580054;
 0.038785536, 0.73270023, -0.67944539, -0.074482188;
 -0.033801671, 0.68052995, 0.73194021, 0.016479263;
 0, 0, 0, 1]
Twc:
[0.9986757, 0.038785536, -0.033801671, -0.045069862;
 -0.0054223025, 0.73270023, 0.68052995, 0.043621901;
 0.051161211, -0.67944539, 0.73194021, -0.065153837;
 0, 0, 0, 1]
Ow:
[0.048580054;
 -0.074482188;
 0.016479263]
Keyframe: 89 Frame: 561 Frame from vFrameID : 562
Tcw:
[0.99956858, -0.0068611545, 0.028558008, 0.048510734;
 0.024860021, 0.71542025, -0.69825202, -0.07434433;
 -0.015640162, 0.69866073, 0.71528214, 0.016296646;
 0, 0, 0, 1]
Twc:
[0.99956858, 0.024860021, -0.015640162, -0.046386722;
 -0.0068611545, 0.71542025, 0.69866073, 0.042134449;
 0.028558008, -0.69825202, 0.71528214, -0.064953148;
 0, 0, 0, 1]
Ow:
[0.048510734;
 -0.07434433;
 0.016296646]
Keyframe: 90 Frame: 571 Frame from vFrameID : 572
Tcw:
[0.99967515, 0.0030463699, 0.02530512, 0.048179321;
 0.015249879, 0.72402388, -0.68960631, -0.074304163;
 -0.020422308, 0.68976814, 0.72374225, 0.015711198;
 0, 0, 0, 1]
Twc:
[0.99967515, 0.015249879, -0.020422308, -0.046709679;
 0.0030463699, 0.72402388, 0.68976814, 0.042814136;
 0.02530512, -0.68960631, 0.72374225, -0.063830659;
 0, 0, 0, 1]
Ow:
[0.048179321;
 -0.074304163;
 0.015711198]
Keyframe: 91 Frame: 579 Frame from vFrameID : 580
Tcw:
[0.99897295, 0.019183524, 0.04104979, 0.048495147;
 0.015063824, 0.71381634, -0.70017087, -0.073734008;
 -0.042733755, 0.70007014, 0.71279424, 0.014449678;
 0, 0, 0, 1]
Twc:
[0.99897295, 0.015063824, -0.042733755, -0.046717133;
 0.019183524, 0.71381634, 0.70007014, 0.041586448;
 0.04104979, -0.70017087, 0.71279424, -0.063916773;
 0, 0, 0, 1]
Ow:
[0.048495147;
 -0.073734008;
 0.014449678]
Keyframe: 92 Frame: 587 Frame from vFrameID : 588
Tcw:
[0.99690038, 0.046672393, 0.063334979, 0.049075432;
 0.011806066, 0.70716602, -0.706949, -0.07310988;
 -0.077783346, 0.70550543, 0.70442307, 0.012105022;
 0, 0, 0, 1]
Twc:
[0.99690038, 0.011806066, -0.077783346, -0.047118608;
 0.046672393, 0.70716602, 0.70550543, 0.040870193;
 0.063334979, -0.706949, 0.70442307, -0.063320197;
 0, 0, 0, 1]
Ow:
[0.049075432;
 -0.07310988;
 0.012105022]
Keyframe: 93 Frame: 596 Frame from vFrameID : 597
Tcw:
[0.99907178, 0.027397135, 0.033242077, 0.048953719;
 0.0047913934, 0.69622332, -0.71780926, -0.073246866;
 -0.042809825, 0.7173022, 0.69544578, 0.01279819;
 0, 0, 0, 1]
Twc:
[0.99907178, 0.0047913934, -0.042809825, -0.048009429;
 0.027397135, 0.69622332, 0.7173022, 0.040474813;
 0.033242077, -0.71780926, 0.69544578, -0.063105047;
 0, 0, 0, 1]
Ow:
[0.048953719;
 -0.073246866;
 0.01279819]
Keyframe: 94 Frame: 606 Frame from vFrameID : 607
Tcw:
[0.99920338, 0.00036802102, 0.039905161, 0.04847822;
 0.027982503, 0.70647764, -0.70718199, -0.07322374;
 -0.028452361, 0.7077353, 0.70590454, 0.014717517;
 0, 0, 0, 1]
Twc:
[0.99920338, 0.027982503, -0.028452361, -0.045971874;
 0.00036802102, 0.70647764, 0.7077353, 0.041296985;
 0.039905161, -0.70718199, 0.70590454, -0.064106204;
 0, 0, 0, 1]
Ow:
[0.04847822;
 -0.07322374;
 0.014717517]
Keyframe: 95 Frame: 615 Frame from vFrameID : 616
Tcw:
[0.99710548, 0.029733356, 0.069975756, 0.048664469;
 0.028604114, 0.70604169, -0.70759237, -0.073450044;
 -0.070444897, 0.70754582, 0.70314753, 0.015117705;
 0, 0, 0, 1]
Twc:
[0.99710548, 0.028604114, -0.070444897, -0.045357671;
 0.029733356, 0.70604169, 0.70754582, 0.039715368;
 0.069975756, -0.70759237, 0.70314753, -0.066008002;
 0, 0, 0, 1]
Ow:
[0.048664469;
 -0.073450044;
 0.015117705]
Keyframe: 96 Frame: 623 Frame from vFrameID : 624
Tcw:
[0.9953109, 0.012613093, 0.095901631, 0.049504634;
 0.058062404, 0.71506345, -0.69664413, -0.073417902;
 -0.07736259, 0.69894576, 0.71097809, 0.015035007;
 0, 0, 0, 1]
Twc:
[0.9953109, 0.058062404, -0.07736259, -0.043846536;
 0.012613093, 0.71506345, 0.69894576, 0.041365396;
 0.095901631, -0.69664413, 0.71097809, -0.066583283;
 0, 0, 0, 1]
Ow:
[0.049504634;
 -0.073417902;
 0.015035007]
Keyframe: 97 Frame: 631 Frame from vFrameID : 632
Tcw:
[0.99734437, -0.0094073266, 0.072219849, 0.05003218;
 0.056878917, 0.71993142, -0.69171059, -0.072849825;
 -0.045486193, 0.69398147, 0.71855462, 0.016373796;
 0, 0, 0, 1]
Twc:
[0.99734437, 0.056878917, -0.045486193, -0.045010913;
 -0.0094073266, 0.71993142, 0.69398147, 0.041554432;
 0.072219849, -0.69171059, 0.71855462, -0.065769777;
 0, 0, 0, 1]
Ow:
[0.05003218;
 -0.072849825;
 0.016373796]
Keyframe: 98 Frame: 640 Frame from vFrameID : 641
Tcw:
[0.99880874, -0.018783435, 0.045036774, 0.049593203;
 0.04511768, 0.70706421, -0.70570856, -0.072530746;
 -0.01858826, 0.70689982, 0.7070694, 0.018943127;
 0, 0, 0, 1]
Twc:
[0.99880874, 0.04511768, -0.01858826, -0.045909584;
 -0.018783435, 0.70706421, 0.70689982, 0.03882454;
 0.045036774, -0.70570856, 0.7070694, -0.066813193;
 0, 0, 0, 1]
Ow:
[0.049593203;
 -0.072530746;
 0.018943127]
Keyframe: 99 Frame: 649 Frame from vFrameID : 650
Tcw:
[0.99928439, -0.030975847, 0.021708459, 0.05039214;
 0.037332185, 0.71528339, -0.69783664, -0.072452955;
 0.0060883802, 0.69814765, 0.7159279, 0.021262564;
 0, 0, 0, 1]
Twc:
[0.99928439, 0.037332185, 0.0060883802, -0.047780704;
 -0.030975847, 0.71528339, 0.69814765, 0.038540926;
 0.021708459, -0.69783664, 0.7159279, -0.066876724;
 0, 0, 0, 1]
Ow:
[0.05039214;
 -0.072452955;
 0.021262564]
Keyframe: 100 Frame: 658 Frame from vFrameID : 659
Tcw:
[0.99858803, -0.022248093, 0.048238583, 0.050681364;
 0.049353778, 0.72446311, -0.68754447, -0.073528521;
 -0.019650521, 0.68895441, 0.72453821, 0.021022907;
 0, 0, 0, 1]
Twc:
[0.99858803, 0.049353778, -0.019650521, -0.046567783;
 -0.022248093, 0.72446311, 0.68895441, 0.03991244;
 0.048238583, -0.68754447, 0.72453821, -0.068230823;
 0, 0, 0, 1]
Ow:
[0.050681364;
 -0.073528521;
 0.021022907]
Keyframe: 101 Frame: 668 Frame from vFrameID : 669
Tcw:
[0.99901503, -0.01184843, 0.042761683, 0.050610088;
 0.037748449, 0.73348141, -0.67866051, -0.074310638;
 -0.023323838, 0.67960626, 0.73320621, 0.021318248;
 0, 0, 0, 1]
Twc:
[0.99901503, 0.037748449, -0.023323838, -0.047257904;
 -0.01184843, 0.73348141, 0.67960626, 0.040617105;
 0.042761683, -0.67866051, 0.73320621, -0.068226539;
 0, 0, 0, 1]
Ow:
[0.050610088;
 -0.074310638;
 0.021318248]
Keyframe: 102 Frame: 676 Frame from vFrameID : 677
Tcw:
[0.99975342, -0.020964593, 0.007322364, 0.050639171;
 0.020317174, 0.7304396, -0.682675, -0.074395373;
 0.0089634592, 0.68265545, 0.73068541, 0.02150452;
 0, 0, 0, 1]
Twc:
[0.99975342, 0.020317174, 0.0089634592, -0.049307935;
 -0.020964593, 0.7304396, 0.68265545, 0.04072278;
 0.007322364, -0.682675, 0.73068541, -0.066871703;
 0, 0, 0, 1]
Ow:
[0.050639171;
 -0.074395373;
 0.02150452]
Keyframe: 103 Frame: 686 Frame from vFrameID : 687
Tcw:
[0.99959165, -0.0096421316, 0.026900236, 0.05060694;
 0.025123114, 0.7450977, -0.66648203, -0.074909821;
 -0.013616995, 0.66688567, 0.74503565, 0.021845043;
 0, 0, 0, 1]
Twc:
[0.99959165, 0.025123114, -0.013616995, -0.048406839;
 -0.0096421316, 0.7450977, 0.66688567, 0.041734945;
 0.026900236, -0.66648203, 0.74503565, -0.067562722;
 0, 0, 0, 1]
Ow:
[0.05060694;
 -0.074909821;
 0.021845043]
Keyframe: 104 Frame: 695 Frame from vFrameID : 696
Tcw:
[0.99873078, 0.0063588857, 0.049964108, 0.050960362;
 0.028999599, 0.73847497, -0.673657, -0.074729435;
 -0.04118095, 0.6742509, 0.73735327, 0.021300282;
 0, 0, 0, 1]
Twc:
[0.99873078, 0.028999599, -0.04118095, -0.047851391;
 0.0063588857, 0.73847497, 0.6742509, 0.040500034;
 0.049964108, -0.673657, 0.73735327, -0.068594031;
 0, 0, 0, 1]
Ow:
[0.050960362;
 -0.074729435;
 0.021300282]
Keyframe: 105 Frame: 704 Frame from vFrameID : 705
Tcw:
[0.99961066, -0.01223554, 0.025076406, 0.050848272;
 0.025752714, 0.75048488, -0.66038567, -0.074359119;
 -0.010739288, 0.66077435, 0.75050777, 0.022234464;
 0, 0, 0, 1]
Twc:
[0.99961066, 0.025752714, -0.010739288, -0.04867474;
 -0.01223554, 0.75048488, 0.66077435, 0.041735586;
 0.025076406, -0.66038567, 0.75050777, -0.067067929;
 0, 0, 0, 1]
Ow:
[0.050848272;
 -0.074359119;
 0.022234464]
Keyframe: 106 Frame: 714 Frame from vFrameID : 715
Tcw:
[0.99982864, -0.018375685, 0.002237916, 0.049506869;
 0.015048572, 0.7364288, -0.67634767, -0.074038103;
 0.010780287, 0.67626548, 0.73657912, 0.024245847;
 0, 0, 0, 1]
Twc:
[0.99982864, 0.015048572, 0.010780287, -0.048645597;
 -0.018375685, 0.7364288, 0.67626548, 0.039036889;
 0.002237916, -0.67634767, 0.73657912, -0.068045281;
 0, 0, 0, 1]
Ow:
[0.049506869;
 -0.074038103;
 0.024245847]
Keyframe: 107 Frame: 723 Frame from vFrameID : 724
Tcw:
[0.99943405, -0.0049419608, 0.033274218, 0.05132829;
 0.026269404, 0.73251843, -0.68024015, -0.075386874;
 -0.021012258, 0.68072927, 0.7322337, 0.022910509;
 0, 0, 0, 1]
Twc:
[0.99943405, 0.026269404, -0.021012258, -0.048837468;
 -0.0049419608, 0.73251843, 0.68072927, 0.039880086;
 0.033274218, -0.68024015, 0.7322337, -0.069764934;
 0, 0, 0, 1]
Ow:
[0.05132829;
 -0.075386874;
 0.022910509]
Keyframe: 108 Frame: 732 Frame from vFrameID : 733
Tcw:
[0.99651569, 0.029825488, 0.077890649, 0.049497001;
 0.028967338, 0.75198203, -0.65854681, -0.074966803;
 -0.078213848, 0.65850848, 0.74849796, 0.019444291;
 0, 0, 0, 1]
Twc:
[0.99651569, 0.028967338, -0.078213848, -0.045632131;
 0.029825488, 0.75198203, 0.65850848, 0.042093195;
 0.077890649, -0.65854681, 0.74849796, -0.067778513;
 0, 0, 0, 1]
Ow:
[0.049497001;
 -0.074966803;
 0.019444291]
Keyframe: 109 Frame: 741 Frame from vFrameID : 742
Tcw:
[0.99881655, 0.014856096, 0.046311885, 0.047643844;
 0.018978383, 0.75767243, -0.65235907, -0.075002387;
 -0.044780746, 0.65246594, 0.75649381, 0.020334244;
 0, 0, 0, 1]
Twc:
[0.99881655, 0.018978383, -0.044780746, -0.045253456;
 0.014856096, 0.75767243, 0.65246594, 0.042852033;
 0.046311885, -0.65235907, 0.75649381, -0.066517688;
 0, 0, 0, 1]
Ow:
[0.047643844;
 -0.075002387;
 0.020334244]
Keyframe: 110 Frame: 751 Frame from vFrameID : 752
Tcw:
[0.99970174, 0.0082230167, 0.022996806, 0.047383562;
 0.0087809488, 0.75762892, -0.65262651, -0.07464435;
 -0.022789603, 0.65263379, 0.75733072, 0.023546454;
 0, 0, 0, 1]
Twc:
[0.99970174, 0.0087809488, -0.022789603, -0.046177365;
 0.0082230167, 0.75762892, 0.65263379, 0.04079587;
 0.022996806, -0.65262651, 0.75733072, -0.067637004;
 0, 0, 0, 1]
Ow:
[0.047383562;
 -0.07464435;
 0.023546454]
Keyframe: 111 Frame: 761 Frame from vFrameID : 762
Tcw:
[0.99885613, 0.0027507611, 0.047737133, 0.048907809;
 0.02937264, 0.75248313, -0.65795618, -0.074393049;
 -0.037731268, 0.65860575, 0.75154161, 0.021056606;
 0, 0, 0, 1]
Twc:
[0.99885613, 0.02937264, -0.037731268, -0.045872252;
 0.0027507611, 0.75248313, 0.65860575, 0.041976977;
 0.047737133, -0.65795618, 0.75154161, -0.067106999;
 0, 0, 0, 1]
Ow:
[0.048907809;
 -0.074393049;
 0.021056606]
Keyframe: 112 Frame: 770 Frame from vFrameID : 771
Tcw:
[0.99883258, 0.029964535, 0.037889373, 0.048163868;
 0.0014506899, 0.76539969, -0.64355361, -0.074102946;
 -0.048284296, 0.64285725, 0.76446265, 0.021223398;
 0, 0, 0, 1]
Twc:
[0.99883258, 0.0014506899, -0.048284296, -0.046975382;
 0.029964535, 0.76539969, 0.64285725, 0.04163155;
 0.037889373, -0.64355361, 0.76446265, -0.065738611;
 0, 0, 0, 1]
Ow:
[0.048163868;
 -0.074102946;
 0.021223398]
Keyframe: 113 Frame: 779 Frame from vFrameID : 780
Tcw:
[0.99942958, 0.024223154, 0.023531171, 0.046115123;
 -0.0035838988, 0.76892924, -0.63932383, -0.074654415;
 -0.033580247, 0.63887483, 0.76857746, 0.021137482;
 0, 0, 0, 1]
Twc:
[0.99942958, -0.0035838988, -0.033580247, -0.045646567;
 0.024223154, 0.76892924, 0.63887483, 0.042782702;
 0.023531171, -0.63932383, 0.76857746, -0.065059282;
 0, 0, 0, 1]
Ow:
[0.046115123;
 -0.074654415;
 0.021137482]
Keyframe: 114 Frame: 788 Frame from vFrameID : 789
Tcw:
[0.99794388, 0.051984701, 0.037491154, 0.047688439;
 -0.015194281, 0.76014996, -0.64956999, -0.074067734;
 -0.062266603, 0.64766479, 0.75937688, 0.018948406;
 0, 0, 0, 1]
Twc:
[0.99794388, -0.015194281, -0.062266603, -0.047535941;
 0.051984701, 0.76014996, 0.64766479, 0.041551303;
 0.037491154, -0.64956999, 0.75937688, -0.064289056;
 0, 0, 0, 1]
Ow:
[0.047688439;
 -0.074067734;
 0.018948406]
Keyframe: 115 Frame: 796 Frame from vFrameID : 797
Tcw:
[0.9946937, 0.062003113, 0.082098156, 0.047437351;
 0.005154219, 0.76695681, -0.64167804, -0.074295565;
 -0.10275177, 0.63869619, 0.76256752, 0.017961171;
 0, 0, 0, 1]
Twc:
[0.9946937, 0.005154219, -0.10275177, -0.044957153;
 0.062003113, 0.76695681, 0.63869619, 0.042568497;
 0.082098156, -0.64167804, 0.76256752, -0.065264955;
 0, 0, 0, 1]
Ow:
[0.047437351;
 -0.074295565;
 0.017961171]
Keyframe: 116 Frame: 804 Frame from vFrameID : 805
Tcw:
[0.99898756, 0.03523463, 0.027971936, 0.046821151;
 -0.0081556085, 0.75330281, -0.65762323, -0.074781671;
 -0.044242449, 0.65672928, 0.75282753, 0.020214805;
 0, 0, 0, 1]
Twc:
[0.99898756, -0.0081556085, -0.044242449, -0.046489283;
 0.03523463, 0.75330281, 0.65672928, 0.041407865;
 0.027971936, -0.65762323, 0.75282753, -0.065706104;
 0, 0, 0, 1]
Ow:
[0.046821151;
 -0.074781671;
 0.020214805]
Keyframe: 117 Frame: 812 Frame from vFrameID : 813
Tcw:
[0.99994433, 0.00089276099, -0.010515844, 0.046729047;
 -0.0075979996, 0.75244772, -0.65860814, -0.074737623;
 0.0073246434, 0.65865135, 0.75241262, 0.022937143;
 0, 0, 0, 1]
Twc:
[0.99994433, -0.0075979996, 0.0073246434, -0.047462303;
 0.00089276099, 0.75244772, 0.65865135, 0.041086853;
 -0.010515844, -0.65860814, 0.75241262, -0.065989606;
 0, 0, 0, 1]
Ow:
[0.046729047;
 -0.074737623;
 0.022937143]
Keyframe: 118 Frame: 822 Frame from vFrameID : 823
Tcw:
[0.99980664, 0.014359067, 0.013435937, 0.048260588;
 -0.001633781, 0.74153668, -0.67091036, -0.074249469;
 -0.019596888, 0.67075866, 0.74141675, 0.020535568;
 0, 0, 0, 1]
Twc:
[0.99980664, -0.001633781, -0.019596888, -0.047970131;
 0.014359067, 0.74153668, 0.67075866, 0.040591314;
 0.013435937, -0.67091036, 0.74141675, -0.065688573;
 0, 0, 0, 1]
Ow:
[0.048260588;
 -0.074249469;
 0.020535568]
Keyframe: 119 Frame: 832 Frame from vFrameID : 833
Tcw:
[0.9980014, 0.037069324, 0.051176734, 0.048313241;
 0.0051751724, 0.75919837, -0.65083873, -0.073703915;
 -0.062979445, 0.6498028, 0.7574892, 0.019190161;
 0, 0, 0, 1]
Twc:
[0.9980014, 0.0051751724, -0.062979445, -0.046626668;
 0.037069324, 0.75919837, 0.6498028, 0.041695129;
 0.051176734, -0.65083873, 0.7574892, -0.064978212;
 0, 0, 0, 1]
Ow:
[0.048313241;
 -0.073703915;
 0.019190161]
Keyframe: 120 Frame: 840 Frame from vFrameID : 841
Tcw:
[0.99924511, 0.031335536, 0.022963783, 0.047016181;
 -0.0086239865, 0.75527281, -0.65535378, -0.074178033;
 -0.037879784, 0.65466106, 0.75497288, 0.021039922;
 0, 0, 0, 1]
Twc:
[0.99924511, -0.0086239865, -0.037879784, -0.046823412;
 0.031335536, 0.75527281, 0.65466106, 0.040777355;
 0.022963783, -0.65535378, 0.75497288, -0.065577097;
 0, 0, 0, 1]
Ow:
[0.047016181;
 -0.074178033;
 0.021039922]
Keyframe: 121 Frame: 848 Frame from vFrameID : 849
Tcw:
[0.99992502, 0.0083582764, 0.0089504533, 0.047290377;
 -0.00053151837, 0.759803, -0.6501531, -0.073864639;
 -0.012234741, 0.65009964, 0.75975049, 0.023132261;
 0, 0, 0, 1]
Twc:
[0.99992502, -0.00053151837, -0.012234741, -0.047043074;
 0.0083582764, 0.759803, 0.65009964, 0.040689036;
 0.0089504533, -0.6501531, 0.75975049, -0.066021346;
 0, 0, 0, 1]
Ow:
[0.047290377;
 -0.073864639;
 0.023132261]
Keyframe: 122 Frame: 857 Frame from vFrameID : 858
Tcw:
[0.99917012, 0.024670795, 0.032409921, 0.04834209;
 0.002080454, 0.76374751, -0.64551175, -0.074265942;
 -0.040678285, 0.64504349, 0.76306236, 0.021321436;
 0, 0, 0, 1]
Twc:
[0.99917012, 0.002080454, -0.040678285, -0.047280151;
 0.024670795, 0.76374751, 0.64504349, 0.041774534;
 0.032409921, -0.64551175, 0.76306236, -0.065775886;
 0, 0, 0, 1]
Ow:
[0.04834209;
 -0.074265942;
 0.021321436]
Keyframe: 123 Frame: 867 Frame from vFrameID : 868
Tcw:
[0.99907011, 0.029723357, 0.031232119, 0.048421215;
 -0.0027220512, 0.76642591, -0.64232695, -0.074028462;
 -0.043029219, 0.64164466, 0.7657941, 0.019726636;
 0, 0, 0, 1]
Twc:
[0.99907011, -0.0027220512, -0.043029219, -0.047728878;
 0.029723357, 0.76642591, 0.64164466, 0.042640597;
 0.031232119, -0.64232695, 0.7657941, -0.064169317;
 0, 0, 0, 1]
Ow:
[0.048421215;
 -0.074028462;
 0.019726636]
Keyframe: 124 Frame: 877 Frame from vFrameID : 878
Tcw:
[0.99962556, 0.02583117, 0.0090249656, 0.047167234;
 -0.013582748, 0.75477231, -0.65584624, -0.074485838;
 -0.023753069, 0.65547806, 0.75484055, 0.02094819;
 0, 0, 0, 1]
Twc:
[0.99962556, -0.013582748, -0.023753069, -0.047663715;
 0.02583117, 0.75477231, 0.65547806, 0.041270379;
 0.0090249656, -0.65584624, 0.75484055, -0.065089479;
 0, 0, 0, 1]
Ow:
[0.047167234;
 -0.074485838;
 0.02094819]
Keyframe: 125 Frame: 886 Frame from vFrameID : 887
Tcw:
[0.99959487, 0.022990132, 0.016779998, 0.048072554;
 -0.0067961002, 0.76528233, -0.64365888, -0.074415132;
 -0.02763924, 0.64328408, 0.76512855, 0.020828702;
 0, 0, 0, 1]
Twc:
[0.99959487, -0.0067961002, -0.02763924, -0.047983117;
 0.022990132, 0.76528233, 0.64328408, 0.042444624;
 0.016779998, -0.64365888, 0.76512855, -0.064641252;
 0, 0, 0, 1]
Ow:
[0.048072554;
 -0.074415132;
 0.020828702]
Keyframe: 126 Frame: 895 Frame from vFrameID : 896
Tcw:
[0.99767089, 0.026036415, 0.063046493, 0.048812479;
 0.020152498, 0.7705161, -0.63710189, -0.073690347;
 -0.065166183, 0.63688856, 0.76819682, 0.020471776;
 0, 0, 0, 1]
Twc:
[0.99767089, 0.020152498, -0.065166183, -0.045879681;
 0.026036415, 0.7705161, 0.63688856, 0.042470459;
 0.063046493, -0.63710189, 0.76819682, -0.065752067;
 0, 0, 0, 1]
Ow:
[0.048812479;
 -0.073690347;
 0.020471776]
Keyframe: 127 Frame: 905 Frame from vFrameID : 906
Tcw:
[0.99982613, -0.0039661983, 0.018221244, 0.049470134;
 0.014806417, 0.76285529, -0.64639974, -0.073238507;
 -0.011336423, 0.64655709, 0.76278138, 0.020706918;
 0, 0, 0, 1]
Twc:
[0.99982613, 0.014806417, -0.011336423, -0.048142388;
 -0.0039661983, 0.76285529, 0.64655709, 0.042678382;
 0.018221244, -0.64639974, 0.76278138, -0.064037606;
 0, 0, 0, 1]
Ow:
[0.049470134;
 -0.073238507;
 0.020706918]
Keyframe: 128 Frame: 913 Frame from vFrameID : 914
Tcw:
[0.99943668, -0.016126443, -0.02943209, 0.048469696;
 -0.0064549409, 0.76824123, -0.6401279, -0.074401811;
 0.032933932, 0.63995731, 0.76770437, 0.022230783;
 0, 0, 0, 1]
Twc:
[0.99943668, -0.0064549409, 0.032933932, -0.049654804;
 -0.016126443, 0.76824123, 0.63995731, 0.043713432;
 -0.02943209, -0.6401279, 0.76770437, -0.063266784;
 0, 0, 0, 1]
Ow:
[0.048469696;
 -0.074401811;
 0.022230783]
Keyframe: 129 Frame: 921 Frame from vFrameID : 922
Tcw:
[0.99959397, -0.02313536, -0.016632399, 0.050114706;
 0.0070766299, 0.76700968, -0.6415965, -0.073622361;
 0.027600776, 0.6412183, 0.76686198, 0.022386948;
 0, 0, 0, 1]
Twc:
[0.99959397, 0.0070766299, 0.027600776, -0.050191257;
 -0.02313536, 0.76700968, 0.6412183, 0.043273561;
 -0.016632399, -0.6415965, 0.76686198, -0.063570015;
 0, 0, 0, 1]
Ow:
[0.050114706;
 -0.073622361;
 0.022386948]
Keyframe: 130 Frame: 929 Frame from vFrameID : 930
Tcw:
[0.99947357, -0.025048796, 0.020617742, 0.050739698;
 0.032428034, 0.75218046, -0.65815878, -0.072804481;
 0.00097782281, 0.65848094, 0.7525968, 0.020665603;
 0, 0, 0, 1]
Twc:
[0.99947357, 0.032428034, 0.00097782281, -0.048372295;
 -0.025048796, 0.75218046, 0.65848094, 0.042425171;
 0.020617742, -0.65815878, 0.7525968, -0.064515911;
 0, 0, 0, 1]
Ow:
[0.050739698;
 -0.072804481;
 0.020665603]
Keyframe: 131 Frame: 939 Frame from vFrameID : 940
Tcw:
[0.99976116, -0.0010795534, 0.021829057, 0.049888801;
 0.015099627, 0.75620711, -0.65415812, -0.073113874;
 -0.015801089, 0.65433145, 0.75604278, 0.020968443;
 0, 0, 0, 1]
Twc:
[0.99976116, 0.015099627, -0.015801089, -0.048441567;
 -0.0010795534, 0.75620711, 0.65433145, 0.041622777;
 0.021829057, -0.65415812, 0.75604278, -0.064770095;
 0, 0, 0, 1]
Ow:
[0.049888801;
 -0.073113874;
 0.020968443]
Keyframe: 132 Frame: 948 Frame from vFrameID : 949
Tcw:
[0.99891365, -0.041881956, -0.020431267, 0.049742963;
 0.018883441, 0.7646361, -0.6441856, -0.073481292;
 0.042602237, 0.64309996, 0.76459628, 0.022877341;
 0, 0, 0, 1]
Twc:
[0.99891365, 0.018883441, 0.042602237, -0.049275972;
 -0.041881956, 0.7646361, 0.64309996, 0.043557357;
 -0.020431267, -0.6441856, 0.76459628, -0.063811205;
 0, 0, 0, 1]
Ow:
[0.049742963;
 -0.073481292;
 0.022877341]
Keyframe: 133 Frame: 958 Frame from vFrameID : 959
Tcw:
[0.99920404, -0.001146669, 0.039874069, 0.049864084;
 0.026360426, 0.76921576, -0.6384452, -0.073601753;
 -0.029939678, 0.63898814, 0.76863372, 0.021863619;
 0, 0, 0, 1]
Twc:
[0.99920404, 0.026360426, -0.029939678, -0.047229633;
 -0.001146669, 0.76921576, 0.63898814, 0.042702209;
 0.039874069, -0.6384452, 0.76863372, -0.065784082;
 0, 0, 0, 1]
Ow:
[0.049864084;
 -0.073601753;
 0.021863619]
Keyframe: 134 Frame: 968 Frame from vFrameID : 969
Tcw:
[0.9996959, -0.00034598893, 0.024658181, 0.049992383;
 0.015892822, 0.77360022, -0.63347465, -0.073166445;
 -0.018856399, 0.63367385, 0.77337044, 0.021932561;
 0, 0, 0, 1]
Twc:
[0.9996959, 0.015892822, -0.018856399, -0.048400786;
 -0.00034598893, 0.77360022, 0.63367385, 0.042720787;
 0.024658181, -0.63347465, 0.77337044, -0.064543806;
 0, 0, 0, 1]
Ow:
[0.049992383;
 -0.073166445;
 0.021932561]
Keyframe: 135 Frame: 978 Frame from vFrameID : 979
Tcw:
[0.99965221, -0.02636439, 0.00061834522, 0.049409937;
 0.02060869, 0.7663554, -0.64208621, -0.073222518;
 0.016454339, 0.64187568, 0.7666322, 0.023668487;
 0, 0, 0, 1]
Twc:
[0.99965221, 0.02060869, 0.016454339, -0.048273183;
 -0.02636439, 0.7663554, 0.64187568, 0.042224906;
 0.00061834522, -0.64208621, 0.7666322, -0.065190747;
 0, 0, 0, 1]
Ow:
[0.049409937;
 -0.073222518;
 0.023668487]
Keyframe: 136 Frame: 989 Frame from vFrameID : 990
Tcw:
[0.9993099, 0.0084032221, 0.036181271, 0.050785378;
 0.016637137, 0.76963985, -0.63826144, -0.073285818;
 -0.033210002, 0.63842297, 0.76896894, 0.021246808;
 0, 0, 0, 1]
Twc:
[0.9993099, 0.016637137, -0.033210002, -0.048825461;
 0.0084032221, 0.76963985, 0.63842297, 0.042412475;
 0.036181271, -0.63826144, 0.76896894, -0.064951129;
 0, 0, 0, 1]
Ow:
[0.050785378;
 -0.073285818;
 0.021246808]
Keyframe: 137 Frame: 999 Frame from vFrameID : 1000
Tcw:
[0.99992591, 0.0040899231, 0.011466279, 0.051126271;
 0.0041060806, 0.77337831, -0.63393146, -0.072903499;
 -0.011460503, 0.63393158, 0.77330422, 0.020757522;
 0, 0, 0, 1]
Twc:
[0.99992591, 0.0041060806, -0.011460503, -0.05058524;
 0.0040899231, 0.77337831, 0.63393158, 0.043014038;
 0.011466279, -0.63393146, 0.77330422, -0.062853932;
 0, 0, 0, 1]
Ow:
[0.051126271;
 -0.072903499;
 0.020757522]
Keyframe: 138 Frame: 1007 Frame from vFrameID : 1008
Tcw:
[0.99949461, -0.018508991, -0.025843777, 0.050718263;
 -0.0019540938, 0.77568895, -0.63111234, -0.073088661;
 0.031727985, 0.63084394, 0.77526081, 0.02255179;
 0, 0, 0, 1]
Twc:
[0.99949461, -0.0019540938, 0.031727985, -0.051550981;
 -0.018508991, 0.77568895, 0.63084394, 0.043406155;
 -0.025843777, -0.63111234, 0.77526081, -0.062299926;
 0, 0, 0, 1]
Ow:
[0.050718263;
 -0.073088661;
 0.02255179]
Keyframe: 139 Frame: 1017 Frame from vFrameID : 1018
Tcw:
[0.99997211, -6.2545143e-05, 0.0074706883, 0.051088504;
 0.00461961, 0.79105729, -0.61172467, -0.073169842;
 -0.0058714822, 0.61174208, 0.79103547, 0.023482913;
 0, 0, 0, 1]
Twc:
[0.99997211, 0.00461961, -0.0058714822, -0.050611183;
 -6.2545143e-05, 0.79105729, 0.61174208, 0.04351924;
 0.0074706883, -0.61172467, 0.79103547, -0.063717276;
 0, 0, 0, 1]
Ow:
[0.051088504;
 -0.073169842;
 0.023482913]
Keyframe: 140 Frame: 1027 Frame from vFrameID : 1028
Tcw:
[0.99944091, -0.0055782609, 0.032966387, 0.051597789;
 0.024792615, 0.78517538, -0.61877692, -0.072953835;
 -0.022432698, 0.61924833, 0.78487474, 0.023004502;
 0, 0, 0, 1]
Twc:
[0.99944091, 0.024792615, -0.022432698, -0.049244173;
 -0.0055782609, 0.78517538, 0.61924833, 0.043323886;
 0.032966387, -0.61877692, 0.78487474, -0.064898796;
 0, 0, 0, 1]
Ow:
[0.051597789;
 -0.072953835;
 0.023004502]
Keyframe: 141 Frame: 1037 Frame from vFrameID : 1038
Tcw:
[0.99919701, -0.040064327, 0.00040104147, 0.05147288;
 0.031330317, 0.77505499, -0.63111663, -0.073133588;
 0.024974434, 0.63062245, 0.77568781, 0.024093283;
 0, 0, 0, 1]
Twc:
[0.99919701, 0.031330317, 0.024974434, -0.049741969;
 -0.040064327, 0.77505499, 0.63062245, 0.043551009;
 0.00040104147, -0.63111663, 0.77568781, -0.064865336;
 0, 0, 0, 1]
Ow:
[0.05147288;
 -0.073133588;
 0.024093283]
Keyframe: 142 Frame: 1045 Frame from vFrameID : 1046
Tcw:
[0.99923462, -0.03861291, -0.0062643597, 0.051623359;
 0.025865884, 0.77233291, -0.63469112, -0.072968945;
 0.029345442, 0.63404328, 0.77274054, 0.024254406;
 0, 0, 0, 1]
Twc:
[0.99923462, 0.025865884, 0.029345442, -0.050408196;
 -0.03861291, 0.77233291, 0.63404328, 0.042971306;
 -0.0062643597, -0.63469112, 0.77274054, -0.064731717;
 0, 0, 0, 1]
Ow:
[0.051623359;
 -0.072968945;
 0.024254406]
Keyframe: 143 Frame: 1054 Frame from vFrameID : 1055
Tcw:
[0.99788642, -0.0067863995, 0.064627044, 0.051388223;
 0.046110529, 0.77471519, -0.6306268, -0.072586089;
 -0.045787867, 0.63227391, 0.77339071, 0.022059819;
 0, 0, 0, 1]
Twc:
[0.99788642, 0.046110529, -0.045787867, -0.046922553;
 -0.0067863995, 0.77471519, 0.63227391, 0.042634442;
 0.064627044, -0.6306268, 0.77339071, -0.066156663;
 0, 0, 0, 1]
Ow:
[0.051388223;
 -0.072586089;
 0.022059819]
Keyframe: 144 Frame: 1063 Frame from vFrameID : 1064
Tcw:
[0.99840808, 0.043025795, 0.036469821, 0.049969498;
 -0.010188829, 0.77354121, -0.63366407, -0.073453963;
 -0.05547481, 0.63228381, 0.77274817, 0.017683314;
 0, 0, 0, 1]
Twc:
[0.99840808, -0.010188829, -0.05547481, -0.049657386;
 0.043025795, 0.77354121, 0.63228381, 0.043488815;
 0.036469821, -0.63366407, 0.77274817, -0.062032267;
 0, 0, 0, 1]
Ow:
[0.049969498;
 -0.073453963;
 0.017683314]
Keyframe: 145 Frame: 1071 Frame from vFrameID : 1072
Tcw:
[0.99489605, 0.10071648, -0.0061679403, 0.049403105;
 -0.080814563, 0.75871593, -0.64638931, -0.074254245;
 -0.060422339, 0.6435886, 0.76298285, 0.014884211;
 0, 0, 0, 1]
Twc:
[0.99489605, -0.080814563, -0.060422339, -0.054252438;
 0.10071648, 0.75871593, 0.6435886, 0.04178286;
 -0.0061679403, -0.64638931, 0.76298285, -0.059048831;
 0, 0, 0, 1]
Ow:
[0.049403105;
 -0.074254245;
 0.014884211]
Keyframe: 146 Frame: 1080 Frame from vFrameID : 1081
Tcw:
[0.99163795, 0.12393873, 0.035963636, 0.047237545;
 -0.068173587, 0.73971695, -0.66945589, -0.075904533;
 -0.10957442, 0.6614061, 0.74198073, 0.013644639;
 0, 0, 0, 1]
Twc:
[0.99163795, -0.068173587, -0.10957442, -0.050522126;
 0.12393873, 0.73971695, 0.6614061, 0.041268662;
 0.035963636, -0.66945589, 0.74198073, -0.062637635;
 0, 0, 0, 1]
Ow:
[0.047237545;
 -0.075904533;
 0.013644639]
Keyframe: 147 Frame: 1088 Frame from vFrameID : 1089
Tcw:
[0.98677456, 0.14432439, 0.07380005, 0.04426527;
 -0.052048173, 0.71327186, -0.69895226, -0.075908951;
 -0.15351535, 0.68586713, 0.71135032, 0.011168703;
 0, 0, 0, 1]
Twc:
[0.98677456, -0.052048173, -0.15351535, -0.0459162;
 0.14432439, 0.71327186, 0.68586713, 0.040094916;
 0.07380005, -0.69895226, 0.71135032, -0.064268373;
 0, 0, 0, 1]
Ow:
[0.04426527;
 -0.075908951;
 0.011168703]
Keyframe: 148 Frame: 1097 Frame from vFrameID : 1098
Tcw:
[0.98832321, 0.15169899, 0.014304577, 0.043019097;
 -0.094743788, 0.68534291, -0.72203094, -0.07606893;
 -0.11933491, 0.71224469, 0.69171286, 0.0082099959;
 0, 0, 0, 1]
Twc:
[0.98832321, -0.094743788, -0.11933491, -0.048744094;
 0.15169899, 0.68534291, 0.71224469, 0.039759822;
 0.014304577, -0.72203094, 0.69171286, -0.061218452;
 0, 0, 0, 1]
Ow:
[0.043019097;
 -0.07606893;
 0.0082099959]
Keyframe: 149 Frame: 1106 Frame from vFrameID : 1107
Tcw:
[0.98754054, 0.15733093, -0.0032729011, 0.040481336;
 -0.11070802, 0.67981464, -0.72497988, -0.076999597;
 -0.11183679, 0.71630931, 0.68876231, 0.0052469224;
 0, 0, 0, 1]
Twc:
[0.98754054, -0.11070802, -0.11183679, -0.047914632;
 0.15733093, 0.67981464, 0.71630931, 0.042218067;
 -0.0032729011, -0.72497988, 0.68876231, -0.059304547;
 0, 0, 0, 1]
Ow:
[0.040481336;
 -0.076999597;
 0.0052469224]
Keyframe: 150 Frame: 1114 Frame from vFrameID : 1115
Tcw:
[0.97448027, 0.22330269, 0.022894111, 0.037926342;
 -0.13151756, 0.65061682, -0.74793106, -0.07798551;
 -0.18191031, 0.72583306, 0.66338146, 0.0047663823;
 0, 0, 0, 1]
Twc:
[0.97448027, -0.13151756, -0.18191031, -0.046347883;
 0.22330269, 0.65061682, 0.72583306, 0.038810037;
 0.022894111, -0.74793106, 0.66338146, -0.062358007;
 0, 0, 0, 1]
Ow:
[0.037926342;
 -0.07798551;
 0.0047663823]
Keyframe: 151 Frame: 1123 Frame from vFrameID : 1124
Tcw:
[0.96796781, 0.24789751, 0.039813507, 0.035742138;
 -0.129411, 0.62849218, -0.76697487, -0.078469232;
 -0.21515363, 0.73725468, 0.64044082, 0.0027685687;
 0, 0, 0, 1]
Twc:
[0.96796781, -0.129411, -0.21515363, -0.044156354;
 0.24789751, 0.62849218, 0.73725468, 0.038415764;
 0.039813507, -0.76697487, 0.64044082, -0.063380048;
 0, 0, 0, 1]
Ow:
[0.035742138;
 -0.078469232;
 0.0027685687]
Keyframe: 152 Frame: 1130 Frame from vFrameID : 1131
Tcw:
[0.96439439, 0.2643986, 0.0060667875, 0.034145582;
 -0.1640653, 0.6161055, -0.77038729, -0.078574017;
 -0.20742711, 0.74196184, 0.63754731, -0.00057373941;
 0, 0, 0, 1]
Twc:
[0.96439439, -0.1640653, -0.20742711, -0.04594009;
 0.2643986, 0.6161055, 0.74196184, 0.039807536;
 0.0060667875, -0.77038729, 0.63754731, -0.060373794;
 0, 0, 0, 1]
Ow:
[0.034145582;
 -0.078574017;
 -0.00057373941]
Keyframe: 153 Frame: 1138 Frame from vFrameID : 1139
Tcw:
[0.96981084, 0.23832011, -0.051676806, 0.034838229;
 -0.19013223, 0.60627681, -0.77219051, -0.077386416;
 -0.15269808, 0.75870413, 0.63328612, -0.0022587553;
 0, 0, 0, 1]
Twc:
[0.96981084, -0.19013223, -0.15269808, -0.048845049;
 0.23832011, 0.60627681, 0.75870413, 0.040328663;
 -0.051676806, -0.77219051, 0.63328612, -0.056526288;
 0, 0, 0, 1]
Ow:
[0.034838229;
 -0.077386416;
 -0.0022587553]
Keyframe: 154 Frame: 1145 Frame from vFrameID : 1146
Tcw:
[0.95654351, 0.29154828, -0.0049165548, 0.030881274;
 -0.17650646, 0.56551594, -0.80562848, -0.076472133;
 -0.23209921, 0.77148646, 0.59240073, -0.003272295;
 0, 0, 0, 1]
Twc:
[0.95654351, -0.17650646, -0.23209921, -0.043796603;
 0.29154828, 0.56551594, 0.77148646, 0.036767356;
 -0.0049165548, -0.80562848, 0.59240073, -0.059517786;
 0, 0, 0, 1]
Ow:
[0.030881274;
 -0.076472133;
 -0.003272295]
Keyframe: 155 Frame: 1150 Frame from vFrameID : 1151
Tcw:
[0.96612203, 0.24292161, -0.087162264, 0.036798213;
 -0.21492875, 0.57032895, -0.79279917, -0.074177265;
 -0.14287688, 0.78467441, 0.60321826, -0.01077944;
 0, 0, 0, 1]
Twc:
[0.96612203, -0.21492875, -0.14287688, -0.053034525;
 0.24292161, 0.57032895, 0.78467441, 0.041824713;
 -0.087162264, -0.79279917, 0.60321826, -0.049097903;
 0, 0, 0, 1]
Ow:
[0.036798213;
 -0.074177265;
 -0.01077944]
Keyframe: 156 Frame: 1157 Frame from vFrameID : 1158
Tcw:
[0.94641864, 0.31987509, -0.044403143, 0.024914254;
 -0.22404443, 0.55132616, -0.80364394, -0.075175054;
 -0.23258506, 0.77053189, 0.59345162, -0.011149444;
 0, 0, 0, 1]
Twc:
[0.94641864, -0.22404443, -0.23258506, -0.043015059;
 0.31987509, 0.55132616, 0.77053189, 0.042067528;
 -0.044403143, -0.80364394, 0.59345162, -0.05269105;
 0, 0, 0, 1]
Ow:
[0.024914254;
 -0.075175054;
 -0.011149444]
Keyframe: 157 Frame: 1163 Frame from vFrameID : 1164
Tcw:
[0.92650026, 0.35454908, -0.12606442, 0.029825453;
 -0.29422572, 0.47372213, -0.83007145, -0.074420616;
 -0.23458156, 0.80615276, 0.54322112, -0.0082535557;
 0, 0, 0, 1]
Twc:
[0.92650026, -0.29422572, -0.23458156, -0.05146588;
 0.35454908, 0.47372213, 0.80615276, 0.031333733;
 -0.12606442, -0.83007145, 0.54322112, -0.053530991;
 0, 0, 0, 1]
Ow:
[0.029825453;
 -0.074420616;
 -0.0082535557]
Keyframe: 158 Frame: 1165 Frame from vFrameID : 1166
Tcw:
[0.92882019, 0.3397693, -0.14781703, 0.029107079;
 -0.31074098, 0.49698049, -0.81021631, -0.08192265;
 -0.20182446, 0.79847807, 0.56718576, -0.0061995648;
 0, 0, 0, 1]
Twc:
[0.92882019, -0.31074098, -0.20182446, -0.053743187;
 0.3397693, 0.49698049, 0.79847807, 0.035774484;
 -0.14781703, -0.81021631, 0.56718576, -0.058556236;
 0, 0, 0, 1]
Ow:
[0.029107079;
 -0.08192265;
 -0.0061995648]
Keyframe: 159 Frame: 1171 Frame from vFrameID : 1172
Tcw:
[0.9312256, 0.35793266, -0.068579212, 0.0226536;
 -0.24964389, 0.48940092, -0.83556247, -0.070573568;
 -0.26551238, 0.79521757, 0.54509836, -0.015769804;
 0, 0, 0, 1]
Twc:
[0.9312256, -0.24964389, -0.26551238, -0.04290095;
 0.35793266, 0.48940092, 0.79521757, 0.038970731;
 -0.068579212, -0.83556247, 0.54509836, -0.048818968;
 0, 0, 0, 1]
Ow:
[0.0226536;
 -0.070573568;
 -0.015769804]
Keyframe: 160 Frame: 1175 Frame from vFrameID : 1176
Tcw:
[0.91607201, 0.39524984, -0.067747079, 0.023058755;
 -0.27212745, 0.48862231, -0.82897222, -0.073863685;
 -0.29454839, 0.77783406, 0.55517155, -0.015573177;
 0, 0, 0, 1]
Twc:
[0.91607201, -0.27212745, -0.29454839, -0.045810867;
 0.39524984, 0.48862231, 0.77783406, 0.03909082;
 -0.067747079, -0.82897222, 0.55517155, -0.051022988;
 0, 0, 0, 1]
Ow:
[0.023058755;
 -0.073863685;
 -0.015573177]
Keyframe: 161 Frame: 1180 Frame from vFrameID : 1181
Tcw:
[0.91006762, 0.40776688, -0.074182667, 0.024169857;
 -0.27940941, 0.47141972, -0.83647704, -0.074937932;
 -0.30611646, 0.78197801, 0.54295772, -0.014953131;
 0, 0, 0, 1]
Twc:
[0.91006762, -0.27940941, -0.30611646, -0.047511965;
 0.40776688, 0.47141972, 0.78197801, 0.037164569;
 -0.074182667, -0.83647704, 0.54295772, -0.052771956;
 0, 0, 0, 1]
Ow:
[0.024169857;
 -0.074937932;
 -0.014953131]
Keyframe: 162 Frame: 1186 Frame from vFrameID : 1187
Tcw:
[0.90371543, 0.42349401, -0.062858723, 0.024075685;
 -0.26663473, 0.44184896, -0.85654855, -0.076593466;
 -0.3349691, 0.79083645, 0.51222396, -0.013795648;
 0, 0, 0, 1]
Twc:
[0.90371543, -0.26663473, -0.3349691, -0.046801165;
 0.42349401, 0.44184896, 0.79083645, 0.034556936;
 -0.062858723, -0.85654855, 0.51222396, -0.057026189;
 0, 0, 0, 1]
Ow:
[0.024075685;
 -0.076593466;
 -0.013795648]
Keyframe: 163 Frame: 1190 Frame from vFrameID : 1191
Tcw:
[0.88958013, 0.45120475, -0.071143672, 0.017071348;
 -0.28243417, 0.42092082, -0.86200732, -0.078819796;
 -0.35899594, 0.78691798, 0.50187844, -0.012479741;
 0, 0, 0, 1]
Twc:
[0.88958013, -0.28243417, -0.35899594, -0.041927915;
 0.45120475, 0.42092082, 0.78691798, 0.035294753;
 -0.071143672, -0.86200732, 0.50187844, -0.06046541;
 0, 0, 0, 1]
Ow:
[0.017071348;
 -0.078819796;
 -0.012479741]
Keyframe: 164 Frame: 1198 Frame from vFrameID : 1199
Tcw:
[0.90439534, 0.41473082, -0.10033665, 0.016151959;
 -0.28774866, 0.41915822, -0.86110806, -0.07581681;
 -0.31507114, 0.80765384, 0.49842298, -0.01666042;
 0, 0, 0, 1]
Twc:
[0.90439534, -0.28774866, -0.31507114, -0.041673161;
 0.41473082, 0.41915822, 0.80765384, 0.038536381;
 -0.10033665, -0.86110806, 0.49842298, -0.0553619;
 0, 0, 0, 1]
Ow:
[0.016151959;
 -0.07581681;
 -0.01666042]
Keyframe: 165 Frame: 1204 Frame from vFrameID : 1205
Tcw:
[0.90702957, 0.4047032, -0.1162439, 0.014803121;
 -0.30379966, 0.43783432, -0.84617192, -0.076855943;
 -0.2915529, 0.80281782, 0.52007735, -0.020090513;
 0, 0, 0, 1]
Twc:
[0.90702957, -0.30379966, -0.2915529, -0.042633124;
 0.4047032, 0.43783432, 0.80281782, 0.043788318;
 -0.1162439, -0.84617192, 0.52007735, -0.052863944;
 0, 0, 0, 1]
Ow:
[0.014803121;
 -0.076855943;
 -0.020090513]
Keyframe: 166 Frame: 1209 Frame from vFrameID : 1210
Tcw:
[0.88962865, 0.42862558, -0.15761028, 0.014526127;
 -0.33568156, 0.37973738, -0.86204261, -0.076512113;
 -0.30964297, 0.81980461, 0.48170695, -0.016954185;
 0, 0, 0, 1]
Twc:
[0.88962865, -0.33568156, -0.30964297, -0.043856308;
 0.42862558, 0.37973738, 0.81980461, 0.036727361;
 -0.15761028, -0.86204261, 0.48170695, -0.055500284;
 0, 0, 0, 1]
Ow:
[0.014526127;
 -0.076512113;
 -0.016954185]
Keyframe: 167 Frame: 1211 Frame from vFrameID : 1212
Tcw:
[0.87488616, 0.46554613, -0.13357013, 0.013549689;
 -0.33846027, 0.39041445, -0.85616654, -0.07704325;
 -0.34643731, 0.79425651, 0.49913707, -0.018886629;
 0, 0, 0, 1]
Twc:
[0.87488616, -0.33846027, -0.34643731, -0.044473551;
 0.46554613, 0.39041445, 0.79425651, 0.038771622;
 -0.13357013, -0.85616654, 0.49913707, -0.05472501;
 0, 0, 0, 1]
Ow:
[0.013549689;
 -0.07704325;
 -0.018886629]
Keyframe: 168 Frame: 1213 Frame from vFrameID : 1214
Tcw:
[0.92439902, 0.36037618, -0.12496189, 0.012104429;
 -0.27357563, 0.39813569, -0.87558228, -0.076410025;
 -0.26578721, 0.84357393, 0.46662638, -0.023075314;
 0, 0, 0, 1]
Twc:
[0.92439902, -0.27357563, -0.26578721, -0.038226366;
 0.36037618, 0.39813569, 0.84357393, 0.045525145;
 -0.12496189, -0.87558228, 0.46662638, -0.054623123;
 0, 0, 0, 1]
Ow:
[0.012104429;
 -0.076410025;
 -0.023075314]
Keyframe: 169 Frame: 1215 Frame from vFrameID : 1216
Tcw:
[0.85863853, 0.48685285, -0.16035652, 0.014103135;
 -0.35774502, 0.3451412, -0.86769581, -0.081524216;
 -0.36709455, 0.80240381, 0.4705207, -0.015283363;
 0, 0, 0, 1]
Twc:
[0.85863853, -0.35774502, -0.36709455, -0.046884816;
 0.48685285, 0.3451412, 0.80240381, 0.033534646;
 -0.16035652, -0.86769581, 0.4705207, -0.061285552;
 0, 0, 0, 1]
Ow:
[0.014103135;
 -0.081524216;
 -0.015283363]
Keyframe: 170 Frame: 1217 Frame from vFrameID : 1218
Tcw:
[0.85185313, 0.49966329, -0.15710767, 0.012731372;
 -0.35759351, 0.33562723, -0.87148219, -0.078029118;
 -0.38271806, 0.79855555, 0.46458146, -0.018080173;
 0, 0, 0, 1]
Twc:
[0.85185313, -0.35759351, -0.38271806, -0.045667574;
 0.49966329, 0.33562723, 0.79855555, 0.034265321;
 -0.15710767, -0.87148219, 0.46458146, -0.057601079;
 0, 0, 0, 1]
Ow:
[0.012731372;
 -0.078029118;
 -0.018080173]
Keyframe: 171 Frame: 1219 Frame from vFrameID : 1220
Tcw:
[0.79955697, 0.57575148, -0.17093526, 0.011943012;
 -0.39787921, 0.29458714, -0.86885589, -0.074918598;
 -0.44988975, 0.76271135, 0.46461877, -0.017467827;
 0, 0, 0, 1]
Twc:
[0.79955697, -0.39787921, -0.44988975, -0.047216266;
 0.57575148, 0.29458714, 0.76271135, 0.02851676;
 -0.17093526, -0.86885589, 0.46461877, -0.054936104;
 0, 0, 0, 1]
Ow:
[0.011943012;
 -0.074918598;
 -0.017467827]
