Keyframe: 0 Frame: 0 Frame from vFrameID : 51
Tcw:
[0.99773985, 0.014270188, 0.06566269, 0.042474337;
 0.033611882, 0.74016327, -0.67158663, -0.084545478;
 -0.058184776, 0.67227578, 0.7380107, 0.059232511;
 0, 0, 0, 1]
Twc:
[0.99773985, 0.033611882, -0.058184776, -0.036090173;
 0.014270188, 0.74016327, 0.67227578, 0.022150759;
 0.06566269, -0.67158663, 0.7380107, -0.10328282;
 0, 0, 0, 1]
Ow:
[0.042474337;
 -0.084545478;
 0.059232511]
Keyframe: 1 Frame: 50 Frame from vFrameID : 51
Tcw:
[0.99800873, 0.012670444, 0.061790518, 0.042916618;
 0.0323813, 0.73775899, -0.67428714, -0.085377313;
 -0.054130025, 0.67494529, 0.7358796, 0.057883162;
 0, 0, 0, 1]
Twc:
[0.99800873, 0.0323813, -0.054130025, -0.036933314;
 0.012670444, 0.73775899, 0.67494529, 0.023376135;
 0.061790518, -0.67428714, 0.7358796, -0.1028157;
 0, 0, 0, 1]
Ow:
[0.042916618;
 -0.085377313;
 0.057883162]
Keyframe: 2 Frame: 52 Frame from vFrameID : 53
Tcw:
[0.99863827, 0.013842626, 0.050299123, 0.043328099;
 0.024043873, 0.7335248, -0.67923731, -0.085553922;
 -0.046298079, 0.67952174, 0.73219305, 0.060027733;
 0, 0, 0, 1]
Twc:
[0.99863827, 0.024043873, -0.046298079, -0.038432881;
 0.013842626, 0.7335248, 0.67952174, 0.021365993;
 0.050299123, -0.67923731, 0.73219305, -0.10424267;
 0, 0, 0, 1]
Ow:
[0.043328099;
 -0.085553922;
 0.060027733]
Keyframe: 3 Frame: 54 Frame from vFrameID : 55
Tcw:
[0.99920845, 0.018128099, 0.035409972, 0.045397907;
 0.011302701, 0.72407269, -0.68963104, -0.088269807;
 -0.038141094, 0.68948537, 0.72329468, 0.063268177;
 0, 0, 0, 1]
Twc:
[0.99920845, 0.011302701, -0.038141094, -0.041951168;
 0.018128099, 0.72407269, 0.68948537, 0.019468302;
 0.035409972, -0.68963104, 0.72329468, -0.10824267;
 0, 0, 0, 1]
Ow:
[0.045397907;
 -0.088269807;
 0.063268177]
Keyframe: 4 Frame: 56 Frame from vFrameID : 57
Tcw:
[0.99956053, 0.02277899, 0.018969653, 0.043447528;
 -0.0029989907, 0.71435302, -0.69977909, -0.090474844;
 -0.02949129, 0.69941467, 0.71410739, 0.060980566;
 0, 0, 0, 1]
Twc:
[0.99956053, -0.0029989907, -0.02949129, -0.041901372;
 0.02277899, 0.71435302, 0.69941467, 0.020990584;
 0.018969653, -0.69977909, 0.71410739, -0.10768326;
 0, 0, 0, 1]
Ow:
[0.043447528;
 -0.090474844;
 0.060980566]
Keyframe: 5 Frame: 58 Frame from vFrameID : 59
Tcw:
[0.99972564, 0.022173796, 0.0075449911, 0.040916096;
 -0.010568539, 0.71452022, -0.69953495, -0.092395179;
 -0.020902393, 0.69926333, 0.71455854, 0.059321605;
 0, 0, 0, 1]
Twc:
[0.99972564, -0.010568539, -0.020902393, -0.040641394;
 0.022173796, 0.71452022, 0.69926333, 0.023629537;
 0.0075449911, -0.69953495, 0.71455854, -0.10733113;
 0, 0, 0, 1]
Ow:
[0.040916096;
 -0.092395179;
 0.059321605]
Keyframe: 6 Frame: 59 Frame from vFrameID : 60
Tcw:
[0.99967641, 0.025414493, 0.0011027709, 0.04014498;
 -0.017415475, 0.71534711, -0.69855225, -0.093461968;
 -0.018542215, 0.69830698, 0.71555817, 0.062493;
 0, 0, 0, 1]
Twc:
[0.99967641, -0.017415475, -0.018542215, -0.040600915;
 0.025414493, 0.71534711, 0.69830698, 0.02219818;
 0.0011027709, -0.69855225, 0.71555817, -0.11004972;
 0, 0, 0, 1]
Ow:
[0.04014498;
 -0.093461968;
 0.062493]
Keyframe: 7 Frame: 60 Frame from vFrameID : 61
Tcw:
[0.99955028, 0.029720059, -0.0039995676, 0.040146172;
 -0.024021439, 0.71368337, -0.70005643, -0.096357897;
 -0.017951293, 0.69983768, 0.71407634, 0.064733602;
 0, 0, 0, 1]
Twc:
[0.99955028, -0.024021439, -0.017951293, -0.041280717;
 0.029720059, 0.71368337, 0.69983768, 0.022272872;
 -0.0039995676, -0.70005643, 0.71407634, -0.11352014;
 0, 0, 0, 1]
Ow:
[0.040146172;
 -0.096357897;
 0.064733602]
Keyframe: 8 Frame: 62 Frame from vFrameID : 63
Tcw:
[0.9991644, 0.040838741, -0.0016518853, 0.031645875;
 -0.030243136, 0.71153623, -0.70199823, -0.10202147;
 -0.027493348, 0.70146161, 0.71217674, 0.068228953;
 0, 0, 0, 1]
Twc:
[0.9991644, -0.030243136, -0.027493348, -0.032829039;
 0.040838741, 0.71153623, 0.70146161, 0.023439603;
 -0.0016518853, -0.70199823, 0.71217674, -0.1201577;
 0, 0, 0, 1]
Ow:
[0.031645875;
 -0.10202147;
 0.068228953]
Keyframe: 9 Frame: 66 Frame from vFrameID : 67
Tcw:
[0.99938309, 0.034830481, -0.0044985157, 0.037233721;
 -0.027437866, 0.69439757, -0.71906829, -0.10785975;
 -0.021921735, 0.71874815, 0.69492489, 0.075403996;
 0, 0, 0, 1]
Twc:
[0.99938309, -0.027437866, -0.021921735, -0.038517207;
 0.034830481, 0.69439757, 0.71874815, 0.019404205;
 -0.0044985157, -0.71906829, 0.69492489, -0.12979114;
 0, 0, 0, 1]
Ow:
[0.037233721;
 -0.10785975;
 0.075403996]
Keyframe: 10 Frame: 71 Frame from vFrameID : 72
Tcw:
[0.99885446, 0.047630813, -0.0045930468, 0.030776411;
 -0.036691256, 0.70073968, -0.71247292, -0.11203505;
 -0.030717134, 0.71182525, 0.70168459, 0.070061013;
 0, 0, 0, 1]
Twc:
[0.99885446, -0.036691256, -0.030717134, -0.032699786;
 0.047630813, 0.70073968, 0.71182525, 0.027170299;
 -0.0045930468, -0.71247292, 0.70168459, -0.12884131;
 0, 0, 0, 1]
Ow:
[0.030776411;
 -0.11203505;
 0.070061013]
Keyframe: 11 Frame: 75 Frame from vFrameID : 76
Tcw:
[0.99866164, 0.051360417, 0.0060894908, 0.02707237;
 -0.032482024, 0.71445423, -0.69892782, -0.11713105;
 -0.040247887, 0.69779456, 0.71516627, 0.076905519;
 0, 0, 0, 1]
Twc:
[0.99866164, -0.032482024, -0.040247887, -0.027745506;
 0.051360417, 0.71445423, 0.69779456, 0.028630076;
 0.0060894908, -0.69892782, 0.71516627, -0.13703124;
 0, 0, 0, 1]
Ow:
[0.02707237;
 -0.11713105;
 0.076905519]
Keyframe: 12 Frame: 80 Frame from vFrameID : 81
Tcw:
[0.99858606, 0.051996283, 0.01105557, 0.027309066;
 -0.029630536, 0.71710855, -0.69633132, -0.11638334;
 -0.044134688, 0.69501919, 0.71763533, 0.072817944;
 0, 0, 0, 1]
Twc:
[0.99858606, -0.029630536, -0.044134688, -0.027505158;
 0.051996283, 0.71710855, 0.69501919, 0.031429656;
 0.01105557, -0.69633132, 0.71763533, -0.13360001;
 0, 0, 0, 1]
Ow:
[0.027309066;
 -0.11638334;
 0.072817944]
Keyframe: 13 Frame: 85 Frame from vFrameID : 86
Tcw:
[0.99972773, 0.021389071, -0.009328723, 0.03609854;
 -0.021889746, 0.7211107, -0.69247401, -0.11271136;
 -0.0080843326, 0.69248962, 0.72138256, 0.072132744;
 0, 0, 0, 1]
Twc:
[0.99972773, -0.021889746, -0.0080843326, -0.037972786;
 0.021389071, 0.7211107, 0.69248962, 0.030554069;
 -0.009328723, -0.69247401, 0.72138256, -0.12974823;
 0, 0, 0, 1]
Ow:
[0.03609854;
 -0.11271136;
 0.072132744]
Keyframe: 14 Frame: 90 Frame from vFrameID : 91
Tcw:
[0.99887753, -0.027209714, -0.038772237, 0.034490079;
 -0.0075087459, 0.71723598, -0.69678992, -0.11000472;
 0.046768297, 0.69629896, 0.71622658, 0.071980923;
 0, 0, 0, 1]
Twc:
[0.99887753, -0.0075087459, 0.046768297, -0.038643789;
 -0.027209714, 0.71723598, 0.69629896, 0.029717565;
 -0.038772237, -0.69678992, 0.71622658, -0.12686758;
 0, 0, 0, 1]
Ow:
[0.034490079;
 -0.11000472;
 0.071980923]
Keyframe: 15 Frame: 95 Frame from vFrameID : 96
Tcw:
[0.99602365, -0.054176442, -0.070723027, 0.031449005;
 -0.011269266, 0.7108534, -0.70324993, -0.11597402;
 0.088373281, 0.70125055, 0.7074163, 0.071653582;
 0, 0, 0, 1]
Twc:
[0.99602365, -0.011269266, 0.088373281, -0.038963158;
 -0.054176442, 0.7108534, 0.70125055, 0.03389721;
 -0.070723027, -0.70324993, 0.7074163, -0.13002346;
 0, 0, 0, 1]
Ow:
[0.031449005;
 -0.11597402;
 0.071653582]
Keyframe: 16 Frame: 101 Frame from vFrameID : 102
Tcw:
[0.99587381, -0.035266511, -0.083615899, 0.035211045;
 -0.035909057, 0.69305563, -0.71998918, -0.12710644;
 0.083341978, 0.72002095, 0.68892956, 0.07967943;
 0, 0, 0, 1]
Twc:
[0.99587381, -0.035909057, 0.083341978, -0.046270672;
 -0.035266511, 0.69305563, 0.72002095, 0.031962745;
 -0.083615899, -0.71998918, 0.68892956, -0.14346458;
 0, 0, 0, 1]
Ow:
[0.035211045;
 -0.12710644;
 0.07967943]
Keyframe: 17 Frame: 107 Frame from vFrameID : 108
Tcw:
[0.99873149, 0.0028065445, -0.050274357, 0.035795186;
 -0.037849173, 0.70034426, -0.71280104, -0.11830468;
 0.033208851, 0.71379972, 0.69956213, 0.076091096;
 0, 0, 0, 1]
Twc:
[0.99873149, -0.037849173, 0.033208851, -0.042754412;
 0.0028065445, 0.70034426, 0.71379972, 0.028439747;
 -0.050274357, -0.71280104, 0.69956213, -0.13575856;
 0, 0, 0, 1]
Ow:
[0.035795186;
 -0.11830468;
 0.076091096]
Keyframe: 18 Frame: 112 Frame from vFrameID : 113
Tcw:
[0.99931961, 0.034865215, -0.012031683, 0.029276926;
 -0.033283163, 0.71189314, -0.70149869, -0.11781347;
 -0.01589263, 0.70142186, 0.71256918, 0.07451535;
 0, 0, 0, 1]
Twc:
[0.99931961, -0.033283163, -0.01589263, -0.031993963;
 0.034865215, 0.71189314, 0.70142186, 0.030583153;
 -0.012031683, -0.70149869, 0.71256918, -0.13539109;
 0, 0, 0, 1]
Ow:
[0.029276926;
 -0.11781347;
 0.07451535]
Keyframe: 19 Frame: 118 Frame from vFrameID : 119
Tcw:
[0.99800324, 0.054148667, 0.032517631, 0.02186658;
 -0.016020421, 0.71500045, -0.69894046, -0.11940558;
 -0.061096814, 0.69702387, 0.71444023, 0.080503218;
 0, 0, 0, 1]
Twc:
[0.99800324, -0.016020421, -0.061096814, -0.018817358;
 0.054148667, 0.71500045, 0.69702387, 0.028078327;
 0.032517631, -0.69894046, 0.71444023, -0.14168318;
 0, 0, 0, 1]
Ow:
[0.02186658;
 -0.11940558;
 0.080503218]
Keyframe: 20 Frame: 125 Frame from vFrameID : 126
Tcw:
[0.99587613, 0.080337167, 0.042151023, 0.023307463;
 -0.027160879, 0.70731241, -0.70637912, -0.12830676;
 -0.08656244, 0.70232123, 0.70657754, 0.082449183;
 0, 0, 0, 1]
Twc:
[0.99587613, -0.027160879, -0.08656244, -0.019559268;
 0.080337167, 0.70731241, 0.70232123, 0.030974688;
 0.042151023, -0.70637912, 0.70657754, -0.14987239;
 0, 0, 0, 1]
Ow:
[0.023307463;
 -0.12830676;
 0.082449183]
Keyframe: 21 Frame: 132 Frame from vFrameID : 133
Tcw:
[0.99392647, 0.094117306, 0.057027776, 0.030570447;
 -0.025967188, 0.70416546, -0.70956093, -0.14285265;
 -0.10693895, 0.70377052, 0.70233262, 0.099494204;
 0, 0, 0, 1]
Twc:
[0.99392647, -0.025967188, -0.10693895, -0.023454452;
 0.094117306, 0.70416546, 0.70377052, 0.027693601;
 0.057027776, -0.70956093, 0.70233262, -0.17298405;
 0, 0, 0, 1]
Ow:
[0.030570447;
 -0.14285265;
 0.099494204]
Keyframe: 22 Frame: 140 Frame from vFrameID : 141
Tcw:
[0.994726, 0.095271476, 0.037993979, 0.056215361;
 -0.034191083, 0.65724319, -0.75290263, -0.15976964;
 -0.096701436, 0.74763274, 0.65703428, 0.12645088;
 0, 0, 0, 1]
Twc:
[0.994726, -0.034191083, -0.096701436, -0.049153596;
 0.095271476, 0.65724319, 0.74763274, 0.0051129549;
 0.037993979, -0.75290263, 0.65703428, -0.20550941;
 0, 0, 0, 1]
Ow:
[0.056215361;
 -0.15976964;
 0.12645088]
Keyframe: 23 Frame: 146 Frame from vFrameID : 147
Tcw:
[0.99644196, 0.08157178, -0.021200636, 0.071251914;
 -0.069873497, 0.65887487, -0.74900037, -0.16652122;
 -0.04712873, 0.7478168, 0.66223031, 0.12337205;
 0, 0, 0, 1]
Twc:
[0.99644196, -0.069873497, -0.04712873, -0.07681945;
 0.08157178, 0.65887487, 0.7478168, 0.011644817;
 -0.021200636, -0.74900037, 0.66223031, -0.20491457;
 0, 0, 0, 1]
Ow:
[0.071251914;
 -0.16652122;
 0.12337205]
Keyframe: 24 Frame: 153 Frame from vFrameID : 154
Tcw:
[0.99899328, 0.043704711, 0.010115464, 0.080863565;
 -0.0236845, 0.7053495, -0.70846391, -0.21346076;
 -0.038098149, 0.70751113, 0.70567453, 0.17517075;
 0, 0, 0, 1]
Twc:
[0.99899328, -0.0236845, -0.038098149, -0.079164192;
 0.043704711, 0.7053495, 0.70751113, 0.023095077;
 0.010115464, -0.70846391, 0.70567453, -0.27566075;
 0, 0, 0, 1]
Ow:
[0.080863565;
 -0.21346076;
 0.17517075]
Keyframe: 25 Frame: 161 Frame from vFrameID : 162
Tcw:
[0.99814004, 0.05903155, 0.015221666, 0.086944163;
 -0.032634467, 0.72830045, -0.68448043, -0.24869952;
 -0.051491886, 0.68271059, 0.7288723, 0.22619642;
 0, 0, 0, 1]
Twc:
[0.99814004, -0.032634467, -0.051491886, -0.083251357;
 0.05903155, 0.72830045, 0.68271059, 0.021568833;
 0.015221666, -0.68448043, 0.7288723, -0.3364217;
 0, 0, 0, 1]
Ow:
[0.086944163;
 -0.24869952;
 0.22619642]
Keyframe: 26 Frame: 169 Frame from vFrameID : 170
Tcw:
[0.99413729, 0.083158776, 0.069105931, 0.07478638;
 -0.018351154, 0.75962508, -0.65010232, -0.35275781;
 -0.1065563, 0.64502281, 0.75669765, 0.31885213;
 0, 0, 0, 1]
Twc:
[0.99413729, -0.018351154, -0.1065563, -0.046845734;
 0.083158776, 0.75962508, 0.64502281, 0.056077622;
 0.069105931, -0.65010232, 0.75669765, -0.47577152;
 0, 0, 0, 1]
Ow:
[0.07478638;
 -0.35275781;
 0.31885213]
Keyframe: 27 Frame: 178 Frame from vFrameID : 179
Tcw:
[0.99466097, 0.073562011, 0.072375514, 0.041414402;
 -0.0068077738, 0.7465806, -0.66526014, -0.56098139;
 -0.10297203, 0.6612156, 0.74309534, 0.59487742;
 0, 0, 0, 1]
Twc:
[0.99466097, -0.0068077738, -0.10297203, 0.016243413;
 0.073562011, 0.7465806, 0.6612156, 0.02242909;
 0.072375514, -0.66526014, 0.74309534, -0.81824666;
 0, 0, 0, 1]
Ow:
[0.041414402;
 -0.56098139;
 0.59487742]
Keyframe: 28 Frame: 187 Frame from vFrameID : 188
Tcw:
[0.99998444, -0.0039619706, 0.0039290474, 0.071837187;
 0.005572171, 0.74597156, -0.66595453, -0.58759928;
 -0.00029246529, 0.66596603, 0.74598199, 0.67821205;
 0, 0, 0, 1]
Twc:
[0.99998444, 0.005572171, -0.00029246529, -0.06836351;
 -0.0039619706, 0.74597156, 0.66596603, -0.013049257;
 0.0039290474, -0.66595453, 0.74598199, -0.89753062;
 0, 0, 0, 1]
Ow:
[0.071837187;
 -0.58759928;
 0.67821205]
Keyframe: 29 Frame: 195 Frame from vFrameID : 196
Tcw:
[0.99922514, 0.039227385, -0.0032125369, 0.12497079;
 -0.031916343, 0.75981444, -0.64935613, -0.73778719;
 -0.023031611, 0.64895552, 0.76047766, 0.90203226;
 0, 0, 0, 1]
Twc:
[0.99922514, -0.031916343, -0.023031611, -0.12764618;
 0.039227385, 0.75981444, 0.64895552, -0.02969972;
 -0.0032125369, -0.64935613, 0.76047766, -1.1646606;
 0, 0, 0, 1]
Ow:
[0.12497079;
 -0.73778719;
 0.90203226]
Keyframe: 30 Frame: 202 Frame from vFrameID : 203
Tcw:
[0.98596948, 0.074280307, 0.14948791, 0.010280728;
 0.038749781, 0.76922232, -0.63780522, -0.71140373;
 -0.16236581, 0.6346491, 0.7555514, 0.87743235;
 0, 0, 0, 1]
Twc:
[0.98596948, 0.038749781, -0.16236581, 0.15989526;
 0.074280307, 0.76922232, 0.6346491, -0.010397676;
 0.14948791, -0.63780522, 0.7555514, -1.118219;
 0, 0, 0, 1]
Ow:
[0.010280728;
 -0.71140373;
 0.87743235]
Keyframe: 31 Frame: 210 Frame from vFrameID : 211
Tcw:
[0.9954825, 0.049516309, 0.081010751, 0.15668446;
 0.013579116, 0.77021295, -0.6376422, -0.840985;
 -0.093969218, 0.63586169, 0.76606113, 1.1125076;
 0, 0, 0, 1]
Twc:
[0.9954825, 0.013579116, -0.093969218, -0.040015325;
 0.049516309, 0.77021295, 0.63586169, -0.067421883;
 0.081010751, -0.6376422, 0.76606113, -1.4011896;
 0, 0, 0, 1]
Ow:
[0.15668446;
 -0.840985;
 1.1125076]
Keyframe: 32 Frame: 218 Frame from vFrameID : 219
Tcw:
[0.99970996, 0.013667546, 0.019830182, 0.14499411;
 0.0027357729, 0.75360233, -0.65732497, -0.89326024;
 -0.023928089, 0.65718853, 0.75334632, 1.1756011;
 0, 0, 0, 1]
Twc:
[0.99970996, 0.0027357729, -0.023928089, -0.1143784;
 0.013667546, 0.75360233, 0.65718853, -0.1014103;
 0.019830182, -0.65732497, 0.75334632, -1.4756722;
 0, 0, 0, 1]
Ow:
[0.14499411;
 -0.89326024;
 1.1756011]
Keyframe: 33 Frame: 223 Frame from vFrameID : 224
Tcw:
[0.99967015, 0.0043781917, 0.025305517, 0.15342104;
 0.012810567, 0.76900291, -0.63911688, -0.91496748;
 -0.022258192, 0.63923031, 0.76869321, 1.1843826;
 0, 0, 0, 1]
Twc:
[0.99967015, 0.012810567, -0.022258192, -0.11528698;
 0.0043781917, 0.76900291, 0.63923031, -0.054152265;
 0.025305517, -0.63911688, 0.76869321, -1.4990804;
 0, 0, 0, 1]
Ow:
[0.15342104;
 -0.91496748;
 1.1843826]
Keyframe: 34 Frame: 228 Frame from vFrameID : 229
Tcw:
[0.99971026, 0.0082655028, 0.022606108, 0.1569583;
 0.0074234973, 0.78752786, -0.61623436, -0.92157578;
 -0.022896426, 0.61622363, 0.7872383, 1.198264;
 0, 0, 0, 1]
Twc:
[0.99971026, 0.0074234973, -0.022896426, -0.12263554;
 0.0082655028, 0.78752786, 0.61622363, -0.013929358;
 0.022606108, -0.61623436, 0.7872383, -1.5147742;
 0, 0, 0, 1]
Ow:
[0.1569583;
 -0.92157578;
 1.198264]
Keyframe: 35 Frame: 233 Frame from vFrameID : 234
Tcw:
[0.9986313, 0.031288438, 0.041911289, 0.16108328;
 0.00029562489, 0.79793954, -0.60273743, -0.92696422;
 -0.052301388, 0.60192484, 0.79683816, 1.2089216;
 0, 0, 0, 1]
Twc:
[0.9986313, 0.00029562489, -0.052301388, -0.097360507;
 0.031288438, 0.79793954, 0.60192484, 0.0069415029;
 0.041911289, -0.60273743, 0.79683816, -1.528782;
 0, 0, 0, 1]
Ow:
[0.16108328;
 -0.92696422;
 1.2089216]
Keyframe: 36 Frame: 237 Frame from vFrameID : 238
Tcw:
[0.99367899, 0.055009291, 0.097857207, 0.12571877;
 0.01902809, 0.77656186, -0.62975359, -0.99472892;
 -0.11063448, 0.627635, 0.77060646, 1.3694412;
 0, 0, 0, 1]
Twc:
[0.99367899, 0.01902809, -0.11063448, 0.045511093;
 0.055009291, 0.77656186, 0.627635, -0.093956247;
 0.097857207, -0.62975359, 0.77060646, -1.6940368;
 0, 0, 0, 1]
Ow:
[0.12571877;
 -0.99472892;
 1.3694412]
Keyframe: 37 Frame: 242 Frame from vFrameID : 243
Tcw:
[0.98648643, 0.09268567, 0.13510674, 0.13953248;
 0.013288201, 0.77663541, -0.62981021, -1.0188109;
 -0.16330305, 0.62309456, 0.76490867, 1.355648;
 0, 0, 0, 1]
Twc:
[0.98648643, 0.013288201, -0.16330305, 0.097272739;
 0.09268567, 0.77663541, 0.62309456, -0.066385023;
 0.13510674, -0.62981021, 0.76490867, -1.6974562;
 0, 0, 0, 1]
Ow:
[0.13953248;
 -1.0188109;
 1.355648]
Keyframe: 38 Frame: 247 Frame from vFrameID : 248
Tcw:
[0.98185772, 0.094740719, 0.16425492, 0.13991505;
 0.020001059, 0.80965728, -0.5865621, -1.0430151;
 -0.1885615, 0.57920575, 0.7930733, 1.3999393;
 0, 0, 0, 1]
Twc:
[0.98185772, 0.020001059, -0.1885615, 0.14745939;
 0.094740719, 0.80965728, 0.57920575, 0.020376194;
 0.16425492, -0.5865621, 0.7930733, -1.7450293;
 0, 0, 0, 1]
Ow:
[0.13991505;
 -1.0430151;
 1.3999393]
Keyframe: 39 Frame: 252 Frame from vFrameID : 253
Tcw:
[0.98300284, 0.077517919, 0.16642237, 0.16737686;
 0.031490233, 0.82186079, -0.56881732, -1.0485531;
 -0.18086956, 0.56438977, 0.80545044, 1.4349979;
 0, 0, 0, 1]
Twc:
[0.98300284, 0.031490233, -0.18086956, 0.12803471;
 0.077517919, 0.82186079, 0.56438977, 0.038891882;
 0.16642237, -0.56881732, 0.80545044, -1.7801102;
 0, 0, 0, 1]
Ow:
[0.16737686;
 -1.0485531;
 1.4349979]
Keyframe: 40 Frame: 257 Frame from vFrameID : 258
Tcw:
[0.9911623, 0.040127516, 0.12644017, 0.21304466;
 0.039981458, 0.81846422, -0.57316476, -1.1159807;
 -0.12648644, 0.57315457, 0.80962652, 1.5347316;
 0, 0, 0, 1]
Twc:
[0.9911623, 0.039981458, -0.12648644, 0.02757941;
 0.040127516, 0.81846422, 0.57315457, 0.025203001;
 0.12644017, -0.57316476, 0.80962652, -1.9091375;
 0, 0, 0, 1]
Ow:
[0.21304466;
 -1.1159807;
 1.5347316]
Keyframe: 41 Frame: 261 Frame from vFrameID : 262
Tcw:
[0.99485904, 0.0075752926, 0.10098561, 0.15613717;
 0.053692225, 0.80604559, -0.58941299, -1.1181411;
 -0.085863978, 0.59180498, 0.80149502, 1.7157812;
 0, 0, 0, 1]
Twc:
[0.99485904, 0.053692225, -0.085863978, 0.052024808;
 0.0075752926, 0.80604559, 0.59180498, -0.11531799;
 0.10098561, -0.58941299, 0.80149502, -2.0500045;
 0, 0, 0, 1]
Ow:
[0.15613717;
 -1.1181411;
 1.7157812]
Keyframe: 42 Frame: 266 Frame from vFrameID : 267
Tcw:
[0.99774086, -0.0034360324, 0.067092113, 0.19490054;
 0.041717712, 0.81448698, -0.57868004, -1.1483967;
 -0.052657288, 0.58017164, 0.81279033, 1.7583474;
 0, 0, 0, 1]
Twc:
[0.99774086, 0.041717712, -0.052657288, -0.053961951;
 -0.0034360324, 0.81448698, 0.58017164, -0.084119409;
 0.067092113, -0.57868004, 0.81279033, -2.1067982;
 0, 0, 0, 1]
Ow:
[0.19490054;
 -1.1483967;
 1.7583474]
Keyframe: 43 Frame: 272 Frame from vFrameID : 273
Tcw:
[0.99717736, -0.0059759947, 0.074844033, 0.18709791;
 0.048029732, 0.81696165, -0.57468849, -1.1699197;
 -0.057710364, 0.57666105, 0.81494266, 1.7964597;
 0, 0, 0, 1]
Twc:
[0.99717736, 0.048029732, -0.057710364, -0.026704529;
 -0.0059759947, 0.81696165, 0.57666105, -0.079050846;
 0.074844033, -0.57468849, 0.81494266, -2.1503541;
 0, 0, 0, 1]
Ow:
[0.18709791;
 -1.1699197;
 1.7964597]
Keyframe: 44 Frame: 277 Frame from vFrameID : 278
Tcw:
[0.99395072, 0.024369823, 0.10708912, 0.1792639;
 0.0431435, 0.81004637, -0.58477646, -1.2165927;
 -0.10099805, 0.58585918, 0.80409473, 1.918512;
 0, 0, 0, 1]
Twc:
[0.99395072, 0.0431435, -0.10099805, 0.068074554;
 0.024369823, 0.81004637, 0.58585918, -0.14285003;
 0.10708912, -0.58477646, 0.80409473, -2.2732975;
 0, 0, 0, 1]
Ow:
[0.1792639;
 -1.2165927;
 1.918512]
Keyframe: 45 Frame: 282 Frame from vFrameID : 283
Tcw:
[0.99008775, 0.02687818, 0.13785422, 0.16768603;
 0.055183668, 0.82813686, -0.55780292, -1.2314345;
 -0.12915489, 0.55988115, 0.81844491, 1.8856398;
 0, 0, 0, 1]
Twc:
[0.99008775, 0.055183668, -0.12915489, 0.14547078;
 0.02687818, 0.82813686, 0.55988115, -0.040445007;
 0.13785422, -0.55780292, 0.81844491, -2.2533064;
 0, 0, 0, 1]
Ow:
[0.16768603;
 -1.2314345;
 1.8856398]
Keyframe: 46 Frame: 288 Frame from vFrameID : 289
Tcw:
[0.9889285, 0.021725578, 0.14679399, 0.16600037;
 0.065564193, 0.82346314, -0.56356877, -1.2772672;
 -0.13312329, 0.56695366, 0.81292176, 1.985937;
 0, 0, 0, 1]
Twc:
[0.9889285, 0.065564193, -0.13312329, 0.18395498;
 0.021725578, 0.82346314, 0.56695366, -0.077758066;
 0.14679399, -0.56356877, 0.81292176, -2.3586071;
 0, 0, 0, 1]
Ow:
[0.16600037;
 -1.2772672;
 1.985937]
Keyframe: 47 Frame: 293 Frame from vFrameID : 294
Tcw:
[0.99325109, 0.1014618, 0.056194693, 0.25556478;
 -0.047431592, 0.79746634, -0.60149616, -1.3752017;
 -0.10584226, 0.59477133, 0.79689682, 2.237992;
 0, 0, 0, 1]
Twc:
[0.99325109, -0.047431592, -0.10584226, -0.082193874;
 0.1014618, 0.79746634, 0.59477133, -0.26034632;
 0.056194693, -0.60149616, 0.79689682, -2.6249886;
 0, 0, 0, 1]
Ow:
[0.25556478;
 -1.3752017;
 2.237992]
Keyframe: 48 Frame: 297 Frame from vFrameID : 298
Tcw:
[0.99560583, 0.080853172, 0.047241569, 0.24962154;
 -0.035743251, 0.79440695, -0.6063332, -1.3842965;
 -0.086552992, 0.60198033, 0.7938062, 2.2507596;
 0, 0, 0, 1]
Twc:
[0.99560583, -0.035743251, -0.086552992, -0.10319398;
 0.080853172, 0.79440695, 0.60198033, -0.2754007;
 0.047241569, -0.6063332, 0.7938062, -2.6378043;
 0, 0, 0, 1]
Ow:
[0.24962154;
 -1.3842965;
 2.2507596]
Keyframe: 49 Frame: 301 Frame from vFrameID : 302
Tcw:
[0.99592173, 0.06817551, 0.059093136, 0.25837147;
 -0.019828517, 0.8043611, -0.59380972, -1.3927573;
 -0.088015504, 0.59021628, 0.80243254, 2.2618256;
 0, 0, 0, 1]
Twc:
[0.99592173, -0.019828517, -0.088015504, -0.08585836;
 0.06817551, 0.8043611, 0.59021628, -0.23230098;
 0.059093136, -0.59380972, 0.80243254, -2.6572633;
 0, 0, 0, 1]
Ow:
[0.25837147;
 -1.3927573;
 2.2618256]
Keyframe: 50 Frame: 306 Frame from vFrameID : 307
Tcw:
[0.99482149, 0.064464577, 0.07857839, 0.19495295;
 -0.0049906475, 0.80317128, -0.59572726, -1.4527518;
 -0.10151522, 0.59225011, 0.79933375, 2.4064302;
 0, 0, 0, 1]
Twc:
[0.99482149, -0.0049906475, -0.10151522, 0.043095727;
 0.064464577, 0.80317128, 0.59225011, -0.27096772;
 0.07857839, -0.59572726, 0.79933375, -2.8043039;
 0, 0, 0, 1]
Ow:
[0.19495295;
 -1.4527518;
 2.4064302]
Keyframe: 51 Frame: 311 Frame from vFrameID : 312
Tcw:
[0.98912877, 0.0802444, 0.12322769, 0.22944143;
 0.0080881584, 0.80703223, -0.59045202, -1.4818863;
 -0.14682919, 0.58502978, 0.79760975, 2.4205906;
 0, 0, 0, 1]
Twc:
[0.98912877, 0.0080881584, -0.14682919, 0.14045197;
 0.0802444, 0.80703223, 0.58502978, -0.23859905;
 0.12322769, -0.59045202, 0.79760975, -2.8339431;
 0, 0, 0, 1]
Ow:
[0.22944143;
 -1.4818863;
 2.4205906]
Keyframe: 52 Frame: 317 Frame from vFrameID : 318
Tcw:
[0.98080903, 0.10219277, 0.16604294, 0.23470461;
 0.0086987354, 0.82784545, -0.56088877, -1.5269578;
 -0.19477667, 0.55156916, 0.81106937, 2.4943209;
 0, 0, 0, 1]
Twc:
[0.98080903, 0.0086987354, -0.19477667, 0.26891774;
 0.10219277, 0.82784545, 0.55156916, -0.1356906;
 0.16604294, -0.56088877, 0.81106937, -2.9184918;
 0, 0, 0, 1]
Ow:
[0.23470461;
 -1.5269578;
 2.4943209]
Keyframe: 53 Frame: 323 Frame from vFrameID : 324
Tcw:
[0.98116231, 0.090165012, 0.17085329, 0.21826106;
 0.018024828, 0.83781594, -0.54565513, -1.5893054;
 -0.19234261, 0.53845584, 0.82040823, 2.5721076;
 0, 0, 0, 1]
Twc:
[0.98116231, 0.018024828, -0.19234261, 0.30922332;
 0.090165012, 0.83781594, 0.53845584, -0.07310047;
 0.17085329, -0.54565513, 0.82040823, -3.0146816;
 0, 0, 0, 1]
Ow:
[0.21826106;
 -1.5893054;
 2.5721076]
Keyframe: 54 Frame: 328 Frame from vFrameID : 329
Tcw:
[0.99138665, 0.065641209, 0.11333007, 0.19059254;
 0.013360579, 0.81012601, -0.5861035, -1.5549301;
 -0.13028418, 0.58256936, 0.80227113, 2.7115717;
 0, 0, 0, 1]
Twc:
[0.99138665, 0.013360579, -0.13028418, 0.18509874;
 0.065641209, 0.81012601, 0.58256936, -0.33249995;
 0.11333007, -0.5861035, 0.80227113, -3.1083655;
 0, 0, 0, 1]
Ow:
[0.19059254;
 -1.5549301;
 2.7115717]
Keyframe: 55 Frame: 333 Frame from vFrameID : 334
Tcw:
[0.99535513, 0.054188501, 0.079572499, 0.27806544;
 -0.0014843002, 0.83508348, -0.55012119, -1.5992062;
 -0.096259922, 0.54744786, 0.83128506, 2.650969;
 0, 0, 0, 1]
Twc:
[0.99535513, -0.0014843002, -0.096259922, -0.02396548;
 0.054188501, 0.83508348, 0.54744786, -0.13086446;
 0.079572499, -0.55012119, 0.83128506, -3.1055946;
 0, 0, 0, 1]
Ow:
[0.27806544;
 -1.5992062;
 2.650969]
Keyframe: 56 Frame: 339 Frame from vFrameID : 340
Tcw:
[0.99549085, 0.050714817, 0.080162086, 0.20728761;
 0.0016491493, 0.83569783, -0.549187, -1.6488454;
 -0.094843201, 0.54684287, 0.83184594, 2.8584168;
 0, 0, 0, 1]
Twc:
[0.99549085, 0.0016491493, -0.094843201, 0.067467667;
 0.050714817, 0.83569783, 0.54684287, -0.19568072;
 0.080162086, -0.549187, 0.83184594, -3.2999034;
 0, 0, 0, 1]
Ow:
[0.20728761;
 -1.6488454;
 2.8584168]
Keyframe: 57 Frame: 344 Frame from vFrameID : 345
Tcw:
[0.99071896, 0.058141761, 0.12286364, 0.17354845;
 0.021758765, 0.82440621, -0.56558019, -1.7008996;
 -0.13417338, 0.56300443, 0.81548977, 2.9877148;
 0, 0, 0, 1]
Twc:
[0.99071896, 0.021758765, -0.13417338, 0.2659435;
 0.058141761, 0.82440621, 0.56300443, -0.28995475;
 0.12286364, -0.56558019, 0.81548977, -3.4197688;
 0, 0, 0, 1]
Ow:
[0.17354845;
 -1.7008996;
 2.9877148]
Keyframe: 58 Frame: 350 Frame from vFrameID : 351
Tcw:
[0.98278362, 0.061488241, 0.17422853, 0.19624534;
 0.042184137, 0.84341359, -0.53560627, -1.7181323;
 -0.1798802, 0.53373474, 0.82629919, 3.0315511;
 0, 0, 0, 1]
Twc:
[0.98278362, 0.042184137, -0.1798802, 0.4249272;
 0.061488241, 0.84341359, 0.53373474, -0.18101481;
 0.17422853, -0.53560627, 0.82629919, -3.4594021;
 0, 0, 0, 1]
Ow:
[0.19624534;
 -1.7181323;
 3.0315511]
Keyframe: 59 Frame: 355 Frame from vFrameID : 356
Tcw:
[0.98324591, 0.051722262, 0.17479222, 0.23846641;
 0.050585054, 0.84381574, -0.53424352, -1.7096772;
 -0.1751247, 0.53413463, 0.82706201, 3.100744;
 0, 0, 0, 1]
Twc:
[0.98324591, 0.050585054, -0.1751247, 0.39502981;
 0.051722262, 0.84381574, 0.53413463, -0.22589612;
 0.17479222, -0.53424352, 0.82706201, -3.5195735;
 0, 0, 0, 1]
Ow:
[0.23846641;
 -1.7096772;
 3.100744]
Keyframe: 60 Frame: 361 Frame from vFrameID : 362
Tcw:
[0.99471104, 0.04773844, 0.090945013, 0.27876899;
 0.0099791475, 0.8363232, -0.54814589, -1.7499732;
 -0.10222705, 0.54615432, 0.83142352, 3.2121875;
 0, 0, 0, 1]
Twc:
[0.99471104, 0.0099791475, -0.10222705, 0.068541117;
 0.04773844, 0.8363232, 0.54615432, -0.30411488;
 0.090945013, -0.54814589, 0.83142352, -3.6552815;
 0, 0, 0, 1]
Ow:
[0.27876899;
 -1.7499732;
 3.2121875]
Keyframe: 61 Frame: 366 Frame from vFrameID : 367
Tcw:
[0.99659568, 0.043196119, 0.070222266, 0.2745198;
 0.0018482461, 0.83983362, -0.54284072, -1.7540739;
 -0.082423635, 0.5411225, 0.83689469, 3.2453854;
 0, 0, 0, 1]
Twc:
[0.99659568, 0.0018482461, -0.082423635, -0.0028468187;
 0.043196119, 0.83983362, 0.5411225, -0.29487917;
 0.070222266, -0.54284072, 0.83689469, -3.6875062;
 0, 0, 0, 1]
Ow:
[0.2745198;
 -1.7540739;
 3.2453854]
Keyframe: 62 Frame: 370 Frame from vFrameID : 371
Tcw:
[0.99705201, 0.026109166, 0.072150007, 0.2880809;
 0.017047688, 0.84144115, -0.54007977, -1.7772907;
 -0.074811019, 0.53971761, 0.83851546, 3.2715337;
 0, 0, 0, 1]
Twc:
[0.99705201, 0.017047688, -0.074811019, -0.012186171;
 0.026109166, 0.84144115, 0.53971761, -0.27774042;
 0.072150007, -0.54007977, 0.83851546, -3.7238955;
 0, 0, 0, 1]
Ow:
[0.2880809;
 -1.7772907;
 3.2715337]
Keyframe: 63 Frame: 376 Frame from vFrameID : 377
Tcw:
[0.99598098, 0.065781772, 0.060783952, 0.32948363;
 -0.022488827, 0.84058696, -0.54120958, -1.8419831;
 -0.086695924, 0.53766751, 0.83868796, 3.3913205;
 0, 0, 0, 1]
Twc:
[0.99598098, -0.022488827, -0.086695924, -0.075569823;
 0.065781772, 0.84058696, 0.53766751, -0.29672965;
 0.060783952, -0.54120958, 0.83868796, -3.8611858;
 0, 0, 0, 1]
Ow:
[0.32948363;
 -1.8419831;
 3.3913205]
Keyframe: 64 Frame: 381 Frame from vFrameID : 382
Tcw:
[0.98960674, 0.08736828, 0.11421604, 0.35225469;
 -0.015016153, 0.8527112, -0.52216673, -1.846238;
 -0.14301412, 0.51502466, 0.84516066, 3.4020052;
 0, 0, 0, 1]
Twc:
[0.98960674, -0.015016153, -0.14301412, 0.11021776;
 0.08736828, 0.8527112, 0.51502466, -0.20858449;
 0.11421604, -0.52216673, 0.84516066, -3.8795185;
 0, 0, 0, 1]
Ow:
[0.35225469;
 -1.846238;
 3.4020052]
Keyframe: 65 Frame: 386 Frame from vFrameID : 387
Tcw:
[0.98182553, 0.10482492, 0.15820976, 0.27208403;
 -0.0077209258, 0.85499513, -0.51857859, -1.8576519;
 -0.18962853, 0.50793219, 0.84026539, 3.4833438;
 0, 0, 0, 1]
Twc:
[0.98182553, -0.0077209258, -0.18962853, 0.37905952;
 0.10482492, 0.85499513, 0.50793219, -0.20954034;
 0.15820976, -0.51857859, 0.84026539, -3.9333181;
 0, 0, 0, 1]
Ow:
[0.27208403;
 -1.8576519;
 3.4833438]
Keyframe: 66 Frame: 392 Frame from vFrameID : 393
Tcw:
[0.99003023, 0.079816848, 0.11605787, 0.30556393;
 -0.011398066, 0.8666473, -0.49879104, -1.8759065;
 -0.14039317, 0.49249536, 0.85891682, 3.4737084;
 0, 0, 0, 1]
Twc:
[0.99003023, -0.011398066, -0.14039317, 0.1637857;
 0.079816848, 0.8666473, 0.49249536, -0.10942508;
 0.11605787, -0.49879104, 0.85891682, -3.9547749;
 0, 0, 0, 1]
Ow:
[0.30556393;
 -1.8759065;
 3.4737084]
Keyframe: 67 Frame: 397 Frame from vFrameID : 398
Tcw:
[0.99745476, 0.053340271, 0.04731553, 0.35497189;
 -0.020259023, 0.84826046, -0.52919161, -1.9458816;
 -0.068363123, 0.52688617, 0.8471821, 3.7101145;
 0, 0, 0, 1]
Twc:
[0.99745476, -0.020259023, -0.068363123, -0.13985509;
 0.053340271, 0.84826046, 0.52688617, -0.32312763;
 0.04731553, -0.52919161, 0.8471821, -4.1896825;
 0, 0, 0, 1]
Ow:
[0.35497189;
 -1.9458816;
 3.7101145]
Keyframe: 68 Frame: 401 Frame from vFrameID : 402
Tcw:
[0.99748051, 0.033389863, 0.062592253, 0.33582753;
 0.0038678288, 0.8554008, -0.51795226, -1.8951803;
 -0.070835814, 0.51688933, 0.85311645, 3.5652614;
 0, 0, 0, 1]
Twc:
[0.99748051, 0.0038678288, -0.070835814, -0.075102963;
 0.033389863, 0.8554008, 0.51688933, -0.23292004;
 0.062592253, -0.51795226, 0.85311645, -4.0442162;
 0, 0, 0, 1]
Ow:
[0.33582753;
 -1.8951803;
 3.5652614]
Keyframe: 69 Frame: 407 Frame from vFrameID : 408
Tcw:
[0.99778062, 0.054186445, 0.038699467, 0.28243166;
 -0.028382806, 0.8718456, -0.4889577, -2.0234091;
 -0.060234841, 0.48677412, 0.87144864, 3.879554;
 0, 0, 0, 1]
Twc:
[0.99778062, -0.028382806, -0.060234841, -0.10555056;
 0.054186445, 0.8718456, 0.48677412, -0.13967001;
 0.038699467, -0.4889577, 0.87144864, -4.3811235;
 0, 0, 0, 1]
Ow:
[0.28243166;
 -2.0234091;
 3.879554]
Keyframe: 70 Frame: 411 Frame from vFrameID : 412
Tcw:
[0.9970144, 0.054389425, 0.054809544, 0.28605276;
 -0.020202694, 0.86883926, -0.49468189, -2.0421243;
 -0.074526146, 0.49209768, 0.86734408, 3.9476886;
 0, 0, 0, 1]
Twc:
[0.9970144, -0.020202694, -0.074526146, -0.032249141;
 0.054389425, 0.86883926, 0.49209768, -0.18392871;
 0.054809544, -0.49468189, 0.86734408, -4.4498844;
 0, 0, 0, 1]
Ow:
[0.28605276;
 -2.0421243;
 3.9476886]
Keyframe: 71 Frame: 415 Frame from vFrameID : 416
Tcw:
[0.99531633, 0.057563581, 0.077664949, 0.31372055;
 -0.011475996, 0.86806405, -0.4963195, -2.0300486;
 -0.09598808, 0.49310362, 0.86465895, 3.9367781;
 0, 0, 0, 1]
Twc:
[0.99531633, -0.011475996, -0.09598808, 0.042335745;
 0.057563581, 0.86806405, 0.49310362, -0.1970862;
 0.077664949, -0.4963195, 0.86465895, -4.4358883;
 0, 0, 0, 1]
Ow:
[0.31372055;
 -2.0300486;
 3.9367781]
Keyframe: 72 Frame: 419 Frame from vFrameID : 420
Tcw:
[0.99237525, 0.07152231, 0.10037876, 0.33361456;
 -0.014920205, 0.8781324, -0.47818497, -2.0402594;
 -0.12234674, 0.47304127, 0.872504, 3.9618075;
 0, 0, 0, 1]
Twc:
[0.99237525, -0.014920205, -0.12234674, 0.1232023;
 0.07152231, 0.8781324, 0.47304127, -0.10634135;
 0.10037876, -0.47818497, 0.872504, -4.4658022;
 0, 0, 0, 1]
Ow:
[0.33361456;
 -2.0402594;
 3.9618075]
Keyframe: 73 Frame: 424 Frame from vFrameID : 425
Tcw:
[0.98765427, 0.065699838, 0.14220594, 0.17763382;
 0.012187641, 0.87281859, -0.48789254, -2.0724425;
 -0.15617445, 0.48360232, 0.86124229, 4.1721144;
 0, 0, 0, 1]
Twc:
[0.98765427, 0.012187641, -0.15617445, 0.50139511;
 0.065699838, 0.87281859, 0.48360232, -0.22044814;
 0.14220594, -0.48789254, 0.86124229, -4.6295915;
 0, 0, 0, 1]
Ow:
[0.17763382;
 -2.0724425;
 4.1721144]
Keyframe: 74 Frame: 429 Frame from vFrameID : 430
Tcw:
[0.995664, 0.046385914, 0.080632076, 0.18599781;
 -0.0012143907, 0.8732096, -0.48734331, -2.0983305;
 -0.093014568, 0.48513228, 0.86947972, 4.2260485;
 0, 0, 0, 1]
Twc:
[0.995664, -0.0012143907, -0.093014568, 0.20534454;
 0.046385914, 0.8732096, 0.48513228, -0.22653781;
 0.080632076, -0.48734331, 0.86947972, -4.7120681;
 0, 0, 0, 1]
Ow:
[0.18599781;
 -2.0983305;
 4.2260485]
Keyframe: 75 Frame: 434 Frame from vFrameID : 435
Tcw:
[0.99648452, 0.040839113, 0.073148653, 0.19989252;
 -0.0014606346, 0.88147342, -0.47223142, -2.1241615;
 -0.083764106, 0.47046447, 0.87843424, 4.2488136;
 0, 0, 0, 1]
Twc:
[0.99648452, -0.0014606346, -0.083764106, 0.15360564;
 0.040839113, 0.88147342, 0.47046447, -0.13468741;
 0.073148653, -0.47223142, 0.87843424, -4.750021;
 0, 0, 0, 1]
Ow:
[0.19989252;
 -2.1241615;
 4.2488136]
Keyframe: 76 Frame: 438 Frame from vFrameID : 439
Tcw:
[0.99680084, 0.039309304, 0.069590397, 0.20855282;
 -0.002738802, 0.88698173, -0.46179637, -2.118376;
 -0.0798783, 0.46012846, 0.88425183, 4.2788057;
 0, 0, 0, 1]
Twc:
[0.99680084, -0.002738802, -0.0798783, 0.1280963;
 0.039309304, 0.88698173, 0.46012846, -0.098037414;
 0.069590397, -0.46179637, 0.88425183, -4.7763133;
 0, 0, 0, 1]
Ow:
[0.20855282;
 -2.118376;
 4.2788057]
Keyframe: 77 Frame: 443 Frame from vFrameID : 444
Tcw:
[0.99563932, 0.046831604, 0.080679372, 0.22067137;
 -0.0056858268, 0.89371318, -0.44860274, -2.128346;
 -0.093113005, 0.44618779, 0.89008224, 4.297586;
 0, 0, 0, 1]
Twc:
[0.99563932, -0.0056858268, -0.093113005, 0.16835064;
 0.046831604, 0.89371318, 0.44618779, -0.025733931;
 0.080679372, -0.44860274, 0.89008224, -4.7977905;
 0, 0, 0, 1]
Ow:
[0.22067137;
 -2.128346;
 4.297586]
Keyframe: 78 Frame: 448 Frame from vFrameID : 449
Tcw:
[0.99225378, 0.05921071, 0.10920874, 0.21643382;
 -0.00310036, 0.89063257, -0.45471311, -2.1494837;
 -0.12418875, 0.45085219, 0.88391709, 4.3551297;
 0, 0, 0, 1]
Twc:
[0.99225378, -0.00310036, -0.12418875, 0.31943664;
 0.05921071, 0.89063257, 0.45085219, -0.06193478;
 0.10920874, -0.45471311, 0.88391709, -4.8506083;
 0, 0, 0, 1]
Ow:
[0.21643382;
 -2.1494837;
 4.3551297]
Keyframe: 79 Frame: 454 Frame from vFrameID : 455
Tcw:
[0.98473555, 0.066612147, 0.16080651, 0.22432458;
 0.0095838429, 0.90171951, -0.43221527, -2.1635494;
 -0.17379315, 0.42715886, 0.88731688, 4.3846669;
 0, 0, 0, 1]
Twc:
[0.98473555, 0.0095838429, -0.17379315, 0.56185979;
 0.066612147, 0.90171951, 0.42715886, 0.063022718;
 0.16080651, -0.43221527, 0.88731688, -4.8617806;
 0, 0, 0, 1]
Ow:
[0.22432458;
 -2.1635494;
 4.3846669]
Keyframe: 80 Frame: 460 Frame from vFrameID : 461
Tcw:
[0.99139607, 0.075650096, 0.10682183, 0.20965898;
 -0.018652592, 0.88939887, -0.45675129, -2.2347012;
 -0.12956049, 0.45082894, 0.88315761, 4.6027198;
 0, 0, 0, 1]
Twc:
[0.99139607, -0.018652592, -0.12956049, 0.34679255;
 0.075650096, 0.88939887, 0.45082894, -0.10335904;
 0.10682183, -0.45675129, 0.88315761, -5.1080256;
 0, 0, 0, 1]
Ow:
[0.20965898;
 -2.2347012;
 4.6027198]
Keyframe: 81 Frame: 466 Frame from vFrameID : 467
Tcw:
[0.99827844, 0.042439807, 0.040484365, 0.24253173;
 -0.018083395, 0.87932098, -0.47588617, -2.2708452;
 -0.055795267, 0.47433481, 0.87857461, 4.6965718;
 0, 0, 0, 1]
Twc:
[0.99827844, -0.018083395, -0.055795267, -0.021132298;
 0.042439807, 0.87932098, 0.47433481, -0.24123886;
 0.040484365, -0.47588617, 0.87857461, -5.2167716;
 0, 0, 0, 1]
Ow:
[0.24253173;
 -2.2708452;
 4.6965718]
Keyframe: 82 Frame: 472 Frame from vFrameID : 473
Tcw:
[0.99859989, 0.036078986, 0.038685896, 0.24590071;
 -0.015131786, 0.89558351, -0.44463608, -2.2663889;
 -0.050688468, 0.44342813, 0.89487553, 4.6949816;
 0, 0, 0, 1]
Twc:
[0.99859989, -0.015131786, -0.050688468, -0.041869495;
 0.036078986, 0.89558351, 0.44342813, -0.061018445;
 0.038685896, -0.44463608, 0.89487553, -5.2186551;
 0, 0, 0, 1]
Ow:
[0.24590071;
 -2.2663889;
 4.6949816]
Keyframe: 83 Frame: 477 Frame from vFrameID : 478
Tcw:
[0.99558222, 0.063885279, 0.068809032, 0.23340316;
 -0.026467197, 0.89406973, -0.44714513, -2.2756143;
 -0.090086065, 0.44334859, 0.89181083, 4.7645226;
 0, 0, 0, 1]
Twc:
[0.99558222, -0.026467197, -0.090086065, 0.1366159;
 0.063885279, 0.89406973, 0.44334859, -0.092697293;
 0.068809032, -0.44714513, 0.89181083, -5.2826428;
 0, 0, 0, 1]
Ow:
[0.23340316;
 -2.2756143;
 4.7645226]
Keyframe: 84 Frame: 483 Frame from vFrameID : 484
Tcw:
[0.98194653, 0.10522871, 0.15718763, 0.2344811;
 -0.023507768, 0.89242673, -0.45057958, -2.2816119;
 -0.18769234, 0.43874994, 0.87878901, 4.7620955;
 0, 0, 0, 1]
Twc:
[0.98194653, -0.023507768, -0.18769234, 0.60992527;
 0.10522871, 0.89242673, 0.43874994, -0.077871591;
 0.15718763, -0.45057958, 0.87878901, -5.2497821;
 0, 0, 0, 1]
Ow:
[0.2344811;
 -2.2816119;
 4.7620955]
Keyframe: 85 Frame: 489 Frame from vFrameID : 490
Tcw:
[0.98786438, 0.099735618, 0.11906632, 0.25818044;
 -0.039360583, 0.90232176, -0.4292624, -2.3653502;
 -0.15024889, 0.41936651, 0.89529717, 5.001688;
 0, 0, 0, 1]
Twc:
[0.98786438, -0.039360583, -0.15024889, 0.40334916;
 0.099735618, 0.90232176, 0.41936651, 0.011016806;
 0.11906632, -0.4292624, 0.89529717, -5.5240936;
 0, 0, 0, 1]
Ow:
[0.25818044;
 -2.3653502;
 5.001688]
Keyframe: 86 Frame: 495 Frame from vFrameID : 496
Tcw:
[0.98954457, 0.090662315, 0.11216909, 0.24964848;
 -0.035496563, 0.90689325, -0.4198626, -2.347074;
 -0.13979112, 0.41149113, 0.90062952, 4.9157987;
 0, 0, 0, 1]
Twc:
[0.98954457, -0.035496563, -0.13979112, 0.35683355;
 0.090662315, 0.90689325, 0.41149113, 0.083104372;
 0.11216909, -0.4198626, 0.90062952, -5.4407644;
 0, 0, 0, 1]
Ow:
[0.24964848;
 -2.347074;
 4.9157987]
Keyframe: 87 Frame: 501 Frame from vFrameID : 502
Tcw:
[0.99638462, 0.074575961, 0.040695257, 0.24598292;
 -0.051336408, 0.91017878, -0.4110221, -2.4111133;
 -0.067692325, 0.40744695, 0.91071659, 5.217989;
 0, 0, 0, 1]
Twc:
[0.99638462, -0.051336408, -0.067692325, -0.01565367;
 0.074575961, 0.91017878, 0.40744695, 0.050145935;
 0.040695257, -0.4110221, 0.91071659, -5.7531404;
 0, 0, 0, 1]
Ow:
[0.24598292;
 -2.4111133;
 5.217989]
Keyframe: 88 Frame: 506 Frame from vFrameID : 507
Tcw:
[0.99717009, 0.068814732, 0.030271729, 0.25821158;
 -0.051094711, 0.91572034, -0.39855441, -2.4237249;
 -0.055146851, 0.39587981, 0.91664499, 5.2677031;
 0, 0, 0, 1]
Twc:
[0.99717009, -0.051094711, -0.055146851, -0.090823144;
 0.068814732, 0.91572034, 0.39587981, 0.11630815;
 0.030271729, -0.39855441, 0.91664499, -5.8024163;
 0, 0, 0, 1]
Ow:
[0.25821158;
 -2.4237249;
 5.2677031]
Keyframe: 89 Frame: 509 Frame from vFrameID : 510
Tcw:
[0.99641651, 0.067324437, 0.051201481, 0.26261634;
 -0.041245788, 0.91524613, -0.40077838, -2.4194002;
 -0.073844135, 0.39723036, 0.91474319, 5.296886;
 0, 0, 0, 1]
Twc:
[0.99641651, -0.041245788, -0.073844135, 0.029678648;
 0.067324437, 0.91524613, 0.39723036, 0.092582189;
 0.051201481, -0.40077838, 0.91474319, -5.8283801;
 0, 0, 0, 1]
Ow:
[0.26261634;
 -2.4194002;
 5.296886]
Keyframe: 90 Frame: 513 Frame from vFrameID : 514
Tcw:
[0.99296111, 0.088009708, 0.079262726, 0.26660764;
 -0.047216479, 0.90787911, -0.41656464, -2.4151714;
 -0.10862271, 0.40989, 0.90564412, 5.3323121;
 0, 0, 0, 1]
Twc:
[0.99296111, -0.047216479, -0.10862271, 0.20044325;
 0.088009708, 0.90787911, 0.40989, -0.016441625;
 0.079262726, -0.41656464, 0.90564412, -5.8563843;
 0, 0, 0, 1]
Ow:
[0.26660764;
 -2.4151714;
 5.3323121]
Keyframe: 91 Frame: 517 Frame from vFrameID : 518
Tcw:
[0.98850161, 0.10423323, 0.10954474, 0.28623945;
 -0.05360252, 0.91895485, -0.3907029, -2.4196692;
 -0.14139089, 0.38033858, 0.91397548, 5.3586683;
 0, 0, 0, 1]
Twc:
[0.98850161, -0.05360252, -0.14139089, 0.34501836;
 0.10423323, 0.91895485, 0.38033858, 0.15562284;
 0.10954474, -0.3907029, 0.91397548, -5.8744192;
 0, 0, 0, 1]
Ow:
[0.28623945;
 -2.4196692;
 5.3586683]
Keyframe: 92 Frame: 522 Frame from vFrameID : 523
Tcw:
[0.9889797, 0.10108674, 0.1081693, 0.330116;
 -0.050112005, 0.91605598, -0.39790732, -2.4294851;
 -0.1393123, 0.3881017, 0.91102642, 5.4341369;
 0, 0, 0, 1]
Twc:
[0.9889797, -0.050112005, -0.1393123, 0.30881765;
 0.10108674, 0.91605598, 0.3881017, 0.083176404;
 0.1081693, -0.39790732, 0.91102642, -5.9530606;
 0, 0, 0, 1]
Ow:
[0.330116;
 -2.4294851;
 5.4341369]
Keyframe: 93 Frame: 528 Frame from vFrameID : 529
Tcw:
[0.99657768, 0.071714312, 0.04111011, 0.35136175;
 -0.049364414, 0.91523099, -0.39989415, -2.4457371;
 -0.06630338, 0.39649621, 0.91563892, 5.4891663;
 0, 0, 0, 1]
Twc:
[0.99657768, -0.049364414, -0.06630338, -0.10694137;
 0.071714312, 0.91523099, 0.39649621, 0.0367833;
 0.04111011, -0.39989415, 0.91563892, -6.0185747;
 0, 0, 0, 1]
Ow:
[0.35136175;
 -2.4457371;
 5.4891663]
Keyframe: 94 Frame: 532 Frame from vFrameID : 533
Tcw:
[0.99857676, 0.052598137, -0.0088232309, 0.36429662;
 -0.051944427, 0.92167008, -0.38448146, -2.4523618;
 -0.0120909, 0.38439256, 0.92309058, 5.5060782;
 0, 0, 0, 1]
Twc:
[0.99857676, -0.051944427, -0.0120909, -0.42459124;
 0.052598137, 0.92167008, 0.38439256, 0.12461175;
 -0.0088232309, -0.38448146, 0.92309058, -6.0222816;
 0, 0, 0, 1]
Ow:
[0.36429662;
 -2.4523618;
 5.5060782]
Keyframe: 95 Frame: 537 Frame from vFrameID : 538
Tcw:
[0.99849671, 0.054655224, 0.0041311183, 0.36980999;
 -0.04888862, 0.92215079, -0.38372889, -2.4539413;
 -0.024782302, 0.38295007, 0.92343658, 5.5564442;
 0, 0, 0, 1]
Twc:
[0.99849671, -0.04888862, -0.024782302, -0.35152239;
 0.054655224, 0.92215079, 0.38295007, 0.11485111;
 0.0041311183, -0.38372889, 0.92343658, -6.0741997;
 0, 0, 0, 1]
Ow:
[0.36980999;
 -2.4539413;
 5.5564442]
Keyframe: 96 Frame: 542 Frame from vFrameID : 543
Tcw:
[0.99471176, 0.083291739, 0.060091745, 0.36051711;
 -0.052711356, 0.91616178, -0.39732751, -2.4600334;
 -0.088147864, 0.39205882, 0.91570729, 5.5932417;
 0, 0, 0, 1]
Twc:
[0.99471176, -0.052711356, -0.088147864, 0.0047499649;
 0.083291739, 0.91616178, 0.39205882, 0.030880731;
 0.060091745, -0.39732751, 0.91570729, -6.1208749;
 0, 0, 0, 1]
Ow:
[0.36051711;
 -2.4600334;
 5.5932417]
Keyframe: 97 Frame: 547 Frame from vFrameID : 548
Tcw:
[0.98673147, 0.11229517, 0.1172638, 0.37161863;
 -0.061030425, 0.92580885, -0.37303257, -2.4632249;
 -0.15045361, 0.3609263, 0.92037815, 5.6196079;
 0, 0, 0, 1]
Twc:
[0.98673147, -0.061030425, -0.15045361, 0.32847089;
 0.11229517, 0.92580885, 0.3609263, 0.21048005;
 0.1172638, -0.37303257, 0.92037815, -6.1346049;
 0, 0, 0, 1]
Ow:
[0.37161863;
 -2.4632249;
 5.6196079]
Keyframe: 98 Frame: 552 Frame from vFrameID : 553
Tcw:
[0.97901738, 0.13273686, 0.15461539, 0.36427933;
 -0.067558281, 0.92725956, -0.36827379, -2.4585783;
 -0.19225211, 0.35010087, 0.9167707, 5.6675315;
 0, 0, 0, 1]
Twc:
[0.97901738, -0.067558281, -0.19225211, 0.56686169;
 0.13273686, 0.92725956, 0.35010087, 0.24717908;
 0.15461539, -0.36827379, 0.9167707, -6.1575799;
 0, 0, 0, 1]
Ow:
[0.36427933;
 -2.4585783;
 5.6675315]
Keyframe: 99 Frame: 557 Frame from vFrameID : 558
Tcw:
[0.98382729, 0.13370992, 0.11918697, 0.38811073;
 -0.083817296, 0.93171775, -0.35337898, -2.5083101;
 -0.15829889, 0.33767396, 0.92785656, 5.7259684;
 0, 0, 0, 1]
Twc:
[0.98382729, -0.083817296, -0.15829889, 0.31434065;
 0.13370992, 0.93171775, 0.33767396, 0.35163254;
 0.11918697, -0.35337898, 0.92785656, -6.2455187;
 0, 0, 0, 1]
Ow:
[0.38811073;
 -2.5083101;
 5.7259684]
Keyframe: 100 Frame: 563 Frame from vFrameID : 564
Tcw:
[0.99317908, 0.10452685, 0.051666956, 0.42233396;
 -0.079519674, 0.9312889, -0.35549632, -2.5390499;
 -0.085275769, 0.34896296, 0.93324858, 5.8334832;
 0, 0, 0, 1]
Twc:
[0.99317908, -0.079519674, -0.085275769, -0.12390291;
 0.10452685, 0.9312889, 0.34896296, 0.28477421;
 0.051666956, -0.35549632, 0.93324858, -6.3685331;
 0, 0, 0, 1]
Ow:
[0.42233396;
 -2.5390499;
 5.8334832]
Keyframe: 101 Frame: 569 Frame from vFrameID : 570
Tcw:
[0.99551642, 0.082626469, 0.046042465, 0.25745204;
 -0.060573205, 0.93075067, -0.36060232, -2.5802908;
 -0.072649352, 0.35619661, 0.93158257, 6.0712924;
 0, 0, 0, 1]
Twc:
[0.99551642, -0.060573205, -0.072649352, 0.028481236;
 0.082626469, 0.93075067, 0.35619661, 0.21776131;
 0.046042465, -0.36060232, 0.93158257, -6.5982227;
 0, 0, 0, 1]
Ow:
[0.25745204;
 -2.5802908;
 6.0712924]
Keyframe: 102 Frame: 574 Frame from vFrameID : 575
Tcw:
[0.99393463, 0.09204144, 0.060185246, 0.27819207;
 -0.064666718, 0.93182552, -0.35709861, -2.6150966;
 -0.088950016, 0.35104072, 0.93212569, 6.1213002;
 0, 0, 0, 1]
Twc:
[0.99393463, -0.064666718, -0.088950016, 0.098875299;
 0.09204144, 0.93182552, 0.35104072, 0.26238313;
 0.060185246, -0.35709861, 0.93212569, -6.6564116;
 0, 0, 0, 1]
Ow:
[0.27819207;
 -2.6150966;
 6.1213002]
Keyframe: 103 Frame: 580 Frame from vFrameID : 581
Tcw:
[0.98999387, 0.094069965, 0.10518063, 0.28872788;
 -0.051997572, 0.93611985, -0.34781584, -2.625725;
 -0.1311807, 0.33886641, 0.93164432, 6.1581764;
 0, 0, 0, 1]
Twc:
[0.98999387, -0.051997572, -0.1311807, 0.38546377;
 0.094069965, 0.93611985, 0.33886641, 0.34403348;
 0.10518063, -0.34781584, 0.93164432, -6.6808677;
 0, 0, 0, 1]
Ow:
[0.28872788;
 -2.625725;
 6.1581764]
Keyframe: 104 Frame: 586 Frame from vFrameID : 587
Tcw:
[0.98800486, 0.1071933, 0.1111575, 0.30689394;
 -0.063642636, 0.93850261, -0.33935592, -2.6226542;
 -0.14069828, 0.32821095, 0.93406725, 6.1808939;
 0, 0, 0, 1]
Twc:
[0.98800486, -0.063642636, -0.14069828, 0.39951584;
 0.1071933, 0.93850261, 0.32821095, 0.39983386;
 0.1111575, -0.33935592, 0.93406725, -6.6974974;
 0, 0, 0, 1]
Ow:
[0.30689394;
 -2.6226542;
 6.1808939]
Keyframe: 105 Frame: 591 Frame from vFrameID : 592
Tcw:
[0.99327868, 0.088088289, 0.075086191, 0.28401589;
 -0.055530306, 0.93183446, -0.35860971, -2.6099946;
 -0.10155722, 0.3520298, 0.9304629, 6.3146963;
 0, 0, 0, 1]
Twc:
[0.99327868, -0.055530306, -0.10155722, 0.21426222;
 0.088088289, 0.93183446, 0.3520298, 0.18410315;
 0.075086191, -0.35860971, 0.9304629, -6.8328853;
 0, 0, 0, 1]
Ow:
[0.28401589;
 -2.6099946;
 6.3146963]
Keyframe: 106 Frame: 596 Frame from vFrameID : 597
Tcw:
[0.99624759, 0.063960761, 0.058307018, 0.29551497;
 -0.040923495, 0.94174397, -0.33383167, -2.6224616;
 -0.076262407, 0.33019286, 0.94082767, 6.3216596;
 0, 0, 0, 1]
Twc:
[0.99624759, -0.040923495, -0.076262407, 0.080378652;
 0.063960761, 0.94174397, 0.33019286, 0.36341897;
 0.058307018, -0.33383167, 0.94082767, -6.8402839;
 0, 0, 0, 1]
Ow:
[0.29551497;
 -2.6224616;
 6.3216596]
Keyframe: 107 Frame: 600 Frame from vFrameID : 601
Tcw:
[0.99679685, 0.076016612, 0.024850139, 0.30976015;
 -0.062867269, 0.93684328, -0.34405288, -2.6313403;
 -0.04943442, 0.34138855, 0.9386214, 6.3999658;
 0, 0, 0, 1]
Twc:
[0.99679685, -0.062867269, -0.04943442, -0.1578145;
 0.076016612, 0.93684328, 0.34138855, 0.25673142;
 0.024850139, -0.34405288, 0.9386214, -6.9201622;
 0, 0, 0, 1]
Ow:
[0.30976015;
 -2.6313403;
 6.3999658]
Keyframe: 108 Frame: 604 Frame from vFrameID : 605
Tcw:
[0.99513066, 0.079228006, 0.058633924, 0.31020868;
 -0.05392522, 0.93558067, -0.34897119, -2.6280251;
 -0.082505055, 0.34411007, 0.93529737, 6.3862371;
 0, 0, 0, 1]
Twc:
[0.99513066, -0.05392522, -0.082505055, 0.076481879;
 0.079228006, 0.93558067, 0.34411007, 0.23658361;
 0.058633924, -0.34897119, 0.93529737, -6.9083247;
 0, 0, 0, 1]
Ow:
[0.31020868;
 -2.6280251;
 6.3862371]
Keyframe: 109 Frame: 608 Frame from vFrameID : 609
Tcw:
[0.9916321, 0.10560077, 0.074258298, 0.3173089;
 -0.073876113, 0.93591011, -0.3444047, -2.6421058;
 -0.1058685, 0.33603683, 0.93587989, 6.4152679;
 0, 0, 0, 1]
Twc:
[0.9916321, -0.073876113, -0.1058685, 0.16933246;
 0.10560077, 0.93591011, 0.33603683, 0.28349933;
 0.074258298, -0.3444047, 0.93587989, -6.9374361;
 0, 0, 0, 1]
Ow:
[0.3173089;
 -2.6421058;
 6.4152679]
Keyframe: 110 Frame: 613 Frame from vFrameID : 614
Tcw:
[0.98613864, 0.12221798, 0.11222012, 0.32344267;
 -0.079445072, 0.94156611, -0.32732505, -2.6472614;
 -0.14566767, 0.31387255, 0.93822438, 6.4440975;
 0, 0, 0, 1]
Twc:
[0.98613864, -0.079445072, -0.14566767, 0.40942547;
 0.12221798, 0.94156611, 0.31387255, 0.43041587;
 0.11222012, -0.32732505, 0.93822438, -6.9488211;
 0, 0, 0, 1]
Ow:
[0.32344267;
 -2.6472614;
 6.4440975]
Keyframe: 111 Frame: 618 Frame from vFrameID : 619
Tcw:
[0.98686874, 0.13102078, 0.094465345, 0.29865271;
 -0.090894267, 0.93391383, -0.34575015, -2.6761444;
 -0.13352294, 0.33262366, 0.93355936, 6.6314955;
 0, 0, 0, 1]
Twc:
[0.98686874, -0.090894267, -0.13352294, 0.34747967;
 0.13102078, 0.93391383, 0.33262366, 0.25436622;
 0.094465345, -0.34575015, 0.93355936, -7.1443849;
 0, 0, 0, 1]
Ow:
[0.29865271;
 -2.6761444;
 6.6314955]
Keyframe: 112 Frame: 622 Frame from vFrameID : 623
Tcw:
[0.98995572, 0.11173929, 0.086613946, 0.30650076;
 -0.078014813, 0.94267654, -0.32446045, -2.6568234;
 -0.11790392, 0.3144443, 0.94192541, 6.5436354;
 0, 0, 0, 1]
Twc:
[0.98995572, -0.078014813, -0.11790392, 0.26082641;
 0.11173929, 0.94267654, 0.3144443, 0.41266823;
 0.086613946, -0.32446045, 0.94192541, -7.0521975;
 0, 0, 0, 1]
Ow:
[0.30650076;
 -2.6568234;
 6.5436354]
Keyframe: 113 Frame: 627 Frame from vFrameID : 628
Tcw:
[0.99461466, 0.099471889, 0.029104447, 0.34842861;
 -0.084793024, 0.9424606, -0.32338548, -2.6689537;
 -0.059597559, 0.31917605, 0.94581962, 6.6586666;
 0, 0, 0, 1]
Twc:
[0.99461466, -0.084793024, -0.059597559, -0.17602056;
 0.099471889, 0.9424606, 0.31917605, 0.35543784;
 0.029104447, -0.32338548, 0.94581962, -7.1711392;
 0, 0, 0, 1]
Ow:
[0.34842861;
 -2.6689537;
 6.6586666]
Keyframe: 114 Frame: 633 Frame from vFrameID : 634
Tcw:
[0.99264097, 0.12018465, 0.014815593, 0.29891416;
 -0.10736283, 0.93005741, -0.35137796, -2.6693876;
 -0.056009591, 0.34720156, 0.93611646, 6.8840547;
 0, 0, 0, 1]
Twc:
[0.99264097, -0.10736283, -0.056009591, -0.19773439;
 0.12018465, 0.93005741, 0.34720156, 0.05660437;
 0.014815593, -0.35137796, 0.93611646, -7.3866696;
 0, 0, 0, 1]
Ow:
[0.29891416;
 -2.6693876;
 6.8840547]
Keyframe: 115 Frame: 638 Frame from vFrameID : 639
Tcw:
[0.99041277, 0.12876154, 0.050029643, 0.31660622;
 -0.10319977, 0.93042666, -0.35164759, -2.6760192;
 -0.091827601, 0.34311321, 0.9347946, 6.9152026;
 0, 0, 0, 1]
Twc:
[0.99041277, -0.10319977, -0.091827601, 0.045271099;
 0.12876154, 0.93042666, 0.34311321, 0.076375306;
 0.050029643, -0.35164759, 0.9347946, -7.4211502;
 0, 0, 0, 1]
Ow:
[0.31660622;
 -2.6760192;
 6.9152026]
Keyframe: 116 Frame: 642 Frame from vFrameID : 643
Tcw:
[0.98699546, 0.14197277, 0.075390399, 0.29222554;
 -0.10844962, 0.93428868, -0.33962235, -2.6833851;
 -0.11865352, 0.32702968, 0.93753558, 6.9767361;
 0, 0, 0, 1]
Twc:
[0.98699546, -0.10844962, -0.11865352, 0.24837695;
 0.14197277, 0.93428868, 0.32702968, 0.1839686;
 0.075390399, -0.33962235, 0.93753558, -7.4743071;
 0, 0, 0, 1]
Ow:
[0.29222554;
 -2.6833851;
 6.9767361]
Keyframe: 117 Frame: 647 Frame from vFrameID : 648
Tcw:
[0.98654681, 0.13781302, 0.087936975, 0.30202627;
 -0.10040494, 0.93528885, -0.33934298, -2.6947372;
 -0.12901235, 0.32594845, 0.93654335, 7.0138431;
 0, 0, 0, 1]
Twc:
[0.98654681, -0.10040494, -0.12901235, 0.33634442;
 0.13781302, 0.93528885, 0.32594845, 0.19258334;
 0.087936975, -0.33934298, 0.93654335, -7.5097675;
 0, 0, 0, 1]
Ow:
[0.30202627;
 -2.6947372;
 7.0138431]
Keyframe: 118 Frame: 652 Frame from vFrameID : 653
Tcw:
[0.99170321, 0.11907805, 0.048426818, 0.31263611;
 -0.095462956, 0.93449676, -0.34293243, -2.6890292;
 -0.086090431, 0.33546424, 0.93811095, 6.9950619;
 0, 0, 0, 1]
Twc:
[0.99170321, -0.095462956, -0.086090431, 0.035462964;
 0.11907805, 0.93449676, 0.33546424, 0.12906779;
 0.048426818, -0.34293243, 0.93811095, -7.4994397;
 0, 0, 0, 1]
Ow:
[0.31263611;
 -2.6890292;
 6.9950619]
Keyframe: 119 Frame: 657 Frame from vFrameID : 658
Tcw:
[0.99265891, 0.11613037, 0.033794526, 0.30750251;
 -0.10056002, 0.94770736, -0.3028836, -2.6987214;
 -0.067201301, 0.29726171, 0.95242816, 7.0285878;
 0, 0, 0, 1]
Twc:
[0.99265891, -0.10056002, -0.067201301, -0.10429826;
 0.11613037, 0.94770736, 0.29726171, 0.43255752;
 0.033794526, -0.3028836, 0.95242816, -7.522016;
 0, 0, 0, 1]
Ow:
[0.30750251;
 -2.6987214;
 7.0285878]
Keyframe: 120 Frame: 660 Frame from vFrameID : 661
Tcw:
[0.99401546, 0.10334115, 0.035410028, 0.31183377;
 -0.088134833, 0.95018768, -0.29895762, -2.702554;
 -0.064540796, 0.29404762, 0.95360917, 7.0419211;
 0, 0, 0, 1]
Twc:
[0.99401546, -0.088134833, -0.064540796, -0.093665555;
 0.10334115, 0.95018768, 0.29404762, 0.46504796;
 0.035410028, -0.29895762, 0.95360917, -7.5342317;
 0, 0, 0, 1]
Ow:
[0.31183377;
 -2.702554;
 7.0419211]
Keyframe: 121 Frame: 664 Frame from vFrameID : 665
Tcw:
[0.99305665, 0.099250257, 0.063149624, 0.28150317;
 -0.075736344, 0.95017606, -0.30237296, -2.7000444;
 -0.090013854, 0.29549077, 0.95109552, 7.1044598;
 0, 0, 0, 1]
Twc:
[0.99305665, -0.075736344, -0.090013854, 0.1554597;
 0.099250257, 0.95017606, 0.29549077, 0.4382762;
 0.063149624, -0.30237296, 0.95109552, -7.591217;
 0, 0, 0, 1]
Ow:
[0.28150317;
 -2.7000444;
 7.1044598]
Keyframe: 122 Frame: 667 Frame from vFrameID : 668
Tcw:
[0.99181342, 0.11080386, 0.063471355, 0.28315043;
 -0.086870216, 0.94978136, -0.30061421, -2.7016258;
 -0.093593128, 0.29263943, 0.95163149, 7.1230383;
 0, 0, 0, 1]
Twc:
[0.99181342, -0.086870216, -0.093593128, 0.15114422;
 0.11080386, 0.94978136, 0.29263943, 0.45009771;
 0.063471355, -0.30061421, 0.95163149, -7.6086268;
 0, 0, 0, 1]
Ow:
[0.28315043;
 -2.7016258;
 7.1230383]
Keyframe: 123 Frame: 671 Frame from vFrameID : 672
Tcw:
[0.98981702, 0.11706443, 0.080982819, 0.32386094;
 -0.087819323, 0.94994658, -0.29981536, -2.683738;
 -0.11202707, 0.28965047, 0.95055383, 7.1350226;
 0, 0, 0, 1]
Twc:
[0.98981702, -0.087819323, -0.11202707, 0.24306849;
 0.11706443, 0.94994658, 0.28965047, 0.4448325;
 0.080982819, -0.29981536, 0.95055383, -7.6130757;
 0, 0, 0, 1]
Ow:
[0.32386094;
 -2.683738;
 7.1350226]
Keyframe: 124 Frame: 675 Frame from vFrameID : 676
Tcw:
[0.98813641, 0.12089499, 0.094714217, 0.33418;
 -0.089950748, 0.95544964, -0.28111368, -2.65834;
 -0.1244799, 0.26925907, 0.95498919, 7.2339902;
 0, 0, 0, 1]
Twc:
[0.98813641, -0.089950748, -0.1244799, 0.33115125;
 0.12089499, 0.95544964, 0.26925907, 0.55169189;
 0.094714217, -0.28111368, 0.95498919, -7.6873298;
 0, 0, 0, 1]
Ow:
[0.33418;
 -2.65834;
 7.2339902]
Keyframe: 125 Frame: 679 Frame from vFrameID : 680
Tcw:
[0.98809016, 0.11018866, 0.10740706, 0.27546316;
 -0.076227643, 0.95685703, -0.28038195, -2.6850998;
 -0.13366809, 0.26885524, 0.9538604, 7.3109956;
 0, 0, 0, 1]
Twc:
[0.98809016, -0.076227643, -0.13366809, 0.50038564;
 0.11018866, 0.95685703, 0.26885524, 0.573304;
 0.10740706, -0.28038195, 0.9538604, -7.7561097;
 0, 0, 0, 1]
Ow:
[0.27546316;
 -2.6850998;
 7.3109956]
Keyframe: 126 Frame: 684 Frame from vFrameID : 685
Tcw:
[0.99463105, 0.095109031, 0.040783718, 0.37831536;
 -0.079292074, 0.95366955, -0.29021925, -2.6493433;
 -0.066496663, 0.28542724, 0.95609075, 7.3250256;
 0, 0, 0, 1]
Twc:
[0.99463105, -0.079292074, -0.066496663, -0.099266432;
 0.095109031, 0.95366955, 0.28542724, 0.39985481;
 0.040783718, -0.29021925, 0.95609075, -7.7877083;
 0, 0, 0, 1]
Ow:
[0.37831536;
 -2.6493433;
 7.3250256]
Keyframe: 127 Frame: 689 Frame from vFrameID : 690
Tcw:
[0.99377, 0.10854117, -0.025299249, 0.3419731;
 -0.11144287, 0.96508557, -0.23704512, -2.8559184;
 -0.0013132157, 0.23838775, 0.97116917, 7.6266589;
 0, 0, 0, 1]
Twc:
[0.99377, -0.11144287, -0.0013132157, -0.64809889;
 0.10854117, 0.96508557, 0.23838775, 0.9009853;
 -0.025299249, -0.23704512, 0.97116917, -8.0751057;
 0, 0, 0, 1]
Ow:
[0.3419731;
 -2.8559184;
 7.6266589]
Keyframe: 128 Frame: 693 Frame from vFrameID : 694
Tcw:
[0.98373294, 0.17030045, -0.057159476, 0.23389673;
 -0.1794485, 0.94619864, -0.26927015, -2.6030068;
 0.0082273865, 0.27514711, 0.96136695, 7.6230626;
 0, 0, 0, 1]
Twc:
[0.98373294, -0.1794485, 0.0082273865, -0.75991547;
 0.17030045, 0.94619864, 0.27514711, 0.32566518;
 -0.057159476, -0.26927015, 0.96136695, -8.0161028;
 0, 0, 0, 1]
Ow:
[0.23389673;
 -2.6030068;
 7.6230626]
Keyframe: 129 Frame: 697 Frame from vFrameID : 698
Tcw:
[0.99453133, 0.097405531, -0.037678163, 0.25764692;
 -0.10366968, 0.96442884, -0.24316582, -2.7341697;
 0.012652212, 0.24574211, 0.96925265, 7.7016673;
 0, 0, 0, 1]
Twc:
[0.99453133, -0.10366968, 0.012652212, -0.63713151;
 0.097405531, 0.96442884, 0.24574211, 0.71919191;
 -0.037678163, -0.24316582, 0.96925265, -8.1200104;
 0, 0, 0, 1]
Ow:
[0.25764692;
 -2.7341697;
 7.7016673]
Keyframe: 130 Frame: 701 Frame from vFrameID : 702
Tcw:
[0.99504888, 0.085809879, 0.050144106, 0.26489156;
 -0.070775256, 0.96600586, -0.24864346, -2.8212914;
 -0.069775566, 0.24386343, 0.96729624, 7.6590843;
 0, 0, 0, 1]
Twc:
[0.99504888, -0.070775256, -0.069775566, 0.071159244;
 0.085809879, 0.96600586, 0.24386343, 0.83488333;
 0.050144106, -0.24864346, 0.96729624, -8.1233816;
 0, 0, 0, 1]
Ow:
[0.26489156;
 -2.8212914;
 7.6590843]
Keyframe: 131 Frame: 706 Frame from vFrameID : 707
Tcw:
[0.98585635, 0.1648885, 0.029983617, 0.17475145;
 -0.15277091, 0.95773005, -0.24375029, -2.697571;
 -0.068907835, 0.23572215, 0.96937442, 7.7355413;
 0, 0, 0, 1]
Twc:
[0.98585635, -0.15277091, -0.068907835, -0.051350757;
 0.1648885, 0.95773005, 0.23572215, 0.73129183;
 0.029983617, -0.24375029, 0.96937442, -8.1614094;
 0, 0, 0, 1]
Ow:
[0.17475145;
 -2.697571;
 7.7355413]
Keyframe: 132 Frame: 709 Frame from vFrameID : 710
Tcw:
[0.99019724, 0.080612279, 0.11406593, 0.15492153;
 -0.048772138, 0.96479315, -0.25844821, -2.7395778;
 -0.13088413, 0.25035149, 0.95926714, 7.8385301;
 0, 0, 0, 1]
Twc:
[0.99019724, -0.048772138, -0.13088413, 0.73892128;
 0.080612279, 0.96479315, 0.25035149, 0.66824961;
 0.11406593, -0.25844821, 0.95926714, -8.2449551;
 0, 0, 0, 1]
Ow:
[0.15492153;
 -2.7395778;
 7.8385301]
Keyframe: 133 Frame: 715 Frame from vFrameID : 716
Tcw:
[0.989842, 0.13900149, -0.029856294, 0.23360604;
 -0.14215903, 0.97049356, -0.19476423, -2.7304068;
 0.0019028237, 0.19703016, 0.98039556, 7.8000031;
 0, 0, 0, 1]
Twc:
[0.989842, -0.14215903, 0.0019028237, -0.6342271;
 0.13900149, 0.97049356, 0.19703016, 1.0805347;
 -0.029856294, -0.19476423, 0.98039556, -8.1718998;
 0, 0, 0, 1]
Ow:
[0.23360604;
 -2.7304068;
 7.8000031]
Keyframe: 134 Frame: 719 Frame from vFrameID : 720
Tcw:
[0.99277312, 0.11319251, -0.039862368, 0.25213841;
 -0.11905474, 0.97072798, -0.20859814, -2.736867;
 0.015083769, 0.21183643, 0.97718871, 7.8401265;
 0, 0, 0, 1]
Twc:
[0.99277312, -0.11905474, 0.015083769, -0.69441181;
 0.11319251, 0.97072798, 0.21183643, 0.96738857;
 -0.039862368, -0.20859814, 0.97718871, -8.2221375;
 0, 0, 0, 1]
Ow:
[0.25213841;
 -2.736867;
 7.8401265]
Keyframe: 135 Frame: 722 Frame from vFrameID : 723
Tcw:
[0.99049765, 0.12090337, -0.065549411, 0.25418001;
 -0.13173237, 0.97097242, -0.19964744, -2.7374001;
 0.039508622, 0.20638531, 0.97767282, 7.8480725;
 0, 0, 0, 1]
Twc:
[0.99049765, -0.13173237, 0.039508622, -0.92243552;
 0.12090337, 0.97097242, 0.20638531, 1.0074819;
 -0.065549411, -0.19964744, 0.97767282, -8.2027016;
 0, 0, 0, 1]
Ow:
[0.25418001;
 -2.7374001;
 7.8480725]
Keyframe: 136 Frame: 727 Frame from vFrameID : 728
Tcw:
[0.98427022, 0.14052963, -0.10706801, 0.26066595;
 -0.15975305, 0.96674085, -0.19972764, -2.7413554;
 0.075439364, 0.21369042, 0.97398424, 7.8752747;
 0, 0, 0, 1]
Twc:
[0.98427022, -0.15975305, 0.075439364, -1.2886114;
 0.14052963, 0.96674085, 0.21369042, 0.93067813;
 -0.10706801, -0.19972764, 0.97398424, -8.1900091;
 0, 0, 0, 1]
Ow:
[0.26066595;
 -2.7413554;
 7.8752747]
Keyframe: 137 Frame: 732 Frame from vFrameID : 733
Tcw:
[0.9908039, 0.1257915, -0.049840968, 0.26174822;
 -0.13318089, 0.97169316, -0.19512878, -2.7352345;
 0.023884587, 0.19997223, 0.97951043, 7.9015551;
 0, 0, 0, 1]
Twc:
[0.9908039, -0.13318089, 0.023884587, -0.81234753;
 0.1257915, 0.97169316, 0.19997223, 1.0447915;
 -0.049840968, -0.19512878, 0.97951043, -8.2603321;
 0, 0, 0, 1]
Ow:
[0.26174822;
 -2.7352345;
 7.9015551]
Keyframe: 138 Frame: 738 Frame from vFrameID : 739
Tcw:
[0.98662484, 0.15410142, 0.053142898, 0.19590288;
 -0.13826422, 0.96381909, -0.22789429, -2.6909916;
 -0.086338967, 0.21749841, 0.97223455, 8.0164461;
 0, 0, 0, 1]
Twc:
[0.98662484, -0.13826422, -0.086338967, 0.1267812;
 0.15410142, 0.96381909, 0.21749841, 0.81987584;
 0.053142898, -0.22789429, 0.97223455, -8.4175386;
 0, 0, 0, 1]
Ow:
[0.19590288;
 -2.6909916;
 8.0164461]
Keyframe: 139 Frame: 743 Frame from vFrameID : 744
Tcw:
[0.98771626, 0.15501979, 0.019632906, 0.20706838;
 -0.14709358, 0.96481496, -0.21793474, -2.7050743;
 -0.052726321, 0.21236981, 0.97576582, 8.0467358;
 0, 0, 0, 1]
Twc:
[0.98771626, -0.14709358, -0.052726321, -0.17814912;
 0.15501979, 0.96481496, 0.21236981, 0.8689127;
 0.019632906, -0.21793474, 0.97576582, -8.4453249;
 0, 0, 0, 1]
Ow:
[0.20706838;
 -2.7050743;
 8.0467358]
Keyframe: 140 Frame: 748 Frame from vFrameID : 749
Tcw:
[0.98908484, 0.14677472, -0.0129741, 0.23459856;
 -0.14640191, 0.96896666, -0.19917342, -2.6906424;
 -0.016662151, 0.19889884, 0.97987837, 8.0597162;
 0, 0, 0, 1]
Twc:
[0.98908484, -0.14640191, -0.016662151, -0.49166083;
 0.14677472, 0.96896666, 0.19889884, 0.96964121;
 -0.0129741, -0.19917342, 0.97987837, -8.4304028;
 0, 0, 0, 1]
Ow:
[0.23459856;
 -2.6906424;
 8.0597162]
Keyframe: 141 Frame: 754 Frame from vFrameID : 755
Tcw:
[0.99210805, 0.12448914, -0.014968988, 0.2328255;
 -0.12526312, 0.97876728, -0.16224591, -2.6920984;
 -0.0055467002, 0.16284055, 0.98663682, 8.1284714;
 0, 0, 0, 1]
Twc:
[0.99210805, -0.12526312, -0.0055467002, -0.52312255;
 0.12448914, 0.97876728, 0.16284055, 1.2823089;
 -0.014968988, -0.16224591, 0.98663682, -8.453146;
 0, 0, 0, 1]
Ow:
[0.2328255;
 -2.6920984;
 8.1284714]
Keyframe: 142 Frame: 760 Frame from vFrameID : 761
Tcw:
[0.98758525, 0.15662263, 0.012030502, 0.23942555;
 -0.15161911, 0.97045326, -0.18770203, -2.6979549;
 -0.041073427, 0.18354771, 0.98215234, 8.1745539;
 0, 0, 0, 1]
Twc:
[0.98758525, -0.15161911, -0.041073427, -0.30975774;
 0.15662263, 0.97045326, 0.18354771, 1.0803192;
 0.012030502, -0.18770203, 0.98215234, -8.5379496;
 0, 0, 0, 1]
Ow:
[0.23942555;
 -2.6979549;
 8.1745539]
Keyframe: 143 Frame: 766 Frame from vFrameID : 767
Tcw:
[0.98295897, 0.17905048, 0.041624364, 0.2239069;
 -0.17146201, 0.97467434, -0.14356433, -2.7122793;
 -0.066275463, 0.13398086, 0.98876524, 8.2245474;
 0, 0, 0, 1]
Twc:
[0.98295897, -0.17146201, -0.066275463, -0.14005847;
 0.17905048, 0.97467434, 0.13398086, 1.5015664;
 0.041624364, -0.14356433, 0.98876524, -8.5308533;
 0, 0, 0, 1]
Ow:
[0.2239069;
 -2.7122793;
 8.2245474]
Keyframe: 144 Frame: 773 Frame from vFrameID : 774
Tcw:
[0.97667831, 0.19413793, 0.091705807, 0.16265398;
 -0.17795371, 0.97091663, -0.16016676, -2.7010305;
 -0.12013314, 0.14011201, 0.98282075, 8.3903942;
 0, 0, 0, 1]
Twc:
[0.97667831, -0.17795371, -0.12013314, 0.36844546;
 0.19413793, 0.97091663, 0.14011201, 1.415303;
 0.091705807, -0.16016676, 0.98282075, -8.6937857;
 0, 0, 0, 1]
Ow:
[0.16265398;
 -2.7010305;
 8.3903942]
Keyframe: 145 Frame: 778 Frame from vFrameID : 779
Tcw:
[0.98523962, 0.16483596, 0.046173949, 0.19066504;
 -0.1583893, 0.98013777, -0.11934305, -2.7003779;
 -0.064928859, 0.11026804, 0.99177879, 8.4130373;
 0, 0, 0, 1]
Twc:
[0.98523962, -0.1583893, -0.064928859, -0.069312744;
 0.16483596, 0.98013777, 0.11026804, 1.6876247;
 0.046173949, -0.11934305, 0.99177879, -8.6749477;
 0, 0, 0, 1]
Ow:
[0.19066504;
 -2.7003779;
 8.4130373]
Keyframe: 146 Frame: 783 Frame from vFrameID : 784
Tcw:
[0.98484451, 0.17343171, 0.0016400062, 0.20213537;
 -0.17088115, 0.97189236, -0.16194087, -2.7030158;
 -0.029679593, 0.15920635, 0.98679912, 8.4594841;
 0, 0, 0, 1]
Twc:
[0.98484451, -0.17088115, -0.029679593, -0.40989238;
 0.17343171, 0.97189236, 0.15920635, 1.2451805;
 0.0016400062, -0.16194087, 0.98679912, -8.7858715;
 0, 0, 0, 1]
Ow:
[0.20213537;
 -2.7030158;
 8.4594841]
Keyframe: 147 Frame: 789 Frame from vFrameID : 790
Tcw:
[0.98274225, 0.18491209, -0.0050232192, 0.20950675;
 -0.18379571, 0.97302037, -0.13946487, -2.7053776;
 -0.020901045, 0.13798127, 0.99021429, 8.4780407;
 0, 0, 0, 1]
Twc:
[0.98274225, -0.18379571, -0.020901045, -0.52592802;
 0.18491209, 0.97302037, 0.13798127, 1.4238366;
 -0.0050232192, -0.13946487, 0.99021429, -8.7713299;
 0, 0, 0, 1]
Ow:
[0.20950675;
 -2.7053776;
 8.4780407]
Keyframe: 148 Frame: 795 Frame from vFrameID : 796
Tcw:
[0.97233766, 0.23006845, 0.04034872, 0.21217123;
 -0.21854348, 0.95704514, -0.19053443, -2.699976;
 -0.082451507, 0.17644584, 0.98085093, 8.53901;
 0, 0, 0, 1]
Twc:
[0.97233766, -0.21854348, -0.082451507, -0.092309974;
 0.23006845, 0.95704514, 0.17644584, 1.028512;
 0.04034872, -0.19053443, 0.98085093, -8.8984957;
 0, 0, 0, 1]
Ow:
[0.21217123;
 -2.699976;
 8.53901]
Keyframe: 149 Frame: 801 Frame from vFrameID : 802
Tcw:
[0.96777529, 0.22842686, 0.10598206, 0.22408569;
 -0.20867966, 0.96306539, -0.17017014, -2.7073994;
 -0.14093909, 0.14257015, 0.9796989, 8.5667944;
 0, 0, 0, 1]
Twc:
[0.96777529, -0.20867966, -0.14093909, 0.42555225;
 0.22842686, 0.96306539, 0.14257015, 1.3348463;
 0.10598206, -0.17017014, 0.9796989, -8.877346;
 0, 0, 0, 1]
Ow:
[0.22408569;
 -2.7073994;
 8.5667944]
Keyframe: 150 Frame: 808 Frame from vFrameID : 809
Tcw:
[0.96610731, 0.23659636, 0.10324135, 0.22919333;
 -0.21755099, 0.96152908, -0.16772997, -2.7048612;
 -0.13895386, 0.1395849, 0.98041213, 8.6053114;
 0, 0, 0, 1]
Twc:
[0.96610731, -0.21755099, -0.13895386, 0.38587064;
 0.23659636, 0.96152908, 0.1395849, 1.345405;
 0.10324135, -0.16772997, 0.98041213, -8.9140997;
 0, 0, 0, 1]
Ow:
[0.22919333;
 -2.7048612;
 8.6053114]
Keyframe: 151 Frame: 815 Frame from vFrameID : 816
Tcw:
[0.9759199, 0.21422008, 0.041111317, 0.2276984;
 -0.20391354, 0.9628942, -0.17678797, -2.6947558;
 -0.077457383, 0.16414775, 0.98338997, 8.6997681;
 0, 0, 0, 1]
Twc:
[0.9759199, -0.20391354, -0.077457383, -0.097851358;
 0.21422008, 0.9628942, 0.16414775, 1.1179399;
 0.041111317, -0.17678797, 0.98338997, -9.0410261;
 0, 0, 0, 1]
Ow:
[0.2276984;
 -2.6947558;
 8.6997681]
Keyframe: 152 Frame: 822 Frame from vFrameID : 823
Tcw:
[0.97918618, 0.20030642, 0.032737803, 0.18648757;
 -0.19414353, 0.97140157, -0.13670127, -2.6936979;
 -0.059183694, 0.12750016, 0.99007124, 8.864172;
 0, 0, 0, 1]
Twc:
[0.97918618, -0.19414353, -0.059183694, -0.18095568;
 0.20030642, 0.97140157, 0.12750016, 1.4491246;
 0.032737803, -0.13670127, 0.99007124, -9.1504984;
 0, 0, 0, 1]
Ow:
[0.18648757;
 -2.6936979;
 8.864172]
Keyframe: 153 Frame: 830 Frame from vFrameID : 831
Tcw:
[0.97068477, 0.22689416, 0.079310566, 0.21341023;
 -0.22004122, 0.97163874, -0.086602606, -2.7769449;
 -0.096710846, 0.066612236, 0.99308097, 8.7607965;
 0, 0, 0, 1]
Twc:
[0.97068477, -0.22004122, -0.096710846, 0.029067554;
 0.22689416, 0.97163874, 0.066612236, 2.0661895;
 0.079310566, -0.086602606, 0.99308097, -8.9575958;
 0, 0, 0, 1]
Ow:
[0.21341023;
 -2.7769449;
 8.7607965]
Keyframe: 154 Frame: 838 Frame from vFrameID : 839
Tcw:
[0.96665829, 0.2339109, 0.10419894, 0.19617337;
 -0.22352581, 0.96931416, -0.10230498, -2.7243986;
 -0.12493175, 0.075602807, 0.9892807, 8.9074898;
 0, 0, 0, 1]
Twc:
[0.96665829, -0.22352581, -0.12493175, 0.31422246;
 0.2339109, 0.96931416, 0.075602807, 1.9214796;
 0.10419894, -0.10230498, 0.9892807, -9.1111689;
 0, 0, 0, 1]
Ow:
[0.19617337;
 -2.7243986;
 8.9074898]
Keyframe: 155 Frame: 846 Frame from vFrameID : 847
Tcw:
[0.97733665, 0.19626062, -0.079340458, 0.29769677;
 -0.20487745, 0.97125673, -0.12118401, -2.6484299;
 0.053276304, 0.13469264, 0.98945415, 8.9594917;
 0, 0, 0, 1]
Twc:
[0.97733665, -0.20487745, 0.053276304, -1.3108821;
 0.19626062, 0.97125673, 0.13469264, 1.3071016;
 -0.079340458, -0.12118401, 0.98945415, -9.1623344;
 0, 0, 0, 1]
Ow:
[0.29769677;
 -2.6484299;
 8.9594917]
Keyframe: 156 Frame: 849 Frame from vFrameID : 850
Tcw:
[0.98686916, 0.16059537, -0.017272769, 0.27610594;
 -0.16138799, 0.98474693, -0.065018602, -2.6852016;
 0.0065676202, 0.066952467, 0.99773455, 8.878089;
 0, 0, 0, 1]
Twc:
[0.98686916, -0.16138799, 0.0065676202, -0.7641477;
 0.16059537, 0.98474693, 0.066952467, 2.0054927;
 -0.017272769, -0.065018602, 0.99773455, -9.0277958;
 0, 0, 0, 1]
Ow:
[0.27610594;
 -2.6852016;
 8.878089]
Keyframe: 157 Frame: 856 Frame from vFrameID : 857
Tcw:
[0.9655565, 0.22809565, -0.12519206, 0.28098905;
 -0.24103025, 0.96533507, -0.10016287, -2.6526902;
 0.098005578, 0.12688798, 0.98706347, 9.051362;
 0, 0, 0, 1]
Twc:
[0.9655565, -0.24103025, 0.098005578, -1.7977734;
 0.22809565, 0.96533507, 0.12688798, 1.3481333;
 -0.12519206, -0.10016287, 0.98706347, -9.164793;
 0, 0, 0, 1]
Ow:
[0.28098905;
 -2.6526902;
 9.051362]
Keyframe: 158 Frame: 859 Frame from vFrameID : 860
Tcw:
[0.95291144, 0.25184071, -0.16892603, 0.29037201;
 -0.27390596, 0.95384949, -0.12307172, -2.6459188;
 0.13013555, 0.16354629, 0.97791481, 9.0647888;
 0, 0, 0, 1]
Twc:
[0.95291144, -0.27390596, 0.13013555, -2.181083;
 0.25184071, 0.95384949, 0.16354629, 0.96816814;
 -0.16892603, -0.12307172, 0.97791481, -9.1411772;
 0, 0, 0, 1]
Ow:
[0.29037201;
 -2.6459188;
 9.0647888]
Keyframe: 159 Frame: 863 Frame from vFrameID : 864
Tcw:
[0.96680135, 0.19773597, -0.16185057, 0.28361809;
 -0.21753339, 0.96921813, -0.11530574, -2.6594214;
 0.13406841, 0.14668566, 0.98005557, 9.0683737;
 0, 0, 0, 1]
Twc:
[0.96680135, -0.21753339, 0.13406841, -2.0684979;
 0.19773597, 0.96921813, 0.14668566, 1.1912777;
 -0.16185057, -0.11530574, 0.98005557, -9.1482534;
 0, 0, 0, 1]
Ow:
[0.28361809;
 -2.6594214;
 9.0683737]
Keyframe: 160 Frame: 866 Frame from vFrameID : 867
Tcw:
[0.97236431, 0.19788702, -0.12388878, 0.28113365;
 -0.21418354, 0.96727425, -0.13603665, -2.6587489;
 0.092914544, 0.15881212, 0.98292708, 9.0711145;
 0, 0, 0, 1]
Twc:
[0.97236431, -0.21418354, 0.092914544, -1.6856629;
 0.19788702, 0.96727425, 0.15881212, 1.0755037;
 -0.12388878, -0.13603665, 0.98292708, -9.2431011;
 0, 0, 0, 1]
Ow:
[0.28113365;
 -2.6587489;
 9.0711145]
Keyframe: 161 Frame: 871 Frame from vFrameID : 872
Tcw:
[0.9709841, 0.21232225, -0.11004177, 0.28717422;
 -0.22668892, 0.96374583, -0.14073415, -2.6598108;
 0.076171309, 0.16159587, 0.98391294, 9.0818024;
 0, 0, 0, 1]
Twc:
[0.9709841, -0.22668892, 0.076171309, -1.5735639;
 0.21232225, 0.96374583, 0.16159587, 1.0348263;
 -0.11004177, -0.14073415, 0.98391294, -9.2784281;
 0, 0, 0, 1]
Ow:
[0.28717422;
 -2.6598108;
 9.0818024]
Keyframe: 162 Frame: 877 Frame from vFrameID : 878
Tcw:
[0.97224414, 0.1849284, -0.14332761, 0.29774439;
 -0.20231847, 0.97217906, -0.11804731, -2.6636791;
 0.1175098, 0.14376864, 0.98260981, 9.1197777;
 0, 0, 0, 1]
Twc:
[0.97224414, -0.20231847, 0.1175098, -1.9000549;
 0.1849284, 0.97217906, 0.14376864, 1.2233737;
 -0.14332761, -0.11804731, 0.98260981, -9.2329483;
 0, 0, 0, 1]
Ow:
[0.29774439;
 -2.6636791;
 9.1197777]
Keyframe: 163 Frame: 881 Frame from vFrameID : 882
Tcw:
[0.96205497, 0.1236302, -0.24324027, 0.3158412;
 -0.14887962, 0.98490959, -0.088249415, -2.6749585;
 0.22865938, 0.12111431, 0.96594316, 9.1679411;
 0, 0, 0, 1]
Twc:
[0.96205497, -0.14887962, 0.22865938, -2.7984393;
 0.1236302, 0.98490959, 0.12111431, 1.485176;
 -0.24324027, -0.088249415, 0.96594316, -9.0149488;
 0, 0, 0, 1]
Ow:
[0.3158412;
 -2.6749585;
 9.1679411]
Keyframe: 164 Frame: 886 Frame from vFrameID : 887
Tcw:
[0.94287145, 0.061416246, -0.32744682, 0.31285524;
 -0.07488957, 0.9967792, -0.02868497, -2.6860127;
 0.32463044, 0.05156859, 0.94443411, 9.1841831;
 0, 0, 0, 1]
Twc:
[0.94287145, -0.07488957, 0.32463044, -3.4776022;
 0.061416246, 0.9967792, 0.05156859, 2.1845319;
 -0.32744682, -0.02868497, 0.94443411, -8.6484604;
 0, 0, 0, 1]
Ow:
[0.31285524;
 -2.6860127;
 9.1841831]
Keyframe: 165 Frame: 890 Frame from vFrameID : 891
Tcw:
[0.96319348, 0.096781664, -0.25078204, 0.31940317;
 -0.11847748, 0.99027884, -0.072875611, -2.6697485;
 0.24129115, 0.099905334, 0.96529657, 9.1939259;
 0, 0, 0, 1]
Twc:
[0.96319348, -0.11847748, 0.24129115, -2.842365;
 0.096781664, 0.99027884, 0.099905334, 1.6943609;
 -0.25078204, -0.072875611, 0.96529657, -8.9893246;
 0, 0, 0, 1]
Ow:
[0.31940317;
 -2.6697485;
 9.1939259]
Keyframe: 166 Frame: 895 Frame from vFrameID : 896
Tcw:
[0.96560347, 0.14812402, -0.2137036, 0.31645048;
 -0.16730592, 0.98308188, -0.074557148, -2.6527309;
 0.19904444, 0.10774652, 0.97404927, 9.2191238;
 0, 0, 0, 1]
Twc:
[0.96560347, -0.16730592, 0.19904444, -2.5843985;
 0.14812402, 0.98308188, 0.10774652, 1.5676491;
 -0.2137036, -0.074557148, 0.97404927, -9.110034;
 0, 0, 0, 1]
Ow:
[0.31645048;
 -2.6527309;
 9.2191238]
Keyframe: 167 Frame: 900 Frame from vFrameID : 901
Tcw:
[0.98078322, 0.084837891, -0.17568959, 0.26045728;
 -0.09734308, 0.99320304, -0.063812591, -2.6258092;
 0.16908172, 0.079688482, 0.98237526, 9.3106298;
 0, 0, 0, 1]
Twc:
[0.98078322, -0.09734308, 0.16908172, -2.0853136;
 0.084837891, 0.99320304, 0.079688482, 1.843915;
 -0.17568959, -0.063812591, 0.98237526, -9.2683325;
 0, 0, 0, 1]
Ow:
[0.26045728;
 -2.6258092;
 9.3106298]
Keyframe: 168 Frame: 906 Frame from vFrameID : 907
Tcw:
[0.97588557, 0.09713158, -0.19548088, 0.27039456;
 -0.1161837, 0.98928094, -0.088456616, -2.6275194;
 0.18479359, 0.10903522, 0.97671014, 9.3305969;
 0, 0, 0, 1]
Twc:
[0.97588557, -0.1161837, 0.18479359, -2.2933834;
 0.09713158, 0.98928094, 0.10903522, 1.5557272;
 -0.19548088, -0.088456616, 0.97671014, -9.2928524;
 0, 0, 0, 1]
Ow:
[0.27039456;
 -2.6275194;
 9.3305969]
Keyframe: 169 Frame: 913 Frame from vFrameID : 914
Tcw:
[0.98763949, 0.11615476, -0.10524407, 0.27745938;
 -0.12391964, 0.98978466, -0.070500277, -2.6238546;
 0.095980018, 0.082670659, 0.99194425, 9.3551111;
 0, 0, 0, 1]
Twc:
[0.98763949, -0.12391964, 0.095980018, -1.4970808;
 0.11615476, 0.98978466, 0.082670659, 1.7914295;
 -0.10524407, -0.070500277, 0.99194425, -9.4355307;
 0, 0, 0, 1]
Ow:
[0.27745938;
 -2.6238546;
 9.3551111]
Keyframe: 170 Frame: 918 Frame from vFrameID : 919
Tcw:
[0.98414207, 0.16239631, -0.071357198, 0.2812013;
 -0.16797101, 0.9824872, -0.080651104, -2.6241696;
 0.057010088, 0.091358088, 0.99418485, 9.3727779;
 0, 0, 0, 1]
Twc:
[0.98414207, -0.16797101, 0.057010088, -1.2518694;
 0.16239631, 0.9824872, 0.091358088, 1.6762679;
 -0.071357198, -0.080651104, 0.99418485, -9.5098515;
 0, 0, 0, 1]
Ow:
[0.2812013;
 -2.6241696;
 9.3727779]
Keyframe: 171 Frame: 923 Frame from vFrameID : 924
Tcw:
[0.98676223, 0.15246743, -0.055262949, 0.2773211;
 -0.15640911, 0.98477435, -0.075866297, -2.6262634;
 0.042854395, 0.083505623, 0.99558538, 9.3673058;
 0, 0, 0, 1]
Twc:
[0.98676223, -0.15640911, 0.042854395, -1.0858517;
 0.15246743, 0.98477435, 0.083505623, 1.7617716;
 -0.055262949, -0.075866297, 0.99558538, -9.5098724;
 0, 0, 0, 1]
Ow:
[0.2773211;
 -2.6262634;
 9.3673058]
Keyframe: 172 Frame: 930 Frame from vFrameID : 931
Tcw:
[0.98524314, 0.13508429, -0.10511041, 0.27767909;
 -0.14296021, 0.98715168, -0.071371451, -2.5973098;
 0.094118766, 0.085344844, 0.99189609, 9.4656887;
 0, 0, 0, 1]
Twc:
[0.98524314, -0.14296021, 0.094118766, -1.5357924;
 0.13508429, 0.98715168, 0.085344844, 1.7185812;
 -0.10511041, -0.071371451, 0.99189609, -9.545167;
 0, 0, 0, 1]
Ow:
[0.27767909;
 -2.5973098;
 9.4656887]
Keyframe: 173 Frame: 935 Frame from vFrameID : 936
Tcw:
[0.98796487, 0.14373626, -0.057143126, 0.27525026;
 -0.14802706, 0.98576522, -0.079717733, -2.5896149;
 0.044871379, 0.087217048, 0.99517822, 9.5046129;
 0, 0, 0, 1]
Twc:
[0.98796487, -0.14802706, 0.044871379, -1.0817558;
 0.14373626, 0.98576522, 0.087217048, 1.6842244;
 -0.057143126, -0.079717733, 0.99517822, -9.6494942;
 0, 0, 0, 1]
Ow:
[0.27525026;
 -2.5896149;
 9.5046129]
Keyframe: 174 Frame: 939 Frame from vFrameID : 940
Tcw:
[0.98483849, 0.16887027, -0.039698061, 0.27858612;
 -0.17125043, 0.98293757, -0.067133978, -2.5960386;
 0.027683783, 0.072914436, 0.9969539, 9.494132;
 0, 0, 0, 1]
Twc:
[0.98483849, -0.17125043, 0.027683783, -0.98176867;
 0.16887027, 0.98293757, 0.072914436, 1.8124398;
 -0.039698061, -0.067133978, 0.9969539, -9.6284351;
 0, 0, 0, 1]
Ow:
[0.27858612;
 -2.5960386;
 9.494132]
Keyframe: 175 Frame: 944 Frame from vFrameID : 945
Tcw:
[0.98366719, 0.17718521, 0.031689163, 0.28512442;
 -0.1739144, 0.98096257, -0.086406998, -2.5687907;
 -0.046395928, 0.07948453, 0.99575579, 9.5133257;
 0, 0, 0, 1]
Twc:
[0.98366719, -0.1739144, -0.046395928, -0.28583768;
 0.17718521, 0.98096257, 0.07948453, 1.7132055;
 0.031689163, -0.086406998, 0.99575579, -9.7039461;
 0, 0, 0, 1]
Ow:
[0.28512442;
 -2.5687907;
 9.5133257]
