Keyframe: 0 Frame: 0 Frame from vFrameID : 20
Tcw:
[1, 0, 0, 0;
 0, 1, 0, 0;
 0, 0, 1, 0;
 0, 0, 0, 1]
Twc:
[1, 0, 0, 0;
 0, 1, 0, 0;
 0, 0, 1, 0;
 0, 0, 0, 1]
Ow:
[0;
 0;
 0]
Keyframe: 1 Frame: 493 Frame from vFrameID : 20
Tcw:
[0.99963617, -0.026762014, 0.003365759, 0.0047102319;
 0.026689185, 0.99944198, 0.020086011, -0.0020126083;
 -0.003901423, -0.019988874, 0.99979258, 0.023333756;
 0, 0, 0, 1]
Twc:
[0.99963617, 0.026689185, -0.003901423, -0.0045637684;
 -0.026762014, 0.99944198, -0.019988874, 0.002603956;
 0.003365759, 0.020086011, 0.99979258, -0.023304345;
 0, 0, 0, 1]
Ow:
[0.0047102319;
 -0.0020126083;
 0.023333756]
Keyframe: 2 Frame: 496 Frame from vFrameID : 22
Tcw:
[0.99976718, -0.021551445, -0.0010593797, 0.010428036;
 0.021559631, 0.9997319, 0.0084415805, -0.00013404846;
 0.00087716739, -0.0084624542, 0.99996382, 0.03222901;
 0, 0, 0, 1]
Twc:
[0.99976718, 0.021559631, 0.00087716739, -0.010450988;
 -0.021551445, 0.9997319, -0.0084624542, 0.00063148839;
 -0.0010593797, 0.0084415805, 0.99996382, -0.032215666;
 0, 0, 0, 1]
Ow:
[0.010428036;
 -0.00013404846;
 0.03222901]
Keyframe: 3 Frame: 498 Frame from vFrameID : 24
Tcw:
[0.99987388, -0.015596921, -0.0029868446, 0.016073849;
 0.015584574, 0.99987012, -0.0041133435, 0.0016645251;
 0.0030506121, 0.0040662764, 0.99998707, 0.042960297;
 0, 0, 0, 1]
Twc:
[0.99987388, 0.015584574, 0.0030506121, -0.016228819;
 -0.015596921, 0.99987012, 0.0040662764, -0.0015882946;
 -0.0029868446, -0.0041133435, 0.99998707, -0.042904887;
 0, 0, 0, 1]
Ow:
[0.016073849;
 0.0016645251;
 0.042960297]
Keyframe: 4 Frame: 501 Frame from vFrameID : 26
Tcw:
[0.99965388, -0.02628958, -0.00096431142, 0.01619767;
 0.026276346, 0.99958467, -0.011831932, 0.0063791438;
 0.0012749674, 0.011802498, 0.99992955, 0.057794221;
 0, 0, 0, 1]
Twc:
[0.99965388, 0.026276346, 0.0012749674, -0.016433371;
 -0.02628958, 0.99958467, 0.011802498, -0.0066327807;
 -0.00096431142, -0.011831932, 0.99992955, -0.057699051;
 0, 0, 0, 1]
Ow:
[0.01619767;
 0.0063791438;
 0.057794221]
Keyframe: 5 Frame: 504 Frame from vFrameID : 28
Tcw:
[0.99878746, -0.04905314, 0.0041664932, 0.021411298;
 0.049039919, 0.99879164, 0.0032177321, 0.0072348937;
 -0.0043192985, -0.0030095058, 0.99998617, 0.081446208;
 0, 0, 0, 1]
Twc:
[0.99878746, 0.049039919, -0.0043192985, -0.021388343;
 -0.04905314, 0.99879164, -0.0030095058, -0.0059307474;
 0.0041664932, 0.0032177321, 0.99998617, -0.081557564;
 0, 0, 0, 1]
Ow:
[0.021411298;
 0.0072348937;
 0.081446208]
Keyframe: 6 Frame: 508 Frame from vFrameID : 30
Tcw:
[0.99844116, -0.053702757, 0.015206148, 0.02585878;
 0.053844191, 0.99850833, -0.0090495758, 0.0073766694;
 -0.014697478, 0.009854232, 0.99984342, 0.092426397;
 0, 0, 0, 1]
Twc:
[0.99844116, 0.053844191, -0.014697478, -0.024857227;
 -0.053702757, 0.99850833, 0.009854232, -0.0068877693;
 0.015206148, -0.0090495758, 0.99984342, -0.092738383;
 0, 0, 0, 1]
Ow:
[0.02585878;
 0.0073766694;
 0.092426397]
Keyframe: 7 Frame: 512 Frame from vFrameID : 32
Tcw:
[0.99842894, -0.047039613, 0.030445147, 0.031099454;
 0.046971187, 0.99889189, 0.0029591792, 0.0098847924;
 -0.030550608, -0.0015244854, 0.99953204, 0.1071607;
 0, 0, 0, 1]
Twc:
[0.99842894, 0.046971187, -0.030550608, -0.028241072;
 -0.047039613, 0.99889189, -0.0015244854, -0.0082475673;
 0.030445147, 0.0029591792, 0.99953204, -0.10808664;
 0, 0, 0, 1]
Ow:
[0.031099454;
 0.0098847924;
 0.1071607]
Keyframe: 8 Frame: 516 Frame from vFrameID : 34
Tcw:
[0.99818546, -0.046826914, 0.03785469, 0.033615552;
 0.047099415, 0.99887007, -0.0063386443, 0.0080980072;
 -0.0375151, 0.0081100762, 0.99926317, 0.12045629;
 0, 0, 0, 1]
Twc:
[0.99818546, 0.047099415, -0.0375151, -0.029417038;
 -0.046826914, 0.99887007, 0.0081100762, -0.0074916538;
 0.03785469, -0.0063386443, 0.99926317, -0.12158871;
 0, 0, 0, 1]
Ow:
[0.033615552;
 0.0080980072;
 0.12045629]
Keyframe: 9 Frame: 520 Frame from vFrameID : 36
Tcw:
[0.99955755, -0.025693022, 0.014984522, 0.030418998;
 0.025805958, 0.99963963, -0.0073928079, 0.0050899573;
 -0.014789178, 0.0077762268, 0.99986041, 0.12197872;
 0, 0, 0, 1]
Twc:
[0.99955755, 0.025805958, -0.014789178, -0.028732926;
 -0.025693022, 0.99963963, 0.0077762268, -0.0052551012;
 0.014984522, -0.0073928079, 0.99986041, -0.12237987;
 0, 0, 0, 1]
Ow:
[0.030418998;
 0.0050899573;
 0.12197872]
Keyframe: 10 Frame: 525 Frame from vFrameID : 38
Tcw:
[0.99978024, 0.0016257346, -0.020899493, 0.034457326;
 -0.0018925579, 0.99991685, -0.012753543, 0.0025987003;
 0.020877022, 0.012790295, 0.99970025, 0.12598878;
 0, 0, 0, 1]
Twc:
[0.99978024, -0.0018925579, 0.020877022, -0.037075106;
 0.0016257346, 0.99991685, 0.012790295, -0.0042659366;
 -0.020899493, -0.012753543, 0.99970025, -0.12519772;
 0, 0, 0, 1]
Ow:
[0.034457326;
 0.0025987003;
 0.12598878]
Keyframe: 11 Frame: 529 Frame from vFrameID : 40
Tcw:
[0.99950129, -0.016291264, -0.027050739, 0.040074073;
 0.016797619, 0.99968594, 0.018598169, 0.0018340279;
 0.026739255, -0.019043282, 0.99946105, 0.13746639;
 0, 0, 0, 1]
Twc:
[0.99950129, 0.016797619, 0.026739255, -0.043760642;
 -0.016291264, 0.99968594, -0.019043282, 0.0014372163;
 -0.027050739, 0.018598169, 0.99946105, -0.13634236;
 0, 0, 0, 1]
Ow:
[0.040074073;
 0.0018340279;
 0.13746639]
Keyframe: 12 Frame: 534 Frame from vFrameID : 42
Tcw:
[0.99968636, -0.021975558, -0.012008778, 0.04360047;
 0.022129705, 0.99967241, 0.012857628, 0.0011866133;
 0.01172229, -0.013119346, 0.99984521, 0.15010014;
 0, 0, 0, 1]
Twc:
[0.99968636, 0.022129705, 0.01172229, -0.045372576;
 -0.021975558, 0.99967241, -0.013119346, 0.001741136;
 -0.012008778, 0.012857628, 0.99984521, -0.14956859;
 0, 0, 0, 1]
Ow:
[0.04360047;
 0.0011866133;
 0.15010014]
Keyframe: 13 Frame: 539 Frame from vFrameID : 44
Tcw:
[0.99954337, -0.029310888, 0.0073409388, 0.047529694;
 0.029321386, 0.99956918, -0.0013264933, -0.0022940347;
 -0.0072988952, 0.0015411341, 0.99997216, 0.16461931;
 0, 0, 0, 1]
Twc:
[0.99954337, 0.029321386, -0.0072988952, -0.04623919;
 -0.029310888, 0.99956918, 0.0015411341, 0.0034324832;
 0.0073409388, -0.0013264933, 0.99997216, -0.16496669;
 0, 0, 0, 1]
Ow:
[0.047529694;
 -0.0022940347;
 0.16461931]
Keyframe: 14 Frame: 545 Frame from vFrameID : 47
Tcw:
[0.9986341, -0.044012677, 0.028157867, 0.055801861;
 0.043869976, 0.99902117, 0.0056660688, -0.002222843;
 -0.028379684, -0.0044230446, 0.99958742, 0.18098852;
 0, 0, 0, 1]
Twc:
[0.9986341, 0.043869976, -0.028379684, -0.050491728;
 -0.044012677, 0.99902117, -0.0044230446, 0.005477177;
 0.028157867, 0.0056660688, 0.99958742, -0.18247251;
 0, 0, 0, 1]
Ow:
[0.055801861;
 -0.002222843;
 0.18098852]
Keyframe: 15 Frame: 551 Frame from vFrameID : 49
Tcw:
[0.99746692, -0.070233494, 0.011268445, 0.0587116;
 0.070266649, 0.99752492, -0.00257334, -0.0005307853;
 -0.011059821, 0.0033586174, 0.99993318, 0.18985562;
 0, 0, 0, 1]
Twc:
[0.99746692, 0.070266649, -0.011059821, -0.056425814;
 -0.070233494, 0.99752492, 0.0033586174, 0.00401534;
 0.011268445, -0.00257334, 0.99993318, -0.19050589;
 0, 0, 0, 1]
Ow:
[0.0587116;
 -0.0005307853;
 0.18985562]
Keyframe: 16 Frame: 557 Frame from vFrameID : 52
Tcw:
[0.99905479, -0.036977157, -0.02285278, 0.060984291;
 0.037021007, 0.99931335, 0.0014985863, -0.0016084195;
 0.022781676, -0.0023432027, 0.99973774, 0.19503187;
 0, 0, 0, 1]
Twc:
[0.99905479, 0.037021007, 0.022781676, -0.065310255;
 -0.036977157, 0.99931335, -0.0023432027, 0.00431934;
 -0.02285278, 0.0014985863, 0.99973774, -0.19358464;
 0, 0, 0, 1]
Ow:
[0.060984291;
 -0.0016084195;
 0.19503187]
Keyframe: 17 Frame: 563 Frame from vFrameID : 564
Tcw:
[0.9978171, -0.050797336, -0.04219738, 0.06056853;
 0.051922396, 0.99831241, 0.026007393, -0.0061181383;
 0.040805064, -0.02814161, 0.99877071, 0.20494337;
 0, 0, 0, 1]
Twc:
[0.9978171, 0.051922396, 0.040805064, -0.068481378;
 -0.050797336, 0.99831241, -0.02814161, 0.014951969;
 -0.04219738, 0.026007393, 0.99877071, -0.20197649;
 0, 0, 0, 1]
Ow:
[0.06056853;
 -0.0061181383;
 0.20494337]
Keyframe: 18 Frame: 569 Frame from vFrameID : 570
Tcw:
[0.99720562, -0.072876081, -0.01643227, 0.064635567;
 0.073230974, 0.99706918, 0.022141941, -0.0093550477;
 0.014770493, -0.02328342, 0.99961978, 0.2219269;
 0, 0, 0, 1]
Twc:
[0.99720562, 0.073230974, 0.014770493, -0.067047849;
 -0.072876081, 0.99706918, -0.02328342, 0.019205235;
 -0.01643227, 0.022141941, 0.99961978, -0.22057326;
 0, 0, 0, 1]
Ow:
[0.064635567;
 -0.0093550477;
 0.2219269]
Keyframe: 19 Frame: 576 Frame from vFrameID : 577
Tcw:
[0.99355811, -0.11320204, 0.0052572847, 0.068936847;
 0.11287991, 0.99270177, 0.042441595, -0.014889591;
 -0.010023391, -0.041574746, 0.99908513, 0.2413723;
 0, 0, 0, 1]
Twc:
[0.99355811, 0.11287991, -0.010023391, -0.064392656;
 -0.11320204, 0.99270177, -0.041574746, 0.032619707;
 0.0052572847, 0.042441595, 0.99908513, -0.24088195;
 0, 0, 0, 1]
Ow:
[0.068936847;
 -0.014889591;
 0.2413723]
Keyframe: 20 Frame: 583 Frame from vFrameID : 584
Tcw:
[0.99376845, -0.11123505, 0.0071450942, 0.07537131;
 0.11092392, 0.9932211, 0.034752093, -0.016933683;
 -0.010962309, -0.033742972, 0.9993704, 0.26293245;
 0, 0, 0, 1]
Twc:
[0.99376845, 0.11092392, -0.010962309, -0.070140935;
 -0.11123505, 0.9932211, -0.033742972, 0.034074947;
 0.0071450942, 0.034752093, 0.9993704, -0.26271698;
 0, 0, 0, 1]
Ow:
[0.07537131;
 -0.016933683;
 0.26293245]
Keyframe: 21 Frame: 591 Frame from vFrameID : 592
Tcw:
[0.99957252, -0.012364188, -0.026493214, 0.078295276;
 0.012800056, 0.99978447, 0.016346075, -0.021534501;
 0.026285397, -0.016678203, 0.99951535, 0.26870862;
 0, 0, 0, 1]
Twc:
[0.99957252, 0.012800056, 0.026285397, -0.085049279;
 -0.012364188, 0.99978447, -0.016678203, 0.026979493;
 -0.026493214, 0.016346075, 0.99951535, -0.26615208;
 0, 0, 0, 1]
Ow:
[0.078295276;
 -0.021534501;
 0.26870862]
Keyframe: 22 Frame: 599 Frame from vFrameID : 600
Tcw:
[0.9996419, -0.024090035, -0.011649744, 0.081458084;
 0.02438749, 0.99936175, 0.02610334, -0.022568664;
 0.011013477, -0.026378101, 0.99959135, 0.2793639;
 0, 0, 0, 1]
Twc:
[0.9996419, 0.02438749, 0.011013477, -0.083955295;
 -0.024090035, 0.99936175, -0.026378101, 0.031885676;
 -0.011649744, 0.02610334, 0.99959135, -0.27771166;
 0, 0, 0, 1]
Ow:
[0.081458084;
 -0.022568664;
 0.2793639]
Keyframe: 23 Frame: 607 Frame from vFrameID : 608
Tcw:
[0.99764407, -0.062321275, 0.028676894, 0.084052213;
 0.061587382, 0.99776816, 0.025801187, -0.022246078;
 -0.030220853, -0.023974266, 0.99925572, 0.28834611;
 0, 0, 0, 1]
Twc:
[0.99764407, 0.061587382, -0.030220853, -0.073770054;
 -0.062321275, 0.99776816, -0.023974266, 0.034347557;
 0.028676894, 0.025801187, 0.99925572, -0.28996786;
 0, 0, 0, 1]
Ow:
[0.084052213;
 -0.022246078;
 0.28834611]
Keyframe: 24 Frame: 615 Frame from vFrameID : 616
Tcw:
[0.99497616, -0.084937476, 0.052991219, 0.09282963;
 0.084124133, 0.99630338, 0.017398875, -0.016399588;
 -0.054273147, -0.012853625, 0.99844337, 0.31078565;
 0, 0, 0, 1]
Twc:
[0.99497616, 0.084124133, -0.054273147, -0.074116357;
 -0.084937476, 0.99630338, -0.012853625, 0.028218402;
 0.052991219, 0.017398875, 0.99844337, -0.31493571;
 0, 0, 0, 1]
Ow:
[0.09282963;
 -0.016399588;
 0.31078565]
Keyframe: 25 Frame: 623 Frame from vFrameID : 624
Tcw:
[0.99859709, -0.051315866, -0.013060931, 0.099231698;
 0.051599354, 0.99841702, 0.02238192, -0.013369825;
 0.011891709, -0.023024457, 0.99966419, 0.32126141;
 0, 0, 0, 1]
Twc:
[0.99859709, 0.051599354, 0.011891709, -0.10222295;
 -0.051315866, 0.99841702, -0.023024457, 0.02583769;
 -0.013060931, 0.02238192, 0.99966419, -0.31955823;
 0, 0, 0, 1]
Ow:
[0.099231698;
 -0.013369825;
 0.32126141]
Keyframe: 26 Frame: 630 Frame from vFrameID : 631
Tcw:
[0.9984892, -0.052760076, 0.015352226, 0.10276624;
 0.051572949, 0.99624759, 0.06950561, -0.012218058;
 -0.018961739, -0.068608835, 0.99746341, 0.33056968;
 0, 0, 0, 1]
Twc:
[0.9984892, 0.051572949, -0.018961739, -0.095712677;
 -0.052760076, 0.99624759, -0.068608835, 0.040274166;
 0.015352226, 0.06950561, 0.99746341, -0.33045965;
 0, 0, 0, 1]
Ow:
[0.10276624;
 -0.012218058;
 0.33056968]
Keyframe: 27 Frame: 637 Frame from vFrameID : 638
Tcw:
[0.99726403, -0.068494864, 0.027802346, 0.10477059;
 0.067167096, 0.99667287, 0.04617051, -0.012771102;
 -0.030872287, -0.044176787, 0.9985466, 0.33687764;
 0, 0, 0, 1]
Twc:
[0.99726403, 0.067167096, -0.030872287, -0.093225949;
 -0.068494864, 0.99667287, -0.044176787, 0.034787029;
 0.027802346, 0.04617051, 0.9985466, -0.33871123;
 0, 0, 0, 1]
Ow:
[0.10477059;
 -0.012771102;
 0.33687764]
Keyframe: 28 Frame: 644 Frame from vFrameID : 645
Tcw:
[0.99520099, -0.075907551, 0.061750073, 0.10893718;
 0.073376484, 0.99640787, 0.042275887, -0.01321718;
 -0.06473732, -0.037542, 0.9971959, 0.34683427;
 0, 0, 0, 1]
Twc:
[0.99520099, 0.073376484, -0.06473732, -0.08499144;
 -0.075907551, 0.99640787, -0.037542, 0.03445971;
 0.061750073, 0.042275887, 0.9971959, -0.35202983;
 0, 0, 0, 1]
Ow:
[0.10893718;
 -0.01321718;
 0.34683427]
Keyframe: 29 Frame: 651 Frame from vFrameID : 652
Tcw:
[0.99681747, -0.075831823, 0.024586771, 0.11408162;
 0.074951515, 0.99657482, 0.034941889, -0.012246964;
 -0.027152263, -0.03298787, 0.99908686, 0.35456002;
 0, 0, 0, 1]
Twc:
[0.99681747, 0.074951515, -0.027152263, -0.10317351;
 -0.075831823, 0.99657482, -0.03298787, 0.032552212;
 0.024586771, 0.034941889, 0.99908686, -0.35661325;
 0, 0, 0, 1]
Ow:
[0.11408162;
 -0.012246964;
 0.35456002]
Keyframe: 30 Frame: 658 Frame from vFrameID : 659
Tcw:
[0.99888307, -0.043235082, -0.01906196, 0.1164254;
 0.04399851, 0.99816358, 0.041636985, -0.01298014;
 0.017226776, -0.042429179, 0.99895096, 0.36129838;
 0, 0, 0, 1]
Twc:
[0.99888307, 0.04399851, 0.017226776, -0.12194825;
 -0.043235082, 0.99816358, -0.042429179, 0.033319555;
 -0.01906196, 0.041636985, 0.99895096, -0.3581596;
 0, 0, 0, 1]
Ow:
[0.1164254;
 -0.01298014;
 0.36129838]
Keyframe: 31 Frame: 665 Frame from vFrameID : 666
Tcw:
[0.99980336, -0.019822441, 0.00056959811, 0.11992802;
 0.019753851, 0.99804682, 0.059264798, -0.011490908;
 -0.0017432586, -0.059241891, 0.99824214, 0.36790621;
 0, 0, 0, 1]
Twc:
[0.99980336, 0.019753851, -0.0017432586, -0.1190361;
 -0.019822441, 0.99804682, -0.059241891, 0.03564119;
 0.00056959811, 0.059264798, 0.99824214, -0.36664677;
 0, 0, 0, 1]
Ow:
[0.11992802;
 -0.011490908;
 0.36790621]
Keyframe: 32 Frame: 672 Frame from vFrameID : 673
Tcw:
[0.99896336, -0.044707645, 0.0085665043, 0.12191807;
 0.044472169, 0.99867362, 0.025947062, -0.00968582;
 -0.0097151743, -0.025539193, 0.99962664, 0.37527215;
 0, 0, 0, 1]
Twc:
[0.99896336, 0.044472169, -0.0097151743, -0.11771511;
 -0.044707645, 0.99867362, -0.025539193, 0.02470779;
 0.0085665043, 0.025947062, 0.99962664, -0.37592512;
 0, 0, 0, 1]
Ow:
[0.12191807;
 -0.00968582;
 0.37527215]
Keyframe: 33 Frame: 679 Frame from vFrameID : 680
Tcw:
[0.99739724, -0.049297411, 0.052617043, 0.12403574;
 0.046337884, 0.99735165, 0.056057438, -0.0078156181;
 -0.055241182, -0.053473372, 0.99704015, 0.38088945;
 0, 0, 0, 1]
Twc:
[0.99739724, 0.046337884, -0.055241182, -0.10230996;
 -0.049297411, 0.99735165, -0.053473372, 0.034277003;
 0.052617043, 0.056057438, 0.99704015, -0.38585031;
 0, 0, 0, 1]
Ow:
[0.12403574;
 -0.0078156181;
 0.38088945]
Keyframe: 34 Frame: 686 Frame from vFrameID : 687
Tcw:
[0.99799669, -0.051487222, 0.036765404, 0.12693712;
 0.049829658, 0.99775869, 0.044661298, -0.0058226269;
 -0.038982488, -0.04273982, 0.99832541, 0.38718832;
 0, 0, 0, 1]
Twc:
[0.99799669, 0.049829658, -0.038982488, -0.11129912;
 -0.051487222, 0.99775869, -0.04273982, 0.028893577;
 0.036765404, 0.044661298, 0.99832541, -0.39094681;
 0, 0, 0, 1]
Ow:
[0.12693712;
 -0.0058226269;
 0.38718832]
Keyframe: 35 Frame: 693 Frame from vFrameID : 694
Tcw:
[0.99970728, -0.024183568, 0.00066881831, 0.13190836;
 0.024155611, 0.99932104, 0.027820762, -0.004401912;
 -0.0013411696, -0.027796464, 0.99961269, 0.39255586;
 0, 0, 0, 1]
Twc:
[0.99970728, 0.024155611, -0.0013411696, -0.13123694;
 -0.024183568, 0.99932104, -0.027796464, 0.018500604;
 0.00066881831, 0.027820762, 0.99961269, -0.3923696;
 0, 0, 0, 1]
Ow:
[0.13190836;
 -0.004401912;
 0.39255586]
Keyframe: 36 Frame: 700 Frame from vFrameID : 701
Tcw:
[0.99883235, -0.03732368, -0.030673731, 0.13431531;
 0.039127909, 0.99740148, 0.060492367, -0.0037634186;
 0.028336227, -0.06162193, 0.99769723, 0.39872831;
 0, 0, 0, 1]
Twc:
[0.99883235, 0.039127909, 0.028336227, -0.14530969;
 -0.03732368, 0.99740148, -0.06162193, 0.033337191;
 -0.030673731, 0.060492367, 0.99769723, -0.39346254;
 0, 0, 0, 1]
Ow:
[0.13431531;
 -0.0037634186;
 0.39872831]
Keyframe: 37 Frame: 707 Frame from vFrameID : 708
Tcw:
[0.99747747, -0.070010506, -0.011716063, 0.13647141;
 0.070406854, 0.99680281, 0.037775934, -0.0016696015;
 0.0090338923, -0.038505536, 0.99921757, 0.40564066;
 0, 0, 0, 1]
Twc:
[0.99747747, 0.070406854, 0.0090338923, -0.13967411;
 -0.070010506, 0.99680281, -0.038505536, 0.026838103;
 -0.011716063, 0.037775934, 0.99921757, -0.40366128;
 0, 0, 0, 1]
Ow:
[0.13647141;
 -0.0016696015;
 0.40564066]
Keyframe: 38 Frame: 714 Frame from vFrameID : 715
Tcw:
[0.99651265, -0.067312181, 0.049310774, 0.13906735;
 0.066471212, 0.99761677, 0.018502275, -0.00017137127;
 -0.050438683, -0.015160006, 0.99861211, 0.41084862;
 0, 0, 0, 1]
Twc:
[0.99651265, 0.066471212, -0.050438683, -0.11784832;
 -0.067312181, 0.99761677, -0.015160006, 0.015760357;
 0.049310774, 0.018502275, 0.99861211, -0.41713274;
 0, 0, 0, 1]
Ow:
[0.13906735;
 -0.00017137127;
 0.41084862]
Keyframe: 39 Frame: 721 Frame from vFrameID : 722
Tcw:
[0.99767947, -0.063862719, 0.023605892, 0.14106365;
 0.063796654, 0.99795663, 0.0035420065, 0.0017431191;
 -0.023783859, -0.0020278103, 0.99971509, 0.41698879;
 0, 0, 0, 1]
Twc:
[0.99767947, 0.063796654, -0.023783859, -0.13092989;
 -0.063862719, 0.99795663, -0.0020278103, 0.0081147235;
 0.023605892, 0.0035420065, 0.99971509, -0.42020607;
 0, 0, 0, 1]
Ow:
[0.14106365;
 0.0017431191;
 0.41698879]
Keyframe: 40 Frame: 727 Frame from vFrameID : 728
Tcw:
[0.9982782, -0.057969935, -0.0089510586, 0.14389148;
 0.058234625, 0.99776185, 0.032863557, 0.002577805;
 0.0070259264, -0.033328235, 0.99941975, 0.42269441;
 0, 0, 0, 1]
Twc:
[0.9982782, 0.058234625, 0.0070259264, -0.14676365;
 -0.057969935, 0.99776185, -0.033328235, 0.019857002;
 -0.0089510586, 0.032863557, 0.99941975, -0.4212459;
 0, 0, 0, 1]
Ow:
[0.14389148;
 0.002577805;
 0.42269441]
Keyframe: 41 Frame: 733 Frame from vFrameID : 734
Tcw:
[0.9981997, -0.056191634, -0.020971581, 0.14713283;
 0.057201818, 0.99705094, 0.051160567, 0.0035954528;
 0.018034939, -0.052268077, 0.99847025, 0.42823911;
 0, 0, 0, 1]
Twc:
[0.9981997, 0.057201818, 0.018034939, -0.15479688;
 -0.056191634, 0.99705094, -0.052268077, 0.027066018;
 -0.020971581, 0.051160567, 0.99847025, -0.42468232;
 0, 0, 0, 1]
Ow:
[0.14713283;
 0.0035954528;
 0.42823911]
Keyframe: 42 Frame: 739 Frame from vFrameID : 740
Tcw:
[0.99748909, -0.070337124, -0.0082604336, 0.14777248;
 0.070626266, 0.99659634, 0.042516746, 0.0055890158;
 0.0052418122, -0.042993393, 0.99906158, 0.43434331;
 0, 0, 0, 1]
Twc:
[0.99748909, 0.070626266, 0.0052418122, -0.15007292;
 -0.070337124, 0.99659634, -0.042993393, 0.023497792;
 -0.0082604336, 0.042516746, 0.99906158, -0.4329527;
 0, 0, 0, 1]
Ow:
[0.14777248;
 0.0055890158;
 0.43434331]
Keyframe: 43 Frame: 745 Frame from vFrameID : 746
Tcw:
[0.99710888, -0.075300969, 0.010181432, 0.14885411;
 0.074961096, 0.99672222, 0.030425088, 0.0056919977;
 -0.012439098, -0.029573914, 0.99948519, 0.43870121;
 0, 0, 0, 1]
Twc:
[0.99710888, 0.074961096, -0.012439098, -0.14339338;
 -0.075300969, 0.99672222, -0.029573914, 0.018509628;
 0.010181432, 0.030425088, 0.99948519, -0.44016409;
 0, 0, 0, 1]
Ow:
[0.14885411;
 0.0056919977;
 0.43870121]
Keyframe: 44 Frame: 752 Frame from vFrameID : 753
Tcw:
[0.99478847, -0.085702121, 0.055236753, 0.15121347;
 0.082049444, 0.9944858, 0.065313391, 0.0071451254;
 -0.060529664, -0.060440861, 0.99633479, 0.4454354;
 0, 0, 0, 1]
Twc:
[0.99478847, 0.082049444, -0.060529664, -0.1240496;
 -0.085702121, 0.9944858, -0.060440861, 0.032776088;
 0.055236753, 0.065313391, 0.99633479, -0.45262203;
 0, 0, 0, 1]
Ow:
[0.15121347;
 0.0071451254;
 0.4454354]
Keyframe: 45 Frame: 759 Frame from vFrameID : 760
Tcw:
[0.99636221, -0.084968619, -0.0065287529, 0.15408346;
 0.085218191, 0.99377179, 0.071802028, 0.0081809741;
 0.00038717149, -0.072097197, 0.99739754, 0.45190358;
 0, 0, 0, 1]
Twc:
[0.99636221, 0.085218191, 0.00038717149, -0.15439507;
 -0.084968619, 0.99377179, -0.072097197, 0.037543215;
 -0.0065287529, 0.071802028, 0.99739754, -0.45030895;
 0, 0, 0, 1]
Ow:
[0.15408346;
 0.0081809741;
 0.45190358]
Keyframe: 46 Frame: 766 Frame from vFrameID : 767
Tcw:
[0.99618852, -0.077227518, -0.040549893, 0.15670086;
 0.080023207, 0.99414796, 0.072568052, 0.0096376836;
 0.034708343, -0.0755364, 0.99653882, 0.45602751;
 0, 0, 0, 1]
Twc:
[0.99618852, 0.080023207, 0.034708343, -0.17270282;
 -0.077227518, 0.99414796, -0.0755364, 0.036967009;
 -0.040549893, 0.072568052, 0.99653882, -0.44879428;
 0, 0, 0, 1]
Ow:
[0.15670086;
 0.0096376836;
 0.45602751]
Keyframe: 47 Frame: 772 Frame from vFrameID : 773
Tcw:
[0.99565631, -0.085329898, -0.037247151, 0.15841711;
 0.088482633, 0.99169338, 0.093354657, 0.01137127;
 0.02897181, -0.096244879, 0.99493593, 0.46087512;
 0, 0, 0, 1]
Twc:
[0.99565631, 0.088482633, 0.02897181, -0.17208754;
 -0.085329898, 0.99169338, -0.096244879, 0.046597771;
 -0.037247151, 0.093354657, 0.99493593, -0.45370221;
 0, 0, 0, 1]
Ow:
[0.15841711;
 0.01137127;
 0.46087512]
Keyframe: 48 Frame: 779 Frame from vFrameID : 780
Tcw:
[0.99657315, -0.082615487, 0.0040801973, 0.16073826;
 0.082344726, 0.99555963, 0.045611285, 0.012208489;
 -0.0078302789, -0.045118999, 0.99895096, 0.46746162;
 0, 0, 0, 1]
Twc:
[0.99657315, 0.082344726, -0.0078302789, -0.15753238;
 -0.082615487, 0.99555963, -0.045118999, 0.02221659;
 0.0040801973, 0.045611285, 0.99895096, -0.4681839;
 0, 0, 0, 1]
Ow:
[0.16073826;
 0.012208489;
 0.46746162]
Keyframe: 49 Frame: 786 Frame from vFrameID : 787
Tcw:
[0.99532253, -0.088102743, 0.03963504, 0.16213787;
 0.084844768, 0.99337649, 0.077489018, 0.012920011;
 -0.046199512, -0.073763743, 0.99620503, 0.47323391;
 0, 0, 0, 1]
Twc:
[0.99532253, 0.084844768, -0.046199512, -0.14061248;
 -0.088102743, 0.99337649, -0.073763743, 0.036357861;
 0.03963504, 0.077489018, 0.99620503, -0.47886553;
 0, 0, 0, 1]
Ow:
[0.16213787;
 0.012920011;
 0.47323391]
Keyframe: 50 Frame: 792 Frame from vFrameID : 793
Tcw:
[0.99516308, -0.097796857, 0.0092851697, 0.16366988;
 0.097208358, 0.99397761, 0.050587226, 0.013697052;
 -0.014176522, -0.049439944, 0.99867648, 0.47746399;
 0, 0, 0, 1]
Twc:
[0.99516308, 0.097208358, -0.014176522, -0.15744092;
 -0.097796857, 0.99397761, -0.049439944, 0.025997629;
 0.0092851697, 0.050587226, 0.99867648, -0.47904465;
 0, 0, 0, 1]
Ow:
[0.16366988;
 0.013697052;
 0.47746399]
Keyframe: 51 Frame: 799 Frame from vFrameID : 800
Tcw:
[0.99657041, -0.077010289, -0.030279012, 0.16696627;
 0.078906856, 0.99459839, 0.067436993, 0.014360204;
 0.024922114, -0.069594935, 0.99726397, 0.48227432;
 0, 0, 0, 1]
Twc:
[0.99657041, 0.078906856, 0.024922114, -0.17954607;
 -0.077010289, 0.99459839, -0.069594935, 0.032139339;
 -0.030279012, 0.067436993, 0.99726397, -0.47686765;
 0, 0, 0, 1]
Ow:
[0.16696627;
 0.014360204;
 0.48227432]
Keyframe: 52 Frame: 806 Frame from vFrameID : 807
Tcw:
[0.99661261, -0.073665038, -0.036562528, 0.16979453;
 0.075297765, 0.9961229, 0.045491084, 0.014932699;
 0.03306967, -0.048090063, 0.99829543, 0.48844346;
 0, 0, 0, 1]
Twc:
[0.99661261, 0.075297765, 0.03306967, -0.18649642;
 -0.073665038, 0.9961229, -0.048090063, 0.021122394;
 -0.036562528, 0.045491084, 0.99829543, -0.48208204;
 0, 0, 0, 1]
Ow:
[0.16979453;
 0.014932699;
 0.48844346]
Keyframe: 53 Frame: 812 Frame from vFrameID : 813
Tcw:
[0.99780971, -0.061120726, -0.025300153, 0.1710384;
 0.061662145, 0.99787188, 0.021202778, 0.016138408;
 0.023950381, -0.022716399, 0.99945503, 0.49253234;
 0, 0, 0, 1]
Twc:
[0.99780971, 0.061662145, 0.023950381, -0.18345524;
 -0.061120726, 0.99787188, -0.022716399, 0.0055384906;
 -0.025300153, 0.021202778, 0.99945503, -0.48827881;
 0, 0, 0, 1]
Ow:
[0.1710384;
 0.016138408;
 0.49253234]
Keyframe: 54 Frame: 819 Frame from vFrameID : 820
Tcw:
[0.99681211, -0.076944411, 0.021099521, 0.17276819;
 0.076047882, 0.99628419, 0.040429797, 0.017189953;
 -0.024131965, -0.038696337, 0.9989596, 0.49725699;
 0, 0, 0, 1]
Twc:
[0.99681211, 0.076047882, -0.024131965, -0.16152489;
 -0.076944411, 0.99628419, -0.038696337, 0.015409491;
 0.021099521, 0.040429797, 0.9989596, -0.50107992;
 0, 0, 0, 1]
Ow:
[0.17276819;
 0.017189953;
 0.49725699]
Keyframe: 55 Frame: 825 Frame from vFrameID : 826
Tcw:
[0.99646527, -0.083164953, 0.011856469, 0.17392814;
 0.082513414, 0.99545056, 0.047641054, 0.01836272;
 -0.015764596, -0.046494339, 0.99879414, 0.50076038;
 0, 0, 0, 1]
Twc:
[0.99646527, 0.082513414, -0.015764596, -0.16693424;
 -0.083164953, 0.99545056, -0.046494339, 0.019468071;
 0.011856469, 0.047641054, 0.99879414, -0.50309354;
 0, 0, 0, 1]
Ow:
[0.17392814;
 0.01836272;
 0.50076038]
Keyframe: 56 Frame: 832 Frame from vFrameID : 833
Tcw:
[0.99531376, -0.062195029, -0.074042402, 0.17850831;
 0.064603157, 0.99744231, 0.030583257, 0.019190608;
 0.071950898, -0.035223309, 0.99678606, 0.50604677;
 0, 0, 0, 1]
Twc:
[0.99531376, 0.064603157, 0.071950898, -0.21532206;
 -0.062195029, 0.99744231, -0.035223309, 0.0097854491;
 -0.074042402, 0.030583257, 0.99678606, -0.49179009;
 0, 0, 0, 1]
Ow:
[0.17850831;
 0.019190608;
 0.50604677]
Keyframe: 57 Frame: 839 Frame from vFrameID : 840
Tcw:
[0.99416703, -0.06085572, -0.089042418, 0.18017392;
 0.065789208, 0.99639505, 0.053560104, 0.02053421;
 0.085461982, -0.05910572, 0.99458671, 0.51017654;
 0, 0, 0, 1]
Twc:
[0.99416703, 0.065789208, 0.085461982, -0.22407459;
 -0.06085572, 0.99639505, -0.05910572, 0.020658778;
 -0.089042418, 0.053560104, 0.99458671, -0.49247152;
 0, 0, 0, 1]
Ow:
[0.18017392;
 0.02053421;
 0.51017654]
Keyframe: 58 Frame: 845 Frame from vFrameID : 846
Tcw:
[0.99152803, -0.086631276, -0.096783943, 0.18096544;
 0.091306888, 0.99480712, 0.044965405, 0.021311229;
 0.09238594, -0.053421501, 0.99428916, 0.51445782;
 0, 0, 0, 1]
Twc:
[0.99152803, 0.091306888, 0.09238594, -0.22890685;
 -0.086631276, 0.99480712, -0.053421501, 0.021959815;
 -0.096783943, 0.044965405, 0.99428916, -0.49496356;
 0, 0, 0, 1]
Ow:
[0.18096544;
 0.021311229;
 0.51445782]
Keyframe: 59 Frame: 851 Frame from vFrameID : 852
Tcw:
[0.99192703, -0.08997301, -0.089362346, 0.1831062;
 0.094833806, 0.99414879, 0.051718172, 0.022302864;
 0.084186226, -0.059775222, 0.99465549, 0.518978;
 0, 0, 0, 1]
Twc:
[0.99192703, 0.094833806, 0.084186226, -0.22743385;
 -0.08997301, 0.99414879, -0.059775222, 0.025324276;
 -0.089362346, 0.051718172, 0.99465549, -0.50099498;
 0, 0, 0, 1]
Ow:
[0.1831062;
 0.022302864;
 0.518978]
Keyframe: 60 Frame: 858 Frame from vFrameID : 859
Tcw:
[0.99164563, -0.10158191, -0.079498611, 0.18479519;
 0.10723915, 0.99173379, 0.070454292, 0.023617068;
 0.071684577, -0.078391053, 0.99434209, 0.52440077;
 0, 0, 0, 1]
Twc:
[0.99164563, 0.10723915, 0.071684577, -0.22337547;
 -0.10158191, 0.99173379, -0.078391053, 0.036458332;
 -0.079498611, 0.070454292, 0.99434209, -0.5084067;
 0, 0, 0, 1]
Ow:
[0.18479519;
 0.023617068;
 0.52440077]
Keyframe: 61 Frame: 864 Frame from vFrameID : 865
Tcw:
[0.99201506, -0.09329658, -0.084863529, 0.18788001;
 0.09759178, 0.99407077, 0.04794893, 0.025376773;
 0.079886883, -0.055848047, 0.99523818, 0.52931768;
 0, 0, 0, 1]
Twc:
[0.99201506, 0.09759178, 0.079886883, -0.23114191;
 -0.09329658, 0.99407077, -0.055848047, 0.021863613;
 -0.084863529, 0.04794893, 0.99523818, -0.51206982;
 0, 0, 0, 1]
Ow:
[0.18788001;
 0.025376773;
 0.52931768]
Keyframe: 62 Frame: 870 Frame from vFrameID : 871
Tcw:
[0.98981249, -0.10595261, -0.095106833, 0.18851475;
 0.11103034, 0.9925698, 0.049774066, 0.026154324;
 0.089126475, -0.059826735, 0.99422193, 0.53289288;
 0, 0, 0, 1]
Twc:
[0.98981249, 0.11103034, 0.089126475, -0.23699303;
 -0.10595261, 0.9925698, -0.059826735, 0.025894875;
 -0.095106833, 0.049774066, 0.99422193, -0.51318651;
 0, 0, 0, 1]
Ow:
[0.18851475;
 0.026154324;
 0.53289288]
Keyframe: 63 Frame: 876 Frame from vFrameID : 877
Tcw:
[0.99213046, -0.10523023, -0.067850642, 0.18977021;
 0.10911562, 0.99243069, 0.056347627, 0.027331118;
 0.061407588, -0.063307762, 0.99610305, 0.5371511;
 0, 0, 0, 1]
Twc:
[0.99213046, 0.10911562, 0.061407588, -0.22424421;
 -0.10523023, 0.99243069, -0.063307762, 0.026851153;
 -0.067850642, 0.056347627, 0.99610305, -0.52372181;
 0, 0, 0, 1]
Ow:
[0.18977021;
 0.027331118;
 0.5371511]
Keyframe: 64 Frame: 882 Frame from vFrameID : 883
Tcw:
[0.99247706, -0.11955582, -0.026376041, 0.19082637;
 0.12070255, 0.99156117, 0.047300905, 0.028181186;
 0.020498358, -0.050128721, 0.99853241, 0.54252136;
 0, 0, 0, 1]
Twc:
[0.99247706, 0.12070255, 0.020498358, -0.20391314;
 -0.11955582, 0.99156117, -0.050128721, 0.022066932;
 -0.026376041, 0.047300905, 0.99853241, -0.53802484;
 0, 0, 0, 1]
Ow:
[0.19082637;
 0.028181186;
 0.54252136]
Keyframe: 65 Frame: 889 Frame from vFrameID : 890
Tcw:
[0.99262422, -0.11931898, 0.021451853, 0.19291715;
 0.11730026, 0.98997509, 0.078676157, 0.028884217;
 -0.03062436, -0.075579554, 0.99666941, 0.54784214;
 0, 0, 0, 1]
Twc:
[0.99262422, 0.11730026, -0.03062436, -0.17810504;
 -0.11931898, 0.98997509, -0.075579554, 0.035829686;
 0.021451853, 0.078676157, 0.99666941, -0.55242842;
 0, 0, 0, 1]
Ow:
[0.19291715;
 0.028884217;
 0.54784214]
Keyframe: 66 Frame: 895 Frame from vFrameID : 896
Tcw:
[0.99161226, -0.12671968, -0.025441613, 0.19455965;
 0.127777, 0.99076104, 0.045449372, 0.030669359;
 0.019447228, -0.048319008, 0.99864262, 0.55170089;
 0, 0, 0, 1]
Twc:
[0.99161226, 0.127777, 0.019447228, -0.20757563;
 -0.12671968, 0.99076104, -0.048319008, 0.020926172;
 -0.025441613, 0.045449372, 0.99864262, -0.547396;
 0, 0, 0, 1]
Ow:
[0.19455965;
 0.030669359;
 0.55170089]
Keyframe: 67 Frame: 901 Frame from vFrameID : 902
Tcw:
[0.99099225, -0.11198217, -0.073446102, 0.19696864;
 0.11417472, 0.99311107, 0.026353011, 0.031296097;
 0.06998907, -0.034501318, 0.99695092, 0.5559901;
 0, 0, 0, 1]
Twc:
[0.99099225, 0.11417472, 0.06998907, -0.23768087;
 -0.11198217, 0.99311107, -0.034501318, 0.010158867;
 -0.073446102, 0.026353011, 0.99695092, -0.54065305;
 0, 0, 0, 1]
Ow:
[0.19696864;
 0.031296097;
 0.5559901]
Keyframe: 68 Frame: 907 Frame from vFrameID : 908
Tcw:
[0.99184346, -0.10605589, -0.070701085, 0.19848746;
 0.11062416, 0.99178863, 0.064169087, 0.031662561;
 0.063315026, -0.071466938, 0.99543142, 0.55961514;
 0, 0, 0, 1]
Twc:
[0.99184346, 0.11062416, 0.063315026, -0.23580319;
 -0.10605589, 0.99178863, -0.071466938, 0.029642178;
 -0.070701085, 0.064169087, 0.99543142, -0.545057;
 0, 0, 0, 1]
Ow:
[0.19848746;
 0.031662561;
 0.55961514]
Keyframe: 69 Frame: 913 Frame from vFrameID : 914
Tcw:
[0.99204242, -0.11093982, -0.059533518, 0.19970976;
 0.11426232, 0.99189091, 0.055647142, 0.03342171;
 0.05287727, -0.06200676, 0.99667406, 0.56303948;
 0, 0, 0, 1]
Twc:
[0.99204242, 0.11426232, 0.05287727, -0.23171136;
 -0.11093982, 0.99189091, -0.06200676, 0.023917327;
 -0.059533518, 0.055647142, 0.99667406, -0.55113721;
 0, 0, 0, 1]
Ow:
[0.19970976;
 0.03342171;
 0.56303948]
Keyframe: 70 Frame: 919 Frame from vFrameID : 920
Tcw:
[0.9916935, -0.11766996, -0.051940721, 0.20074083;
 0.11981793, 0.99197459, 0.040373966, 0.034257032;
 0.046773072, -0.046262026, 0.99783373, 0.56736624;
 0, 0, 0, 1]
Twc:
[0.9916935, 0.11981793, 0.046773072, -0.22971545;
 -0.11766996, 0.99197459, -0.046262026, 0.015886573;
 -0.051940721, 0.040373966, 0.99783373, -0.55709362;
 0, 0, 0, 1]
Ow:
[0.20074083;
 0.034257032;
 0.56736624]
Keyframe: 71 Frame: 925 Frame from vFrameID : 926
Tcw:
[0.99281532, -0.11864197, -0.015549692, 0.20277722;
 0.11952878, 0.98935044, 0.083058029, 0.034996722;
 0.0055299271, -0.084319919, 0.99642336, 0.5713135;
 0, 0, 0, 1]
Twc:
[0.99281532, 0.11952878, 0.0055299271, -0.20866278;
 -0.11864197, 0.98935044, -0.084319919, 0.037606977;
 -0.015549692, 0.083058029, 0.99642336, -0.56902379;
 0, 0, 0, 1]
Ow:
[0.20277722;
 0.034996722;
 0.5713135]
Keyframe: 72 Frame: 932 Frame from vFrameID : 933
Tcw:
[0.99294472, -0.10344061, -0.057972502, 0.2054179;
 0.10617182, 0.99327433, 0.046191841, 0.036409583;
 0.052804485, -0.052020989, 0.99724895, 0.57584262;
 0, 0, 0, 1]
Twc:
[0.99294472, 0.10617182, 0.052804485, -0.23824137;
 -0.10344061, 0.99327433, -0.052020989, 0.015039756;
 -0.057972502, 0.046191841, 0.99724895, -0.56403172;
 0, 0, 0, 1]
Ow:
[0.2054179;
 0.036409583;
 0.57584262]
Keyframe: 73 Frame: 938 Frame from vFrameID : 939
Tcw:
[0.98872936, -0.10460934, -0.10710369, 0.20742376;
 0.11059076, 0.99253058, 0.051504873, 0.036971956;
 0.1009158, -0.062769055, 0.99291289, 0.57905608;
 0, 0, 0, 1]
Twc:
[0.98872936, 0.11059076, 0.1009158, -0.26761061;
 -0.10460934, 0.99253058, -0.062769055, 0.021349469;
 -0.10710369, 0.051504873, 0.99291289, -0.55464065;
 0, 0, 0, 1]
Ow:
[0.20742376;
 0.036971956;
 0.57905608]
Keyframe: 74 Frame: 944 Frame from vFrameID : 945
Tcw:
[0.98761147, -0.11402209, -0.10780783, 0.20903584;
 0.12033027, 0.99126852, 0.053920448, 0.037803262;
 0.10071838, -0.066225, 0.99270844, 0.58230889;
 0, 0, 0, 1]
Twc:
[0.98761147, 0.12033027, 0.10071838, -0.26964429;
 -0.11402209, 0.99126852, -0.066225, 0.024924926;
 -0.10780783, 0.053920448, 0.99270844, -0.55756563;
 0, 0, 0, 1]
Ow:
[0.20903584;
 0.037803262;
 0.58230889]
Keyframe: 75 Frame: 950 Frame from vFrameID : 951
Tcw:
[0.99046236, -0.11710156, -0.072605602, 0.21010168;
 0.12078108, 0.99149197, 0.04853427, 0.038686782;
 0.06630443, -0.056840751, 0.9961791, 0.58693045;
 0, 0, 0, 1]
Twc:
[0.99046236, 0.12078108, 0.06630443, -0.25168651;
 -0.11710156, 0.99149197, -0.056840751, 0.019607166;
 -0.072605602, 0.04853427, 0.9961791, -0.57131094;
 0, 0, 0, 1]
Ow:
[0.21010168;
 0.038686782;
 0.58693045]
Keyframe: 76 Frame: 957 Frame from vFrameID : 958
Tcw:
[0.99092174, -0.1257856, -0.047455944, 0.21112736;
 0.12868087, 0.98962581, 0.063890532, 0.039326414;
 0.038927115, -0.069417194, 0.99682796, 0.59110343;
 0, 0, 0, 1]
Twc:
[0.99092174, 0.12868087, 0.038927115, -0.2372812;
 -0.1257856, 0.98962581, -0.069417194, 0.028671084;
 -0.047455944, 0.063890532, 0.99682796, -0.58172172;
 0, 0, 0, 1]
Ow:
[0.21112736;
 0.039326414;
 0.59110343]
Keyframe: 77 Frame: 963 Frame from vFrameID : 964
Tcw:
[0.99101061, -0.12761281, -0.040160973, 0.21277373;
 0.13012345, 0.98917878, 0.067772999, 0.040439513;
 0.031077679, -0.072389647, 0.99689215, 0.5956111;
 0, 0, 0, 1]
Twc:
[0.99101061, 0.13012345, 0.031077679, -0.23463337;
 -0.12761281, 0.98917878, -0.072389647, 0.030266827;
 -0.040160973, 0.067772999, 0.99689215, -0.58795553;
 0, 0, 0, 1]
Ow:
[0.21277373;
 0.040439513;
 0.5956111]
Keyframe: 78 Frame: 969 Frame from vFrameID : 970
Tcw:
[0.98928171, -0.11943905, -0.083999999, 0.21426946;
 0.12464, 0.99040723, 0.05965215, 0.041316532;
 0.076069407, -0.069482543, 0.99467868, 0.59887743;
 0, 0, 0, 1]
Twc:
[0.98928171, 0.12464, 0.076069407, -0.26267877;
 -0.11943905, 0.99040723, -0.069482543, 0.026283471;
 -0.083999999, 0.05965215, 0.99467868, -0.58015656;
 0, 0, 0, 1]
Ow:
[0.21426946;
 0.041316532;
 0.59887743]
Keyframe: 79 Frame: 975 Frame from vFrameID : 976
Tcw:
[0.98630691, -0.11926463, -0.11390647, 0.21619681;
 0.12665957, 0.9901281, 0.060031261, 0.041881718;
 0.10562238, -0.073636591, 0.99167615, 0.60248095;
 0, 0, 0, 1]
Twc:
[0.98630691, 0.12665957, 0.10562238, -0.28217658;
 -0.11926463, 0.9901281, -0.073636591, 0.028681012;
 -0.11390647, 0.060031261, 0.99167615, -0.57535398;
 0, 0, 0, 1]
Ow:
[0.21619681;
 0.041881718;
 0.60248095]
Keyframe: 80 Frame: 981 Frame from vFrameID : 982
Tcw:
[0.98751724, -0.11301114, -0.10971858, 0.21727836;
 0.1215265, 0.98980445, 0.074286349, 0.042651448;
 0.10020476, -0.086692765, 0.9911828, 0.60556269;
 0, 0, 0, 1]
Twc:
[0.98751724, 0.1215265, 0.10020476, -0.28042969;
 -0.11301114, 0.98980445, -0.086692765, 0.034836188;
 -0.10971858, 0.074286349, 0.9911828, -0.57955229;
 0, 0, 0, 1]
Ow:
[0.21727836;
 0.042651448;
 0.60556269]
Keyframe: 81 Frame: 987 Frame from vFrameID : 988
Tcw:
[0.98609179, -0.13246176, -0.1003833, 0.2174971;
 0.13918146, 0.98825061, 0.063160799, 0.043624878;
 0.090837464, -0.076253839, 0.99294204, 0.61014289;
 0, 0, 0, 1]
Twc:
[0.98609179, 0.13918146, 0.090837464, -0.27596772;
 -0.13246176, 0.98825061, -0.076253839, 0.032223474;
 -0.1003833, 0.063160799, 0.99294204, -0.58675885;
 0, 0, 0, 1]
Ow:
[0.2174971;
 0.043624878;
 0.61014289]
Keyframe: 82 Frame: 993 Frame from vFrameID : 994
Tcw:
[0.98569918, -0.14884613, -0.079005934, 0.21852675;
 0.15445018, 0.9854964, 0.070299514, 0.043921679;
 0.067396253, -0.081496656, 0.99439228, 0.61437285;
 0, 0, 0, 1]
Twc:
[0.98569918, 0.15445018, 0.067396253, -0.2635918;
 -0.14884613, 0.9854964, -0.081496656, 0.039311543;
 -0.079005934, 0.070299514, 0.99439228, -0.59675038;
 0, 0, 0, 1]
Ow:
[0.21852675;
 0.043921679;
 0.61437285]
Keyframe: 83 Frame: 1000 Frame from vFrameID : 1001
Tcw:
[0.99129295, -0.1225447, -0.048177268, 0.22107849;
 0.12516706, 0.9905647, 0.055809818, 0.044906795;
 0.040883504, -0.06135409, 0.99727839, 0.61891907;
 0, 0, 0, 1]
Twc:
[0.99129295, 0.12516706, 0.040883504, -0.25007799;
 -0.1225447, 0.9905647, -0.06135409, 0.020582123;
 -0.048177268, 0.055809818, 0.99727839, -0.60908991;
 0, 0, 0, 1]
Ow:
[0.22107849;
 0.044906795;
 0.61891907]
Keyframe: 84 Frame: 1007 Frame from vFrameID : 1008
Tcw:
[0.98975557, -0.1145918, -0.085162506, 0.22312701;
 0.12025876, 0.99063325, 0.064680263, 0.045737498;
 0.076952986, -0.074259184, 0.99426544, 0.62290072;
 0, 0, 0, 1]
Twc:
[0.98975557, 0.12025876, 0.076952986, -0.2742756;
 -0.1145918, 0.99063325, -0.074259184, 0.026515545;
 -0.085162506, 0.064680263, 0.99426544, -0.60328496;
 0, 0, 0, 1]
Ow:
[0.22312701;
 0.045737498;
 0.62290072]
Keyframe: 85 Frame: 1014 Frame from vFrameID : 1015
Tcw:
[0.99225783, -0.091349803, -0.084140733, 0.22637725;
 0.098128825, 0.99192864, 0.080301315, 0.046646692;
 0.076126091, -0.087936237, 0.993213, 0.62658036;
 0, 0, 0, 1]
Twc:
[0.99225783, 0.098128825, 0.076126091, -0.27690107;
 -0.091349803, 0.99192864, -0.087936237, 0.02950844;
 -0.084140733, 0.080301315, 0.993213, -0.60702598;
 0, 0, 0, 1]
Ow:
[0.22637725;
 0.046646692;
 0.62658036]
Keyframe: 86 Frame: 1021 Frame from vFrameID : 1022
Tcw:
[0.99484086, -0.08157862, -0.060303841, 0.22800142;
 0.085249767, 0.99448806, 0.061040781, 0.047303662;
 0.054991826, -0.065866753, 0.99631196, 0.63153172;
 0, 0, 0, 1]
Twc:
[0.99484086, 0.085249767, 0.054991826, -0.26558682;
 -0.08157862, 0.99448806, -0.065866753, 0.013154053;
 -0.060303841, 0.061040781, 0.99631196, -0.61834067;
 0, 0, 0, 1]
Ow:
[0.22800142;
 0.047303662;
 0.63153172]
Keyframe: 87 Frame: 1027 Frame from vFrameID : 1028
Tcw:
[0.99522889, -0.096292555, -0.015721481, 0.22810008;
 0.096763439, 0.99477345, 0.032598156, 0.048127536;
 0.012500351, -0.033963893, 0.99934489, 0.63526165;
 0, 0, 0, 1]
Twc:
[0.99522889, 0.096763439, 0.012500351, -0.23960978;
 -0.096292555, 0.99477345, -0.033963893, -0.0043356973;
 -0.015721481, 0.032598156, 0.99934489, -0.63282824;
 0, 0, 0, 1]
Ow:
[0.22810008;
 0.048127536;
 0.63526165]
Keyframe: 88 Frame: 1033 Frame from vFrameID : 1034
Tcw:
[0.99626571, -0.081837721, 0.02751743, 0.22944388;
 0.08028651, 0.99533999, 0.053408146, 0.049055312;
 -0.03176, -0.050999425, 0.99819356, 0.6380983;
 0, 0, 0, 1]
Twc:
[0.99626571, 0.08028651, -0.03176, -0.21225955;
 -0.081837721, 0.99533999, -0.050999425, 0.0024931;
 0.02751743, 0.053408146, 0.99819356, -0.64587927;
 0, 0, 0, 1]
Ow:
[0.22944388;
 0.049055312;
 0.6380983]
Keyframe: 89 Frame: 1039 Frame from vFrameID : 1040
Tcw:
[0.99358767, -0.11306063, -0.00091903919, 0.22987318;
 0.11292311, 0.99190736, 0.05803613, 0.049601514;
 -0.0056499997, -0.057767764, 0.99831408, 0.64190406;
 0, 0, 0, 1]
Twc:
[0.99358767, 0.11292311, -0.0056499997, -0.23037356;
 -0.11306063, 0.99190736, -0.057767764, 0.013870864;
 -0.00091903919, 0.05803613, 0.99831408, -0.64348924;
 0, 0, 0, 1]
Ow:
[0.22987318;
 0.049601514;
 0.64190406]
Keyframe: 90 Frame: 1045 Frame from vFrameID : 1046
Tcw:
[0.99552798, -0.093803406, -0.011177249, 0.23220389;
 0.094184808, 0.99472052, 0.040746912, 0.051354699;
 0.0072960397, -0.04161742, 0.999107, 0.64508188;
 0, 0, 0, 1]
Twc:
[0.99552798, 0.094184808, 0.0072960397, -0.24070886;
 -0.093803406, 0.99472052, -0.04161742, -0.0024554129;
 -0.011177249, 0.040746912, 0.999107, -0.64400291;
 0, 0, 0, 1]
Ow:
[0.23220389;
 0.051354699;
 0.64508188]
Keyframe: 91 Frame: 1051 Frame from vFrameID : 1052
Tcw:
[0.99529362, -0.095750399, -0.014914485, 0.23289871;
 0.096446268, 0.99373734, 0.056429252, 0.051544696;
 0.0094179567, -0.057602122, 0.99829519, 0.64795935;
 0, 0, 0, 1]
Twc:
[0.99529362, 0.096446268, 0.0094179567, -0.24287637;
 -0.095750399, 0.99373734, -0.057602122, 0.0084020915;
 -0.014914485, 0.056429252, 0.99829519, -0.64628977;
 0, 0, 0, 1]
Ow:
[0.23289871;
 0.051544696;
 0.64795935]
Keyframe: 92 Frame: 1057 Frame from vFrameID : 1058
Tcw:
[0.99596977, -0.087542467, -0.019507552, 0.23395999;
 0.08888486, 0.99247485, 0.084220499, 0.05197674;
 0.011987885, -0.085615002, 0.99625617, 0.65191758;
 0, 0, 0, 1]
Twc:
[0.99596977, 0.08888486, 0.011987885, -0.24545212;
 -0.087542467, 0.99247485, -0.085615002, 0.024709746;
 -0.019507552, 0.084220499, 0.99625617, -0.64929044;
 0, 0, 0, 1]
Ow:
[0.23395999;
 0.05197674;
 0.65191758]
Keyframe: 93 Frame: 1063 Frame from vFrameID : 1064
Tcw:
[0.99449885, -0.10431779, -0.0094784321, 0.23475571;
 0.10468989, 0.99287522, 0.056910217, 0.053221136;
 0.0034741519, -0.057589442, 0.99833429, 0.65604669;
 0, 0, 0, 1]
Twc:
[0.99449885, 0.10468989, 0.0034741519, -0.24131522;
 -0.10431779, 0.99287522, -0.057589442, 0.0094286138;
 -0.0094784321, 0.056910217, 0.99833429, -0.65575767;
 0, 0, 0, 1]
Ow:
[0.23475571;
 0.053221136;
 0.65604669]
Keyframe: 94 Frame: 1069 Frame from vFrameID : 1070
Tcw:
[0.99394041, -0.10471002, 0.033440076, 0.23566373;
 0.10247306, 0.99275321, 0.0627717, 0.05362216;
 -0.03977057, -0.058964629, 0.99746752, 0.659082;
 0, 0, 0, 1]
Twc:
[0.99394041, 0.10247306, -0.03977057, -0.21351847;
 -0.10471002, 0.99275321, -0.058964629, 0.010305301;
 0.033440076, 0.0627717, 0.99746752, -0.66865945;
 0, 0, 0, 1]
Ow:
[0.23566373;
 0.05362216;
 0.659082]
Keyframe: 95 Frame: 1075 Frame from vFrameID : 1076
Tcw:
[0.99250519, -0.11470868, 0.042134792, 0.23713052;
 0.11096757, 0.99040228, 0.082398795, 0.054427557;
 -0.051182251, -0.077105634, 0.99570835, 0.66232556;
 0, 0, 0, 1]
Twc:
[0.99250519, 0.11096757, -0.051182251, -0.20749368;
 -0.11470868, 0.99040228, -0.077105634, 0.02436479;
 0.042134792, 0.082398795, 0.99570835, -0.67395926;
 0, 0, 0, 1]
Ow:
[0.23713052;
 0.054427557;
 0.66232556]
Keyframe: 96 Frame: 1081 Frame from vFrameID : 1082
Tcw:
[0.9937036, -0.11108017, -0.014641223, 0.23871636;
 0.11193372, 0.98995507, 0.086369924, 0.055681851;
 0.0049001663, -0.087464951, 0.99615556, 0.66469353;
 0, 0, 0, 1]
Twc:
[0.9937036, 0.11193372, 0.0049001663, -0.24670309;
 -0.11108017, 0.98995507, -0.087464951, 0.029531509;
 -0.014641223, 0.086369924, 0.99615556, -0.66345227;
 0, 0, 0, 1]
Ow:
[0.23871636;
 0.055681851;
 0.66469353]
Keyframe: 97 Frame: 1087 Frame from vFrameID : 1088
Tcw:
[0.99036759, -0.12320662, -0.063183226, 0.24021721;
 0.12809864, 0.98850411, 0.080313794, 0.055446632;
 0.052561685, -0.087633863, 0.9947651, 0.66826081;
 0, 0, 0, 1]
Twc:
[0.99036759, 0.12809864, 0.052561685, -0.28013089;
 -0.12320662, 0.98850411, -0.087633863, 0.033349402;
 -0.063183226, 0.080313794, 0.9947651, -0.65403795;
 0, 0, 0, 1]
Ow:
[0.24021721;
 0.055446632;
 0.66826081]
Keyframe: 98 Frame: 1094 Frame from vFrameID : 1095
Tcw:
[0.9924221, -0.10630677, -0.06162186, 0.24212821;
 0.11104666, 0.99063706, 0.079415649, 0.056802765;
 0.052602477, -0.085656747, 0.9949351, 0.67222607;
 0, 0, 0, 1]
Twc:
[0.9924221, 0.11104666, 0.052602477, -0.28196189;
 -0.10630677, 0.99063706, -0.085656747, 0.027049646;
 -0.06162186, 0.079415649, 0.9949351, -0.65841204;
 0, 0, 0, 1]
Ow:
[0.24212821;
 0.056802765;
 0.67222607]
Keyframe: 99 Frame: 1101 Frame from vFrameID : 1102
Tcw:
[0.9955743, -0.088937297, -0.03036317, 0.24424818;
 0.091450907, 0.99126333, 0.095045924, 0.058062606;
 0.021644771, -0.097402021, 0.99500972, 0.67620063;
 0, 0, 0, 1]
Twc:
[0.9955743, 0.091450907, 0.021644771, -0.26311332;
 -0.088937297, 0.99126333, -0.097402021, 0.030030748;
 -0.03036317, 0.095045924, 0.99500972, -0.67092866;
 0, 0, 0, 1]
Ow:
[0.24424818;
 0.058062606;
 0.67620063]
Keyframe: 100 Frame: 1107 Frame from vFrameID : 1108
Tcw:
[0.99483001, -0.10121534, -0.0082863243, 0.24555813;
 0.10152782, 0.98940587, 0.10376982, 0.058362655;
 -0.0023045605, -0.10407463, 0.9945668, 0.67917675;
 0, 0, 0, 1]
Twc:
[0.99483001, 0.10152782, -0.0023045605, -0.24864884;
 -0.10121534, 0.98940587, -0.10407463, 0.037794966;
 -0.0082863243, 0.10376982, 0.9945668, -0.67950821;
 0, 0, 0, 1]
Ow:
[0.24555813;
 0.058362655;
 0.67917675]
Keyframe: 101 Frame: 1113 Frame from vFrameID : 1114
Tcw:
[0.9938339, -0.10994989, -0.014324998, 0.2475847;
 0.11082471, 0.98906875, 0.097267181, 0.059502397;
 0.0034738923, -0.098254986, 0.99515522, 0.6825583;
 0, 0, 0, 1]
Twc:
[0.9938339, 0.11082471, 0.0034738923, -0.25502354;
 -0.10994989, 0.98906875, -0.098254986, 0.035434697;
 -0.014324998, 0.097267181, 0.99515522, -0.68149239;
 0, 0, 0, 1]
Ow:
[0.2475847;
 0.059502397;
 0.6825583]
Keyframe: 102 Frame: 1119 Frame from vFrameID : 1120
Tcw:
[0.99612361, -0.077712141, -0.041213628, 0.24996229;
 0.080883123, 0.99335641, 0.081859738, 0.060598478;
 0.034578327, -0.084875904, 0.99579138, 0.6847592;
 0, 0, 0, 1]
Twc:
[0.99612361, 0.080883123, 0.034578327, -0.27757257;
 -0.077712141, 0.99335641, -0.084875904, 0.017348776;
 -0.041213628, 0.081859738, 0.99579138, -0.67653602;
 0, 0, 0, 1]
Ow:
[0.24996229;
 0.060598478;
 0.6847592]
Keyframe: 103 Frame: 1126 Frame from vFrameID : 1127
Tcw:
[0.99404722, -0.089046001, -0.062776685, 0.25190976;
 0.094872698, 0.99075943, 0.09692733, 0.060821027;
 0.053565599, -0.10230613, 0.99330974, 0.68936306;
 0, 0, 0, 1]
Twc:
[0.99404722, 0.094872698, 0.053565599, -0.29310662;
 -0.089046001, 0.99075943, -0.10230613, 0.032698628;
 -0.062776685, 0.09692733, 0.99330974, -0.67483217;
 0, 0, 0, 1]
Ow:
[0.25190976;
 0.060821027;
 0.68936306]
Keyframe: 104 Frame: 1132 Frame from vFrameID : 1133
Tcw:
[0.99277455, -0.11330342, -0.039509658, 0.25251096;
 0.11623061, 0.98983234, 0.081990302, 0.062363952;
 0.029818155, -0.085990116, 0.99584967, 0.69347554;
 0, 0, 0, 1]
Twc:
[0.99277455, 0.11623061, 0.029818155, -0.27861324;
 -0.11330342, 0.98983234, -0.085990116, 0.026512541;
 -0.039509658, 0.081990302, 0.99584967, -0.68573397;
 0, 0, 0, 1]
Ow:
[0.25251096;
 0.062363952;
 0.69347554]
Keyframe: 105 Frame: 1138 Frame from vFrameID : 1139
Tcw:
[0.9915905, -0.12346914, -0.03877696, 0.25351381;
 0.12567984, 0.99019533, 0.060973566, 0.062282596;
 0.030868411, -0.06533429, 0.99738586, 0.69730324;
 0, 0, 0, 1]
Twc:
[0.9915905, 0.12567984, 0.030868411, -0.28073418;
 -0.12346914, 0.99019533, -0.06533429, 0.015187009;
 -0.03877696, 0.060973566, 0.99738586, -0.68944752;
 0, 0, 0, 1]
Ow:
[0.25351381;
 0.062282596;
 0.69730324]
Keyframe: 106 Frame: 1144 Frame from vFrameID : 1145
Tcw:
[0.99471593, -0.10213567, -0.010416117, 0.25494817;
 0.10264316, 0.99148166, 0.080178142, 0.062570289;
 0.0021383399, -0.080823615, 0.99672616, 0.7002725;
 0, 0, 0, 1]
Twc:
[0.99471593, 0.10264316, 0.0021383399, -0.26152086;
 -0.10213567, 0.99148166, -0.080823615, 0.020600576;
 -0.010416117, 0.080178142, 0.99672616, -0.70034111;
 0, 0, 0, 1]
Ow:
[0.25494817;
 0.062570289;
 0.7002725]
Keyframe: 107 Frame: 1151 Frame from vFrameID : 1152
Tcw:
[0.99399859, -0.091700986, -0.059646424, 0.25758681;
 0.094038129, 0.99485725, 0.037628017, 0.063607022;
 0.055889152, -0.043011233, 0.99751014, 0.70387942;
 0, 0, 0, 1]
Twc:
[0.99399859, 0.094038129, 0.055889152, -0.30136162;
 -0.091700986, 0.99485725, -0.043011233, -0.0093842261;
 -0.059646424, 0.037628017, 0.99751014, -0.68915612;
 0, 0, 0, 1]
Ow:
[0.25758681;
 0.063607022;
 0.70387942]
Keyframe: 108 Frame: 1158 Frame from vFrameID : 1159
Tcw:
[0.99361837, -0.077731006, -0.08173389, 0.25965986;
 0.082033843, 0.99534059, 0.050670594, 0.06400013;
 0.077414386, -0.05705218, 0.99536526, 0.70767891;
 0, 0, 0, 1]
Twc:
[0.99361837, 0.082033843, 0.077414386, -0.31803751;
 -0.077731006, 0.99534059, -0.05705218, -0.0031436784;
 -0.08173389, 0.050670594, 0.99536526, -0.68641901;
 0, 0, 0, 1]
Ow:
[0.25965986;
 0.06400013;
 0.70767891]
Keyframe: 109 Frame: 1166 Frame from vFrameID : 1167
Tcw:
[0.99408942, -0.098716788, -0.045180071, 0.26107776;
 0.10100651, 0.99354875, 0.051561784, 0.065348521;
 0.039798588, -0.055820502, 0.99764729, 0.71174252;
 0, 0, 0, 1]
Twc:
[0.99408942, 0.10100651, 0.039798588, -0.29446158;
 -0.098716788, 0.99354875, -0.055820502, 0.00057563896;
 -0.045180071, 0.051561784, 0.99764729, -0.70164198;
 0, 0, 0, 1]
Ow:
[0.26107776;
 0.065348521;
 0.71174252]
Keyframe: 110 Frame: 1173 Frame from vFrameID : 1174
Tcw:
[0.99450552, -0.10462028, -0.0036588658, 0.26216683;
 0.10465853, 0.99287915, 0.056899603, 0.066233024;
 -0.0023200409, -0.056969903, 0.99837321, 0.71533763;
 0, 0, 0, 1]
Twc:
[0.99450552, 0.10465853, -0.0023200409, -0.2659986;
 -0.10462028, 0.99287915, -0.056969903, 0.0024192969;
 -0.0036588658, 0.056899603, 0.99837321, -0.71698332;
 0, 0, 0, 1]
Ow:
[0.26216683;
 0.066233024;
 0.71533763]
Keyframe: 111 Frame: 1180 Frame from vFrameID : 1181
Tcw:
[0.9944728, -0.099101678, -0.034680136, 0.26437977;
 0.10103751, 0.9931069, 0.059414197, 0.067132816;
 0.028553037, -0.062589794, 0.99763083, 0.71878099;
 0, 0, 0, 1]
Twc:
[0.9944728, 0.10103751, 0.028553037, -0.29022482;
 -0.099101678, 0.9931069, -0.062589794, 0.0045187725;
 -0.034680136, 0.059414197, 0.99763083, -0.71189797;
 0, 0, 0, 1]
Ow:
[0.26437977;
 0.067132816;
 0.71878099]
Keyframe: 112 Frame: 1188 Frame from vFrameID : 1189
Tcw:
[0.98921621, -0.10317576, -0.10395203, 0.26612398;
 0.10918798, 0.99255896, 0.053895053, 0.067801915;
 0.09761785, -0.06466417, 0.99312097, 0.72150815;
 0, 0, 0, 1]
Twc:
[0.98921621, 0.10918798, 0.09761785, -0.34108937;
 -0.10317576, 0.99255896, -0.06466417, 0.0068158675;
 -0.10395203, 0.053895053, 0.99312097, -0.69253492;
 0, 0, 0, 1]
Ow:
[0.26612398;
 0.067801915;
 0.72150815]
Keyframe: 113 Frame: 1195 Frame from vFrameID : 1196
Tcw:
[0.98725092, -0.08942385, -0.13167766, 0.26788405;
 0.096212469, 0.99429196, 0.046115898, 0.067980513;
 0.12680216, -0.058196995, 0.99021935, 0.72623372;
 0, 0, 0, 1]
Twc:
[0.98725092, 0.096212469, 0.12680216, -0.36309737;
 -0.08942385, 0.99429196, -0.058196995, -0.0013726299;
 -0.13167766, 0.046115898, 0.99021935, -0.68699133;
 0, 0, 0, 1]
Ow:
[0.26788405;
 0.067980513;
 0.72623372]
Keyframe: 114 Frame: 1203 Frame from vFrameID : 1204
Tcw:
[0.98304325, -0.12772915, -0.13157223, 0.26836351;
 0.13437833, 0.98999989, 0.042925928, 0.06884741;
 0.12477361, -0.059878498, 0.99037677, 0.73020852;
 0, 0, 0, 1]
Twc:
[0.98304325, 0.13437833, 0.12477361, -0.36417526;
 -0.12772915, 0.98999989, -0.059878498, 0.0098426947;
 -0.13157223, 0.042925928, 0.99037677, -0.69082767;
 0, 0, 0, 1]
Ow:
[0.26836351;
 0.06884741;
 0.73020852]
Keyframe: 115 Frame: 1210 Frame from vFrameID : 1211
Tcw:
[0.99165505, -0.1133661, -0.061387114, 0.27037182;
 0.11684076, 0.99155253, 0.0563193, 0.069908582;
 0.05448385, -0.063021839, 0.99652386, 0.73403871;
 0, 0, 0, 1]
Twc:
[0.99165505, 0.11684076, 0.05448385, -0.31627703;
 -0.1133661, 0.99155253, -0.063021839, 0.0075934394;
 -0.061387114, 0.0563193, 0.99652386, -0.71882689;
 0, 0, 0, 1]
Ow:
[0.27037182;
 0.069908582;
 0.73403871]
Keyframe: 116 Frame: 1217 Frame from vFrameID : 1218
Tcw:
[0.99107736, -0.10744045, -0.078880906, 0.27211595;
 0.11123464, 0.99275738, 0.045382641, 0.070940584;
 0.073433667, -0.053751998, 0.9958505, 0.7369892;
 0, 0, 0, 1]
Twc:
[0.99107736, 0.11123464, 0.073433667, -0.33169883;
 -0.10744045, 0.99275738, -0.053751998, -0.0015758828;
 -0.078880906, 0.045382641, 0.9958505, -0.71568578;
 0, 0, 0, 1]
Ow:
[0.27211595;
 0.070940584;
 0.7369892]
Keyframe: 117 Frame: 1224 Frame from vFrameID : 1225
Tcw:
[0.99019527, -0.092126101, -0.10500543, 0.27374309;
 0.096227825, 0.99475503, 0.034678508, 0.071549103;
 0.10125989, -0.044442937, 0.9938668, 0.73969507;
 0, 0, 0, 1]
Twc:
[0.99019527, 0.096227825, 0.10125989, -0.35284555;
 -0.092126101, 0.99475503, -0.044442937, -0.013080725;
 -0.10500543, 0.034678508, 0.9938668, -0.70889515;
 0, 0, 0, 1]
Ow:
[0.27374309;
 0.071549103;
 0.73969507]
Keyframe: 118 Frame: 1231 Frame from vFrameID : 1232
Tcw:
[0.99132323, -0.099907994, -0.085420653, 0.27455759;
 0.10304029, 0.99412727, 0.033071179, 0.072704762;
 0.081614926, -0.041585997, 0.99579597, 0.74317241;
 0, 0, 0, 1]
Twc:
[0.99132323, 0.10304029, 0.081614926, -0.3403208;
 -0.099907994, 0.99412727, -0.041585997, -0.013941719;
 -0.085420653, 0.033071179, 0.99579597, -0.71899962;
 0, 0, 0, 1]
Ow:
[0.27455759;
 0.072704762;
 0.74317241]
Keyframe: 119 Frame: 1239 Frame from vFrameID : 1240
Tcw:
[0.99222296, -0.11620171, -0.044618197, 0.27553612;
 0.11942984, 0.98975754, 0.078208208, 0.07355205;
 0.035073269, -0.082928725, 0.99593812, 0.74728984;
 0, 0, 0, 1]
Twc:
[0.99222296, 0.11942984, 0.035073269, -0.30838746;
 -0.11620171, 0.98975754, -0.082928725, 0.021190863;
 -0.044618197, 0.078208208, 0.99593812, -0.73771286;
 0, 0, 0, 1]
Ow:
[0.27553612;
 0.07355205;
 0.74728984]
Keyframe: 120 Frame: 1246 Frame from vFrameID : 1247
Tcw:
[0.99342829, -0.11418208, -0.0079157734, 0.27657878;
 0.11445029, 0.99169832, 0.058613412, 0.074142531;
 0.0011574576, -0.059134185, 0.99824935, 0.75074893;
 0, 0, 0, 1]
Twc:
[0.99342829, 0.11445029, 0.0011574576, -0.28411579;
 -0.11418208, 0.99169832, -0.059134185, 0.0024482487;
 -0.0079157734, 0.058613412, 0.99824935, -0.75159109;
 0, 0, 0, 1]
Ow:
[0.27657878;
 0.074142531;
 0.75074893]
Keyframe: 121 Frame: 1254 Frame from vFrameID : 1255
Tcw:
[0.99274421, -0.093889289, -0.075125128, 0.27865025;
 0.097668014, 0.99404597, 0.048307192, 0.074854642;
 0.070142299, -0.055294007, 0.99600333, 0.75385565;
 0, 0, 0, 1]
Twc:
[0.99274421, 0.097668014, 0.070142299, -0.33681649;
 -0.093889289, 0.99404597, -0.055294007, -0.006562979;
 -0.075125128, 0.048307192, 0.99600333, -0.7335251;
 0, 0, 0, 1]
Ow:
[0.27865025;
 0.074854642;
 0.75385565]
Keyframe: 122 Frame: 1262 Frame from vFrameID : 1263
Tcw:
[0.99192166, -0.084102556, -0.094963908, 0.28024557;
 0.091712274, 0.99266034, 0.078831203, 0.075901777;
 0.087637, -0.086903736, 0.99235451, 0.75703096;
 0, 0, 0, 1]
Twc:
[0.99192166, 0.091712274, 0.087637, -0.35128671;
 -0.084102556, 0.99266034, -0.086903736, 0.014013514;
 -0.094963908, 0.078831203, 0.99235451, -0.73061335;
 0, 0, 0, 1]
Ow:
[0.28024557;
 0.075901777;
 0.75703096]
Keyframe: 123 Frame: 1268 Frame from vFrameID : 1269
Tcw:
[0.99219847, -0.0971369, -0.078145035, 0.28093317;
 0.10140704, 0.99345022, 0.052661482, 0.076677807;
 0.072517827, -0.060175098, 0.99555016, 0.76001424;
 0, 0, 0, 1]
Twc:
[0.99219847, 0.10140704, 0.072517827, -0.34163171;
 -0.0971369, 0.99345022, -0.060175098, -0.0031526715;
 -0.078145035, 0.052661482, 0.99555016, -0.73871678;
 0, 0, 0, 1]
Ow:
[0.28093317;
 0.076677807;
 0.76001424]
Keyframe: 124 Frame: 1275 Frame from vFrameID : 1276
Tcw:
[0.99121493, -0.10675363, -0.078080975, 0.28147805;
 0.10930282, 0.99358171, 0.029125189, 0.077326171;
 0.074470609, -0.037403792, 0.99652147, 0.76275104;
 0, 0, 0, 1]
Twc:
[0.99121493, 0.10930282, 0.074470609, -0.34425974;
 -0.10675363, 0.99358171, -0.037403792, -0.018251281;
 -0.078080975, 0.029125189, 0.99652147, -0.74037188;
 0, 0, 0, 1]
Ow:
[0.28147805;
 0.077326171;
 0.76275104]
Keyframe: 125 Frame: 1282 Frame from vFrameID : 1283
Tcw:
[0.99254245, -0.1073182, -0.057812892, 0.28265363;
 0.1095488, 0.99329638, 0.036895782, 0.077593163;
 0.05346575, -0.042953964, 0.99764544, 0.76506662;
 0, 0, 0, 1]
Twc:
[0.99254245, 0.1095488, 0.05346575, -0.32995081;
 -0.1073182, 0.99329638, -0.042953964, -0.013876488;
 -0.057812892, 0.036895782, 0.99764544, -0.74978703;
 0, 0, 0, 1]
Ow:
[0.28265363;
 0.077593163;
 0.76506662]
Keyframe: 126 Frame: 1290 Frame from vFrameID : 1291
Tcw:
[0.99244887, -0.082865722, -0.090435021, 0.28223413;
 0.082712583, 0.99655855, -0.0054462655, 0.077409297;
 0.090575106, -0.0020749744, 0.99588746, 0.7650547;
 0, 0, 0, 1]
Twc:
[0.99244887, 0.082712583, 0.090575106, -0.3558006;
 -0.082865722, 0.99655855, -0.0020749744, -0.052167892;
 -0.090435021, -0.0054462655, 0.99588746, -0.73596293;
 0, 0, 0, 1]
Ow:
[0.28223413;
 0.077409297;
 0.7650547]
Keyframe: 127 Frame: 1297 Frame from vFrameID : 1298
Tcw:
[0.99202764, -0.077742748, -0.099182695, 0.28622088;
 0.082601212, 0.99552733, 0.04585129, 0.078410789;
 0.095174477, -0.05367836, 0.9940123, 0.77156115;
 0, 0, 0, 1]
Twc:
[0.99202764, 0.082601212, 0.095174477, -0.36384878;
 -0.077742748, 0.99552733, -0.05367836, -0.01439235;
 -0.099182695, 0.04585129, 0.9940123, -0.74214834;
 0, 0, 0, 1]
Ow:
[0.28622088;
 0.078410789;
 0.77156115]
Keyframe: 128 Frame: 1305 Frame from vFrameID : 1306
Tcw:
[0.99379325, -0.087203309, -0.069069058, 0.2866568;
 0.089200065, 0.99566466, 0.026367351, 0.079680398;
 0.066470303, -0.032364659, 0.99726337, 0.77529335;
 0, 0, 0, 1]
Twc:
[0.99379325, 0.089200065, 0.066470303, -0.34351909;
 -0.087203309, 0.99566466, -0.032364659, -0.029245423;
 -0.069069058, 0.026367351, 0.99726337, -0.75547349;
 0, 0, 0, 1]
Ow:
[0.2866568;
 0.079680398;
 0.77529335]
Keyframe: 129 Frame: 1311 Frame from vFrameID : 1312
Tcw:
[0.99590558, -0.083163336, -0.035439722, 0.28706217;
 0.084475391, 0.9957276, 0.037288122, 0.07986097;
 0.032187305, -0.040129233, 0.99867594, 0.77814716;
 0, 0, 0, 1]
Twc:
[0.99590558, 0.084475391, 0.032187305, -0.31767955;
 -0.083163336, 0.9957276, -0.040129233, -0.02442028;
 -0.035439722, 0.037288122, 0.99867594, -0.7699213;
 0, 0, 0, 1]
Ow:
[0.28706217;
 0.07986097;
 0.77814716]
Keyframe: 130 Frame: 1317 Frame from vFrameID : 1318
Tcw:
[0.99482447, -0.10056489, -0.014524092, 0.2872752;
 0.10103241, 0.99422538, 0.03617065, 0.08048974;
 0.010802723, -0.037450854, 0.9992401, 0.78009623;
 0, 0, 0, 1]
Twc:
[0.99482447, 0.10103241, 0.010802723, -0.30234763;
 -0.10056489, 0.99422538, -0.037450854, -0.021919876;
 -0.014524092, 0.03617065, 0.9992401, -0.77824235;
 0, 0, 0, 1]
Ow:
[0.2872752;
 0.08048974;
 0.78009623]
Keyframe: 131 Frame: 1323 Frame from vFrameID : 1324
Tcw:
[0.993545, -0.11120936, -0.022378884, 0.28763497;
 0.1119707, 0.99304962, 0.036262784, 0.081129;
 0.018190581, -0.038534485, 0.99909168, 0.78276736;
 0, 0, 0, 1]
Twc:
[0.993545, 0.1119707, 0.018190581, -0.30910134;
 -0.11120936, 0.99304962, -0.038534485, -0.018413883;
 -0.022378884, 0.036262784, 0.99909168, -0.77856135;
 0, 0, 0, 1]
Ow:
[0.28763497;
 0.081129;
 0.78276736]
Keyframe: 132 Frame: 1331 Frame from vFrameID : 1332
Tcw:
[0.99474627, -0.093806937, -0.040989343, 0.28919178;
 0.095738471, 0.99424773, 0.048016224, 0.08167915;
 0.036249306, -0.051688217, 0.99800515, 0.78599125;
 0, 0, 0, 1]
Twc:
[0.99474627, 0.095738471, 0.036249306, -0.32398391;
 -0.093806937, 0.99424773, -0.051688217, -0.013454627;
 -0.040989343, 0.048016224, 0.99800515, -0.77649152;
 0, 0, 0, 1]
Ow:
[0.28919178;
 0.08167915;
 0.78599125]
Keyframe: 133 Frame: 1339 Frame from vFrameID : 1340
Tcw:
[0.99555397, -0.078809753, -0.051588204, 0.29025808;
 0.080195926, 0.99645615, 0.025372284, 0.082557179;
 0.049405802, -0.02939664, 0.99834609, 0.78895354;
 0, 0, 0, 1]
Twc:
[0.99555397, 0.080195926, 0.049405802, -0.33456722;
 -0.078809753, 0.99645615, -0.02939664, -0.036196858;
 -0.051588204, 0.025372284, 0.99834609, -0.77476943;
 0, 0, 0, 1]
Ow:
[0.29025808;
 0.082557179;
 0.78895354]
Keyframe: 134 Frame: 1346 Frame from vFrameID : 1347
Tcw:
[0.99473405, -0.088659793, -0.051415708, 0.29072624;
 0.090497173, 0.99529624, 0.034578208, 0.083358511;
 0.048108164, -0.039049096, 0.99807853, 0.79188591;
 0, 0, 0, 1]
Twc:
[0.99473405, 0.090497173, 0.048108164, -0.33483517;
 -0.088659793, 0.99529624, -0.039049096, -0.026268251;
 -0.051415708, 0.034578208, 0.99807853, -0.77829885;
 0, 0, 0, 1]
Ow:
[0.29072624;
 0.083358511;
 0.79188591]
Keyframe: 135 Frame: 1353 Frame from vFrameID : 1354
Tcw:
[0.99424535, -0.10602815, -0.015302492, 0.29160649;
 0.10629451, 0.99417555, 0.017789053, 0.083726853;
 0.013327223, -0.019313255, 0.99972463, 0.79474145;
 0, 0, 0, 1]
Twc:
[0.99424535, 0.10629451, 0.013327223, -0.30941981;
 -0.10602815, 0.99417555, -0.019313255, -0.036971647;
 -0.015302492, 0.017789053, 0.99972463, -0.79154974;
 0, 0, 0, 1]
Ow:
[0.29160649;
 0.083726853;
 0.79474145]
Keyframe: 136 Frame: 1361 Frame from vFrameID : 1362
Tcw:
[0.99332261, -0.10127968, -0.055250064, 0.29313782;
 0.101673, 0.99480838, 0.00434775, 0.08411292;
 0.054522887, -0.0099361585, 0.99846309, 0.79779369;
 0, 0, 0, 1]
Twc:
[0.99332261, 0.101673, 0.054522887, -0.34323049;
 -0.10127968, 0.99480838, -0.0099361585, -0.046060324;
 -0.055250064, 0.00434775, 0.99846309, -0.78073734;
 0, 0, 0, 1]
Ow:
[0.29313782;
 0.08411292;
 0.79779369]
Keyframe: 137 Frame: 1369 Frame from vFrameID : 1370
Tcw:
[0.99369603, -0.089892276, -0.066989705, 0.29439625;
 0.091623642, 0.99552268, 0.023231165, 0.084992237;
 0.064601466, -0.029222557, 0.99748319, 0.79996139;
 0, 0, 0, 1]
Twc:
[0.99369603, 0.091623642, 0.064601466, -0.35200638;
 -0.089892276, 0.99552268, -0.029222557, -0.034770839;
 -0.066989705, 0.023231165, 0.99748319, -0.78020096;
 0, 0, 0, 1]
Ow:
[0.29439625;
 0.084992237;
 0.79996139]
Keyframe: 138 Frame: 1377 Frame from vFrameID : 1378
Tcw:
[0.99464923, -0.09138383, -0.048186183, 0.29526207;
 0.09297438, 0.99515843, 0.0318661, 0.085737616;
 0.045040842, -0.036175672, 0.99832994, 0.80316919;
 0, 0, 0, 1]
Twc:
[0.99464923, 0.09297438, 0.045040842, -0.33782899;
 -0.09138383, 0.99515843, -0.036175672, -0.029285148;
 -0.048186183, 0.0318661, 0.99832994, -0.79033238;
 0, 0, 0, 1]
Ow:
[0.29526207;
 0.085737616;
 0.80316919]
Keyframe: 139 Frame: 1385 Frame from vFrameID : 1386
Tcw:
[0.99582404, -0.091240913, 0.0030902405, 0.29677176;
 0.091158107, 0.99562132, 0.020697942, 0.086803146;
 -0.0049652085, -0.020329809, 0.99978101, 0.80569607;
 0, 0, 0, 1]
Twc:
[0.99582404, 0.091158107, -0.0049652085, -0.29944482;
 -0.091240913, 0.99562132, -0.020329809, -0.042965695;
 0.0030902405, 0.020697942, 0.99978101, -0.80823332;
 0, 0, 0, 1]
Ow:
[0.29677176;
 0.086803146;
 0.80569607]
Keyframe: 140 Frame: 1393 Frame from vFrameID : 1394
Tcw:
[0.99509406, -0.096875861, -0.020072473, 0.29768637;
 0.097441427, 0.99480611, 0.029427562, 0.087308683;
 0.017117398, -0.031239083, 0.99936533, 0.80870402;
 0, 0, 0, 1]
Twc:
[0.99509406, 0.097441427, 0.017117398, -0.31857634;
 -0.096875861, 0.99480611, -0.031239083, -0.032753415;
 -0.020072473, 0.029427562, 0.99936533, -0.80478477;
 0, 0, 0, 1]
Ow:
[0.29768637;
 0.087308683;
 0.80870402]
Keyframe: 141 Frame: 1401 Frame from vFrameID : 1402
Tcw:
[0.99433947, -0.085766315, -0.062715217, 0.29912016;
 0.085288703, 0.99630344, -0.010258465, 0.087903649;
 0.063363217, 0.0048514972, 0.99797875, 0.81073618;
 0, 0, 0, 1]
Twc:
[0.99433947, 0.085288703, 0.063363217, -0.35629502;
 -0.085766315, 0.99630344, 0.0048514972, -0.065857567;
 -0.062715217, -0.010258465, 0.99797875, -0.78943634;
 0, 0, 0, 1]
Ow:
[0.29912016;
 0.087903649;
 0.81073618]
Keyframe: 142 Frame: 1409 Frame from vFrameID : 1410
Tcw:
[0.99854809, -0.050146453, -0.019672183, 0.30112612;
 0.050860975, 0.99799472, 0.037679285, 0.088689595;
 0.017743252, -0.038625125, 0.99909621, 0.81272978;
 0, 0, 0, 1]
Twc:
[0.99854809, 0.050860975, 0.017743252, -0.31962025;
 -0.050146453, 0.99799472, -0.038625125, -0.04201955;
 -0.019672183, 0.037679285, 0.99909621, -0.80941319;
 0, 0, 0, 1]
Ow:
[0.30112612;
 0.088689595;
 0.81272978]
Keyframe: 143 Frame: 1416 Frame from vFrameID : 1417
Tcw:
[0.9984231, -0.054345872, 0.01406762, 0.30111834;
 0.054248203, 0.9985013, 0.0072341636, 0.088769689;
 -0.014439683, -0.0064596129, 0.99987489, 0.81452656;
 0, 0, 0, 1]
Twc:
[0.9984231, 0.054248203, -0.014439683, -0.2936976;
 -0.054345872, 0.9985013, -0.0064596129, -0.067010574;
 0.01406762, 0.0072341636, 0.99987489, -0.81930286;
 0, 0, 0, 1]
Ow:
[0.30111834;
 0.088769689;
 0.81452656]
Keyframe: 144 Frame: 1424 Frame from vFrameID : 1425
Tcw:
[0.99676055, -0.077354893, 0.022014569, 0.30159745;
 0.077479094, 0.99698222, -0.0048444606, 0.089476161;
 -0.021573393, 0.0065344363, 0.99974591, 0.81599188;
 0, 0, 0, 1]
Twc:
[0.99676055, 0.077479094, -0.021573393, -0.28994927;
 -0.077354893, 0.99698222, 0.0065344363, -0.071208149;
 0.022014569, -0.0048444606, 0.99974591, -0.82199061;
 0, 0, 0, 1]
Ow:
[0.30159745;
 0.089476161;
 0.81599188]
Keyframe: 145 Frame: 1430 Frame from vFrameID : 1431
Tcw:
[0.99683756, -0.079447784, 0.001728882, 0.30151439;
 0.079425611, 0.99678624, 0.010428791, 0.089520633;
 -0.0025518702, -0.010258493, 0.99994415, 0.81727952;
 0, 0, 0, 1]
Twc:
[0.99683756, 0.079425611, -0.0025518702, -0.3055855;
 -0.079447784, 0.99678624, -0.010258493, -0.056894232;
 0.001728882, 0.010428791, 0.99994415, -0.81868869;
 0, 0, 0, 1]
Ow:
[0.30151439;
 0.089520633;
 0.81727952]
Keyframe: 146 Frame: 1436 Frame from vFrameID : 1437
Tcw:
[0.99723357, -0.063993424, -0.037815724, 0.30238962;
 0.062387642, 0.99715865, -0.04221905, 0.089821562;
 0.040410016, 0.039743021, 0.99839246, 0.81796259;
 0, 0, 0, 1]
Twc:
[0.99723357, 0.062387642, 0.040410016, -0.34021071;
 -0.063993424, 0.99715865, 0.039743021, -0.1027237;
 -0.037815724, -0.04221905, 0.99839246, -0.80142039;
 0, 0, 0, 1]
Ow:
[0.30238962;
 0.089821562;
 0.81796259]
Keyframe: 147 Frame: 1443 Frame from vFrameID : 1444
Tcw:
[0.99872565, -0.046714891, -0.019098399, 0.30309707;
 0.046371795, 0.99876153, -0.018029395, 0.089977629;
 0.019916987, 0.017120793, 0.99965501, 0.81867695;
 0, 0, 0, 1]
Twc:
[0.99872565, 0.046371795, 0.019916987, -0.32318884;
 -0.046714891, 0.99876153, 0.017120793, -0.089723445;
 -0.019098399, -0.018029395, 0.99965501, -0.81098366;
 0, 0, 0, 1]
Ow:
[0.30309707;
 0.089977629;
 0.81867695]
