Keyframe: 0 Frame: 0 Frame from vFrameID : 80
Tcw:
[0.99261093, 0.10162447, 0.06630256, 0.11248129;
 -0.029346932, 0.73125535, -0.68147224, -0.085583173;
 -0.11773836, 0.67449099, 0.72883439, 0.065801904;
 0, 0, 0, 1]
Twc:
[0.99261093, -0.029346932, -0.11773836, -0.10641436;
 0.10162447, 0.73125535, 0.67449099, 0.0067695118;
 0.06630256, -0.68147224, 0.72883439, -0.11373904;
 0, 0, 0, 1]
Ow:
[0.11248129;
 -0.085583173;
 0.065801904]
Keyframe: 1 Frame: 97 Frame from vFrameID : 80
Tcw:
[0.9924475, 0.10731914, 0.059418906, 0.11524451;
 -0.038555983, 0.73272771, -0.67942882, -0.084220037;
 -0.1164536, 0.67200649, 0.73133159, 0.064255811;
 0, 0, 0, 1]
Twc:
[0.9924475, -0.038555983, -0.1164536, -0.11013849;
 0.10731914, 0.73272771, 0.67200649, 0.0061620967;
 0.059418906, -0.67942882, 0.73133159, -0.11106153;
 0, 0, 0, 1]
Ow:
[0.11524451;
 -0.084220037;
 0.064255811]
Keyframe: 2 Frame: 101 Frame from vFrameID : 102
Tcw:
[0.99104226, 0.12483338, 0.047453467, 0.12695688;
 -0.061942082, 0.74446136, -0.66478604, -0.085279569;
 -0.11831477, 0.65589172, 0.74552512, 0.064117752;
 0, 0, 0, 1]
Twc:
[0.99104226, -0.061942082, -0.11831477, -0.12351596;
 0.12483338, 0.74446136, 0.65589172, 0.0055845845;
 0.047453467, -0.66478604, 0.74552512, -0.1105186;
 0, 0, 0, 1]
Ow:
[0.12695688;
 -0.085279569;
 0.064117752]
Keyframe: 3 Frame: 105 Frame from vFrameID : 106
Tcw:
[0.98918599, 0.14280568, 0.033431064, 0.13788001;
 -0.084447108, 0.74092102, -0.66626173, -0.089730404;
 -0.11991574, 0.65623361, 0.74496824, 0.06236884;
 0, 0, 0, 1]
Twc:
[0.98918599, -0.084447108, -0.11991574, -0.13648744;
 0.14280568, 0.74092102, 0.65623361, 0.0058645704;
 0.033431064, -0.66626173, 0.74496824, -0.11085621;
 0, 0, 0, 1]
Ow:
[0.13788001;
 -0.089730404;
 0.06236884]
Keyframe: 4 Frame: 109 Frame from vFrameID : 110
Tcw:
[0.9885056, 0.14061716, 0.055529054, 0.13728647;
 -0.066124663, 0.73243088, -0.67762274, -0.091844901;
 -0.13595657, 0.66616201, 0.73331028, 0.063089803;
 0, 0, 0, 1]
Twc:
[0.9885056, -0.066124663, -0.13595657, -0.13320419;
 0.14061716, 0.73243088, 0.66616201, 0.0059371805;
 0.055529054, -0.67762274, 0.73331028, -0.11612398;
 0, 0, 0, 1]
Ow:
[0.13728647;
 -0.091844901;
 0.063089803]
Keyframe: 5 Frame: 113 Frame from vFrameID : 114
Tcw:
[0.9887628, 0.13335529, 0.067561477, 0.13395911;
 -0.052679487, 0.73376197, -0.67736119, -0.090999849;
 -0.13990374, 0.66619045, 0.73254162, 0.063674286;
 0, 0, 0, 1]
Twc:
[0.9887628, -0.052679487, -0.13990374, -0.12833934;
 0.13335529, 0.73376197, 0.66619045, 0.0064888732;
 0.067561477, -0.67736119, 0.73254162, -0.11733431;
 0, 0, 0, 1]
Ow:
[0.13395911;
 -0.090999849;
 0.063674286]
Keyframe: 6 Frame: 117 Frame from vFrameID : 118
Tcw:
[0.98875952, 0.12922968, 0.075195037, 0.13090095;
 -0.043542974, 0.73001564, -0.68204188, -0.09340217;
 -0.14303361, 0.67110121, 0.72743696, 0.065697968;
 0, 0, 0, 1]
Twc:
[0.98875952, -0.043542974, -0.14303361, -0.12409955;
 0.12922968, 0.73001564, 0.67110121, 0.0071787727;
 0.075195037, -0.68204188, 0.72743696, -0.12133843;
 0, 0, 0, 1]
Ow:
[0.13090095;
 -0.09340217;
 0.065697968]
Keyframe: 7 Frame: 121 Frame from vFrameID : 122
Tcw:
[0.98872644, 0.10727783, 0.10445806, 0.11744947;
 -0.0070347972, 0.73013914, -0.68326229, -0.092197701;
 -0.14956781, 0.67482466, 0.72266257, 0.068160333;
 0, 0, 0, 1]
Twc:
[0.98872644, -0.0070347972, -0.14956781, -0.1065794;
 0.10727783, 0.73013914, 0.67482466, 0.0087211505;
 0.10445806, -0.68326229, 0.72266257, -0.12452067;
 0, 0, 0, 1]
Ow:
[0.11744947;
 -0.092197701;
 0.068160333]
Keyframe: 8 Frame: 125 Frame from vFrameID : 126
Tcw:
[0.98897719, 0.098186895, 0.11083052, 0.10715088;
 0.0050224802, 0.72583604, -0.6878494, -0.090789452;
 -0.14798258, 0.68082404, 0.7173422, 0.069441691;
 0, 0, 0, 1]
Twc:
[0.98897719, 0.0050224802, -0.14798258, -0.095237643;
 0.098186895, 0.72583604, 0.68082404, 0.0080998763;
 0.11083052, -0.6878494, 0.7173422, -0.12413851;
 0, 0, 0, 1]
Ow:
[0.10715088;
 -0.090789452;
 0.069441691]
Keyframe: 9 Frame: 130 Frame from vFrameID : 131
Tcw:
[0.99277139, 0.071763501, 0.096203059, 0.091959536;
 0.015425251, 0.71861416, -0.69523793, -0.088728808;
 -0.11902558, 0.69169623, 0.71231258, 0.071378328;
 0, 0, 0, 1]
Twc:
[0.99277139, 0.015425251, -0.11902558, -0.081430279;
 0.071763501, 0.71861416, 0.69169623, 0.0077903154;
 0.096203059, -0.69523793, 0.71231258, -0.1213781;
 0, 0, 0, 1]
Ow:
[0.091959536;
 -0.088728808;
 0.071378328]
Keyframe: 10 Frame: 136 Frame from vFrameID : 137
Tcw:
[0.99877769, 0.029495073, 0.039663035, 0.077959888;
 0.0064009633, 0.7185027, -0.69549471, -0.084677391;
 -0.049011666, 0.69489849, 0.71743566, 0.071119338;
 0, 0, 0, 1]
Twc:
[0.99877769, 0.0064009633, -0.049011666, -0.0738369;
 0.029495073, 0.7185027, 0.69489849, 0.0091207782;
 0.039663035, -0.69549471, 0.71743566, -0.11300835;
 0, 0, 0, 1]
Ow:
[0.077959888;
 -0.084677391;
 0.071119338]
Keyframe: 11 Frame: 143 Frame from vFrameID : 144
Tcw:
[0.99993885, -0.011023567, -0.00086646498, 0.069148503;
 0.0073270723, 0.71923894, -0.69472414, -0.082550183;
 0.0082815336, 0.69467533, 0.71927571, 0.068810344;
 0, 0, 0, 1]
Twc:
[0.99993885, 0.0073270723, 0.0082815336, -0.069109276;
 -0.011023567, 0.71923894, 0.69467533, 0.01233472;
 -0.00086646498, -0.69472414, 0.71927571, -0.1067833;
 0, 0, 0, 1]
Ow:
[0.069148503;
 -0.082550183;
 0.068810344]
Keyframe: 12 Frame: 150 Frame from vFrameID : 151
Tcw:
[0.99992889, -0.011886567, -0.00093594147, 0.069875889;
 0.0079384148, 0.72225487, -0.69158143, -0.082113907;
 0.0088965176, 0.69152486, 0.72229785, 0.068495266;
 0, 0, 0, 1]
Twc:
[0.99992889, 0.0079384148, 0.0088965176, -0.069828428;
 -0.011886567, 0.72225487, 0.69152486, 0.012771568;
 -0.00093594147, -0.69158143, 0.72229785, -0.10619704;
 0, 0, 0, 1]
Ow:
[0.069875889;
 -0.082113907;
 0.068495266]
Keyframe: 13 Frame: 157 Frame from vFrameID : 158
Tcw:
[0.99935341, 0.027845254, 0.022746054, 0.082300641;
 -0.0038521956, 0.71191072, -0.70225942, -0.084721804;
 -0.035747752, 0.70171773, 0.71155769, 0.077015594;
 0, 0, 0, 1]
Twc:
[0.99935341, -0.0038521956, -0.035747752, -0.079820663;
 0.027845254, 0.71191072, 0.70171773, 0.0039794669;
 0.022746054, -0.70225942, 0.71155769, -0.11616974;
 0, 0, 0, 1]
Ow:
[0.082300641;
 -0.084721804;
 0.077015594]
Keyframe: 14 Frame: 165 Frame from vFrameID : 166
Tcw:
[0.99450475, 0.080620095, 0.066788867, 0.094656259;
 -0.013729276, 0.73288035, -0.68021899, -0.093456514;
 -0.10378757, 0.67556405, 0.72995985, 0.082036503;
 0, 0, 0, 1]
Twc:
[0.99450475, -0.013729276, -0.10378757, -0.086904816;
 0.080620095, 0.73288035, 0.67556405, 0.005440339;
 0.066788867, -0.68021899, 0.72995985, -0.12977624;
 0, 0, 0, 1]
Ow:
[0.094656259;
 -0.093456514;
 0.082036503]
Keyframe: 15 Frame: 174 Frame from vFrameID : 175
Tcw:
[0.99151492, 0.097788177, 0.085648529, 0.098165959;
 -0.012356788, 0.72678721, -0.68675148, -0.090783618;
 -0.12940444, 0.67986602, 0.7218287, 0.089075573;
 0, 0, 0, 1]
Twc:
[0.99151492, -0.012356788, -0.12940444, -0.086928032;
 0.097788177, 0.72678721, 0.67986602, -0.0041785529;
 0.085648529, -0.68675148, 0.7218287, -0.13505086;
 0, 0, 0, 1]
Ow:
[0.098165959;
 -0.090783618;
 0.089075573]
Keyframe: 16 Frame: 183 Frame from vFrameID : 184
Tcw:
[0.99406874, 0.09671852, 0.049727932, 0.095197961;
 -0.036751553, 0.72910768, -0.68341154, -0.093625896;
 -0.10235557, 0.67753047, 0.72833771, 0.097563058;
 0, 0, 0, 1]
Twc:
[0.99406874, -0.036751553, -0.10235557, -0.088088095;
 0.09671852, 0.72910768, 0.67753047, -0.0070459894;
 0.049727932, -0.68341154, 0.72833771, -0.13977787;
 0, 0, 0, 1]
Ow:
[0.095197961;
 -0.093625896;
 0.097563058]
Keyframe: 17 Frame: 192 Frame from vFrameID : 193
Tcw:
[0.99566507, 0.088862643, 0.027468432, 0.093125805;
 -0.041789003, 0.69122785, -0.72142756, -0.10001093;
 -0.083094902, 0.71715236, 0.6919449, 0.10731499;
 0, 0, 0, 1]
Twc:
[0.99566507, -0.041789003, -0.083094902, -0.087984137;
 0.088862643, 0.69122785, 0.71715236, -0.016106257;
 0.027468432, -0.72142756, 0.6919449, -0.14896472;
 0, 0, 0, 1]
Ow:
[0.093125805;
 -0.10001093;
 0.10731499]
Keyframe: 18 Frame: 202 Frame from vFrameID : 203
Tcw:
[0.99557728, 0.078852817, 0.051069867, 0.13492329;
 -0.015175383, 0.67144942, -0.74089503, -0.076665789;
 -0.092712492, 0.73684323, 0.66967636, 0.296424;
 0, 0, 0, 1]
Twc:
[0.99557728, -0.015175383, -0.092712492, -0.10800779;
 0.078852817, 0.67144942, 0.73684323, -0.17757991;
 0.051069867, -0.74089503, 0.66967636, -0.26219997;
 0, 0, 0, 1]
Ow:
[0.13492329;
 -0.076665789;
 0.296424]
Keyframe: 19 Frame: 212 Frame from vFrameID : 213
Tcw:
[0.99050516, 0.12173255, 0.063880391, 0.1875734;
 -0.03402831, 0.66730458, -0.74400717, -0.078392625;
 -0.13319756, 0.73476923, 0.66511101, 0.40966171;
 0, 0, 0, 1]
Twc:
[0.99050516, -0.03402831, -0.13319756, -0.13389406;
 0.12173255, 0.66730458, 0.73476923, -0.27152884;
 0.063880391, -0.74400717, 0.66511101, -0.34277743;
 0, 0, 0, 1]
Ow:
[0.1875734;
 -0.078392625;
 0.40966171]
Keyframe: 20 Frame: 222 Frame from vFrameID : 223
Tcw:
[0.99815083, 0.05347269, 0.028907595, 0.17151804;
 -0.015546669, 0.68431491, -0.72902089, -0.049222291;
 -0.058764607, 0.72722334, 0.68388081, 0.49133545;
 0, 0, 0, 1]
Twc:
[0.99815083, -0.015546669, -0.058764607, -0.14309298;
 0.05347269, 0.68431491, 0.72722334, -0.3327986;
 0.028907595, -0.72902089, 0.68388081, -0.3768571;
 0, 0, 0, 1]
Ow:
[0.17151804;
 -0.049222291;
 0.49133545]
Keyframe: 21 Frame: 233 Frame from vFrameID : 234
Tcw:
[0.99739581, 0.065577611, 0.030019846, 0.23227665;
 -0.023511387, 0.68913764, -0.72424895, -0.11267227;
 -0.068182327, 0.7216571, 0.68888479, 0.59777868;
 0, 0, 0, 1]
Twc:
[0.99739581, -0.023511387, -0.068182327, -0.1935629;
 0.065577611, 0.68913764, 0.7216571, -0.36897668;
 0.030019846, -0.72424895, 0.68888479, -0.50037634;
 0, 0, 0, 1]
Ow:
[0.23227665;
 -0.11267227;
 0.59777868]
Keyframe: 22 Frame: 245 Frame from vFrameID : 246
Tcw:
[0.99877226, 0.048460055, 0.010272796, 0.29302004;
 -0.025627609, 0.682944, -0.73002106, -0.051029801;
 -0.042392608, 0.72886151, 0.68334746, 0.6509757;
 0, 0, 0, 1]
Twc:
[0.99877226, -0.025627609, -0.042392608, -0.26637152;
 0.048460055, 0.682944, 0.72886151, -0.45382041;
 0.010272796, -0.73002106, 0.68334746, -0.48510554;
 0, 0, 0, 1]
Ow:
[0.29302004;
 -0.051029801;
 0.6509757]
Keyframe: 23 Frame: 255 Frame from vFrameID : 256
Tcw:
[0.99912184, 0.022352343, -0.035439152, 0.32618886;
 -0.041149959, 0.68273431, -0.72950709, -0.082353204;
 0.0078893322, 0.73032475, 0.68305451, 0.7949546;
 0, 0, 0, 1]
Twc:
[0.99912184, -0.041149959, 0.0078893322, -0.33556291;
 0.022352343, 0.68273431, 0.73032475, -0.53164077;
 -0.035439152, -0.72950709, 0.68305451, -0.59151477;
 0, 0, 0, 1]
Ow:
[0.32618886;
 -0.082353204;
 0.7949546]
Keyframe: 24 Frame: 266 Frame from vFrameID : 267
Tcw:
[0.9987936, 0.049066093, 0.0019783603, 0.35075033;
 -0.030383812, 0.64914137, -0.76006073, 0.0054750741;
 -0.038577445, 0.75908369, 0.64984906, 0.8700099;
 0, 0, 0, 1]
Twc:
[0.9987936, -0.030383812, -0.038577445, -0.31659806;
 0.049066093, 0.64914137, 0.75908369, -0.68117428;
 0.0019783603, -0.76006073, 0.64984906, -0.56190759;
 0, 0, 0, 1]
Ow:
[0.35075033;
 0.0054750741;
 0.8700099]
Keyframe: 25 Frame: 278 Frame from vFrameID : 279
Tcw:
[0.99978709, 0.013153528, -0.015897911, 0.3609609;
 -0.020629046, 0.65393579, -0.7562688, -0.057807297;
 0.00044861017, 0.75643569, 0.65406787, 1.0242378;
 0, 0, 0, 1]
Twc:
[0.99978709, -0.020629046, 0.00044861017, -0.36253604;
 0.013153528, 0.65393579, 0.75643569, -0.74171567;
 -0.015897911, -0.7562688, 0.65406787, -0.70790035;
 0, 0, 0, 1]
Ow:
[0.3609609;
 -0.057807297;
 1.0242378]
Keyframe: 26 Frame: 283 Frame from vFrameID : 284
Tcw:
[0.99872208, -0.00095786294, -0.050530333, 0.42836651;
 -0.036897499, 0.66942632, -0.7419616, -0.071458519;
 0.034537032, 0.74287784, 0.66853547, 1.0919257;
 0, 0, 0, 1]
Twc:
[0.99872208, -0.036897499, 0.034537032, -0.4681676;
 -0.00095786294, 0.66942632, 0.74287784, -0.76292092;
 -0.050530333, -0.7419616, 0.66853547, -0.76136512;
 0, 0, 0, 1]
Ow:
[0.42836651;
 -0.071458519;
 1.0919257]
Keyframe: 27 Frame: 288 Frame from vFrameID : 289
Tcw:
[0.99802428, 0.011017024, -0.061855737, 0.46213269;
 -0.053824008, 0.65778857, -0.75127703, -0.054525852;
 0.032411158, 0.75312209, 0.65708196, 1.1520317;
 0, 0, 0, 1]
Twc:
[0.99802428, -0.053824008, 0.032411158, -0.50149316;
 0.011017024, 0.65778857, 0.75312209, -0.83684522;
 -0.061855737, -0.75127703, 0.65708196, -0.76935768;
 0, 0, 0, 1]
Ow:
[0.46213269;
 -0.054525852;
 1.1520317]
Keyframe: 28 Frame: 293 Frame from vFrameID : 294
Tcw:
[0.99746853, 0.037080396, -0.060676411, 0.51358569;
 -0.070203044, 0.64932209, -0.7572664, -0.031787813;
 0.011318793, 0.75960904, 0.65028149, 1.2215613;
 0, 0, 0, 1]
Twc:
[0.99746853, -0.070203044, 0.011318793, -0.52834374;
 0.037080396, 0.64932209, 0.75960904, -0.92631239;
 -0.060676411, -0.7572664, 0.65028149, -0.78726804;
 0, 0, 0, 1]
Ow:
[0.51358569;
 -0.031787813;
 1.2215613]
Keyframe: 29 Frame: 299 Frame from vFrameID : 300
Tcw:
[0.99677289, 0.066964947, -0.04426698, 0.52275777;
 -0.077780798, 0.66933155, -0.73888117, -0.069702804;
 -0.01984985, 0.73993981, 0.67238015, 1.2190582;
 0, 0, 0, 1]
Twc:
[0.99677289, -0.077780798, -0.01984985, -0.50229412;
 0.066964947, 0.66933155, 0.73993981, -0.89038187;
 -0.04426698, -0.73888117, 0.67238015, -0.8480317;
 0, 0, 0, 1]
Ow:
[0.52275777;
 -0.069702804;
 1.2190582]
Keyframe: 30 Frame: 303 Frame from vFrameID : 304
Tcw:
[0.99917334, 0.038788587, -0.012170696, 0.53543055;
 -0.034767501, 0.66016608, -0.75031459, -0.078344107;
 -0.02106896, 0.75011742, 0.66096896, 1.2610953;
 0, 0, 0, 1]
Twc:
[0.99917334, -0.034767501, -0.02106896, -0.51114178;
 0.038788587, 0.66016608, 0.75011742, -0.91501814;
 -0.012170696, -0.75031459, 0.66096896, -0.88581097;
 0, 0, 0, 1]
Ow:
[0.53543055;
 -0.078344107;
 1.2610953]
Keyframe: 31 Frame: 308 Frame from vFrameID : 309
Tcw:
[0.99967468, 0.01145984, -0.022785878, 0.50950849;
 -0.024743309, 0.65249503, -0.75738895, -0.077053428;
 0.006188116, 0.75770634, 0.65256631, 1.3567587;
 0, 0, 0, 1]
Twc:
[0.99967468, -0.024743309, 0.006188116, -0.51964509;
 0.01145984, 0.65249503, 0.75770634, -0.98358661;
 -0.022785878, -0.75738895, 0.65256631, -0.93212485;
 0, 0, 0, 1]
Ow:
[0.50950849;
 -0.077053428;
 1.3567587]
Keyframe: 32 Frame: 314 Frame from vFrameID : 315
Tcw:
[0.99823451, 0.011419536, -0.058287501, 0.55144656;
 -0.051281728, 0.66082472, -0.74878627, -0.083943903;
 0.029967029, 0.75045341, 0.66024363, 1.4268212;
 0, 0, 0, 1]
Twc:
[0.99823451, -0.051281728, 0.029967029, -0.59753537;
 0.011419536, 0.66082472, 0.75045341, -1.0215878;
 -0.058287501, -0.74878627, 0.66024363, -0.97276324;
 0, 0, 0, 1]
Ow:
[0.55144656;
 -0.083943903;
 1.4268212]
Keyframe: 33 Frame: 320 Frame from vFrameID : 321
Tcw:
[0.99840087, 0.018088555, -0.05355829, 0.56537902;
 -0.052312866, 0.65471447, -0.75406384, -0.11179656;
 0.021425463, 0.75565982, 0.65461379, 1.4977255;
 0, 0, 0, 1]
Twc:
[0.99840087, -0.052312866, 0.021425463, -0.60241276;
 0.018088555, 0.65471447, 0.75565982, -1.068803;
 -0.05355829, -0.75406384, 0.65461379, -1.0344527;
 0, 0, 0, 1]
Ow:
[0.56537902;
 -0.11179656;
 1.4977255]
Keyframe: 34 Frame: 326 Frame from vFrameID : 327
Tcw:
[0.99885118, 0.038679726, -0.028288463, 0.58055061;
 -0.046560369, 0.64372081, -0.7638427, -0.12330788;
 -0.011335353, 0.76428229, 0.64478225, 1.5620278;
 0, 0, 0, 1]
Twc:
[0.99885118, -0.046560369, -0.011335353, -0.56791878;
 0.038679726, 0.64372081, 0.76428229, -1.1369098;
 -0.028288463, -0.7638427, 0.64478225, -1.0849327;
 0, 0, 0, 1]
Ow:
[0.58055061;
 -0.12330788;
 1.5620278]
Keyframe: 35 Frame: 333 Frame from vFrameID : 334
Tcw:
[0.99884641, 0.046037193, 0.013652851, 0.57904583;
 -0.019138675, 0.6424377, -0.76609886, -0.037969112;
 -0.044040147, 0.76495379, 0.64257771, 1.6528848;
 0, 0, 0, 1]
Twc:
[0.99884641, -0.019138675, -0.044040147, -0.50631124;
 0.046037193, 0.6424377, 0.76495379, -1.2666454;
 0.013652851, -0.76609886, 0.64257771, -1.0991007;
 0, 0, 0, 1]
Ow:
[0.57904583;
 -0.037969112;
 1.6528848]
Keyframe: 36 Frame: 340 Frame from vFrameID : 341
Tcw:
[0.99911714, 0.010224937, -0.04074803, 0.68703622;
 -0.038276337, 0.62135154, -0.78259641, 0.063116729;
 0.017316854, 0.78346521, 0.62119436, 1.8317256;
 0, 0, 0, 1]
Twc:
[0.99911714, -0.038276337, 0.017316854, -0.71573347;
 0.010224937, 0.62135154, 0.78346521, -1.4813358;
 -0.04074803, -0.78259641, 0.62119436, -1.0604672;
 0, 0, 0, 1]
Ow:
[0.68703622;
 0.063116729;
 1.8317256]
Keyframe: 37 Frame: 348 Frame from vFrameID : 349
Tcw:
[0.99879801, 0.0063660718, -0.048600346, 0.71340227;
 -0.041248351, 0.64479077, -0.76324528, 0.013330758;
 0.026478183, 0.76433259, 0.64427835, 1.8968418;
 0, 0, 0, 1]
Twc:
[0.99879801, -0.041248351, 0.026478183, -0.76221985;
 0.0063660718, 0.64479077, 0.76433259, -1.462955;
 -0.048600346, -0.76324528, 0.64427835, -1.1772478;
 0, 0, 0, 1]
Ow:
[0.71340227;
 0.013330758;
 1.8968418]
Keyframe: 38 Frame: 356 Frame from vFrameID : 357
Tcw:
[0.99906081, 0.033770293, -0.02714953, 0.7219618;
 -0.04238398, 0.63138109, -0.77431357, -0.013320088;
 -0.0090070954, 0.77473706, 0.63221943, 1.8956809;
 0, 0, 0, 1]
Twc:
[0.99906081, -0.04238398, -0.0090070954, -0.70477372;
 0.033770293, 0.63138109, 0.77473706, -1.4846251;
 -0.02714953, -0.77431357, 0.63221943, -1.1891993;
 0, 0, 0, 1]
Ow:
[0.7219618;
 -0.013320088;
 1.8956809]
Keyframe: 39 Frame: 363 Frame from vFrameID : 364
Tcw:
[0.99840033, 0.054700345, 0.014305714, 0.73922342;
 -0.025128147, 0.6559394, -0.75439519, -0.043308437;
 -0.050649356, 0.7528289, 0.6562646, 1.9309564;
 0, 0, 0, 1]
Twc:
[0.99840033, -0.025128147, -0.050649356, -0.64132744;
 0.054700345, 0.6559394, 0.7528289, -1.4657079;
 0.014305714, -0.75439519, 0.6562646, -1.3104652;
 0, 0, 0, 1]
Ow:
[0.73922342;
 -0.043308437;
 1.9309564]
Keyframe: 40 Frame: 371 Frame from vFrameID : 372
Tcw:
[0.99986768, -0.011716817, -0.011285299, 0.76514256;
 -0.0011303501, 0.64200401, -0.76670045, -0.063629508;
 0.016228495, 0.76661175, 0.64190584, 2.0492754;
 0, 0, 0, 1]
Twc:
[0.99986768, -0.0011303501, 0.016228495, -0.79836982;
 -0.011716817, 0.64200401, 0.76661175, -1.5211831;
 -0.011285299, -0.76670045, 0.64190584, -1.3555917;
 0, 0, 0, 1]
Ow:
[0.76514256;
 -0.063629508;
 2.0492754]
Keyframe: 41 Frame: 379 Frame from vFrameID : 380
Tcw:
[0.99938911, -0.002768911, -0.034839008, 0.82263124;
 -0.024403507, 0.65830314, -0.75235724, -0.086908579;
 0.025017839, 0.75274783, 0.6578334, 2.1144271;
 0, 0, 0, 1]
Twc:
[0.99938911, -0.024403507, 0.025017839, -0.87714797;
 -0.002768911, 0.65830314, 0.75274783, -1.5321405;
 -0.034839008, -0.75235724, 0.6578334, -1.4276675;
 0, 0, 0, 1]
Ow:
[0.82263124;
 -0.086908579;
 2.1144271]
Keyframe: 42 Frame: 388 Frame from vFrameID : 389
Tcw:
[0.99914849, 0.04119936, 0.0022055998, 0.87857854;
 -0.025068508, 0.64867187, -0.76065522, -0.10709238;
 -0.032769222, 0.75995225, 0.64915234, 2.2395902;
 0, 0, 0, 1]
Twc:
[0.99914849, -0.025068508, -0.032769222, -0.80712545;
 0.04119936, 0.64867187, 0.75995225, -1.6687107;
 0.0022055998, -0.76065522, 0.64915234, -1.5372335;
 0, 0, 0, 1]
Ow:
[0.87857854;
 -0.10709238;
 2.2395902]
Keyframe: 43 Frame: 398 Frame from vFrameID : 399
Tcw:
[0.99977767, 0.016768867, 0.012784937, 0.9007259;
 -0.00072995591, 0.63346195, -0.77377349, -0.087698698;
 -0.021074077, 0.77359211, 0.63333333, 2.374449;
 0, 0, 0, 1]
Twc:
[0.99977767, -0.00072995591, -0.021074077, -0.85055029;
 0.016768867, 0.63346195, 0.77359211, -1.7964054;
 0.012784937, -0.77377349, 0.63333333, -1.5831925;
 0, 0, 0, 1]
Ow:
[0.9007259;
 -0.087698698;
 2.374449]
Keyframe: 44 Frame: 409 Frame from vFrameID : 410
Tcw:
[0.99958545, 0.003964243, -0.028517099, 0.93376207;
 -0.024129406, 0.65569896, -0.75463676, -0.1112597;
 0.015707068, 0.75501204, 0.65552276, 2.4568524;
 0, 0, 0, 1]
Twc:
[0.99958545, -0.024129406, 0.015707068, -0.97464961;
 0.003964243, 0.65569896, 0.75501204, -1.785702;
 -0.028517099, -0.75463676, 0.65552276, -1.6678553;
 0, 0, 0, 1]
Ow:
[0.93376207;
 -0.1112597;
 2.4568524]
Keyframe: 45 Frame: 419 Frame from vFrameID : 420
Tcw:
[0.99905199, 0.0098465346, 0.042405292, 0.94111252;
 0.02568618, 0.6531269, -0.75681269, -0.1986059;
 -0.035148021, 0.75718445, 0.65225482, 2.5693684;
 0, 0, 0, 1]
Twc:
[0.99905199, 0.02568618, -0.035148021, -0.84481066;
 0.0098465346, 0.6531269, 0.75718445, -1.8250377;
 0.042405292, -0.75681269, 0.65225482, -1.8660984;
 0, 0, 0, 1]
Ow:
[0.94111252;
 -0.1986059;
 2.5693684]
Keyframe: 46 Frame: 429 Frame from vFrameID : 430
Tcw:
[0.99914128, 0.039163675, 0.013524416, 0.98682112;
 -0.014506809, 0.63641846, -0.77120757, -0.1846379;
 -0.03881051, 0.77034914, 0.6364401, 2.6179922;
 0, 0, 0, 1]
Twc:
[0.99914128, -0.014506809, -0.03881051, -0.88704664;
 0.039163675, 0.63641846, 0.77034914, -1.9379084;
 0.013524416, -0.77120757, 0.6364401, -1.8219355;
 0, 0, 0, 1]
Ow:
[0.98682112;
 -0.1846379;
 2.6179922]
Keyframe: 47 Frame: 438 Frame from vFrameID : 439
Tcw:
[0.99984807, -0.004221784, -0.016910551, 1.002741;
 -0.010597329, 0.62303948, -0.78211856, 0.0057554245;
 0.013837878, 0.782179, 0.62290013, 2.6984558;
 0, 0, 0, 1]
Twc:
[0.99984807, -0.010597329, 0.013837878, -1.0398685;
 -0.004221784, 0.62303948, 0.782179, -2.110028;
 -0.016910551, -0.78211856, 0.62290013, -1.6594102;
 0, 0, 0, 1]
Ow:
[1.002741;
 0.0057554245;
 2.6984558]
Keyframe: 48 Frame: 448 Frame from vFrameID : 449
Tcw:
[0.99939805, 0.033662327, 0.0083916709, 1.0864576;
 -0.013787709, 0.60735559, -0.79431045, -0.0038585663;
 -0.031835064, 0.79371661, 0.60745412, 2.7952096;
 0, 0, 0, 1]
Twc:
[0.99939805, -0.013787709, -0.031835064, -0.99687105;
 0.033662327, 0.60735559, 0.79371661, -2.2528334;
 0.0083916709, -0.79431045, 0.60745412, -1.7101437;
 0, 0, 0, 1]
Ow:
[1.0864576;
 -0.0038585663;
 2.7952096]
Keyframe: 49 Frame: 458 Frame from vFrameID : 459
Tcw:
[0.99929959, 0.0021641075, 0.037359111, 1.1060889;
 0.027784474, 0.62585247, -0.77944642, -0.15179121;
 -0.025068097, 0.77993846, 0.62535393, 2.9556582;
 0, 0, 0, 1]
Twc:
[0.99929959, 0.027784474, -0.025068097, -1.0270039;
 0.0021641075, 0.62585247, 0.77993846, -2.2126265;
 0.037359111, -0.77944642, 0.62535393, -2.0079682;
 0, 0, 0, 1]
Ow:
[1.1060889;
 -0.15179121;
 2.9556582]
Keyframe: 50 Frame: 468 Frame from vFrameID : 469
Tcw:
[0.99991012, 0.0022887813, -0.013209513, 1.1377925;
 -0.011732511, 0.62614882, -0.77961528, -0.10702944;
 0.0064867525, 0.77970022, 0.62611943, 3.0635591;
 0, 0, 0, 1]
Twc:
[0.99991012, -0.011732511, 0.0064867525, -1.1588185;
 0.0022887813, 0.62614882, 0.77970022, -2.3242452;
 -0.013209513, -0.77961528, 0.62611943, -1.9865658;
 0, 0, 0, 1]
Ow:
[1.1377925;
 -0.10702944;
 3.0635591]
Keyframe: 51 Frame: 478 Frame from vFrameID : 479
Tcw:
[0.99915063, 0.023198245, 0.034056384, 1.1754609;
 0.011923628, 0.6283555, -0.77783495, -0.12660289;
 -0.039443921, 0.77758032, 0.62754518, 3.1577773;
 0, 0, 0, 1]
Twc:
[0.99915063, 0.011923628, -0.039443921, -1.0483979;
 0.023198245, 0.6283555, 0.77758032, -2.4031427;
 0.034056384, -0.77783495, 0.62754518, -2.120156;
 0, 0, 0, 1]
Ow:
[1.1754609;
 -0.12660289;
 3.1577773]
Keyframe: 52 Frame: 488 Frame from vFrameID : 489
Tcw:
[0.99916857, 0.0083722696, 0.039900973, 1.2011468;
 0.025901256, 0.62544966, -0.77983451, -0.16241622;
 -0.031485036, 0.78021955, 0.62471282, 3.2496843;
 0, 0, 0, 1]
Twc:
[0.99916857, 0.025901256, -0.031485036, -1.0936248;
 0.0083722696, 0.62544966, 0.78021955, -2.4439406;
 0.039900973, -0.77983451, 0.62471282, -2.204704;
 0, 0, 0, 1]
Ow:
[1.2011468;
 -0.16241622;
 3.2496843]
Keyframe: 53 Frame: 498 Frame from vFrameID : 499
Tcw:
[0.99959487, -0.025090277, -0.01343726, 1.2314811;
 0.0060760849, 0.64934516, -0.76046956, -0.18601084;
 0.027805811, 0.7600798, 0.64923459, 3.3401799;
 0, 0, 0, 1]
Twc:
[0.99959487, 0.0060760849, 0.027805811, -1.3227283;
 -0.025090277, 0.64934516, 0.7600798, -2.38712;
 -0.01343726, -0.76046956, 0.64923459, -2.293468;
 0, 0, 0, 1]
Ow:
[1.2314811;
 -0.18601084;
 3.3401799]
Keyframe: 54 Frame: 506 Frame from vFrameID : 507
Tcw:
[0.99989861, -0.0085907578, 0.011357245, 1.2086241;
 0.014221108, 0.64385951, -0.76501155, -0.14320219;
 -0.00074044097, 0.76509553, 0.64391637, 3.3593054;
 0, 0, 0, 1]
Twc:
[0.99989861, 0.014221108, -0.00074044097, -1.2039777;
 -0.0085907578, 0.64385951, 0.76509553, -2.4676044;
 0.011357245, -0.76501155, 0.64391637, -2.2863898;
 0, 0, 0, 1]
Ow:
[1.2086241;
 -0.14320219;
 3.3593054]
Keyframe: 55 Frame: 516 Frame from vFrameID : 517
Tcw:
[0.99992454, -0.0085380655, 0.0088339476, 1.2762825;
 0.012273435, 0.66216302, -0.74925929, -0.11769927;
 0.00054771145, 0.74931115, 0.66221786, 3.3952596;
 0, 0, 0, 1]
Twc:
[0.99992454, 0.012273435, 0.00054771145, -1.2766013;
 -0.0085380655, 0.66216302, 0.74931115, -2.4552729;
 0.0088339476, -0.74925929, 0.66221786, -2.3478634;
 0, 0, 0, 1]
Ow:
[1.2762825;
 -0.11769927;
 3.3952596]
Keyframe: 56 Frame: 526 Frame from vFrameID : 527
Tcw:
[0.99721289, -0.052177213, -0.053329363, 1.2930174;
 -0.0041220263, 0.67516416, -0.737656, -0.16463375;
 0.074494913, 0.73581988, 0.67306733, 3.5670335;
 0, 0, 0, 1]
Twc:
[0.99721289, -0.0041220263, 0.074494913, -1.555818;
 -0.052177213, 0.67516416, 0.73581988, -2.4460733;
 -0.053329363, -0.737656, 0.67306733, -2.453341;
 0, 0, 0, 1]
Ow:
[1.2930174;
 -0.16463375;
 3.5670335]
Keyframe: 57 Frame: 537 Frame from vFrameID : 538
Tcw:
[0.99978805, -0.020579506, 0.00062133343, 1.2599283;
 0.013841271, 0.64947945, -0.76025313, -0.080738187;
 0.01524209, 0.7601006, 0.64962667, 3.6337729;
 0, 0, 0, 1]
Twc:
[0.99978805, 0.013841271, 0.01524209, -1.3139299;
 -0.020579506, 0.64947945, 0.7601006, -2.6836665;
 0.00062133343, -0.76025313, 0.64962667, -2.42276;
 0, 0, 0, 1]
Ow:
[1.2599283;
 -0.080738187;
 3.6337729]
Keyframe: 58 Frame: 547 Frame from vFrameID : 548
Tcw:
[0.99868107, -0.035886686, 0.036718607, 1.3514109;
 0.051222615, 0.64744055, -0.76039267, -0.14464176;
 0.0035148594, 0.76127058, 0.6484248, 3.7763691;
 0, 0, 0, 1]
Twc:
[0.99868107, 0.051222615, 0.0035148594, -1.3554928;
 -0.035886686, 0.64744055, 0.76127058, -2.7326941;
 0.036718607, -0.76039267, 0.6484248, -2.6082981;
 0, 0, 0, 1]
Ow:
[1.3514109;
 -0.14464176;
 3.7763691]
Keyframe: 59 Frame: 556 Frame from vFrameID : 557
Tcw:
[0.9995594, -0.029386543, -0.0041822456, 1.444908;
 0.016620522, 0.67084944, -0.74140733, -0.11839521;
 0.024593055, 0.74101114, 0.67104226, 3.8531663;
 0, 0, 0, 1]
Twc:
[0.9995594, 0.016620522, 0.024593055, -1.5370647;
 -0.029386543, 0.67084944, 0.74101114, -2.7333529;
 -0.0041822456, -0.74140733, 0.67104226, -2.6673734;
 0, 0, 0, 1]
Ow:
[1.444908;
 -0.11839521;
 3.8531663]
Keyframe: 60 Frame: 564 Frame from vFrameID : 565
Tcw:
[0.9974761, -0.020794149, 0.067889735, 1.4223232;
 0.065443985, 0.64012951, -0.76547456, -0.030287504;
 -0.027540831, 0.76798558, 0.63987476, 3.9710302;
 0, 0, 0, 1]
Twc:
[0.9974761, 0.065443985, -0.027540831, -1.3073858;
 -0.020794149, 0.64012951, 0.76798558, -3.0007298;
 0.067889735, -0.76547456, 0.63987476, -2.660707;
 0, 0, 0, 1]
Ow:
[1.4223232;
 -0.030287504;
 3.9710302]
Keyframe: 61 Frame: 573 Frame from vFrameID : 574
Tcw:
[0.99416244, 0.0056401072, 0.10774597, 1.4031173;
 0.077615887, 0.65628642, -0.75050908, -0.10857987;
 -0.074945167, 0.75449079, 0.65201753, 4.0451889;
 0, 0, 0, 1]
Twc:
[0.99416244, 0.077615887, -0.074945167, -1.0833317;
 0.0056401072, 0.65628642, 0.75449079, -2.9887121;
 0.10774597, -0.75050908, 0.65201753, -2.8702047;
 0, 0, 0, 1]
Ow:
[1.4031173;
 -0.10857987;
 4.0451889]
Keyframe: 62 Frame: 582 Frame from vFrameID : 583
Tcw:
[0.99950069, -0.02217615, 0.022508513, 1.4563395;
 0.031507466, 0.64567745, -0.76295996, -0.16151237;
 0.0023862745, 0.76328814, 0.64605379, 4.1171331;
 0, 0, 0, 1]
Twc:
[0.99950069, 0.031507466, 0.0023862745, -1.460348;
 -0.02217615, 0.64567745, 0.76328814, -3.0059781;
 0.022508513, -0.76295996, 0.64605379, -2.8158967;
 0, 0, 0, 1]
Ow:
[1.4563395;
 -0.16151237;
 4.1171331]
Keyframe: 63 Frame: 591 Frame from vFrameID : 592
Tcw:
[0.99988341, 0.015184954, 0.00159882, 1.5032177;
 -0.008726106, 0.65421408, -0.75625902, -0.10051847;
 -0.012529729, 0.75615692, 0.65427035, 4.1398811;
 0, 0, 0, 1]
Twc:
[0.99988341, -0.008726106, -0.012529729, -1.4520481;
 0.015184954, 0.65421408, 0.75615692, -3.0874655;
 0.00159882, -0.75625902, 0.65427035, -2.7870228;
 0, 0, 0, 1]
Ow:
[1.5032177;
 -0.10051847;
 4.1398811]
Keyframe: 64 Frame: 601 Frame from vFrameID : 602
Tcw:
[0.99805975, 0.050540898, 0.036363792, 1.5577503;
 -0.0060769171, 0.66031641, -0.75096291, -0.13346815;
 -0.06196595, 0.74928486, 0.65934241, 4.2627287;
 0, 0, 0, 1]
Twc:
[0.99805975, -0.0060769171, -0.06196595, -1.2913951;
 0.050540898, 0.66031641, 0.74928486, -3.184597;
 0.036363792, -0.75096291, 0.65934241, -2.9674728;
 0, 0, 0, 1]
Ow:
[1.5577503;
 -0.13346815;
 4.2627287]
Keyframe: 65 Frame: 611 Frame from vFrameID : 612
Tcw:
[0.99970126, 0.0098923407, -0.022350565, 1.5144635;
 -0.023343794, 0.65744221, -0.75314331, -0.13865185;
 0.0072438549, 0.75344002, 0.65747672, 4.3727627;
 0, 0, 0, 1]
Twc:
[0.99970126, -0.023343794, 0.0072438549, -1.5489234;
 0.0098923407, 0.65744221, 0.75344002, -3.2184405;
 -0.022350565, -0.75314331, 0.65747672, -2.9455652;
 0, 0, 0, 1]
Ow:
[1.5144635;
 -0.13865185;
 4.3727627]
Keyframe: 66 Frame: 621 Frame from vFrameID : 622
Tcw:
[0.99945933, 0.032602701, -0.004249705, 1.5538337;
 -0.025022898, 0.67043579, -0.74154544, -0.15158033;
 -0.021327231, 0.74125087, 0.67088914, 4.4083529;
 0, 0, 0, 1]
Twc:
[0.99945933, -0.025022898, -0.021327231, -1.4627687;
 0.032602701, 0.67043579, 0.74125087, -3.2167296;
 -0.004249705, -0.74154544, 0.67088914, -3.0633163;
 0, 0, 0, 1]
Ow:
[1.5538337;
 -0.15158033;
 4.4083529]
Keyframe: 67 Frame: 630 Frame from vFrameID : 631
Tcw:
[0.99545437, 0.046568576, 0.083078183, 1.564499;
 0.031183187, 0.66485685, -0.74631959, -0.13434339;
 -0.089990139, 0.74551773, 0.66038251, 4.5161686;
 0, 0, 0, 1]
Twc:
[0.99545437, 0.031183187, -0.089990139, -1.1467875;
 0.046568576, 0.66485685, 0.74551773, -3.3504212;
 0.083078183, -0.74631959, 0.66038251, -3.2126374;
 0, 0, 0, 1]
Ow:
[1.564499;
 -0.13434339;
 4.5161686]
Keyframe: 68 Frame: 639 Frame from vFrameID : 640
Tcw:
[0.99913144, 0.034658942, 0.023133185, 1.622998;
 -0.0056810165, 0.66326571, -0.74836242, -0.12008286;
 -0.041280899, 0.74758101, 0.6628865, 4.5821099;
 0, 0, 0, 1]
Twc:
[0.99913144, -0.0056810165, -0.041280899, -1.4331169;
 0.034658942, 0.66326571, 0.74758101, -3.4021029;
 0.023133185, -0.74836242, 0.6628865, -3.1648295;
 0, 0, 0, 1]
Ow:
[1.622998;
 -0.12008286;
 4.5821099]
Keyframe: 69 Frame: 649 Frame from vFrameID : 650
Tcw:
[0.99930561, 0.0019368674, 0.037208848, 1.6375517;
 0.026107021, 0.67610615, -0.7363416, -0.14807701;
 -0.026583325, 0.73680168, 0.6755861, 4.6270223;
 0, 0, 0, 1]
Twc:
[0.99930561, 0.026107021, -0.026583325, -1.5095471;
 0.0019368674, 0.67610615, 0.73680168, -3.3122537;
 0.037208848, -0.7363416, 0.6755861, -3.2959187;
 0, 0, 0, 1]
Ow:
[1.6375517;
 -0.14807701;
 4.6270223]
Keyframe: 70 Frame: 659 Frame from vFrameID : 660
Tcw:
[0.99537498, 0.050841808, 0.081509605, 1.5979745;
 0.02780835, 0.6596576, -0.7510516, -0.25137019;
 -0.091953255, 0.74984461, 0.65519285, 4.7795172;
 0, 0, 0, 1]
Twc:
[0.99537498, 0.02780835, -0.091953255, -1.1441015;
 0.050841808, 0.6596576, 0.74984461, -3.4993207;
 0.081509605, -0.7510516, 0.65519285, -3.4505472;
 0, 0, 0, 1]
Ow:
[1.5979745;
 -0.25137019;
 4.7795172]
Keyframe: 71 Frame: 669 Frame from vFrameID : 670
Tcw:
[0.99990988, 0.010365914, -0.0085302731, 1.6815453;
 -0.013141885, 0.62613666, -0.77960259, -0.14651346;
 -0.0027401766, 0.77964443, 0.62621647, 4.7915492;
 0, 0, 0, 1]
Twc:
[0.99990988, -0.013141885, -0.0027401766, -1.6701895;
 0.010365914, 0.62613666, 0.77964443, -3.6613979;
 -0.0085302731, -0.77960259, 0.62621647, -3.1004252;
 0, 0, 0, 1]
Ow:
[1.6815453;
 -0.14651346;
 4.7915492]
Keyframe: 72 Frame: 680 Frame from vFrameID : 681
Tcw:
[0.99967939, -0.025227385, 0.0021809628, 1.738202;
 0.018270321, 0.65898728, -0.75193214, -0.12633324;
 0.017532054, 0.75173086, 0.65923691, 4.8827963;
 0, 0, 0, 1]
Twc:
[0.99967939, 0.018270321, 0.017532054, -1.8209418;
 -0.025227385, 0.65898728, 0.75173086, -3.5434463;
 0.0021809628, -0.75193214, 0.65923691, -3.3177044;
 0, 0, 0, 1]
Ow:
[1.738202;
 -0.12633324;
 4.8827963]
Keyframe: 73 Frame: 690 Frame from vFrameID : 691
Tcw:
[0.9986797, -0.017599043, 0.048260562, 1.7741921;
 0.047780443, 0.66323507, -0.74688441, -0.12275457;
 -0.018863646, 0.74820417, 0.66320032, 4.9823551;
 0, 0, 0, 1]
Twc:
[0.9986797, 0.047780443, -0.018863646, -1.671999;
 -0.017599043, 0.66323507, 0.74820417, -3.6151798;
 0.048260562, -0.74688441, 0.66320032, -3.4816062;
 0, 0, 0, 1]
Ow:
[1.7741921;
 -0.12275457;
 4.9823551]
Keyframe: 74 Frame: 699 Frame from vFrameID : 700
Tcw:
[0.99928945, -0.034197804, -0.015844487, 1.7883922;
 0.010369205, 0.65361613, -0.75675523, -0.12944651;
 0.036235578, 0.75605321, 0.65350634, 5.052371;
 0, 0, 0, 1]
Twc:
[0.99928945, 0.010369205, 0.036235578, -1.9688549;
 -0.034197804, 0.65361613, 0.75605321, -3.6740937;
 -0.015844487, -0.75675523, 0.65350634, -3.3713791;
 0, 0, 0, 1]
Ow:
[1.7883922;
 -0.12944651;
 5.052371]
Keyframe: 75 Frame: 709 Frame from vFrameID : 710
Tcw:
[0.99762142, -0.058764115, 0.03603255, 1.834447;
 0.06544365, 0.64326346, -0.76284289, -0.16036272;
 0.021649363, 0.76338649, 0.6455791, 5.1413679;
 0, 0, 0, 1]
Twc:
[0.99762142, 0.06544365, 0.021649363, -1.9308962;
 -0.058764115, 0.64326346, 0.76338649, -3.7138958;
 0.03603255, -0.76284289, 0.6455791, -3.5075915;
 0, 0, 0, 1]
Ow:
[1.834447;
 -0.16036272;
 5.1413679]
Keyframe: 76 Frame: 720 Frame from vFrameID : 721
Tcw:
[0.99766362, -0.037501741, 0.057104174, 1.8847874;
 0.06769035, 0.6556145, -0.75205559, -0.12523222;
 -0.0092349313, 0.75416392, 0.65662128, 5.2209692;
 0, 0, 0, 1]
Twc:
[0.99766362, 0.06769035, -0.0092349313, -1.8236917;
 -0.037501741, 0.6556145, 0.75416392, -3.7846801;
 0.057104174, -0.75205559, 0.65662128, -3.6300101;
 0, 0, 0, 1]
Ow:
[1.8847874;
 -0.12523222;
 5.2209692]
Keyframe: 77 Frame: 730 Frame from vFrameID : 731
Tcw:
[0.99744701, -0.071358971, 0.0027116542, 1.9329013;
 0.048132103, 0.6437636, -0.76370919, -0.13951159;
 0.052751839, 0.76188999, 0.64555472, 5.3976369;
 0, 0, 0, 1]
Twc:
[0.99744701, 0.048132103, 0.052751839, -2.205987;
 -0.071358971, 0.6437636, 0.76188999, -3.8846629;
 0.0027116542, -0.76370919, 0.64555472, -3.5962577;
 0, 0, 0, 1]
Ow:
[1.9329013;
 -0.13951159;
 5.3976369]
Keyframe: 78 Frame: 741 Frame from vFrameID : 742
Tcw:
[0.9983964, -0.0089618759, 0.055895828, 1.9593279;
 0.048196383, 0.65250003, -0.75625449, -0.20557904;
 -0.02969457, 0.75773573, 0.65188557, 5.4671016;
 0, 0, 0, 1]
Twc:
[0.9983964, 0.048196383, -0.02969457, -1.7839345;
 -0.0089618759, 0.65250003, 0.75773573, -3.9909186;
 0.055895828, -0.75625449, 0.65188557, -3.8289132;
 0, 0, 0, 1]
Ow:
[1.9593279;
 -0.20557904;
 5.4671016]
Keyframe: 79 Frame: 752 Frame from vFrameID : 753
Tcw:
[0.99615383, -0.014532032, 0.086408086, 1.972809;
 0.07527706, 0.64662993, -0.75908041, -0.18540144;
 -0.044843078, 0.76266539, 0.64523685, 5.6065588;
 0, 0, 0, 1]
Twc:
[0.99615383, 0.07527706, -0.044843078, -1.6998494;
 -0.014532032, 0.64662993, 0.76266539, -4.1273732;
 0.086408086, -0.75908041, 0.64523685, -3.9287593;
 0, 0, 0, 1]
Ow:
[1.972809;
 -0.18540144;
 5.6065588]
Keyframe: 80 Frame: 763 Frame from vFrameID : 764
Tcw:
[0.99722379, -0.017800622, 0.07230375, 1.9735544;
 0.065665677, 0.66806763, -0.74119747, -0.28135562;
 -0.035110023, 0.7438876, 0.66738182, 5.7022095;
 0, 0, 0, 1]
Twc:
[0.99722379, 0.065665677, -0.035110023, -1.7493953;
 -0.017800622, 0.66806763, 0.7438876, -4.0187078;
 0.07230375, -0.74119747, 0.66738182, -4.1567864;
 0, 0, 0, 1]
Ow:
[1.9735544;
 -0.28135562;
 5.7022095]
Keyframe: 81 Frame: 773 Frame from vFrameID : 774
Tcw:
[0.99209511, -0.006578608, 0.1253157, 2.0424328;
 0.097974911, 0.66459131, -0.74075592, -0.23930192;
 -0.078410573, 0.74717814, 0.65998232, 5.6812582;
 0, 0, 0, 1]
Twc:
[0.99209511, 0.097974911, -0.078410573, -1.5573711;
 -0.006578608, 0.66459131, 0.74717814, -4.0724373;
 0.1253157, -0.74075592, 0.65998232, -4.1827431;
 0, 0, 0, 1]
Ow:
[2.0424328;
 -0.23930192;
 5.6812582]
Keyframe: 82 Frame: 784 Frame from vFrameID : 785
Tcw:
[0.99800366, -0.049531486, 0.039183248, 2.0456867;
 0.061848834, 0.64092433, -0.76510829, -0.20472836;
 0.012783453, 0.76600432, 0.6427083, 5.8213539;
 0, 0, 0, 1]
Twc:
[0.99800366, 0.061848834, 0.012783453, -2.1033576;
 -0.049531486, 0.64092433, 0.76600432, -4.2266412;
 0.039183248, -0.76510829, 0.6427083, -3.9782288;
 0, 0, 0, 1]
Ow:
[2.0456867;
 -0.20472836;
 5.8213539]
Keyframe: 83 Frame: 795 Frame from vFrameID : 796
Tcw:
[0.99912506, -0.016727151, 0.038331889, 2.1375351;
 0.039874941, 0.657435, -0.75245541, -0.20087981;
 -0.01261429, 0.75332552, 0.65752679, 5.8824701;
 0, 0, 0, 1]
Twc:
[0.99912506, 0.039874941, -0.01261429, -2.0534518;
 -0.016727151, 0.657435, 0.75332552, -4.2635946;
 0.038331889, -0.75245541, 0.65752679, -4.1009707;
 0, 0, 0, 1]
Ow:
[2.1375351;
 -0.20087981;
 5.8824701]
Keyframe: 84 Frame: 806 Frame from vFrameID : 807
Tcw:
[0.99783808, -0.00077181787, 0.06571544, 2.144908;
 0.049668144, 0.66366667, -0.74637771, -0.20320129;
 -0.043037079, 0.74802804, 0.66227019, 5.9467096;
 0, 0, 0, 1]
Twc:
[0.99783808, 0.049668144, -0.043037079, -1.8742493;
 -0.00077181787, 0.66366667, 0.74802804, -4.3117924;
 0.06571544, -0.74637771, 0.66227019, -4.230947;
 0, 0, 0, 1]
Ow:
[2.144908;
 -0.20320129;
 5.9467096]
Keyframe: 85 Frame: 816 Frame from vFrameID : 817
Tcw:
[0.99765229, -0.063579619, -0.025446508, 2.1527503;
 0.021099325, 0.63886631, -0.76902837, -0.12233186;
 0.065151453, 0.76668602, 0.63870794, 6.1290827;
 0, 0, 0, 1]
Twc:
[0.99765229, 0.021099325, 0.065151453, -2.5444338;
 -0.063579619, 0.63886631, 0.76668602, -4.4840569;
 -0.025446508, -0.76902837, 0.63870794, -3.9539905;
 0, 0, 0, 1]
Ow:
[2.1527503;
 -0.12233186;
 6.1290827]
Keyframe: 86 Frame: 827 Frame from vFrameID : 828
Tcw:
[0.99874145, -0.0048063984, 0.049923815, 2.1890533;
 0.041891068, 0.62729925, -0.77765077, -0.12766051;
 -0.027579473, 0.77876347, 0.62671113, 6.2512197;
 0, 0, 0, 1]
Twc:
[0.99874145, 0.041891068, -0.027579473, -2.0085452;
 -0.0048063984, 0.62729925, 0.77876347, -4.7776189;
 0.049923815, -0.77765077, 0.62671113, -4.1262703;
 0, 0, 0, 1]
Ow:
[2.1890533;
 -0.12766051;
 6.2512197]
Keyframe: 87 Frame: 838 Frame from vFrameID : 839
Tcw:
[0.99750125, -0.035026625, 0.061354339, 2.2053914;
 0.069194086, 0.65967852, -0.74835581, -0.16617346;
 -0.01426176, 0.75073123, 0.6604538, 6.2986441;
 0, 0, 0, 1]
Twc:
[0.99750125, 0.069194086, -0.01426176, -2.0985527;
 -0.035026625, 0.65967852, 0.75073123, -4.5417204;
 0.061354339, -0.74835581, 0.6604538, -4.4196305;
 0, 0, 0, 1]
Ow:
[2.2053914;
 -0.16617346;
 6.2986441]
Keyframe: 88 Frame: 848 Frame from vFrameID : 849
Tcw:
[0.99807698, -0.049359713, 0.037496798, 2.2161093;
 0.060655318, 0.65297109, -0.75495011, -0.069658756;
 0.012779798, 0.75577271, 0.65470934, 6.4562092;
 0, 0, 0, 1]
Twc:
[0.99807698, 0.060655318, 0.012779798, -2.2901316;
 -0.049359713, 0.65297109, 0.75577271, -4.724555;
 0.037496798, -0.75495011, 0.65470934, -4.3626266;
 0, 0, 0, 1]
Ow:
[2.2161093;
 -0.069658756;
 6.4562092]
Keyframe: 89 Frame: 858 Frame from vFrameID : 859
Tcw:
[0.99499875, -0.0039200466, 0.099810354, 2.2329798;
 0.076196104, 0.67589891, -0.73304492, -0.061705828;
 -0.064588137, 0.7369839, 0.67281729, 6.4988165;
 0, 0, 0, 1]
Twc:
[0.99499875, 0.076196104, -0.064588137, -1.797364;
 -0.0039200466, 0.67589891, 0.7369839, -4.7390633;
 0.099810354, -0.73304492, 0.67281729, -4.6406236;
 0, 0, 0, 1]
Ow:
[2.2329798;
 -0.061705828;
 6.4988165]
Keyframe: 90 Frame: 869 Frame from vFrameID : 870
Tcw:
[0.99718589, -0.027512044, 0.069738209, 2.2923124;
 0.07076323, 0.6526044, -0.7543872, -0.13057327;
 -0.024756728, 0.75719917, 0.65271473, 6.6675305;
 0, 0, 0, 1]
Twc:
[0.99718589, 0.07076323, -0.024756728, -2.1115553;
 -0.027512044, 0.6526044, 0.75719917, -4.9003696;
 0.069738209, -0.7543872, 0.65271473, -4.6103601;
 0, 0, 0, 1]
Ow:
[2.2923124;
 -0.13057327;
 6.6675305]
Keyframe: 91 Frame: 878 Frame from vFrameID : 879
Tcw:
[0.99769831, -0.04047345, 0.054406032, 2.3386667;
 0.067612782, 0.65482718, -0.75274819, -0.087779045;
 -0.0051602325, 0.75469416, 0.65605652, 6.6770658;
 0, 0, 0, 1]
Twc:
[0.99769831, 0.067612782, -0.0051602325, -2.2928934;
 -0.04047345, 0.65482718, 0.75469416, -4.8870082;
 0.054406032, -0.75274819, 0.65605652, -4.5738449;
 0, 0, 0, 1]
Ow:
[2.3386667;
 -0.087779045;
 6.6770658]
Keyframe: 92 Frame: 889 Frame from vFrameID : 890
Tcw:
[0.99202234, -0.012414234, 0.12544949, 2.3348269;
 0.1024052, 0.65971017, -0.74451035, -0.12668562;
 -0.073517784, 0.75141758, 0.65571851, 6.7616162;
 0, 0, 0, 1]
Twc:
[0.99202234, 0.1024052, -0.073517784, -1.8061283;
 -0.012414234, 0.65971017, 0.75141758, -4.9682364;
 0.12544949, -0.74451035, 0.65571851, -4.8209386;
 0, 0, 0, 1]
Ow:
[2.3348269;
 -0.12668562;
 6.7616162]
Keyframe: 93 Frame: 899 Frame from vFrameID : 900
Tcw:
[0.99717522, -0.040627226, 0.063174069, 2.4188707;
 0.074676551, 0.62650526, -0.77583152, 0.099817276;
 -0.0080590025, 0.77835763, 0.62776941, 6.8753443;
 0, 0, 0, 1]
Twc:
[0.99717522, 0.074676551, -0.0080590025, -2.3640838;
 -0.040627226, 0.62650526, 0.77835763, -5.3157406;
 0.063174069, -0.77583152, 0.62776941, -4.3914995;
 0, 0, 0, 1]
Ow:
[2.4188707;
 0.099817276;
 6.8753443]
Keyframe: 94 Frame: 910 Frame from vFrameID : 911
Tcw:
[0.99732357, -0.06285508, 0.037348315, 2.4544718;
 0.06948328, 0.65583616, -0.75169873, 0.016159534;
 0.022753706, 0.75228196, 0.65844822, 6.9631662;
 0, 0, 0, 1]
Twc:
[0.99732357, 0.06948328, 0.022753706, -2.6074636;
 -0.06285508, 0.65583616, 0.75228196, -5.0945864;
 0.037348315, -0.75169873, 0.65844822, -4.6644082;
 0, 0, 0, 1]
Ow:
[2.4544718;
 0.016159534;
 6.9631662]
Keyframe: 95 Frame: 920 Frame from vFrameID : 921
Tcw:
[0.99514878, -0.0069152387, 0.098138079, 2.4392779;
 0.078697965, 0.65456706, -0.75189662, -0.041754961;
 -0.059038412, 0.75597227, 0.65193588, 7.0699;
 0, 0, 0, 1]
Twc:
[0.99514878, 0.078697965, -0.059038412, -2.0067627;
 -0.0069152387, 0.65456706, 0.75597227, -5.3004489;
 0.098138079, -0.75189662, 0.65193588, -4.8799028;
 0, 0, 0, 1]
Ow:
[2.4392779;
 -0.041754961;
 7.0699]
Keyframe: 96 Frame: 930 Frame from vFrameID : 931
Tcw:
[0.99798453, -0.024830414, 0.058397856, 2.4489627;
 0.061036278, 0.6273855, -0.77631307, 0.066879034;
 -0.017361794, 0.77831286, 0.62763661, 7.1616912;
 0, 0, 0, 1]
Twc:
[0.99798453, 0.061036278, -0.017361794, -2.3237691;
 -0.024830414, 0.6273855, 0.77831286, -5.5551858;
 0.058397856, -0.77631307, 0.62763661, -4.5860343;
 0, 0, 0, 1]
Ow:
[2.4489627;
 0.066879034;
 7.1616912]
Keyframe: 97 Frame: 940 Frame from vFrameID : 941
Tcw:
[0.99636018, -0.038255882, 0.076176755, 2.4998791;
 0.082413934, 0.66063505, -0.74616969, 0.038979053;
 -0.021779656, 0.74973178, 0.66138327, 7.2565842;
 0, 0, 0, 1]
Twc:
[0.99636018, 0.082413934, -0.021779656, -2.3359466;
 -0.038255882, 0.66063505, 0.74973178, -5.3706079;
 0.076176755, -0.74616969, 0.66138327, -4.960731;
 0, 0, 0, 1]
Ow:
[2.4998791;
 0.038979053;
 7.2565842]
Keyframe: 98 Frame: 949 Frame from vFrameID : 950
Tcw:
[0.9925338, -0.0073244246, 0.12174997, 2.5221214;
 0.096310757, 0.65954489, -0.74546951, 0.053983927;
 -0.074839436, 0.75162953, 0.65532601, 7.3313503;
 0, 0, 0, 1]
Twc:
[0.9925338, 0.096310757, -0.074839436, -1.9598157;
 -0.0073244246, 0.65954489, 0.75162953, -5.5275908;
 0.12174997, -0.74546951, 0.65532601, -5.071249;
 0, 0, 0, 1]
Ow:
[2.5221214;
 0.053983927;
 7.3313503]
Keyframe: 99 Frame: 959 Frame from vFrameID : 960
Tcw:
[0.99369973, -0.046352591, 0.10204078, 2.5380032;
 0.10781689, 0.6439532, -0.75742972, -0.080652952;
 -0.030600654, 0.76365942, 0.64489371, 7.4690676;
 0, 0, 0, 1]
Twc:
[0.99369973, 0.10781689, -0.030600654, -2.2847588;
 -0.046352591, 0.6439532, 0.76365942, -5.5342441;
 0.10204078, -0.75742972, 0.64489371, -5.1368232;
 0, 0, 0, 1]
Ow:
[2.5380032;
 -0.080652952;
 7.4690676]
Keyframe: 100 Frame: 969 Frame from vFrameID : 970
Tcw:
[0.9956345, -0.028457724, 0.088893592, 2.5395124;
 0.086400568, 0.64129841, -0.76241148, -0.038027763;
 -0.035310823, 0.76676369, 0.64095759, 7.635004;
 0, 0, 0, 1]
Twc:
[0.9956345, 0.086400568, -0.035310823, -2.2555425;
 -0.028457724, 0.64129841, 0.76676369, -5.7575874;
 0.088893592, -0.76241148, 0.64095759, -5.1484532;
 0, 0, 0, 1]
Ow:
[2.5395124;
 -0.038027763;
 7.635004]
Keyframe: 101 Frame: 979 Frame from vFrameID : 980
Tcw:
[0.99053156, -0.0036127591, 0.13723785, 2.5611773;
 0.10486238, 0.66510707, -0.73934871, -0.11497879;
 -0.088606767, 0.74673927, 0.65918833, 7.763258;
 0, 0, 0, 1]
Twc:
[0.99053156, 0.10486238, -0.088606767, -1.8369926;
 -0.0036127591, 0.66510707, 0.74673927, -5.7114034;
 0.13723785, -0.73934871, 0.65918833, -5.5539489;
 0, 0, 0, 1]
Ow:
[2.5611773;
 -0.11497879;
 7.763258]
Keyframe: 102 Frame: 988 Frame from vFrameID : 989
Tcw:
[0.99281895, -0.035701927, 0.11417489, 2.6619723;
 0.10957191, 0.65440333, -0.74816459, -0.13216114;
 -0.048005506, 0.75530237, 0.65361595, 7.7941561;
 0, 0, 0, 1]
Twc:
[0.99281895, 0.10957191, -0.048005506, -2.2542131;
 -0.035701927, 0.65440333, 0.75530237, -5.7054205;
 0.11417489, -0.74816459, 0.65361595, -5.4971938;
 0, 0, 0, 1]
Ow:
[2.6619723;
 -0.13216114;
 7.7941561]
Keyframe: 103 Frame: 997 Frame from vFrameID : 998
Tcw:
[0.99491227, -0.0389985, 0.092890874, 2.6061072;
 0.095285743, 0.66366714, -0.74193436, -0.058404446;
 -0.032714292, 0.74701077, 0.66400653, 7.8664994;
 0, 0, 0, 1]
Twc:
[0.99491227, 0.095285743, -0.032714292, -2.329936;
 -0.0389985, 0.66366714, 0.74701077, -5.7359648;
 0.092890874, -0.74193436, 0.66400653, -5.5088234;
 0, 0, 0, 1]
Ow:
[2.6061072;
 -0.058404446;
 7.8664994]
Keyframe: 104 Frame: 1006 Frame from vFrameID : 1007
Tcw:
[0.98897827, 0.0056604799, 0.14795259, 2.5695598;
 0.1075215, 0.65952575, -0.74395221, 0.034956455;
 -0.10178967, 0.75166065, 0.65164798, 7.9159012;
 0, 0, 0, 1]
Twc:
[0.98897827, 0.1075215, -0.10178967, -1.7392403;
 0.0056604799, 0.65952575, 0.75166065, -5.9876714;
 0.14795259, -0.74395221, 0.65164798, -5.5125484;
 0, 0, 0, 1]
Ow:
[2.5695598;
 0.034956455;
 7.9159012]
Keyframe: 105 Frame: 1016 Frame from vFrameID : 1017
Tcw:
[0.99449468, -0.021376085, 0.10258375, 2.6373773;
 0.091640323, 0.65217996, -0.75250471, 0.054617405;
 -0.050817464, 0.75776273, 0.6505484, 7.8864508;
 0, 0, 0, 1]
Twc:
[0.99449468, 0.091640323, -0.050817464, -2.2270932;
 -0.021376085, 0.65217996, 0.75776273, -5.9553027;
 0.10258375, -0.75250471, 0.6505484, -5.3599701;
 0, 0, 0, 1]
Ow:
[2.6373773;
 0.054617405;
 7.8864508]
Keyframe: 106 Frame: 1026 Frame from vFrameID : 1027
Tcw:
[0.99835545, -0.02186943, 0.052991614, 2.6632943;
 0.053424932, 0.69014019, -0.72170097, 0.027163506;
 -0.020788454, 0.72334516, 0.69017363, 7.9213877;
 0, 0, 0, 1]
Twc:
[0.99835545, 0.053424932, -0.020788454, -2.4956925;
 -0.02186943, 0.69014019, 0.72334516, -5.6903996;
 0.052991614, -0.72170097, 0.69017363, -5.5886607;
 0, 0, 0, 1]
Ow:
[2.6632943;
 0.027163506;
 7.9213877]
Keyframe: 107 Frame: 1035 Frame from vFrameID : 1036
Tcw:
[0.99261326, -0.01393413, 0.12051879, 2.6633544;
 0.098609783, 0.67135531, -0.73454624, -0.017386913;
 -0.070675664, 0.74100465, 0.66777021, 8.0392017;
 0, 0, 0, 1]
Twc:
[0.99261326, 0.098609783, -0.070675664, -2.0737903;
 -0.01393413, 0.67135531, 0.74100465, -5.9083018;
 0.12051879, -0.73454624, 0.66777021, -5.7020955;
 0, 0, 0, 1]
Ow:
[2.6633544;
 -0.017386913;
 8.0392017]
Keyframe: 108 Frame: 1045 Frame from vFrameID : 1046
Tcw:
[0.99275291, -0.046569057, 0.11078342, 2.6464982;
 0.11429656, 0.65065032, -0.75072658, -0.10538721;
 -0.03712064, 0.75794822, 0.65125769, 8.2755651;
 0, 0, 0, 1]
Twc:
[0.99275291, 0.11429656, -0.03712064, -2.3080792;
 -0.046569057, 0.65065032, 0.75794822, -6.0806341;
 0.11078342, -0.75072658, 0.65125769, -5.7618303;
 0, 0, 0, 1]
Ow:
[2.6464982;
 -0.10538721;
 8.2755651]
Keyframe: 109 Frame: 1055 Frame from vFrameID : 1056
Tcw:
[0.99719852, -0.034896359, 0.066161141, 2.7181728;
 0.072612308, 0.66397184, -0.74422365, 0.028845787;
 -0.017958438, 0.74694288, 0.66464567, 8.2963276;
 0, 0, 0, 1]
Twc:
[0.99719852, 0.072612308, -0.017958438, -2.5636635;
 -0.034896359, 0.66397184, 0.74694288, -6.121181;
 0.066161141, -0.74422365, 0.66464567, -5.6724877;
 0, 0, 0, 1]
Ow:
[2.7181728;
 0.028845787;
 8.2963276]
Keyframe: 110 Frame: 1065 Frame from vFrameID : 1066
Tcw:
[0.9874022, 0.0017184725, 0.15822127, 2.6628449;
 0.11604773, 0.67188275, -0.73150975, 0.048046589;
 -0.10756322, 0.74065554, 0.66321909, 8.3440399;
 0, 0, 0, 1]
Twc:
[0.9874022, 0.11604773, -0.10756322, -1.7373627;
 0.0017184725, 0.67188275, 0.74065554, -6.2169166;
 0.15822127, -0.73150975, 0.66321909, -5.9200983;
 0, 0, 0, 1]
Ow:
[2.6628449;
 0.048046589;
 8.3440399]
Keyframe: 111 Frame: 1075 Frame from vFrameID : 1076
Tcw:
[0.9933452, -0.0056524863, 0.11503622, 2.7574091;
 0.090370566, 0.65746015, -0.74805033, -0.028794289;
 -0.071403384, 0.75346816, 0.65359569, 8.4216633;
 0, 0, 0, 1]
Twc:
[0.9933452, 0.090370566, -0.071403384, -2.1351216;
 -0.0056524863, 0.65746015, 0.75346816, -6.3109374;
 0.11503622, -0.74805033, 0.65359569, -5.8431048;
 0, 0, 0, 1]
Ow:
[2.7574091;
 -0.028794289;
 8.4216633]
Keyframe: 112 Frame: 1085 Frame from vFrameID : 1086
Tcw:
[0.99190831, 6.2330531e-05, 0.12695648, 2.8181407;
 0.096561402, 0.64886612, -0.75475073, -0.0071077347;
 -0.082424805, 0.76090258, 0.64360964, 8.536396;
 0, 0, 0, 1]
Twc:
[0.99190831, 0.096561402, -0.082424805, -2.0910399;
 6.2330531e-05, 0.64886612, 0.76090258, -6.4909301;
 0.12695648, -0.75475073, 0.64360964, -5.8572536;
 0, 0, 0, 1]
Ow:
[2.8181407;
 -0.0071077347;
 8.536396]
Keyframe: 113 Frame: 1095 Frame from vFrameID : 1096
Tcw:
[0.99129856, 0.025460631, 0.12914677, 2.9195628;
 0.079610005, 0.66538429, -0.74224389, -0.017840385;
 -0.10483023, 0.74606669, 0.65756762, 8.5813332;
 0, 0, 0, 1]
Twc:
[0.99129856, 0.079610005, -0.10483023, -1.9931552;
 0.025460631, 0.66538429, 0.74606669, -6.4647093;
 0.12914677, -0.74224389, 0.65756762, -6.0331001;
 0, 0, 0, 1]
Ow:
[2.9195628;
 -0.017840385;
 8.5813332]
Keyframe: 114 Frame: 1105 Frame from vFrameID : 1106
Tcw:
[0.99694222, -0.018964076, 0.075806357, 3.0456252;
 0.070330918, 0.64054692, -0.76469159, 0.029358864;
 -0.034055855, 0.76768488, 0.63992202, 8.662365;
 0, 0, 0, 1]
Twc:
[0.99694222, 0.070330918, -0.034055855, -2.7433727;
 -0.018964076, 0.64054692, 0.76768488, -6.6110144;
 0.075806357, -0.76469159, 0.63992202, -5.7516656;
 0, 0, 0, 1]
Ow:
[3.0456252;
 0.029358864;
 8.662365]
Keyframe: 115 Frame: 1115 Frame from vFrameID : 1116
Tcw:
[0.99688691, -0.0079546189, 0.07844273, 3.0667994;
 0.065894447, 0.63036919, -0.77349377, 0.068851948;
 -0.04329503, 0.77625477, 0.62893093, 8.760376;
 0, 0, 0, 1]
Twc:
[0.99688691, 0.065894447, -0.04329503, -2.682508;
 -0.0079546189, 0.63036919, 0.77625477, -6.8192897;
 0.07844273, -0.77349377, 0.62893093, -5.6969833;
 0, 0, 0, 1]
Ow:
[3.0667994;
 0.068851948;
 8.760376]
Keyframe: 116 Frame: 1125 Frame from vFrameID : 1126
Tcw:
[0.99461561, -0.03372268, 0.097992718, 3.1154141;
 0.096843645, 0.6390717, -0.763026, 0.037273884;
 -0.036893088, 0.76840752, 0.63889652, 8.8130379;
 0, 0, 0, 1]
Twc:
[0.99461561, 0.096843645, -0.036893088, -2.7771091;
 -0.03372268, 0.6390717, 0.76840752, -6.6907659;
 0.097992718, -0.763026, 0.63889652, -5.9074659;
 0, 0, 0, 1]
Ow:
[3.1154141;
 0.037273884;
 8.8130379]
Keyframe: 117 Frame: 1134 Frame from vFrameID : 1135
Tcw:
[0.98963773, -0.071850717, 0.12431678, 2.8864064;
 0.14183076, 0.62415177, -0.76832193, 0.022602081;
 -0.022388056, 0.77799231, 0.62787479, 9.052907;
 0, 0, 0, 1]
Twc:
[0.98963773, 0.14183076, -0.022388056, -2.6570253;
 -0.071850717, 0.62415177, 0.77799231, -6.8498087;
 0.12431678, -0.76832193, 0.62787479, -6.0255547;
 0, 0, 0, 1]
Ow:
[2.8864064;
 0.022602081;
 9.052907]
Keyframe: 118 Frame: 1145 Frame from vFrameID : 1146
Tcw:
[0.99057603, -0.065828674, 0.12010717, 2.9891539;
 0.13522857, 0.60922146, -0.78138494, 0.016797543;
 -0.021734336, 0.79026312, 0.61238211, 9.1357355;
 0, 0, 0, 1]
Twc:
[0.99057603, 0.13522857, -0.021734336, -2.7646964;
 -0.065828674, 0.60922146, 0.79026312, -7.0330958;
 0.12010717, -0.78138494, 0.61238211, -5.940454;
 0, 0, 0, 1]
Ow:
[2.9891539;
 0.016797543;
 9.1357355]
Keyframe: 119 Frame: 1153 Frame from vFrameID : 1154
Tcw:
[0.98709983, -0.052149549, 0.15137509, 2.9890177;
 0.14851195, 0.65147376, -0.74399334, 0.027122021;
 -0.059817977, 0.75687671, 0.65081447, 9.1137466;
 0, 0, 0, 1]
Twc:
[0.98709983, 0.14851195, -0.059817977, -2.4093208;
 -0.052149549, 0.65147376, 0.75687671, -6.7597761;
 0.15137509, -0.74399334, 0.65081447, -6.3636422;
 0, 0, 0, 1]
Ow:
[2.9890177;
 0.027122021;
 9.1137466]
Keyframe: 120 Frame: 1163 Frame from vFrameID : 1164
Tcw:
[0.99255788, -0.074913487, 0.096004501, 2.9757299;
 0.12173038, 0.63147509, -0.76578122, -0.02524519;
 -0.0032571082, 0.77176887, 0.63589483, 9.3023224;
 0, 0, 0, 1]
Twc:
[0.99255788, 0.12173038, -0.0032571082, -2.9202123;
 -0.074913487, 0.63147509, 0.77176887, -6.9403787;
 0.096004501, -0.76578122, 0.63589483, -6.2203145;
 0, 0, 0, 1]
Ow:
[2.9757299;
 -0.02524519;
 9.3023224]
Keyframe: 121 Frame: 1173 Frame from vFrameID : 1174
Tcw:
[0.99196917, -0.031882532, 0.12239578, 3.0105901;
 0.1145731, 0.63641292, -0.76279199, 0.014373779;
 -0.053574514, 0.77068937, 0.63495481, 9.3623638;
 0, 0, 0, 1]
Twc:
[0.99196917, 0.1145731, -0.053574514, -2.4864752;
 -0.031882532, 0.63641292, 0.77068937, -7.1286368;
 0.12239578, -0.76279199, 0.63495481, -6.3021975;
 0, 0, 0, 1]
Ow:
[3.0105901;
 0.014373779;
 9.3623638]
Keyframe: 122 Frame: 1182 Frame from vFrameID : 1183
Tcw:
[0.98747456, -0.052775938, 0.14868982, 3.0566947;
 0.14745013, 0.64404172, -0.75064552, 0.0085053444;
 -0.056146432, 0.76316768, 0.64375663, 9.3895588;
 0, 0, 0, 1]
Twc:
[0.98747456, 0.14745013, -0.056146432, -2.4924722;
 -0.052775938, 0.64404172, 0.76316768, -7.0099659;
 0.14868982, -0.75064552, 0.64375663, -6.4927058;
 0, 0, 0, 1]
Ow:
[3.0566947;
 0.0085053444;
 9.3895588]
Keyframe: 123 Frame: 1192 Frame from vFrameID : 1193
Tcw:
[0.98973739, -0.074787796, 0.12176509, 3.096097;
 0.14117706, 0.64361411, -0.75221664, -0.023329735;
 -0.022113103, 0.76168734, 0.64756727, 9.4736233;
 0, 0, 0, 1]
Twc:
[0.98973739, 0.14117706, -0.022113103, -2.8515382;
 -0.074787796, 0.64361411, 0.76168734, -6.9693742;
 0.12176509, -0.75221664, 0.64756727, -6.5293541;
 0, 0, 0, 1]
Ow:
[3.096097;
 -0.023329735;
 9.4736233]
Keyframe: 124 Frame: 1201 Frame from vFrameID : 1202
Tcw:
[0.98767042, -0.065305144, 0.14227581, 3.1430993;
 0.15011477, 0.65293658, -0.74238759, 0.0020837784;
 -0.044415351, 0.754592, 0.65468943, 9.5407085;
 0, 0, 0, 1]
Twc:
[0.98767042, 0.15011477, -0.044415351, -2.6809049;
 -0.065305144, 0.65293658, 0.754592, -6.9954414;
 0.14227581, -0.74238759, 0.65468943, -6.6918406;
 0, 0, 0, 1]
Ow:
[3.1430993;
 0.0020837784;
 9.5407085]
Keyframe: 125 Frame: 1207 Frame from vFrameID : 1208
Tcw:
[0.98720634, -0.045496974, 0.15281916, 3.141603;
 0.14433268, 0.66229963, -0.73520559, 0.010746956;
 -0.067762449, 0.74785638, 0.66039312, 9.5716534;
 0, 0, 0, 1]
Twc:
[0.98720634, 0.14433268, -0.067762449, -2.4543629;
 -0.045496974, 0.66229963, 0.74785638, -7.0224066;
 0.15281916, -0.73520559, 0.66039312, -6.7932491;
 0, 0, 0, 1]
Ow:
[3.141603;
 0.010746956;
 9.5716534]
Keyframe: 126 Frame: 1213 Frame from vFrameID : 1214
Tcw:
[0.98652965, -0.045152254, 0.15722765, 3.2038269;
 0.14812252, 0.65444785, -0.74145645, 0.01172781;
 -0.06941887, 0.75475776, 0.65232033, 9.6325645;
 0, 0, 0, 1]
Twc:
[0.98652965, 0.14812252, -0.06941887, -2.4937255;
 -0.045152254, 0.65444785, 0.75475776, -7.1332669;
 0.15722765, -0.74145645, 0.65232033, -6.7785511;
 0, 0, 0, 1]
Ow:
[3.2038269;
 0.01172781;
 9.6325645]
Keyframe: 127 Frame: 1221 Frame from vFrameID : 1222
Tcw:
[0.99167395, -0.048508126, 0.11928853, 3.1304355;
 0.12113833, 0.66564643, -0.73636967, 0.056247234;
 -0.043684073, 0.74468905, 0.6659804, 9.6951618;
 0, 0, 0, 1]
Twc:
[0.99167395, 0.12113833, -0.043684073, -2.6876607;
 -0.048508126, 0.66564643, 0.74468905, -7.1054702;
 0.11928853, -0.73636967, 0.6659804, -6.7887945;
 0, 0, 0, 1]
Ow:
[3.1304355;
 0.056247234;
 9.6951618]
Keyframe: 128 Frame: 1229 Frame from vFrameID : 1230
Tcw:
[0.99440986, -0.064183287, 0.083842292, 3.2441535;
 0.10526688, 0.66458869, -0.73975724, 0.0076131821;
 -0.0082405806, 0.74444771, 0.6676299, 9.7656364;
 0, 0, 0, 1]
Twc:
[0.99440986, 0.10526688, -0.0082405806, -3.1463451;
 -0.064183287, 0.66458869, 0.74444771, -7.0668449;
 0.083842292, -0.73975724, 0.6676299, -6.7861962;
 0, 0, 0, 1]
Ow:
[3.2441535;
 0.0076131821;
 9.7656364]
Keyframe: 129 Frame: 1238 Frame from vFrameID : 1239
Tcw:
[0.98500305, -0.059504062, 0.16195142, 3.1506763;
 0.15940593, 0.67302269, -0.72223973, -0.017662048;
 -0.066020779, 0.73722434, 0.67241472, 9.8636799;
 0, 0, 0, 1]
Twc:
[0.98500305, 0.15940593, -0.066020779, -2.4494023;
 -0.059504062, 0.67302269, 0.73722434, -7.0723805;
 0.16195142, -0.72223973, 0.67241472, -7.1554961;
 0, 0, 0, 1]
Ow:
[3.1506763;
 -0.017662048;
 9.8636799]
Keyframe: 130 Frame: 1247 Frame from vFrameID : 1248
Tcw:
[0.98990488, -0.064592019, 0.12615958, 3.2069414;
 0.13736878, 0.65643162, -0.74177313, -0.032761574;
 -0.034902509, 0.75161523, 0.65867776, 9.9458866;
 0, 0, 0, 1]
Twc:
[0.98990488, 0.13736878, -0.034902509, -2.8229301;
 -0.064592019, 0.65643162, 0.75161523, -7.2468314;
 0.12615958, -0.74177313, 0.65867776, -6.9800224;
 0, 0, 0, 1]
Ow:
[3.2069414;
 -0.032761574;
 9.9458866]
Keyframe: 131 Frame: 1255 Frame from vFrameID : 1256
Tcw:
[0.99259853, -0.062898569, 0.10388422, 3.1988204;
 0.11915372, 0.66968685, -0.73302245, -0.001291275;
 -0.02346383, 0.73997521, 0.67222476, 9.9934559;
 0, 0, 0, 1]
Twc:
[0.99259853, 0.11915372, -0.02346383, -2.9405057;
 -0.062898569, 0.66968685, 0.73997521, -7.1928434;
 0.10388422, -0.73302245, 0.67222476, -7.0511022;
 0, 0, 0, 1]
Ow:
[3.1988204;
 -0.001291275;
 9.9934559]
Keyframe: 132 Frame: 1263 Frame from vFrameID : 1264
Tcw:
[0.98950773, -0.041582316, 0.13836662, 3.2419641;
 0.13015077, 0.67235798, -0.72869438, -0.046651363;
 -0.062731102, 0.7390573, 0.67071539, 9.9906235;
 0, 0, 0, 1]
Twc:
[0.98950773, 0.13015077, -0.062731102, -2.5751543;
 -0.041582316, 0.67235798, 0.7390573, -7.2174683;
 0.13836662, -0.72869438, 0.67071539, -7.1834393;
 0, 0, 0, 1]
Ow:
[3.2419641;
 -0.046651363;
 9.9906235]
Keyframe: 133 Frame: 1271 Frame from vFrameID : 1272
Tcw:
[0.98266846, -0.034200776, 0.18218933, 3.2612031;
 0.15839271, 0.66551244, -0.72938669, -0.039115429;
 -0.096303672, 0.74560279, 0.65939522, 10.085152;
 0, 0, 0, 1]
Twc:
[0.98266846, 0.15839271, -0.096303672, -2.2272487;
 -0.034200776, 0.66551244, 0.74560279, -7.3819504;
 0.18218933, -0.72938669, 0.65939522, -7.2727885;
 0, 0, 0, 1]
Ow:
[3.2612031;
 -0.039115429;
 10.085152]
Keyframe: 134 Frame: 1278 Frame from vFrameID : 1279
Tcw:
[0.99093121, -0.023684451, 0.13226622, 3.2939181;
 0.11287802, 0.68073702, -0.72377872, -0.035996914;
 -0.072896205, 0.73214489, 0.67723703, 10.073869;
 0, 0, 0, 1]
Twc:
[0.99093121, 0.11287802, -0.072896205, -2.525636;
 -0.023684451, 0.68073702, 0.73214489, -7.2730122;
 0.13226622, -0.72377872, 0.67723703, -7.2841249;
 0, 0, 0, 1]
Ow:
[3.2939181;
 -0.035996914;
 10.073869]
Keyframe: 135 Frame: 1286 Frame from vFrameID : 1287
Tcw:
[0.99157208, -0.023110637, 0.12747847, 3.3172848;
 0.11001201, 0.66988671, -0.73426777, -0.060804844;
 -0.068426728, 0.74210358, 0.66678339, 10.19178;
 0, 0, 0, 1]
Twc:
[0.99157208, 0.11001201, -0.068426728, -2.5852475;
 -0.023110637, 0.66988671, 0.74210358, -7.4459591;
 0.12747847, -0.73426777, 0.66678339, -7.2632384;
 0, 0, 0, 1]
Ow:
[3.3172848;
 -0.060804844;
 10.19178]
Keyframe: 136 Frame: 1295 Frame from vFrameID : 1296
Tcw:
[0.9781698, 0.024422832, 0.20636706, 3.3415294;
 0.12994768, 0.70306569, -0.69915104, -0.07843256;
 -0.16216485, 0.7107054, 0.68454397, 10.237518;
 0, 0, 0, 1]
Twc:
[0.9781698, 0.12994768, -0.16216485, -1.5982252;
 0.024422832, 0.70306569, 0.7107054, -7.3023257;
 0.20636706, -0.69915104, 0.68454397, -7.7524486;
 0, 0, 0, 1]
Ow:
[3.3415294;
 -0.07843256;
 10.237518]
Keyframe: 137 Frame: 1304 Frame from vFrameID : 1305
Tcw:
[0.9850105, 0.010594354, 0.17216863, 3.3835316;
 0.1180595, 0.68629992, -0.71767288, -0.045833111;
 -0.1257626, 0.72724152, 0.67476189, 10.321127;
 0, 0, 0, 1]
Twc:
[0.9850105, 0.1180595, -0.1257626, -2.0293918;
 0.010594354, 0.68629992, 0.72724152, -7.5103421;
 0.17216863, -0.71767288, 0.67476189, -7.5797334;
 0, 0, 0, 1]
Ow:
[3.3835316;
 -0.045833111;
 10.321127]
Keyframe: 138 Frame: 1311 Frame from vFrameID : 1312
Tcw:
[0.99010485, -0.0030111626, 0.14029728, 3.3762305;
 0.10542318, 0.67582178, -0.7294867, 0.0572896;
 -0.092619359, 0.73705888, 0.66945189, 10.350254;
 0, 0, 0, 1]
Twc:
[0.99010485, 0.10542318, -0.092619359, -2.390228;
 -0.0030111626, 0.67582178, 0.73705888, -7.6572981;
 0.14029728, -0.7294867, 0.66945189, -7.3608809;
 0, 0, 0, 1]
Ow:
[3.3762305;
 0.0572896;
 10.350254]
Keyframe: 139 Frame: 1319 Frame from vFrameID : 1320
Tcw:
[0.9898414, 0.017619826, 0.14107999, 3.4111371;
 0.092593558, 0.67311412, -0.73371911, -0.0067796707;
 -0.10789094, 0.73932868, 0.66464478, 10.427944;
 0, 0, 0, 1]
Twc:
[0.9898414, 0.092593558, -0.10789094, -2.2507763;
 0.017619826, 0.67311412, 0.73932868, -7.7652183;
 0.14107999, -0.73371911, 0.66464478, -7.4170961;
 0, 0, 0, 1]
Ow:
[3.4111371;
 -0.0067796707;
 10.427944]
Keyframe: 140 Frame: 1328 Frame from vFrameID : 1329
Tcw:
[0.98228306, 0.052787717, 0.17981492, 3.4556291;
 0.095886268, 0.6828292, -0.7242583, 0.05788517;
 -0.16101483, 0.72866845, 0.66566998, 10.431995;
 0, 0, 0, 1]
Twc:
[0.98228306, 0.095886268, -0.16101483, -1.7202505;
 0.052787717, 0.6828292, 0.72866845, -7.8234067;
 0.17981492, -0.7242583, 0.66566998, -7.523716;
 0, 0, 0, 1]
Ow:
[3.4556291;
 0.05788517;
 10.431995]
Keyframe: 141 Frame: 1336 Frame from vFrameID : 1337
Tcw:
[0.9888972, 0.051671367, 0.13932848, 3.4990463;
 0.065578647, 0.68961459, -0.72120124, 0.060575485;
 -0.13334841, 0.72233081, 0.67856938, 10.488083;
 0, 0, 0, 1]
Twc:
[0.9888972, 0.065578647, -0.13334841, -2.0656004;
 0.051671367, 0.68961459, 0.72233081, -7.79844;
 0.13932848, -0.72120124, 0.67856938, -7.5607224;
 0, 0, 0, 1]
Ow:
[3.4990463;
 0.060575485;
 10.488083]
Keyframe: 142 Frame: 1345 Frame from vFrameID : 1346
Tcw:
[0.99243701, 0.0060483199, 0.12260579, 3.5243082;
 0.087406091, 0.66647077, -0.7403897, 0.10269499;
 -0.086191289, 0.74550664, 0.66090161, 10.537601;
 0, 0, 0, 1]
Twc:
[0.99243701, 0.087406091, -0.086191289, -2.5983808;
 0.0060483199, 0.66647077, 0.74550664, -7.9456115;
 0.12260579, -0.7403897, 0.66090161, -7.320384;
 0, 0, 0, 1]
Ow:
[3.5243082;
 0.10269499;
 10.537601]
Keyframe: 143 Frame: 1352 Frame from vFrameID : 1353
Tcw:
[0.99636096, -0.0043044789, 0.085125156, 3.5161934;
 0.066010028, 0.67078823, -0.73870552, 0.090210438;
 -0.053921208, 0.74163646, 0.66863132, 10.56432;
 0, 0, 0, 1]
Twc:
[0.99636096, 0.066010028, -0.053921208, -2.939712;
 -0.0043044789, 0.67078823, 0.74163646, -7.8802609;
 0.085125156, -0.73870552, 0.66863132, -7.2963128;
 0, 0, 0, 1]
Ow:
[3.5161934;
 0.090210438;
 10.56432]
Keyframe: 144 Frame: 1362 Frame from vFrameID : 1363
Tcw:
[0.99543685, 0.011433357, 0.094734967, 3.5085585;
 0.060052834, 0.69647205, -0.71506667, 0.095831394;
 -0.074155875, 0.71749282, 0.69260734, 10.563334;
 0, 0, 0, 1]
Twc:
[0.99543685, 0.060052834, -0.074155875, -2.7149701;
 0.011433357, 0.69647205, 0.71749282, -7.6859751;
 0.094734967, -0.71506667, 0.69260734, -7.5801005;
 0, 0, 0, 1]
Ow:
[3.5085585;
 0.095831394;
 10.563334]
Keyframe: 145 Frame: 1371 Frame from vFrameID : 1372
Tcw:
[0.9957937, -0.0043376544, 0.091521204, 3.496618;
 0.070142172, 0.67875189, -0.7310102, 0.072563648;
 -0.058949322, 0.73435485, 0.67620111, 10.578648;
 0, 0, 0, 1]
Twc:
[0.9957937, 0.070142172, -0.058949322, -2.8633957;
 -0.0043376544, 0.67875189, 0.73435485, -7.8025675;
 0.091521204, -0.7310102, 0.67620111, -7.4202633;
 0, 0, 0, 1]
Ow:
[3.496618;
 0.072563648;
 10.578648]
Keyframe: 146 Frame: 1381 Frame from vFrameID : 1382
Tcw:
[0.99058145, 0.051699303, 0.12678958, 3.4928894;
 0.057519767, 0.68319458, -0.7279675, 0.04019165;
 -0.12425737, 0.72840399, 0.6737861, 10.593156;
 0, 0, 0, 1]
Twc:
[0.99058145, 0.057519767, -0.12425737, -2.1460257;
 0.051699303, 0.68319458, 0.72840399, -7.9241357;
 0.12678958, -0.7279675, 0.6737861, -7.551125;
 0, 0, 0, 1]
Ow:
[3.4928894;
 0.04019165;
 10.593156]
Keyframe: 147 Frame: 1391 Frame from vFrameID : 1392
Tcw:
[0.98432201, 0.083143763, 0.1555547, 3.4988329;
 0.055923987, 0.68930513, -0.72230947, 0.055434704;
 -0.16728018, 0.71968436, 0.67384845, 10.591137;
 0, 0, 0, 1]
Twc:
[0.98432201, 0.055923987, -0.16728018, -1.6753914;
 0.083143763, 0.68930513, 0.71968436, -7.9513927;
 0.1555547, -0.72230947, 0.67384845, -7.6410398;
 0, 0, 0, 1]
Ow:
[3.4988329;
 0.055434704;
 10.591137]
Keyframe: 148 Frame: 1400 Frame from vFrameID : 1401
Tcw:
[0.98682046, 0.10794368, 0.12055534, 3.501929;
 0.020438021, 0.65589368, -0.75457656, 0.024573326;
 -0.16052327, 0.74709547, 0.64504313, 10.607782;
 0, 0, 0, 1]
Twc:
[0.98682046, 0.020438021, -0.16052327, -1.7534816;
 0.10794368, 0.65589368, 0.74709547, -8.3191547;
 0.12055534, -0.75457656, 0.64504313, -7.2461104;
 0, 0, 0, 1]
Ow:
[3.501929;
 0.024573326;
 10.607782]
Keyframe: 149 Frame: 1409 Frame from vFrameID : 1410
Tcw:
[0.98642808, 0.072551265, 0.14729545, 3.5305896;
 0.064649083, 0.6530028, -0.75459123, 0.016081333;
 -0.15093088, 0.75387245, 0.63944989, 10.646965;
 0, 0, 0, 1]
Twc:
[0.98642808, 0.064649083, -0.15093088, -1.8767565;
 0.072551265, 0.6530028, 0.75387245, -8.2931032;
 0.14729545, -0.75459123, 0.63944989, -7.3161054;
 0, 0, 0, 1]
Ow:
[3.5305896;
 0.016081333;
 10.646965]
