Keyframe: 0 Frame: 0 Frame from vFrameID : 58
Tcw:
[0.99947166, -0.031968396, -0.0058700079, 0.036690816;
 0.0055555124, 0.34596658, -0.9382304, 0.0010634735;
 0.032024547, 0.93770206, 0.34596139, -0.075845748;
 0, 0, 0, 1]
Twc:
[0.99947166, 0.0055555124, 0.032024547, -0.034248412;
 -0.031968396, 0.34596658, 0.93770206, 0.071925737;
 -0.0058700079, -0.9382304, 0.34596139, 0.02745286;
 0, 0, 0, 1]
Ow:
[0.036690816;
 0.0010634735;
 -0.075845748]
Keyframe: 1 Frame: 57 Frame from vFrameID : 58
Tcw:
[0.99937886, -0.032438196, -0.013772973, 0.035652827;
 -0.001937668, 0.33965188, -0.94054919, 0.0024038758;
 0.035187736, 0.93999165, 0.33937806, -0.076177657;
 0, 0, 0, 1]
Twc:
[0.99937886, -0.001937668, 0.035187736, -0.032945503;
 -0.032438196, 0.33965188, 0.93999165, 0.071946405;
 -0.013772973, -0.94054919, 0.33937806, 0.028605038;
 0, 0, 0, 1]
Ow:
[0.035652827;
 0.0024038758;
 -0.076177657]
Keyframe: 2 Frame: 60 Frame from vFrameID : 61
Tcw:
[0.9992252, -0.035524003, -0.016941605, 0.036008686;
 -0.0040421118, 0.335554, -0.94201231, 0.005972106;
 0.039148871, 0.94135094, 0.33515042, -0.077197678;
 0, 0, 0, 1]
Twc:
[0.9992252, -0.0040421118, 0.039148871, -0.03293445;
 -0.035524003, 0.335554, 0.94135094, 0.07194531;
 -0.016941605, -0.94201231, 0.33515042, 0.032108676;
 0, 0, 0, 1]
Ow:
[0.036008686;
 0.005972106;
 -0.077197678]
Keyframe: 3 Frame: 62 Frame from vFrameID : 63
Tcw:
[0.9992007, -0.034992181, -0.019325538, 0.035600819;
 -0.0062371083, 0.3410565, -0.94002211, 0.0077838302;
 0.039484523, 0.93939131, 0.34056562, -0.078051604;
 0, 0, 0, 1]
Twc:
[0.9992007, -0.0062371083, 0.039484523, -0.032441985;
 -0.034992181, 0.3410565, 0.93939131, 0.07191202;
 -0.019325538, -0.94002211, 0.34056562, 0.034586672;
 0, 0, 0, 1]
Ow:
[0.035600819;
 0.0077838302;
 -0.078051604]
Keyframe: 4 Frame: 64 Frame from vFrameID : 65
Tcw:
[0.99827224, -0.049549188, -0.031582762, 0.034302477;
 -0.012800029, 0.34121072, -0.93989968, 0.0096794479;
 0.057347644, 0.93867999, 0.33998695, -0.07955163;
 0, 0, 0, 1]
Twc:
[0.99827224, -0.012800029, 0.057347644, -0.029557215;
 -0.049549188, 0.34121072, 0.93867999, 0.073070452;
 -0.031582762, -0.93989968, 0.33998695, 0.037227593;
 0, 0, 0, 1]
Ow:
[0.034302477;
 0.0096794479;
 -0.07955163]
Keyframe: 5 Frame: 66 Frame from vFrameID : 67
Tcw:
[0.99791664, -0.0540222, -0.03527024, 0.034569357;
 -0.014841191, 0.3398065, -0.94037825, 0.009277368;
 0.062786363, 0.93894255, 0.3382968, -0.079228729;
 0, 0, 0, 1]
Twc:
[0.99791664, -0.014841191, 0.062786363, -0.029385166;
 -0.0540222, 0.3398065, 0.93894255, 0.073106229;
 -0.03527024, -0.94037825, 0.3382968, 0.036746331;
 0, 0, 0, 1]
Ow:
[0.034569357;
 0.009277368;
 -0.079228729]
Keyframe: 6 Frame: 68 Frame from vFrameID : 69
Tcw:
[0.99759728, -0.050183669, -0.047763038, 0.033903345;
 -0.027639914, 0.34388068, -0.9386065, 0.011432851;
 0.063527502, 0.93767142, 0.34166735, -0.081089407;
 0, 0, 0, 1]
Twc:
[0.99759728, -0.027639914, 0.063527502, -0.028354473;
 -0.050183669, 0.34388068, 0.93767142, 0.073805079;
 -0.047763038, -0.9386065, 0.34166735, 0.040055878;
 0, 0, 0, 1]
Ow:
[0.033903345;
 0.011432851;
 -0.081089407]
Keyframe: 7 Frame: 70 Frame from vFrameID : 71
Tcw:
[0.99747974, -0.04923591, -0.051088523, 0.033189945;
 -0.030993441, 0.34535211, -0.93796128, 0.011694906;
 0.063824907, 0.93718076, 0.34295574, -0.082050718;
 0, 0, 0, 1]
Twc:
[0.99747974, -0.030993441, 0.063824907, -0.027506949;
 -0.04923591, 0.34535211, 0.93718076, 0.074491628;
 -0.051088523, -0.93796128, 0.34295574, 0.040804759;
 0, 0, 0, 1]
Ow:
[0.033189945;
 0.011694906;
 -0.082050718]
Keyframe: 8 Frame: 73 Frame from vFrameID : 74
Tcw:
[0.99736595, -0.053647827, -0.048816364, 0.031833053;
 -0.027828557, 0.33849186, -0.94055772, 0.0142578;
 0.066982821, 0.93943876, 0.33610731, -0.082879715;
 0, 0, 0, 1]
Twc:
[0.99736595, -0.027828557, 0.066982821, -0.025800914;
 -0.053647827, 0.33849186, 0.93943876, 0.074742042;
 -0.048816364, -0.94055772, 0.33610731, 0.04282074;
 0, 0, 0, 1]
Ow:
[0.031833053;
 0.0142578;
 -0.082879715]
Keyframe: 9 Frame: 76 Frame from vFrameID : 77
Tcw:
[0.99801368, -0.046681829, -0.042302322, 0.03048321;
 -0.024234431, 0.33532596, -0.9417904, 0.014584973;
 0.058149565, 0.94094491, 0.33352858, -0.084293365;
 0, 0, 0, 1]
Twc:
[0.99801368, -0.024234431, 0.058149565, -0.025167581;
 -0.046681829, 0.33532596, 0.94094491, 0.0758477;
 -0.042302322, -0.9417904, 0.33352858, 0.043139745;
 0, 0, 0, 1]
Ow:
[0.03048321;
 0.014584973;
 -0.084293365]
Keyframe: 10 Frame: 80 Frame from vFrameID : 81
Tcw:
[0.99842417, -0.042626925, -0.036497802, 0.028591769;
 -0.020170674, 0.33431825, -0.94224435, 0.017476749;
 0.05236686, 0.94149578, 0.33293161, -0.087315381;
 0, 0, 0, 1]
Twc:
[0.99842417, -0.020170674, 0.05236686, -0.023621762;
 -0.042626925, 0.33431825, 0.94149578, 0.077583045;
 -0.036497802, -0.94224435, 0.33293161, 0.046580955;
 0, 0, 0, 1]
Ow:
[0.028591769;
 0.017476749;
 -0.087315381]
Keyframe: 11 Frame: 84 Frame from vFrameID : 85
Tcw:
[0.99854594, -0.048960511, -0.022558492, 0.025691429;
 -0.0049263155, 0.33383802, -0.9426176, 0.019769359;
 0.053681917, 0.94135809, 0.33311138, -0.088922456;
 0, 0, 0, 1]
Twc:
[0.99854594, -0.0049263155, 0.053681917, -0.020783152;
 -0.048960511, 0.33383802, 0.94135809, 0.078365974;
 -0.022558492, -0.9426176, 0.33311138, 0.04883559;
 0, 0, 0, 1]
Ow:
[0.025691429;
 0.019769359;
 -0.088922456]
Keyframe: 12 Frame: 88 Frame from vFrameID : 89
Tcw:
[0.9990989, -0.04144061, -0.0091668852, 0.023983104;
 0.0055629588, 0.34198275, -0.93968976, 0.020190543;
 0.042076234, 0.93879205, 0.34190512, -0.090562493;
 0, 0, 0, 1]
Twc:
[0.9990989, 0.0055629588, 0.042076234, -0.020263284;
 -0.04144061, 0.34198275, 0.93879205, 0.079108402;
 -0.0091668852, -0.93968976, 0.34190512, 0.050156478;
 0, 0, 0, 1]
Ow:
[0.023983104;
 0.020190543;
 -0.090562493]
Keyframe: 13 Frame: 93 Frame from vFrameID : 94
Tcw:
[0.99978805, -0.020586539, -0.00022929888, 0.022316782;
 0.006947828, 0.34786457, -0.93751907, 0.02237151;
 0.019380037, 0.93731874, 0.34793386, -0.093674764;
 0, 0, 0, 1]
Twc:
[0.99978805, 0.006947828, 0.019380037, -0.020652065;
 -0.020586539, 0.34786457, 0.93731874, 0.080480278;
 -0.00022929888, -0.93751907, 0.34793386, 0.053571455;
 0, 0, 0, 1]
Ow:
[0.022316782;
 0.02237151;
 -0.093674764]
Keyframe: 14 Frame: 99 Frame from vFrameID : 100
Tcw:
[0.99976319, -0.021730419, -0.0011646749, 0.023955088;
 0.0061856429, 0.33508319, -0.94216824, 0.022542201;
 0.020863974, 0.94193792, 0.33513823, -0.095187008;
 0, 0, 0, 1]
Twc:
[0.99976319, 0.0061856429, 0.020863974, -0.022102876;
 -0.021730419, 0.33508319, 0.94193792, 0.082627289;
 -0.0011646749, -0.94216824, 0.33513823, 0.053167254;
 0, 0, 0, 1]
Ow:
[0.023955088;
 0.022542201;
 -0.095187008]
Keyframe: 15 Frame: 104 Frame from vFrameID : 105
Tcw:
[0.99993175, -0.010707562, 0.0046768859, 0.026434157;
 0.0080296742, 0.33894154, -0.94077319, 0.024395121;
 0.0084881959, 0.94074649, 0.33900437, -0.096659295;
 0, 0, 0, 1]
Twc:
[0.99993175, 0.0080296742, 0.0084881959, -0.025807776;
 -0.010707562, 0.33894154, 0.94074649, 0.08294642;
 0.0046768859, -0.94077319, 0.33900437, 0.055594571;
 0, 0, 0, 1]
Ow:
[0.026434157;
 0.024395121;
 -0.096659295]
Keyframe: 16 Frame: 109 Frame from vFrameID : 110
Tcw:
[0.99993175, -0.010290103, -0.0055288314, 0.029440414;
 -0.0016549145, 0.34374014, -0.93906337, 0.023304375;
 0.01156354, 0.93900841, 0.34369966, -0.098275602;
 0, 0, 0, 1]
Twc:
[0.99993175, -0.0016549145, 0.01156354, -0.028263425;
 -0.010290103, 0.34374014, 0.93900841, 0.084573917;
 -0.0055288314, -0.93906337, 0.34369966, 0.055824347;
 0, 0, 0, 1]
Ow:
[0.029440414;
 0.023304375;
 -0.098275602]
Keyframe: 17 Frame: 115 Frame from vFrameID : 116
Tcw:
[0.9998337, -0.017442986, 0.0053201308, 0.029098511;
 0.010931901, 0.33978215, -0.94044065, 0.017922482;
 0.014596407, 0.94034243, 0.33991632, -0.093460232;
 0, 0, 0, 1]
Twc:
[0.9998337, 0.010931901, 0.014596407, -0.027925415;
 -0.017442986, 0.33978215, 0.94034243, 0.082302444;
 0.0053201308, -0.94044065, 0.33991632, 0.04846888;
 0, 0, 0, 1]
Ow:
[0.029098511;
 0.017922482;
 -0.093460232]
Keyframe: 18 Frame: 120 Frame from vFrameID : 121
Tcw:
[0.99966127, -0.0077175042, 0.024855196, 0.032040291;
 0.026005389, 0.33398798, -0.94221854, 0.013611941;
 -0.0010297614, 0.94254571, 0.33407554, -0.087321721;
 0, 0, 0, 1]
Twc:
[0.99966127, 0.026005389, -0.0010297614, -0.032473341;
 -0.0077175042, 0.33398798, 0.94254571, 0.078005761;
 0.024855196, -0.94221854, 0.33407554, 0.041201107;
 0, 0, 0, 1]
Ow:
[0.032040291;
 0.013611941;
 -0.087321721]
Keyframe: 19 Frame: 126 Frame from vFrameID : 127
Tcw:
[0.99898833, -0.0021455511, 0.044919219, 0.035475612;
 0.043006327, 0.33755437, -0.94032311, 0.0091879629;
 -0.013145167, 0.94130361, 0.33730513, -0.083312057;
 0, 0, 0, 1]
Twc:
[0.99898833, 0.043006327, -0.013145167, -0.036930013;
 -0.0021455511, 0.33755437, 0.94130361, 0.07539662;
 0.044919219, -0.94032311, 0.33730513, 0.035147704;
 0, 0, 0, 1]
Ow:
[0.035475612;
 0.0091879629;
 -0.083312057]
Keyframe: 20 Frame: 132 Frame from vFrameID : 133
Tcw:
[0.99878031, 0.00228681, 0.049321685, 0.039675105;
 0.045326836, 0.35364667, -0.93428022, -0.0010624304;
 -0.019578971, 0.93537629, 0.35311168, -0.075132646;
 0, 0, 0, 1]
Twc:
[0.99878031, 0.045326836, -0.019578971, -0.041049577;
 0.00228681, 0.35364667, 0.93537629, 0.070562288;
 0.049321685, -0.93428022, 0.35311168, 0.023580762;
 0, 0, 0, 1]
Ow:
[0.039675105;
 -0.0010624304;
 -0.075132646]
Keyframe: 21 Frame: 138 Frame from vFrameID : 139
Tcw:
[0.99953723, -0.003261205, 0.030243721, 0.046091471;
 0.029634081, 0.3288013, -0.94393408, -0.0087444028;
 -0.006865812, 0.94439352, 0.32874578, -0.06682083;
 0, 0, 0, 1]
Twc:
[0.99953723, 0.029634081, -0.006865812, -0.046269789;
 -0.003261205, 0.3288013, 0.94439352, 0.066130646;
 0.030243721, -0.94393408, 0.32874578, 0.012318952;
 0, 0, 0, 1]
Ow:
[0.046091471;
 -0.0087444028;
 -0.06682083]
Keyframe: 22 Frame: 145 Frame from vFrameID : 146
Tcw:
[0.9999904, 0.0034445752, 0.0026992653, 0.055537976;
 0.0014264735, 0.3265506, -0.94517863, -0.017325236;
 -0.0041371854, 0.94517344, 0.32654256, -0.059193287;
 0, 0, 0, 1]
Twc:
[0.9999904, 0.0014264735, -0.0041371854, -0.055757627;
 0.0034445752, 0.3265506, 0.94517344, 0.061414186;
 0.0026992653, -0.94517863, 0.32654256, 0.0028037734;
 0, 0, 0, 1]
Ow:
[0.055537976;
 -0.017325236;
 -0.059193287]
Keyframe: 23 Frame: 153 Frame from vFrameID : 154
Tcw:
[0.99971515, 0.017099766, 0.01665074, 0.064912803;
 0.009458974, 0.35665202, -0.93418944, -0.025833569;
 -0.02191294, 0.93408078, 0.35638866, -0.053257354;
 0, 0, 0, 1]
Twc:
[0.99971515, 0.009458974, -0.02191294, -0.065816976;
 0.017099766, 0.35665202, 0.93408078, 0.057850275;
 0.01665074, -0.93418944, 0.35638866, -0.0062339744;
 0, 0, 0, 1]
Ow:
[0.064912803;
 -0.025833569;
 -0.053257354]
Keyframe: 24 Frame: 160 Frame from vFrameID : 161
Tcw:
[0.99849522, 0.028594263, 0.046793904, 0.068642095;
 0.034745079, 0.3303051, -0.9432345, -0.025815021;
 -0.042427361, 0.94344097, 0.32881457, -0.011316539;
 0, 0, 0, 1]
Twc:
[0.99849522, 0.034745079, -0.042427361, -0.068121985;
 0.028594263, 0.3303051, 0.94344097, 0.01724055;
 0.046793904, -0.9432345, 0.32881457, -0.023840606;
 0, 0, 0, 1]
Ow:
[0.068642095;
 -0.025815021;
 -0.011316539]
Keyframe: 25 Frame: 168 Frame from vFrameID : 169
Tcw:
[0.99754095, 0.040895849, 0.056917351, 0.081327178;
 0.040143106, 0.33230358, -0.94231778, -0.033369072;
 -0.057450727, 0.94228542, 0.32984474, 0.010913003;
 0, 0, 0, 1]
Twc:
[0.99754095, 0.040143106, -0.057450727, -0.07916069;
 0.040895849, 0.33230358, 0.94228542, -0.0025204446;
 0.056917351, -0.94231778, 0.32984474, -0.039672796;
 0, 0, 0, 1]
Ow:
[0.081327178;
 -0.033369072;
 0.010913003]
Keyframe: 26 Frame: 176 Frame from vFrameID : 177
Tcw:
[0.9996407, 0.019699309, 0.018178491, 0.10700664;
 0.011189313, 0.30959725, -0.95080197, -0.040925793;
 -0.024358153, 0.95066369, 0.30926558, 0.038810402;
 0, 0, 0, 1]
Twc:
[0.9996407, 0.011189313, -0.024358153, -0.10556491;
 0.019699309, 0.30959725, 0.95066369, -0.026333088;
 0.018178491, -0.95080197, 0.30926558, -0.052860264;
 0, 0, 0, 1]
Ow:
[0.10700664;
 -0.040925793;
 0.038810402]
Keyframe: 27 Frame: 184 Frame from vFrameID : 185
Tcw:
[0.99990445, 0.012346067, -0.0062202374, 0.11925463;
 -0.0098891435, 0.32436171, -0.94588143, -0.053843018;
 -0.0096603092, 0.94585258, 0.32445279, 0.062298715;
 0, 0, 0, 1]
Twc:
[0.99990445, -0.0098891435, -0.0096603092, -0.11917386;
 0.012346067, 0.32436171, 0.94585258, -0.04293311;
 -0.0062202374, -0.94588143, 0.32445279, -0.070400313;
 0, 0, 0, 1]
Ow:
[0.11925463;
 -0.053843018;
 0.062298715]
Keyframe: 28 Frame: 192 Frame from vFrameID : 193
Tcw:
[0.99984312, 0.0011718289, -0.01767331, 0.12628023;
 -0.017191656, 0.30431387, -0.95241666, -0.059400558;
 0.0042621638, 0.95257109, 0.30428627, 0.092055008;
 0, 0, 0, 1]
Twc:
[0.99984312, -0.017191656, 0.0042621638, -0.12767397;
 0.0011718289, 0.30431387, 0.95257109, -0.069760501;
 -0.01767331, -0.95241666, 0.30428627, -0.082353368;
 0, 0, 0, 1]
Ow:
[0.12628023;
 -0.059400558;
 0.092055008]
Keyframe: 29 Frame: 200 Frame from vFrameID : 201
Tcw:
[0.99987149, 0.012992707, 0.0093906531, 0.12726946;
 0.0047482015, 0.3194741, -0.94758314, -0.074257135;
 -0.01531174, 0.94750595, 0.31937134, 0.11304902;
 0, 0, 0, 1]
Twc:
[0.99987149, 0.0047482015, -0.01531174, -0.12516953;
 0.012992707, 0.3194741, 0.94750595, -0.08504495;
 0.0093906531, -0.94758314, 0.31937134, -0.10766456;
 0, 0, 0, 1]
Ow:
[0.12726946;
 -0.074257135;
 0.11304902]
Keyframe: 30 Frame: 208 Frame from vFrameID : 209
Tcw:
[0.99991435, 0.0090320418, 0.0094727837, 0.14223716;
 0.0059810053, 0.32844996, -0.94450241, -0.078844607;
 -0.011642121, 0.94447815, 0.32836783, 0.1310256;
 0, 0, 0, 1]
Twc:
[0.99991435, 0.0059810053, -0.011642121, -0.14022799;
 0.0090320418, 0.32844996, 0.94447815, -0.099138997;
 0.0094727837, -0.94450241, 0.32836783, -0.11884089;
 0, 0, 0, 1]
Ow:
[0.14223716;
 -0.078844607;
 0.1310256]
Keyframe: 31 Frame: 216 Frame from vFrameID : 217
Tcw:
[0.99942613, -0.02304825, -0.024823526, 0.16335869;
 -0.017076079, 0.29008907, -0.95684731, -0.081809893;
 0.02925469, 0.95672208, 0.28952903, 0.15709895;
 0, 0, 0, 1]
Twc:
[0.99942613, -0.017076079, 0.02925469, -0.1692578;
 -0.02304825, 0.29008907, 0.95672208, -0.12280275;
 -0.024823526, -0.95684731, 0.28952903, -0.11970914;
 0, 0, 0, 1]
Ow:
[0.16335869;
 -0.081809893;
 0.15709895]
Keyframe: 32 Frame: 224 Frame from vFrameID : 225
Tcw:
[0.9995001, -0.023579812, -0.021059716, 0.16836278;
 -0.013066441, 0.29847446, -0.95432818, -0.089657336;
 0.028788667, 0.9541263, 0.29801714, 0.19697317;
 0, 0, 0, 1]
Twc:
[0.9995001, -0.013066441, 0.028788667, -0.17512071;
 -0.023579812, 0.29847446, 0.9541263, -0.15720689;
 -0.021059716, -0.95432818, 0.29801714, -0.14071824;
 0, 0, 0, 1]
Ow:
[0.16836278;
 -0.089657336;
 0.19697317]
Keyframe: 33 Frame: 233 Frame from vFrameID : 234
Tcw:
[0.99985886, 0.0092412103, 0.014030074, 0.1885556;
 0.010428691, 0.31333062, -0.94958681, -0.11082332;
 -0.013171384, 0.94959915, 0.31319004, 0.20880935;
 0, 0, 0, 1]
Twc:
[0.99985886, 0.010428691, -0.013171384, -0.18462294;
 0.0092412103, 0.31333062, 0.94959915, -0.1653033;
 0.014030074, -0.94958681, 0.31319004, -0.17327882;
 0, 0, 0, 1]
Ow:
[0.1885556;
 -0.11082332;
 0.20880935]
Keyframe: 34 Frame: 241 Frame from vFrameID : 242
Tcw:
[0.99961299, -0.011020408, 0.025542302, 0.20252535;
 0.027653303, 0.29379421, -0.9554686, -0.10927374;
 0.0030254738, 0.95580518, 0.29398525, 0.2449986;
 0, 0, 0, 1]
Twc:
[0.99961299, 0.027653303, 0.0030254738, -0.20016642;
 -0.011020408, 0.29379421, 0.95580518, -0.19983502;
 0.025542302, -0.9554686, 0.29398525, -0.18160658;
 0, 0, 0, 1]
Ow:
[0.20252535;
 -0.10927374;
 0.2449986]
Keyframe: 35 Frame: 249 Frame from vFrameID : 250
Tcw:
[0.99793476, -0.047855239, -0.042849474, 0.2230814;
 -0.028816339, 0.26266059, -0.96445787, -0.119018;
 0.057409234, 0.96370083, 0.26073912, 0.28857926;
 0, 0, 0, 1]
Twc:
[0.99793476, -0.028816339, 0.057409234, -0.24261746;
 -0.047855239, 0.26266059, 0.96370083, -0.23616712;
 -0.042849474, -0.96445787, 0.26073912, -0.18047284;
 0, 0, 0, 1]
Ow:
[0.2230814;
 -0.119018;
 0.28857926]
Keyframe: 36 Frame: 257 Frame from vFrameID : 258
Tcw:
[0.99655032, -0.056111757, -0.061146602, 0.2451572;
 -0.042906843, 0.28232235, -0.9583596, -0.12267777;
 0.071038291, 0.95767719, 0.27894086, 0.31683746;
 0, 0, 0, 1]
Twc:
[0.99655032, -0.042906843, 0.071038291, -0.27208278;
 -0.056111757, 0.28232235, 0.95767719, -0.25503713;
 -0.061146602, -0.9583596, 0.27894086, -0.1909578;
 0, 0, 0, 1]
Ow:
[0.2451572;
 -0.12267777;
 0.31683746]
Keyframe: 37 Frame: 266 Frame from vFrameID : 267
Tcw:
[0.99677408, -0.049822327, -0.062921844, 0.24986312;
 -0.045519482, 0.29475683, -0.9544875, -0.14163992;
 0.066101432, 0.95427257, 0.29153809, 0.34004635;
 0, 0, 0, 1]
Twc:
[0.99677408, -0.045519482, 0.066101432, -0.27798203;
 -0.049822327, 0.29475683, 0.95427257, -0.27029881;
 -0.062921844, -0.9544875, 0.29153809, -0.21860814;
 0, 0, 0, 1]
Ow:
[0.24986312;
 -0.14163992;
 0.34004635]
Keyframe: 38 Frame: 274 Frame from vFrameID : 275
Tcw:
[0.99710476, -0.05799545, -0.049179882, 0.27831578;
 -0.030457327, 0.28800669, -0.9571439, -0.15134972;
 0.069674127, 0.95587063, 0.28540647, 0.37167928;
 0, 0, 0, 1]
Twc:
[0.99710476, -0.030457327, 0.069674127, -0.30801612;
 -0.05799545, 0.28800669, 0.95587063, -0.29554653;
 -0.049179882, -0.9571439, 0.28540647, -0.2372556;
 0, 0, 0, 1]
Ow:
[0.27831578;
 -0.15134972;
 0.37167928]
Keyframe: 39 Frame: 283 Frame from vFrameID : 284
Tcw:
[0.9896149, -0.083763905, -0.11681601, 0.29869428;
 -0.089294955, 0.27860618, -0.95624524, -0.15502861;
 0.1126445, 0.95674562, 0.26823312, 0.39989775;
 0, 0, 0, 1]
Twc:
[0.9896149, -0.089294955, 0.1126445, -0.35448188;
 -0.083763905, 0.27860618, 0.95674562, -0.31438869;
 -0.11681601, -0.95624524, 0.26823312, -0.22061892;
 0, 0, 0, 1]
Ow:
[0.29869428;
 -0.15502861;
 0.39989775]
Keyframe: 40 Frame: 292 Frame from vFrameID : 293
Tcw:
[0.99648088, -0.050311536, -0.067041643, 0.30341923;
 -0.050536953, 0.27748418, -0.95940012, -0.17602667;
 0.066871889, 0.95941192, 0.27396509, 0.43531293;
 0, 0, 0, 1]
Twc:
[0.99648088, -0.050536953, 0.066871889, -0.34035751;
 -0.050311536, 0.27748418, 0.95941192, -0.35353431;
 -0.067041643, -0.95940012, 0.27396509, -0.26779881;
 0, 0, 0, 1]
Ow:
[0.30341923;
 -0.17602667;
 0.43531293]
Keyframe: 41 Frame: 301 Frame from vFrameID : 302
Tcw:
[0.99941152, -0.032555915, -0.010801688, 0.31763384;
 -0.00087558967, 0.29059187, -0.95684671, -0.1801213;
 0.034289904, 0.95629311, 0.29039237, 0.44889078;
 0, 0, 0, 1]
Twc:
[0.99941152, -0.00087558967, 0.034289904, -0.33299705;
 -0.032555915, 0.29059187, 0.95629311, -0.3665885;
 -0.010801688, -0.95684671, 0.29039237, -0.29927194;
 0, 0, 0, 1]
Ow:
[0.31763384;
 -0.1801213;
 0.44889078]
Keyframe: 42 Frame: 309 Frame from vFrameID : 310
Tcw:
[0.99812376, -0.054436535, -0.028028825, 0.32462883;
 -0.011827393, 0.27773392, -0.96058524, -0.18882006;
 0.060075488, 0.95911443, 0.27656898, 0.48366964;
 0, 0, 0, 1]
Twc:
[0.99812376, -0.011827393, 0.060075488, -0.3553097;
 -0.054436535, 0.27773392, 0.95911443, -0.39378113;
 -0.028028825, -0.96058524, 0.27656898, -0.30604681;
 0, 0, 0, 1]
Ow:
[0.32462883;
 -0.18882006;
 0.48366964]
Keyframe: 43 Frame: 319 Frame from vFrameID : 320
Tcw:
[0.99486208, -0.07302554, -0.070119351, 0.34578022;
 -0.044228978, 0.30951202, -0.94986635, -0.2127386;
 0.091067284, 0.94808733, 0.30469191, 0.51649868;
 0, 0, 0, 1]
Twc:
[0.99486208, -0.044228978, 0.091067284, -0.40044895;
 -0.07302554, 0.30951202, 0.94808733, -0.39858991;
 -0.070119351, -0.94986635, 0.30469191, -0.33520034;
 0, 0, 0, 1]
Ow:
[0.34578022;
 -0.2127386;
 0.51649868]
Keyframe: 44 Frame: 327 Frame from vFrameID : 328
Tcw:
[0.99768227, -0.065900393, -0.016948232, 0.34709859;
 0.0022729668, 0.28121156, -0.95964313, -0.23041521;
 0.068006895, 0.95738035, 0.28070956, 0.54161727;
 0, 0, 0, 1]
Twc:
[0.99768227, 0.0022729668, 0.068006895, -0.38260409;
 -0.065900393, 0.28121156, 0.95738035, -0.43086442;
 -0.016948232, -0.95964313, 0.28070956, -0.3672708;
 0, 0, 0, 1]
Ow:
[0.34709859;
 -0.23041521;
 0.54161727]
Keyframe: 45 Frame: 338 Frame from vFrameID : 339
Tcw:
[0.99781978, -0.065635145, 0.0069034407, 0.36810508;
 0.024955291, 0.27839661, -0.96014196, -0.23606379;
 0.061097164, 0.95822096, 0.27942759, 0.59132946;
 0, 0, 0, 1]
Twc:
[0.99781978, 0.024955291, 0.061097164, -0.39754006;
 -0.065635145, 0.27839661, 0.95822096, -0.47674426;
 0.0069034407, -0.96014196, 0.27942759, -0.39442971;
 0, 0, 0, 1]
Ow:
[0.36810508;
 -0.23606379;
 0.59132946]
Keyframe: 46 Frame: 347 Frame from vFrameID : 348
Tcw:
[0.99428123, -0.079790868, -0.070980936, 0.40216064;
 -0.045679796, 0.28302571, -0.95802391, -0.24623448;
 0.096530989, 0.95578754, 0.27776229, 0.60697168;
 0, 0, 0, 1]
Twc:
[0.99428123, -0.045679796, 0.096530989, -0.46970028;
 -0.079790868, 0.28302571, 0.95578754, -0.47835651;
 -0.070980936, -0.95802391, 0.27776229, -0.37594664;
 0, 0, 0, 1]
Ow:
[0.40216064;
 -0.24623448;
 0.60697168]
Keyframe: 47 Frame: 355 Frame from vFrameID : 356
Tcw:
[0.99520385, -0.085058719, -0.048314773, 0.40648779;
 -0.019793263, 0.30859223, -0.95098847, -0.25747389;
 0.095799424, 0.9473837, 0.30542859, 0.63077974;
 0, 0, 0, 1]
Twc:
[0.99520385, -0.019793263, 0.095799424, -0.47006279;
 -0.085058719, 0.30859223, 0.9473837, -0.48356065;
 -0.048314773, -0.95098847, 0.30542859, -0.4178735;
 0, 0, 0, 1]
Ow:
[0.40648779;
 -0.25747389;
 0.63077974]
Keyframe: 48 Frame: 365 Frame from vFrameID : 366
Tcw:
[0.99451077, -0.10236613, -0.021668628, 0.4388397;
 0.0098597975, 0.29784968, -0.95456189, -0.2725167;
 0.1041688, 0.94910842, 0.29722401, 0.66211808;
 0, 0, 0, 1]
Twc:
[0.99451077, 0.0098597975, 0.1041688, -0.50271589;
 -0.10236613, 0.29784968, 0.94910842, -0.50233048;
 -0.021668628, -0.95456189, 0.29722401, -0.44742236;
 0, 0, 0, 1]
Ow:
[0.4388397;
 -0.2725167;
 0.66211808]
Keyframe: 49 Frame: 373 Frame from vFrameID : 374
Tcw:
[0.99157995, -0.11367626, -0.062023498, 0.44753474;
 -0.026713058, 0.28909975, -0.95692623, -0.26133561;
 0.12671077, 0.95052564, 0.28362885, 0.70158744;
 0, 0, 0, 1]
Twc:
[0.99157995, -0.026713058, 0.12671077, -0.53964621;
 -0.11367626, 0.28909975, 0.95052564, -0.54045075;
 -0.062023498, -0.95692623, 0.28362885, -0.42131165;
 0, 0, 0, 1]
Ow:
[0.44753474;
 -0.26133561;
 0.70158744]
Keyframe: 50 Frame: 381 Frame from vFrameID : 382
Tcw:
[0.98378611, -0.13144439, -0.12201351, 0.46921894;
 -0.080954731, 0.28160927, -0.95610803, -0.25724781;
 0.16003518, 0.95048332, 0.26640221, 0.73329252;
 0, 0, 0, 1]
Twc:
[0.98378611, -0.080954731, 0.16003518, -0.59978908;
 -0.13144439, 0.28160927, 0.95048332, -0.56286281;
 -0.12201351, -0.95610803, 0.26640221, -0.38405642;
 0, 0, 0, 1]
Ow:
[0.46921894;
 -0.25724781;
 0.73329252]
Keyframe: 51 Frame: 391 Frame from vFrameID : 392
Tcw:
[0.9883877, -0.12734298, -0.082906373, 0.4688364;
 -0.041267693, 0.30014482, -0.95300055, -0.26678324;
 0.14624186, 0.94535542, 0.29140431, 0.75975776;
 0, 0, 0, 1]
Twc:
[0.9883877, -0.041267693, 0.14624186, -0.58551008;
 -0.12734298, 0.30014482, 0.94535542, -0.57846445;
 -0.082906373, -0.95300055, 0.29140431, -0.43677172;
 0, 0, 0, 1]
Ow:
[0.4688364;
 -0.26678324;
 0.75975776]
Keyframe: 52 Frame: 399 Frame from vFrameID : 400
Tcw:
[0.99304265, -0.11427553, -0.028414333, 0.47890773;
 0.0073810895, 0.30123192, -0.95352232, -0.29111555;
 0.11752357, 0.94667864, 0.29997963, 0.77606285;
 0, 0, 0, 1]
Twc:
[0.99304265, 0.0073810895, 0.11752357, -0.56463277;
 -0.11427553, 0.30123192, 0.94667864, -0.59226131;
 -0.028414333, -0.95352232, 0.29997963, -0.49678037;
 0, 0, 0, 1]
Ow:
[0.47890773;
 -0.29111555;
 0.77606285]
Keyframe: 53 Frame: 407 Frame from vFrameID : 408
Tcw:
[0.99167717, -0.11926768, -0.048493907, 0.49350291;
 -0.011834302, 0.29061934, -0.95676559, -0.29330388;
 0.12820448, 0.94937646, 0.28678912, 0.80557704;
 0, 0, 0, 1]
Twc:
[0.99167717, -0.011834302, 0.12820448, -0.59614515;
 -0.11926768, 0.29061934, 0.94937646, -0.62069714;
 -0.048493907, -0.95676559, 0.28678912, -0.48772189;
 0, 0, 0, 1]
Ow:
[0.49350291;
 -0.29330388;
 0.80557704]
Keyframe: 54 Frame: 415 Frame from vFrameID : 416
Tcw:
[0.98549742, -0.13834839, -0.09825784, 0.49713197;
 -0.050334491, 0.31465033, -0.94787216, -0.30187863;
 0.16205344, 0.9390713, 0.30312338, 0.82875454;
 0, 0, 0, 1]
Twc:
[0.98549742, -0.050334491, 0.16205344, -0.63941967;
 -0.13834839, 0.31465033, 0.9390713, -0.61449593;
 -0.09825784, -0.94787216, 0.30312338, -0.48851007;
 0, 0, 0, 1]
Ow:
[0.49713197;
 -0.30187863;
 0.82875454]
Keyframe: 55 Frame: 423 Frame from vFrameID : 424
Tcw:
[0.98776954, -0.13550171, -0.07714057, 0.50573319;
 -0.028609544, 0.32883379, -0.94395435, -0.31407312;
 0.15327387, 0.93461627, 0.32093537, 0.8587541;
 0, 0, 0, 1]
Twc:
[0.98776954, -0.028609544, 0.15327387, -0.64015788;
 -0.13550171, 0.32883379, 0.93461627, -0.63079995;
 -0.07714057, -0.94395435, 0.32093537, -0.5330627;
 0, 0, 0, 1]
Ow:
[0.50573319;
 -0.31407312;
 0.8587541]
Keyframe: 56 Frame: 432 Frame from vFrameID : 433
Tcw:
[0.99282563, -0.11739334, -0.022718098, 0.50599545;
 0.016138203, 0.31981573, -0.94734234, -0.33237046;
 0.11847728, 0.94017911, 0.31941575, 0.88485903;
 0, 0, 0, 1]
Twc:
[0.99282563, 0.016138203, 0.11847728, -0.6018371;
 -0.11739334, 0.31981573, 0.94017911, -0.66622812;
 -0.022718098, -0.94734234, 0.31941575, -0.58601123;
 0, 0, 0, 1]
Ow:
[0.50599545;
 -0.33237046;
 0.88485903]
Keyframe: 57 Frame: 440 Frame from vFrameID : 441
Tcw:
[0.99396312, -0.1057543, -0.029212892, 0.51583558;
 0.0073823961, 0.33012486, -0.94390839, -0.34344673;
 0.10946628, 0.93799448, 0.32891265, 0.90812671;
 0, 0, 0, 1]
Twc:
[0.99396312, 0.0073823961, 0.10946628, -0.6095953;
 -0.1057543, 0.33012486, 0.93799448, -0.68388569;
 -0.029212892, -0.94390839, 0.32891265, -0.60780758;
 0, 0, 0, 1]
Ow:
[0.51583558;
 -0.34344673;
 0.90812671]
Keyframe: 58 Frame: 448 Frame from vFrameID : 449
Tcw:
[0.991108, -0.10167465, -0.085832551, 0.53593773;
 -0.050183136, 0.31180549, -0.94881976, -0.34790272;
 0.12323398, 0.94469023, 0.30393055, 0.93973136;
 0, 0, 0, 1]
Twc:
[0.991108, -0.050183136, 0.12323398, -0.66443783;
 -0.10167465, 0.31180549, 0.94469023, -0.72478575;
 -0.085832551, -0.94881976, 0.30393055, -0.56970918;
 0, 0, 0, 1]
Ow:
[0.53593773;
 -0.34790272;
 0.93973136]
Keyframe: 59 Frame: 456 Frame from vFrameID : 457
Tcw:
[0.98712552, -0.11620324, -0.10990936, 0.54267275;
 -0.064738847, 0.33808786, -0.93888521, -0.35788286;
 0.14626053, 0.93391293, 0.32621226, 0.95881677;
 0, 0, 0, 1]
Twc:
[0.98712552, -0.064738847, 0.14626053, -0.69909209;
 -0.11620324, 0.33808786, 0.93391293, -0.71139532;
 -0.10990936, -0.93888521, 0.32621226, -0.58914393;
 0, 0, 0, 1]
Ow:
[0.54267275;
 -0.35788286;
 0.95881677]
Keyframe: 60 Frame: 464 Frame from vFrameID : 465
Tcw:
[0.99364799, -0.097762778, -0.055731978, 0.54841107;
 -0.020153441, 0.33264869, -0.94283545, -0.37050748;
 0.11071339, 0.93796974, 0.32856545, 0.9802559;
 0, 0, 0, 1]
Twc:
[0.99364799, -0.020153441, 0.11071339, -0.66092205;
 -0.097762778, 0.33264869, 0.93796974, -0.74258739;
 -0.055731978, -0.94283545, 0.32856545, -0.64084178;
 0, 0, 0, 1]
Ow:
[0.54841107;
 -0.37050748;
 0.9802559]
Keyframe: 61 Frame: 472 Frame from vFrameID : 473
Tcw:
[0.99543327, -0.094579205, -0.012939498, 0.55351657;
 0.019153014, 0.33067131, -0.9435516, -0.37648243;
 0.093519084, 0.93899482, 0.3309727, 0.9940719;
 0, 0, 0, 1]
Twc:
[0.99543327, 0.019153014, 0.093519084, -0.63674265;
 -0.094579205, 0.33067131, 0.93899482, -0.75658524;
 -0.012939498, -0.9435516, 0.3309727, -0.67707902;
 0, 0, 0, 1]
Ow:
[0.55351657;
 -0.37648243;
 0.9940719]
Keyframe: 62 Frame: 480 Frame from vFrameID : 481
Tcw:
[0.99408764, -0.10542408, -0.025990319, 0.55575812;
 0.0099971462, 0.32721391, -0.94489741, -0.37808549;
 0.10811933, 0.93905103, 0.32633325, 1.017856;
 0, 0, 0, 1]
Twc:
[0.99408764, 0.0099971462, 0.10811933, -0.65874249;
 -0.10542408, 0.32721391, 0.93905103, -0.77351367;
 -0.025990319, -0.94489741, 0.32633325, -0.67496794;
 0, 0, 0, 1]
Ow:
[0.55575812;
 -0.37808549;
 1.017856]
Keyframe: 63 Frame: 489 Frame from vFrameID : 490
Tcw:
[0.9924221, -0.11382978, -0.046272084, 0.55620128;
 -0.0076986975, 0.31823546, -0.94798046, -0.380979;
 0.12263383, 0.94115299, 0.31494758, 1.0435709;
 0, 0, 0, 1]
Twc:
[0.9924221, -0.0076986975, 0.12263383, -0.68289661;
 -0.11382978, 0.31823546, 0.94115299, -0.79760659;
 -0.046272084, -0.94798046, 0.31494758, -0.66409421;
 0, 0, 0, 1]
Ow:
[0.55620128;
 -0.380979;
 1.0435709]
Keyframe: 64 Frame: 497 Frame from vFrameID : 498
Tcw:
[0.99393648, -0.10716791, -0.024603719, 0.55638933;
 0.014732653, 0.35153997, -0.93605697, -0.39434874;
 0.10896446, 0.93001866, 0.35098726, 1.0637212;
 0, 0, 0, 1]
Twc:
[0.99393648, 0.014732653, 0.10896446, -0.66311365;
 -0.10716791, 0.35153997, 0.93001866, -0.79102421;
 -0.024603719, -0.93605697, 0.35098726, -0.72879618;
 0, 0, 0, 1]
Ow:
[0.55638933;
 -0.39434874;
 1.0637212]
Keyframe: 65 Frame: 505 Frame from vFrameID : 506
Tcw:
[0.99565542, -0.091686711, 0.016242204, 0.55776715;
 0.047708865, 0.35252506, -0.93458545, -0.40174717;
 0.079963282, 0.93129998, 0.35536775, 1.0911115;
 0, 0, 0, 1]
Twc:
[0.99565542, 0.047708865, 0.079963282, -0.6234259;
 -0.091686711, 0.35252506, 0.93129998, -0.82338631;
 0.016242204, -0.93458545, 0.35536775, -0.77227229;
 0, 0, 0, 1]
Ow:
[0.55776715;
 -0.40174717;
 1.0911115]
Keyframe: 66 Frame: 513 Frame from vFrameID : 514
Tcw:
[0.99482208, -0.097428143, 0.028926173, 0.54627705;
 0.061157487, 0.34656346, -0.93603075, -0.39829019;
 0.081170984, 0.93295312, 0.35072744, 1.1114366;
 0, 0, 0, 1]
Twc:
[0.99482208, 0.061157487, 0.081170984, -0.60930645;
 -0.097428143, 0.34656346, 0.93295312, -0.84566259;
 0.028926173, -0.93603075, 0.35072744, -0.77842486;
 0, 0, 0, 1]
Ow:
[0.54627705;
 -0.39829019;
 1.1114366]
Keyframe: 67 Frame: 521 Frame from vFrameID : 522
Tcw:
[0.99346602, -0.10762956, -0.037962183, 0.55839539;
 -7.510539e-06, 0.33256584, -0.94308007, -0.38424802;
 0.11412822, 0.93691826, 0.33039206, 1.1403034;
 0, 0, 0, 1]
Twc:
[0.99346602, -7.510539e-06, 0.11412822, -0.68489051;
 -0.10762956, 0.33256584, 0.93691826, -0.88048339;
 -0.037962183, -0.94308007, 0.33039206, -0.71792585;
 0, 0, 0, 1]
Ow:
[0.55839539;
 -0.38424802;
 1.1403034]
Keyframe: 68 Frame: 529 Frame from vFrameID : 530
Tcw:
[0.99027348, -0.13123928, -0.046202209, 0.55949855;
 0.005533176, 0.36895317, -0.9294315, -0.38291278;
 0.13902436, 0.92013574, 0.36609071, 1.1522105;
 0, 0, 0, 1]
Twc:
[0.99027348, 0.005533176, 0.13902436, -0.71212322;
 -0.13123928, 0.36895317, 0.92013574, -0.84548497;
 -0.046202209, -0.9294315, 0.36609071, -0.75185472;
 0, 0, 0, 1]
Ow:
[0.55949855;
 -0.38291278;
 1.1522105]
Keyframe: 69 Frame: 537 Frame from vFrameID : 538
Tcw:
[0.99260598, -0.12006618, -0.017818257, 0.56948668;
 0.023999207, 0.33802781, -0.94083005, -0.36731413;
 0.11898494, 0.93344593, 0.33840993, 1.1734011;
 0, 0, 0, 1]
Twc:
[0.99260598, 0.023999207, 0.11898494, -0.69607764;
 -0.12006618, 0.33802781, 0.93344593, -0.90276802;
 -0.017818257, -0.94083005, 0.33840993, -0.7325235;
 0, 0, 0, 1]
Ow:
[0.56948668;
 -0.36731413;
 1.1734011]
Keyframe: 70 Frame: 545 Frame from vFrameID : 546
Tcw:
[0.99623746, -0.085626312, 0.013380251, 0.5819909;
 0.041704562, 0.33831617, -0.94010794, -0.37476212;
 0.075971216, 0.93712872, 0.34061426, 1.1929957;
 0, 0, 0, 1]
Twc:
[0.99623746, 0.041704562, 0.075971216, -0.65480524;
 -0.085626312, 0.33831617, 0.93712872, -0.94136882;
 0.013380251, -0.94010794, 0.34061426, -0.76645535;
 0, 0, 0, 1]
Ow:
[0.5819909;
 -0.37476212;
 1.1929957]
Keyframe: 71 Frame: 554 Frame from vFrameID : 555
Tcw:
[0.98314291, -0.13680416, -0.12130374, 0.61061192;
 -0.071785875, 0.32135859, -0.9442327, -0.35425168;
 0.16815697, 0.93702364, 0.30612084, 1.2144969;
 0, 0, 0, 1]
Twc:
[0.98314291, -0.071785875, 0.16815697, -0.82997513;
 -0.13680416, 0.32135859, 0.93702364, -0.9406361;
 -0.12130374, -0.9442327, 0.30612084, -0.6322093;
 0, 0, 0, 1]
Ow:
[0.61061192;
 -0.35425168;
 1.2144969]
Keyframe: 72 Frame: 562 Frame from vFrameID : 563
Tcw:
[0.98134172, -0.14377519, -0.12766001, 0.62379915;
 -0.067381851, 0.36468112, -0.92869121, -0.36067438;
 0.18007796, 0.91996539, 0.348189, 1.2270957;
 0, 0, 0, 1]
Twc:
[0.98134172, -0.067381851, 0.18007796, -0.85743594;
 -0.14377519, 0.36468112, 0.91996539, -0.90766764;
 -0.12766001, -0.92869121, 0.348189, -0.68258214;
 0, 0, 0, 1]
Ow:
[0.62379915;
 -0.36067438;
 1.2270957]
Keyframe: 73 Frame: 571 Frame from vFrameID : 572
Tcw:
[0.99334121, -0.097189575, -0.061866, 0.62910962;
 -0.023533963, 0.35449082, -0.93476331, -0.37407511;
 0.11278018, 0.92999488, 0.34984308, 1.2315913;
 0, 0, 0, 1]
Twc:
[0.99334121, -0.023533963, 0.11278018, -0.77262306;
 -0.097189575, 0.35449082, 0.92999488, -0.95162451;
 -0.061866, -0.93476331, 0.34984308, -0.74161488;
 0, 0, 0, 1]
Ow:
[0.62910962;
 -0.37407511;
 1.2315913]
Keyframe: 74 Frame: 579 Frame from vFrameID : 580
Tcw:
[0.99454105, -0.096771494, -0.039031174, 0.63066393;
 -0.0026719086, 0.35031381, -0.93662858, -0.35789055;
 0.10431211, 0.93161982, 0.34814289, 1.2576945;
 0, 0, 0, 1]
Twc:
[0.99454105, -0.0026719086, 0.10431211, -0.75937015;
 -0.096771494, 0.35031381, 0.93161982, -0.9852888;
 -0.039031174, -0.93662858, 0.34814289, -0.74845237;
 0, 0, 0, 1]
Ow:
[0.63066393;
 -0.35789055;
 1.2576945]
Keyframe: 75 Frame: 588 Frame from vFrameID : 589
Tcw:
[0.9911412, -0.09770491, -0.089960352, 0.63465822;
 -0.05114647, 0.34431189, -0.93746114, -0.35018662;
 0.12256898, 0.93375748, 0.33626443, 1.2808417;
 0, 0, 0, 1]
Twc:
[0.9911412, -0.05114647, 0.12256898, -0.80393815;
 -0.09770491, 0.34431189, 0.93375748, -1.013413;
 -0.089960352, -0.93746114, 0.33626443, -0.70189381;
 0, 0, 0, 1]
Ow:
[0.63465822;
 -0.35018662;
 1.2808417]
Keyframe: 76 Frame: 596 Frame from vFrameID : 597
Tcw:
[0.98983932, -0.1043207, -0.096619196, 0.64064908;
 -0.056120474, 0.3377147, -0.939574, -0.35440192;
 0.13064674, 0.9354496, 0.32842878, 1.2955983;
 0, 0, 0, 1]
Twc:
[0.98983932, -0.056120474, 0.13064674, -0.82329458;
 -0.1043207, 0.3377147, 0.9354496, -1.0254472;
 -0.096619196, -0.939574, 0.32842878, -0.6965996;
 0, 0, 0, 1]
Ow:
[0.64064908;
 -0.35440192;
 1.2955983]
Keyframe: 77 Frame: 605 Frame from vFrameID : 606
Tcw:
[0.99520648, -0.0667395, -0.071483463, 0.64161396;
 -0.043922585, 0.34804696, -0.93644762, -0.34845287;
 0.087377645, 0.93509847, 0.34344724, 1.3072983;
 0, 0, 0, 1]
Twc:
[0.99520648, -0.043922585, 0.087377645, -0.76807201;
 -0.0667395, 0.34804696, 0.93509847, -1.0583537;
 -0.071483463, -0.93644762, 0.34344724, -0.72943103;
 0, 0, 0, 1]
Ow:
[0.64161396;
 -0.34845287;
 1.3072983]
Keyframe: 78 Frame: 613 Frame from vFrameID : 614
Tcw:
[0.99734783, -0.059247661, -0.042273469, 0.645468;
 -0.018354585, 0.3573035, -0.93380797, -0.32547769;
 0.070430398, 0.93210727, 0.35526839, 1.3177532;
 0, 0, 0, 1]
Twc:
[0.99734783, -0.018354585, 0.070430398, -0.74254;
 -0.059247661, 0.3573035, 0.93210727, -1.0737505;
 -0.042273469, -0.93380797, 0.35526839, -0.74480355;
 0, 0, 0, 1]
Ow:
[0.645468;
 -0.32547769;
 1.3177532]
Keyframe: 79 Frame: 620 Frame from vFrameID : 621
Tcw:
[0.99324107, -0.085247003, -0.078772299, 0.65359241;
 -0.044610266, 0.34616694, -0.93711174, -0.31566769;
 0.10715433, 0.9342919, 0.34002435, 1.3350689;
 0, 0, 0, 1]
Twc:
[0.99324107, -0.044610266, 0.10715433, -0.8063153;
 -0.085247003, 0.34616694, 0.9342919, -1.0823537;
 -0.078772299, -0.93711174, 0.34002435, -0.69828689;
 0, 0, 0, 1]
Ow:
[0.65359241;
 -0.31566769;
 1.3350689]
Keyframe: 80 Frame: 628 Frame from vFrameID : 629
Tcw:
[0.99206811, -0.067673311, -0.1059301, 0.65791571;
 -0.074253649, 0.36447048, -0.92824978, -0.30329585;
 0.10142613, 0.92875272, 0.35655457, 1.3481969;
 0, 0, 0, 1]
Twc:
[0.99206811, -0.074253649, 0.10142613, -0.81196046;
 -0.067673311, 0.36447048, 0.92875272, -1.0970757;
 -0.1059301, -0.92824978, 0.35655457, -0.6925469;
 0, 0, 0, 1]
Ow:
[0.65791571;
 -0.30329585;
 1.3481969]
Keyframe: 81 Frame: 636 Frame from vFrameID : 637
Tcw:
[0.99304682, -0.065364294, -0.097905435, 0.66573334;
 -0.066554978, 0.37426433, -0.92493063, -0.32327285;
 0.097099945, 0.92501551, 0.36731169, 1.3614999;
 0, 0, 0, 1]
Twc:
[0.99304682, -0.066554978, 0.097099945, -0.81482142;
 -0.065364294, 0.37426433, 0.92501551, -1.0949039;
 -0.097905435, -0.92493063, 0.36731169, -0.73392087;
 0, 0, 0, 1]
Ow:
[0.66573334;
 -0.32327285;
 1.3614999]
Keyframe: 82 Frame: 644 Frame from vFrameID : 645
Tcw:
[0.9970997, -0.046052817, -0.060591627, 0.66502881;
 -0.039087817, 0.37323782, -0.92691189, -0.30899608;
 0.065301992, 0.92659199, 0.37035522, 1.3765862;
 0, 0, 0, 1]
Twc:
[0.9970997, -0.039087817, 0.065301992, -0.76507181;
 -0.046052817, 0.37323782, 0.92659199, -1.1295782;
 -0.060591627, -0.92691189, 0.37035522, -0.75594282;
 0, 0, 0, 1]
Ow:
[0.66502881;
 -0.30899608;
 1.3765862]
Keyframe: 83 Frame: 652 Frame from vFrameID : 653
Tcw:
[0.9947288, -0.065460742, -0.078926891, 0.66220063;
 -0.049031079, 0.37237287, -0.92678714, -0.29522622;
 0.090058409, 0.92577177, 0.3672004, 1.3945037;
 0, 0, 0, 1]
Twc:
[0.9947288, -0.049031079, 0.090058409, -0.7987721;
 -0.065460742, 0.37237287, 0.92577177, -1.1377097;
 -0.078926891, -0.92678714, 0.3672004, -0.73340875;
 0, 0, 0, 1]
Ow:
[0.66220063;
 -0.29522622;
 1.3945037]
Keyframe: 84 Frame: 660 Frame from vFrameID : 661
Tcw:
[0.98934644, -0.07611651, -0.12409629, 0.6571973;
 -0.090682611, 0.34463498, -0.9343465, -0.27924538;
 0.11388712, 0.93564576, 0.33406097, 1.4161384;
 0, 0, 0, 1]
Twc:
[0.98934644, -0.090682611, 0.11388712, -0.83679849;
 -0.07611651, 0.34463498, 0.93564576, -1.1787425;
 -0.12409629, -0.9343465, 0.33406097, -0.65243274;
 0, 0, 0, 1]
Ow:
[0.6571973;
 -0.27924538;
 1.4161384]
Keyframe: 85 Frame: 668 Frame from vFrameID : 669
Tcw:
[0.9925493, -0.063850924, -0.10377354, 0.66012269;
 -0.074922927, 0.35180706, -0.93306935, -0.28485674;
 0.096085601, 0.93389231, 0.34440193, 1.4419615;
 0, 0, 0, 1]
Twc:
[0.9925493, -0.074922927, 0.096085601, -0.81509835;
 -0.063850924, 0.35180706, 0.93389231, -1.2042727;
 -0.10377354, -0.93306935, 0.34440193, -0.69390219;
 0, 0, 0, 1]
Ow:
[0.66012269;
 -0.28485674;
 1.4419615]
Keyframe: 86 Frame: 676 Frame from vFrameID : 677
Tcw:
[0.99554998, -0.070686981, -0.062318318, 0.66527534;
 -0.034677353, 0.34009933, -0.9397499, -0.28141356;
 0.087622508, 0.93772906, 0.33613467, 1.4615778;
 0, 0, 0, 1]
Twc:
[0.99554998, -0.034677353, 0.087622508, -0.80014062;
 -0.070686981, 0.34009933, 0.93772906, -1.2278291;
 -0.062318318, -0.9397499, 0.33613467, -0.71428651;
 0, 0, 0, 1]
Ow:
[0.66527534;
 -0.28141356;
 1.4615778]
Keyframe: 87 Frame: 684 Frame from vFrameID : 685
Tcw:
[0.99780959, -0.055070266, -0.0366503, 0.66483128;
 -0.015501303, 0.3439607, -0.93885607, -0.27751806;
 0.064309314, 0.93736774, 0.34235361, 1.4765929;
 0, 0, 0, 1]
Twc:
[0.99780959, -0.015501303, 0.064309314, -0.76263565;
 -0.055070266, 0.3439607, 0.93736774, -1.2520428;
 -0.0366503, -0.93885607, 0.34235361, -0.74170023;
 0, 0, 0, 1]
Ow:
[0.66483128;
 -0.27751806;
 1.4765929]
Keyframe: 88 Frame: 692 Frame from vFrameID : 693
Tcw:
[0.99766225, -0.042614166, -0.053423721, 0.64558524;
 -0.034952119, 0.35357922, -0.93475133, -0.27842125;
 0.058723167, 0.9344334, 0.3512632, 1.4846547;
 0, 0, 0, 1]
Twc:
[0.99766225, -0.034952119, 0.058723167, -0.74099106;
 -0.042614166, 0.35357922, 0.9344334, -1.2613558;
 -0.053423721, -0.93475133, 0.3512632, -0.74726957;
 0, 0, 0, 1]
Ow:
[0.64558524;
 -0.27842125;
 1.4846547]
Keyframe: 89 Frame: 700 Frame from vFrameID : 701
Tcw:
[0.99571544, -0.064420678, -0.066338509, 0.65447456;
 -0.038684096, 0.36141667, -0.93160158, -0.28394619;
 0.083990254, 0.93017632, 0.35737607, 1.4970436;
 0, 0, 0, 1]
Twc:
[0.99571544, -0.038684096, 0.083990254, -0.78839165;
 -0.064420678, 0.36141667, 0.93017632, -1.24773;
 -0.066338509, -0.93160158, 0.35737607, -0.7561155;
 0, 0, 0, 1]
Ow:
[0.65447456;
 -0.28394619;
 1.4970436]
Keyframe: 90 Frame: 707 Frame from vFrameID : 708
Tcw:
[0.99924922, -0.034719866, -0.0171916, 0.63288993;
 -0.0050764391, 0.32257453, -0.94653046, -0.23543257;
 0.038408983, 0.94590706, 0.3221561, 1.5268877;
 0, 0, 0, 1]
Twc:
[0.99924922, -0.0050764391, 0.038408983, -0.69225609;
 -0.034719866, 0.32257453, 0.94590706, -1.3463755;
 -0.0171916, -0.94653046, 0.3221561, -0.70385987;
 0, 0, 0, 1]
Ow:
[0.63288993;
 -0.23543257;
 1.5268877]
Keyframe: 91 Frame: 715 Frame from vFrameID : 716
Tcw:
[0.99889064, -0.037238732, 0.028823256, 0.64454859;
 0.039909333, 0.34457123, -0.93791145, -0.23133901;
 0.024994969, 0.9380213, 0.34567517, 1.5423309;
 0, 0, 0, 1]
Twc:
[0.99889064, 0.039909333, 0.024994969, -0.67315149;
 -0.037238732, 0.34457123, 0.9380213, -1.3430241;
 0.028823256, -0.93791145, 0.34567517, -0.76869893;
 0, 0, 0, 1]
Ow:
[0.64454859;
 -0.23133901;
 1.5423309]
Keyframe: 92 Frame: 723 Frame from vFrameID : 724
Tcw:
[0.9970367, -0.069984213, -0.031937581, 0.65741086;
 -0.0083167348, 0.31467003, -0.94916469, -0.23630989;
 0.076476343, 0.94661766, 0.31315553, 1.5827456;
 0, 0, 0, 1]
Twc:
[0.9970367, -0.0083167348, 0.076476343, -0.7784707;
 -0.069984213, 0.31467003, 0.94661766, -1.3778869;
 -0.031937581, -0.94916469, 0.31315553, -0.69894642;
 0, 0, 0, 1]
Ow:
[0.65741086;
 -0.23630989;
 1.5827456]
Keyframe: 93 Frame: 729 Frame from vFrameID : 730
Tcw:
[0.99540341, -0.078202024, -0.055285458, 0.66313291;
 -0.027948851, 0.31493983, -0.94870001, -0.24294099;
 0.091601856, 0.94588441, 0.31130654, 1.5983369;
 0, 0, 0, 1]
Twc:
[0.99540341, -0.027948851, 0.091601856, -0.81328535;
 -0.078202024, 0.31493983, 0.94588441, -1.3834718;
 -0.055285458, -0.94870001, 0.31130654, -0.69138926;
 0, 0, 0, 1]
Ow:
[0.66313291;
 -0.24294099;
 1.5983369]
Keyframe: 94 Frame: 735 Frame from vFrameID : 736
Tcw:
[0.99451625, -0.078524619, -0.069075055, 0.6693809;
 -0.041853707, 0.30644983, -0.95096624, -0.24437535;
 0.095842302, 0.94864237, 0.30148277, 1.6193398;
 0, 0, 0, 1]
Twc:
[0.99451625, -0.041853707, 0.095842302, -0.83113939;
 -0.078524619, 0.30644983, 0.94864237, -1.4087229;
 -0.069075055, -0.95096624, 0.30148277, -0.67435831;
 0, 0, 0, 1]
Ow:
[0.6693809;
 -0.24437535;
 1.6193398]
Keyframe: 95 Frame: 742 Frame from vFrameID : 743
Tcw:
[0.99482423, -0.087874018, -0.051018305, 0.67153811;
 -0.022059981, 0.30333909, -0.9526273, -0.24459335;
 0.099187039, 0.9488222, 0.29983059, 1.6324108;
 0, 0, 0, 1]
Twc:
[0.99482423, -0.022059981, 0.099187039, -0.83537215;
 -0.087874018, 0.30333909, 0.9488222, -1.4156621;
 -0.051018305, -0.9526273, 0.29983059, -0.68819225;
 0, 0, 0, 1]
Ow:
[0.67153811;
 -0.24459335;
 1.6324108]
Keyframe: 96 Frame: 750 Frame from vFrameID : 751
Tcw:
[0.99432474, -0.10398413, -0.022485504, 0.65501612;
 0.010572736, 0.30689168, -0.95168573, -0.24050993;
 0.10586083, 0.94604695, 0.30624938, 1.6538066;
 0, 0, 0, 1]
Twc:
[0.99432474, 0.010572736, 0.10586083, -0.82382923;
 -0.10398413, 0.30689168, 0.94604695, -1.4226569;
 -0.022485504, -0.95168573, 0.30624938, -0.72063875;
 0, 0, 0, 1]
Ow:
[0.65501612;
 -0.24050993;
 1.6538066]
Keyframe: 97 Frame: 758 Frame from vFrameID : 759
Tcw:
[0.99355865, -0.11026161, -0.026146457, 0.664303;
 0.0082048718, 0.30012444, -0.95386475, -0.25290355;
 0.11302186, 0.94750601, 0.2990959, 1.6745729;
 0, 0, 0, 1]
Twc:
[0.99355865, 0.0082048718, 0.11302186, -0.84721226;
 -0.11026161, 0.30012444, 0.94750601, -1.4375182;
 -0.026146457, -0.95386475, 0.2990959, -0.72472453;
 0, 0, 0, 1]
Ow:
[0.664303;
 -0.25290355;
 1.6745729]
Keyframe: 98 Frame: 765 Frame from vFrameID : 766
Tcw:
[0.99086815, -0.1339407, -0.015499936, 0.63410509;
 0.030364966, 0.33366811, -0.94220144, -0.26822859;
 0.13137096, 0.93312675, 0.33468819, 1.6682367;
 0, 0, 0, 1]
Twc:
[0.99086815, 0.030364966, 0.13137096, -0.83932763;
 -0.1339407, 0.33366811, 0.93312675, -1.3822446;
 -0.015499936, -0.94220144, 0.33468819, -0.80123597;
 0, 0, 0, 1]
Ow:
[0.63410509;
 -0.26822859;
 1.6682367]
Keyframe: 99 Frame: 771 Frame from vFrameID : 772
Tcw:
[0.98852599, -0.10973709, -0.10379871, 0.70751375;
 -0.067276478, 0.29539642, -0.95300305, -0.23339647;
 0.13524155, 0.9490515, 0.28462428, 1.730492;
 0, 0, 0, 1]
Twc:
[0.98852599, -0.067276478, 0.13524155, -0.9491322;
 -0.10973709, 0.29539642, 0.9490515, -1.495741;
 -0.10379871, -0.95300305, 0.28462428, -0.64152861;
 0, 0, 0, 1]
Ow:
[0.70751375;
 -0.23339647;
 1.730492]
Keyframe: 100 Frame: 778 Frame from vFrameID : 779
Tcw:
[0.98958361, -0.12325129, -0.074386954, 0.70012552;
 -0.035883121, 0.28923181, -0.9565863, -0.25370383;
 0.13941556, 0.94929135, 0.28179643, 1.7517214;
 0, 0, 0, 1]
Twc:
[0.98958361, -0.035883121, 0.13941556, -0.94615364;
 -0.12325129, 0.28923181, 0.94929135, -1.5032234;
 -0.074386954, -0.9565863, 0.28179643, -0.6842382;
 0, 0, 0, 1]
Ow:
[0.70012552;
 -0.25370383;
 1.7517214]
Keyframe: 101 Frame: 784 Frame from vFrameID : 785
Tcw:
[0.99149102, -0.12486243, -0.036808893, 0.69741994;
 0.00071403623, 0.28797707, -0.95763701, -0.25957492;
 0.13017301, 0.94946223, 0.28561583, 1.7633665;
 0, 0, 0, 1]
Twc:
[0.99149102, 0.00071403623, 0.13017301, -0.92084301;
 -0.12486243, 0.28797707, 0.94946223, -1.5124167;
 -0.036808893, -0.95763701, 0.28561583, -0.72655272;
 0, 0, 0, 1]
Ow:
[0.69741994;
 -0.25957492;
 1.7633665]
Keyframe: 102 Frame: 792 Frame from vFrameID : 793
Tcw:
[0.99316508, -0.1153916, -0.017548772, 0.67351061;
 0.016241429, 0.28551716, -0.95823598, -0.26598001;
 0.11558286, 0.95140147, 0.28543979, 1.759824;
 0, 0, 0, 1]
Twc:
[0.99316508, 0.016241429, 0.11558286, -0.86799276;
 -0.1153916, 0.28551716, 0.95140147, -1.5206398;
 -0.017548772, -0.95823598, 0.28543979, -0.74537611;
 0, 0, 0, 1]
Ow:
[0.67351061;
 -0.26598001;
 1.759824]
Keyframe: 103 Frame: 799 Frame from vFrameID : 800
Tcw:
[0.98676807, -0.14424431, -0.074043132, 0.69916844;
 -0.027689625, 0.30003792, -0.9535253, -0.26930568;
 0.15975635, 0.94295853, 0.29207379, 1.7823555;
 0, 0, 0, 1]
Twc:
[0.98676807, -0.027689625, 0.15975635, -0.9821167;
 -0.14424431, 0.30003792, 0.94295853, -1.4990345;
 -0.074043132, -0.9535253, 0.29207379, -0.72560048;
 0, 0, 0, 1]
Ow:
[0.69916844;
 -0.26930568;
 1.7823555]
Keyframe: 104 Frame: 807 Frame from vFrameID : 808
Tcw:
[0.99573088, -0.090004757, -0.020474344, 0.70049053;
 0.0086505869, 0.31183124, -0.95009816, -0.28727478;
 0.09189789, 0.94586492, 0.31127858, 1.7924221;
 0, 0, 0, 1]
Twc:
[0.99573088, 0.0086505869, 0.09189789, -0.85973471;
 -0.090004757, 0.31183124, 0.94586492, -1.5427604;
 -0.020474344, -0.95009816, 0.31127858, -0.81653965;
 0, 0, 0, 1]
Ow:
[0.70049053;
 -0.28727478;
 1.7924221]
Keyframe: 105 Frame: 815 Frame from vFrameID : 816
Tcw:
[0.99552733, -0.085307173, 0.040596481, 0.69503492;
 0.066093549, 0.32183903, -0.94448465, -0.30019605;
 0.067505784, 0.94294345, 0.32603782, 1.8137759;
 0, 0, 0, 1]
Twc:
[0.99552733, 0.066093549, 0.067505784, -0.7945255;
 -0.085307173, 0.32183903, 0.94294345, -1.5543817;
 0.040596481, -0.94448465, 0.32603782, -0.90310603;
 0, 0, 0, 1]
Ow:
[0.69503492;
 -0.30019605;
 1.8137759]
Keyframe: 106 Frame: 823 Frame from vFrameID : 824
Tcw:
[0.99303335, -0.1145904, 0.027456461, 0.6895588;
 0.06014603, 0.2925531, -0.9543559, -0.29778701;
 0.10132755, 0.94935858, 0.29740715, 1.8182173;
 0, 0, 0, 1]
Twc:
[0.99303335, 0.06014603, 0.10132755, -0.85107958;
 -0.1145904, 0.2925531, 0.94935858, -1.5600048;
 0.027456461, -0.9543559, 0.29740715, -0.84387839;
 0, 0, 0, 1]
Ow:
[0.6895588;
 -0.29778701;
 1.8182173]
Keyframe: 107 Frame: 830 Frame from vFrameID : 831
Tcw:
[0.99320292, -0.11638769, -0.0013470413, 0.70356959;
 0.035983242, 0.3180306, -0.94739735, -0.30945069;
 0.11069378, 0.94090939, 0.32005695, 1.8310008;
 0, 0, 0, 1]
Twc:
[0.99320292, 0.035983242, 0.11069378, -0.89033276;
 -0.11638769, 0.3180306, 0.94090939, -1.5425042;
 -0.0013470413, -0.94739735, 0.32005695, -0.87824953;
 0, 0, 0, 1]
Ow:
[0.70356959;
 -0.30945069;
 1.8310008]
Keyframe: 108 Frame: 838 Frame from vFrameID : 839
Tcw:
[0.99571985, -0.092365995, 0.0032490927, 0.7065329;
 0.030442432, 0.29457578, -0.95514309, -0.31303164;
 0.08726564, 0.95115387, 0.29612678, 1.8521521;
 0, 0, 0, 1]
Twc:
[0.99571985, 0.030442432, 0.08726564, -0.85560858;
 -0.092365995, 0.29457578, 0.95115387, -1.6042105;
 0.0032490927, -0.95514309, 0.29612678, -0.84975749;
 0, 0, 0, 1]
Ow:
[0.7065329;
 -0.31303164;
 1.8521521]
Keyframe: 109 Frame: 846 Frame from vFrameID : 847
Tcw:
[0.99596953, -0.076975286, 0.046038304, 0.70601779;
 0.06697166, 0.29679859, -0.9525888, -0.30385303;
 0.05966169, 0.95183265, 0.30075753, 1.8760748;
 0, 0, 0, 1]
Twc:
[0.99596953, 0.06697166, 0.05966169, -0.79475242;
 -0.076975286, 0.29679859, 0.95183265, -1.64118;
 0.046038304, -0.9525888, 0.30075753, -0.88619441;
 0, 0, 0, 1]
Ow:
[0.70601779;
 -0.30385303;
 1.8760748]
Keyframe: 110 Frame: 853 Frame from vFrameID : 854
Tcw:
[0.99609953, -0.087720998, 0.0095277494, 0.71863216;
 0.034149036, 0.28368708, -0.95830864, -0.31272915;
 0.081360891, 0.95489615, 0.28557616, 1.8877188;
 0, 0, 0, 1]
Twc:
[0.99609953, 0.034149036, 0.081360891, -0.85873628;
 -0.087720998, 0.28368708, 0.95489615, -1.6508191;
 0.0095277494, -0.95830864, 0.28557616, -0.84562546;
 0, 0, 0, 1]
Ow:
[0.71863216;
 -0.31272915;
 1.8877188]
Keyframe: 111 Frame: 862 Frame from vFrameID : 863
Tcw:
[0.99477196, -0.10199739, -0.0050318334, 0.7308628;
 0.024348011, 0.28473967, -0.95829564, -0.32208082;
 0.099176414, 0.95316309, 0.28573447, 1.9045432;
 0, 0, 0, 1]
Twc:
[0.99477196, 0.024348011, 0.099176414, -0.90808553;
 -0.10199739, 0.28473967, 0.95316309, -1.6490849;
 -0.0050318334, -0.95829564, 0.28573447, -0.84916466;
 0, 0, 0, 1]
Ow:
[0.7308628;
 -0.32208082;
 1.9045432]
Keyframe: 112 Frame: 870 Frame from vFrameID : 871
Tcw:
[0.99578619, -0.081510209, 0.042022578, 0.73635274;
 0.065669723, 0.31395787, -0.94716311, -0.33018357;
 0.064010143, 0.94593155, 0.31798768, 1.9195362;
 0, 0, 0, 1]
Twc:
[0.99578619, 0.065669723, 0.064010143, -0.83443666;
 -0.081510209, 0.31395787, 0.94593155, -1.6520659;
 0.042022578, -0.94716311, 0.31798768, -0.95406997;
 0, 0, 0, 1]
Ow:
[0.73635274;
 -0.33018357;
 1.9195362]
Keyframe: 113 Frame: 878 Frame from vFrameID : 879
Tcw:
[0.9925819, -0.094766371, 0.076161228, 0.74475014;
 0.10221916, 0.31134489, -0.94478339, -0.3370983;
 0.065821283, 0.94555998, 0.31872225, 1.9385262;
 0, 0, 0, 1]
Twc:
[0.9925819, 0.10221916, 0.065821283, -0.8323639;
 -0.094766371, 0.31134489, 0.94555998, -1.6574616;
 0.076161228, -0.94478339, 0.31872225, -0.99305731;
 0, 0, 0, 1]
Ow:
[0.74475014;
 -0.3370983;
 1.9385262]
Keyframe: 114 Frame: 887 Frame from vFrameID : 888
Tcw:
[0.99391782, -0.11009842, 0.0023815038, 0.75576025;
 0.03304768, 0.27757081, -0.96013659, -0.32716244;
 0.10504849, 0.95437557, 0.27952111, 1.965068;
 0, 0, 0, 1]
Twc:
[0.99391782, 0.03304768, 0.10504849, -0.94677907;
 -0.11009842, 0.27757081, 0.95437557, -1.7013942;
 0.0023815038, -0.96013659, 0.27952111, -0.86519843;
 0, 0, 0, 1]
Ow:
[0.75576025;
 -0.32716244;
 1.965068]
Keyframe: 115 Frame: 895 Frame from vFrameID : 896
Tcw:
[0.99178398, -0.11972718, -0.045054659, 0.75613254;
 -0.0071354695, 0.29987457, -0.95395195, -0.33312505;
 0.12772472, 0.94643575, 0.29655647, 1.9787023;
 0, 0, 0, 1]
Twc:
[0.99178398, -0.0071354695, 0.12772472, -1.0050263;
 -0.11972718, 0.29987457, 0.94643575, -1.6822892;
 -0.045054659, -0.95395195, 0.29655647, -0.87051499;
 0, 0, 0, 1]
Ow:
[0.75613254;
 -0.33312505;
 1.9787023]
Keyframe: 116 Frame: 903 Frame from vFrameID : 904
Tcw:
[0.99504572, -0.098265246, 0.015099607, 0.75272214;
 0.043597553, 0.29479384, -0.95456576, -0.34777898;
 0.089349374, 0.95049489, 0.29761747, 1.9963392;
 0, 0, 0, 1]
Twc:
[0.99504572, 0.043597553, 0.089349374, -0.91220218;
 -0.098265246, 0.29479384, 0.95049489, -1.7210207;
 0.015099607, -0.95456576, 0.29761747, -0.93748915;
 0, 0, 0, 1]
Ow:
[0.75272214;
 -0.34777898;
 1.9963392]
Keyframe: 117 Frame: 911 Frame from vFrameID : 912
Tcw:
[0.99446553, -0.081533983, 0.06626077, 0.76407796;
 0.088600971, 0.31188571, -0.94597948, -0.36418253;
 0.056463692, 0.94661474, 0.31738359, 2.008039;
 0, 0, 0, 1]
Twc:
[0.99446553, 0.088600971, 0.056463692, -0.84096354;
 -0.081533983, 0.31188571, 0.94661474, -1.7249576;
 0.06626077, -0.94597948, 0.31738359, -1.0324562;
 0, 0, 0, 1]
Ow:
[0.76407796;
 -0.36418253;
 2.008039]
Keyframe: 118 Frame: 919 Frame from vFrameID : 920
Tcw:
[0.99541903, -0.094941951, -0.011268008, 0.77201116;
 0.017250435, 0.2942718, -0.95556611, -0.34601849;
 0.094039164, 0.95099431, 0.29456154, 2.0265226;
 0, 0, 0, 1]
Twc:
[0.99541903, 0.017250435, 0.094039164, -0.95307809;
 -0.094941951, 0.2942718, 0.95099431, -1.7520915;
 -0.011268008, -0.95556611, 0.29456154, -0.91888005;
 0, 0, 0, 1]
Ow:
[0.77201116;
 -0.34601849;
 2.0265226]
Keyframe: 119 Frame: 927 Frame from vFrameID : 928
Tcw:
[0.99222714, -0.11848244, -0.038041689, 0.77670974;
 -0.00094340765, 0.29853261, -0.95439899, -0.35589641;
 0.12443621, 0.94701648, 0.29610038, 2.0424397;
 0, 0, 0, 1]
Twc:
[0.99222714, -0.00094340765, 0.12443621, -1.0251617;
 -0.11848244, 0.29853261, 0.94701648, -1.7359509;
 -0.038041689, -0.95439899, 0.29610038, -0.91488701;
 0, 0, 0, 1]
Ow:
[0.77670974;
 -0.35589641;
 2.0424397]
Keyframe: 120 Frame: 935 Frame from vFrameID : 936
Tcw:
[0.99396253, -0.10964112, 0.0041646594, 0.77748138;
 0.037156437, 0.30064574, -0.95301181, -0.36770958;
 0.1032372, 0.94741279, 0.30290446, 2.0645006;
 0, 0, 0, 1]
Twc:
[0.99396253, 0.037156437, 0.1032372, -0.97225785;
 -0.10964112, 0.30064574, 0.94741279, -1.7601399;
 0.0041646594, -0.95301181, 0.30290446, -0.97901601;
 0, 0, 0, 1]
Ow:
[0.77748138;
 -0.36770958;
 2.0645006]
Keyframe: 121 Frame: 942 Frame from vFrameID : 943
Tcw:
[0.99422371, -0.10315875, 0.02962156, 0.78642422;
 0.059269935, 0.29762831, -0.95284021, -0.37011093;
 0.089477584, 0.94909203, 0.30202335, 2.0754633;
 0, 0, 0, 1]
Twc:
[0.99422371, 0.059269935, 0.089477584, -0.9456526;
 -0.10315875, 0.29762831, 0.94909203, -1.7785234;
 0.02962156, -0.95284021, 0.30202335, -1.00279;
 0, 0, 0, 1]
Ow:
[0.78642422;
 -0.37011093;
 2.0754633]
Keyframe: 122 Frame: 949 Frame from vFrameID : 950
Tcw:
[0.99269289, -0.1178476, -0.025938654, 0.7932713;
 0.0088719837, 0.28565651, -0.95829099, -0.36668491;
 0.12034184, 0.95105851, 0.28461474, 2.0974431;
 0, 0, 0, 1]
Twc:
[0.99269289, 0.0088719837, 0.12034184, -1.0366317;
 -0.1178476, 0.28565651, 0.95105851, -1.7965602;
 -0.025938654, -0.95829099, 0.28461474, -0.92777771;
 0, 0, 0, 1]
Ow:
[0.7932713;
 -0.36668491;
 2.0974431]
Keyframe: 123 Frame: 957 Frame from vFrameID : 958
Tcw:
[0.98959619, -0.13635622, -0.045894939, 0.80718541;
 -0.003314758, 0.29730344, -0.9547773, -0.3800469;
 0.14383455, 0.94499612, 0.29375836, 2.1085927;
 0, 0, 0, 1]
Twc:
[0.98959619, -0.003314758, 0.14383455, -1.1033359;
 -0.13635622, 0.29730344, 0.94499612, -1.769558;
 -0.045894939, -0.9547773, 0.29375836, -0.9452312;
 0, 0, 0, 1]
Ow:
[0.80718541;
 -0.3800469;
 2.1085927]
Keyframe: 124 Frame: 965 Frame from vFrameID : 966
Tcw:
[0.99176341, -0.1279819, -0.0050964626, 0.79939795;
 0.034670968, 0.30655321, -0.95122188, -0.38251489;
 0.12330152, 0.94321036, 0.30846554, 2.127315;
 0, 0, 0, 1]
Twc:
[0.99176341, 0.034670968, 0.12330152, -1.0418526;
 -0.1279819, 0.30655321, 0.94321036, -1.7869359;
 -0.0050964626, -0.95122188, 0.30846554, -1.0159857;
 0, 0, 0, 1]
Ow:
[0.79939795;
 -0.38251489;
 2.127315]
Keyframe: 125 Frame: 973 Frame from vFrameID : 974
Tcw:
[0.99353713, -0.10549089, 0.04190021, 0.80608225;
 0.073422037, 0.31576395, -0.94599277, -0.38070917;
 0.086563051, 0.94295537, 0.32146859, 2.1512437;
 0, 0, 0, 1]
Twc:
[0.99353713, 0.073422037, 0.086563051, -0.95913839;
 -0.10549089, 0.31576395, 0.94295537, -1.8232782;
 0.04190021, -0.94599277, 0.32146859, -1.0854803;
 0, 0, 0, 1]
Ow:
[0.80608225;
 -0.38070917;
 2.1512437]
Keyframe: 126 Frame: 981 Frame from vFrameID : 982
Tcw:
[0.99425787, -0.10700412, 0.0011885302, 0.82018816;
 0.033144318, 0.297371, -0.95418656, -0.38540053;
 0.10174846, 0.94874686, 0.29921001, 2.1624002;
 0, 0, 0, 1]
Twc:
[0.99425787, 0.033144318, 0.10174846, -1.0227256;
 -0.10700412, 0.297371, 0.94874686, -1.8492;
 0.0011885302, -0.95418656, 0.29921001, -1.0157306;
 0, 0, 0, 1]
Ow:
[0.82018816;
 -0.38540053;
 2.1624002]
Keyframe: 127 Frame: 989 Frame from vFrameID : 990
Tcw:
[0.99237269, -0.1193836, -0.030724378, 0.82114762;
 0.0064742076, 0.29936653, -0.95411623, -0.39362091;
 0.12310367, 0.94663996, 0.29785609, 2.1826353;
 0, 0, 0, 1]
Twc:
[0.99237269, 0.0064742076, 0.12310367, -1.0810266;
 -0.1193836, 0.29936653, 0.94663996, -1.8503013;
 -0.030724378, -0.95411623, 0.29785609, -1.000442;
 0, 0, 0, 1]
Ow:
[0.82114762;
 -0.39362091;
 2.1826353]
Keyframe: 128 Frame: 997 Frame from vFrameID : 998
Tcw:
[0.99402887, -0.089802399, 0.061985262, 0.7990635;
 0.08604043, 0.29569191, -0.9514007, -0.39449131;
 0.067109525, 0.95105302, 0.30165294, 2.207375;
 0, 0, 0, 1]
Twc:
[0.99402887, 0.08604043, 0.067109525, -0.90848583;
 -0.089802399, 0.29569191, 0.95105302, -1.910925;
 0.061985262, -0.9514007, 0.30165294, -1.0907106;
 0, 0, 0, 1]
Ow:
[0.7990635;
 -0.39449131;
 2.207375]
Keyframe: 129 Frame: 1005 Frame from vFrameID : 1006
Tcw:
[0.99489945, -0.086033292, 0.052662682, 0.82184976;
 0.077105977, 0.31202161, -0.94694096, -0.39311677;
 0.065036558, 0.94617164, 0.31706381, 2.2145786;
 0, 0, 0, 1]
Twc:
[0.99489945, 0.077105977, 0.065036558, -0.93137479;
 -0.086033292, 0.31202161, 0.94617164, -1.902004;
 0.052662682, -0.94694096, 0.31706381, -1.1177019;
 0, 0, 0, 1]
Ow:
[0.82184976;
 -0.39311677;
 2.2145786]
Keyframe: 130 Frame: 1013 Frame from vFrameID : 1014
Tcw:
[0.99479753, -0.09898743, -0.024070047, 0.83949238;
 0.0048311134, 0.28185275, -0.95944554, -0.39513874;
 0.10175725, 0.95433772, 0.28086463, 2.2418749;
 0, 0, 0, 1]
Twc:
[0.99479753, 0.0048311134, 0.10175725, -1.0613431;
 -0.09898743, 0.28185275, 0.95433772, -1.9450357;
 -0.024070047, -0.95944554, 0.28086463, -0.98857087;
 0, 0, 0, 1]
Ow:
[0.83949238;
 -0.39513874;
 2.2418749]
Keyframe: 131 Frame: 1021 Frame from vFrameID : 1022
Tcw:
[0.99362797, -0.11019605, -0.02367162, 0.8435747;
 0.010186795, 0.29696485, -0.95483404, -0.39660698;
 0.11224858, 0.94850868, 0.29619512, 2.2552176;
 0, 0, 0, 1]
Twc:
[0.99362797, 0.010186795, 0.11224858, -1.0873041;
 -0.11019605, 0.29696485, 0.94850868, -1.9283565;
 -0.02367162, -0.95483404, 0.29619512, -1.0267096;
 0, 0, 0, 1]
Ow:
[0.8435747;
 -0.39660698;
 2.2552176]
Keyframe: 132 Frame: 1029 Frame from vFrameID : 1030
Tcw:
[0.99734646, -0.071447223, 0.013975041, 0.84068537;
 0.034077015, 0.28852564, -0.95686555, -0.40522963;
 0.06433323, 0.95480275, 0.29019472, 2.276098;
 0, 0, 0, 1]
Twc:
[0.99734646, 0.034077015, 0.06433323, -0.97107434;
 -0.071447223, 0.28852564, 0.95480275, -1.9962407;
 0.013975041, -0.95686555, 0.29019472, -1.0600106;
 0, 0, 0, 1]
Ow:
[0.84068537;
 -0.40522963;
 2.276098]
Keyframe: 133 Frame: 1037 Frame from vFrameID : 1038
Tcw:
[0.99552, -0.073765814, 0.059148867, 0.83613807;
 0.078744799, 0.30055228, -0.95050913, -0.40148628;
 0.052337751, 0.95090848, 0.30501446, 2.2899752;
 0, 0, 0, 1]
Twc:
[0.99552, 0.078744799, 0.052337751, -0.92062932;
 -0.073765814, 0.30055228, 0.95090848, -1.9952108;
 0.059148867, -0.95050913, 0.30501446, -1.1295485;
 0, 0, 0, 1]
Ow:
[0.83613807;
 -0.40148628;
 2.2899752]
Keyframe: 134 Frame: 1045 Frame from vFrameID : 1046
Tcw:
[0.99609369, -0.084513932, 0.0255893, 0.85824788;
 0.049928419, 0.30002648, -0.95262337, -0.3997736;
 0.07283248, 0.95017976, 0.30307412, 2.3103621;
 0, 0, 0, 1]
Twc:
[0.99609369, 0.049928419, 0.07283248, -1.0032046;
 -0.084513932, 0.30002648, 0.95017976, -2.0027826;
 0.0255893, -0.95262337, 0.30307412, -1.1030065;
 0, 0, 0, 1]
Ow:
[0.85824788;
 -0.3997736;
 2.3103621]
Keyframe: 135 Frame: 1053 Frame from vFrameID : 1054
Tcw:
[0.99491078, -0.10075913, -0.00042855483, 0.87178403;
 0.030587962, 0.30607718, -0.9515152, -0.40742737;
 0.096005008, 0.94665956, 0.30760148, 2.331141;
 0, 0, 0, 1]
Twc:
[0.99491078, 0.030587962, 0.096005008, -1.0786861;
 -0.10075913, 0.30607718, 0.94665956, -1.9942524;
 -0.00042855483, -0.9515152, 0.30760148, -1.1043621;
 0, 0, 0, 1]
Ow:
[0.87178403;
 -0.40742737;
 2.331141]
Keyframe: 136 Frame: 1062 Frame from vFrameID : 1063
Tcw:
[0.99553668, -0.080306388, 0.049574327, 0.8754015;
 0.072077021, 0.30787787, -0.94869179, -0.41531062;
 0.060923174, 0.94803065, 0.31229195, 2.3544178;
 0, 0, 0, 1]
Twc:
[0.99553668, 0.072077021, 0.060923174, -0.98499852;
 -0.080306388, 0.30787787, 0.94803065, -2.0338948;
 0.049574327, -0.94869179, 0.31229195, -1.1726649;
 0, 0, 0, 1]
Ow:
[0.8754015;
 -0.41531062;
 2.3544178]
Keyframe: 137 Frame: 1070 Frame from vFrameID : 1071
Tcw:
[0.99133855, -0.052651435, 0.12031485, 0.83735526;
 0.13084958, 0.31760609, -0.93915111, -0.40153915;
 0.011234922, 0.94675982, 0.32174459, 2.3709009;
 0, 0, 0, 1]
Twc:
[0.99133855, 0.13084958, 0.011234922, -0.80419821;
 -0.052651435, 0.31760609, 0.94675982, -2.0730546;
 0.12031485, -0.93915111, 0.32174459, -1.2406768;
 0, 0, 0, 1]
Ow:
[0.83735526;
 -0.40153915;
 2.3709009]
Keyframe: 138 Frame: 1078 Frame from vFrameID : 1079
Tcw:
[0.99531502, -0.079001643, 0.055738259, 0.87282425;
 0.077966489, 0.31489712, -0.94591808, -0.40960824;
 0.057177264, 0.94583219, 0.31958133, 2.3932164;
 0, 0, 0, 1]
Twc:
[0.99531502, 0.077966489, 0.057177264, -0.97363693;
 -0.079001643, 0.31489712, 0.94583219, -2.0656421;
 0.055738259, -0.94591808, 0.31958133, -1.2009329;
 0, 0, 0, 1]
Ow:
[0.87282425;
 -0.40960824;
 2.3932164]
Keyframe: 139 Frame: 1087 Frame from vFrameID : 1088
Tcw:
[0.9933421, -0.1143385, -0.014075416, 0.89999735;
 0.023014823, 0.31667945, -0.94825339, -0.42723656;
 0.11287927, 0.94161606, 0.31720251, 2.4148643;
 0, 0, 0, 1]
Twc:
[0.9933421, 0.023014823, 0.11287927, -1.1567607;
 -0.1143385, 0.31667945, 0.94161606, -2.0356739;
 -0.014075416, -0.94825339, 0.31720251, -1.1584617;
 0, 0, 0, 1]
Ow:
[0.89999735;
 -0.42723656;
 2.4148643]
Keyframe: 140 Frame: 1095 Frame from vFrameID : 1096
Tcw:
[0.99329811, -0.10995764, -0.035611816, 0.90466452;
 -2.6882399e-05, 0.30789253, -0.95142114, -0.43171096;
 0.11558063, 0.94504577, 0.3058261, 2.4361579;
 0, 0, 0, 1]
Twc:
[0.99329811, -2.6882399e-05, 0.11558063, -1.1801858;
 -0.10995764, 0.30789253, 0.94504577, -2.0698855;
 -0.035611816, -0.95142114, 0.3058261, -1.1235629;
 0, 0, 0, 1]
Ow:
[0.90466452;
 -0.43171096;
 2.4361579]
Keyframe: 141 Frame: 1103 Frame from vFrameID : 1104
Tcw:
[0.99362606, -0.11163992, 0.015613569, 0.90409529;
 0.050022017, 0.3125439, -0.94858533, -0.43858558;
 0.10102006, 0.9433201, 0.31613624, 2.4541342;
 0, 0, 0, 1]
Twc:
[0.99362606, 0.050022017, 0.10102006, -1.1243105;
 -0.11163992, 0.3125439, 0.9433201, -2.0770237;
 0.015613569, -0.94858533, 0.31613624, -1.2059927;
 0, 0, 0, 1]
Ow:
[0.90409529;
 -0.43858558;
 2.4541342]
Keyframe: 142 Frame: 1111 Frame from vFrameID : 1112
Tcw:
[0.9945932, -0.10220769, -0.018382097, 0.91036808;
 0.013981028, 0.30718681, -0.95154655, -0.44299734;
 0.10290211, 0.9461447, 0.30695489, 2.4717009;
 0, 0, 0, 1]
Twc:
[0.9945932, 0.013981028, 0.10290211, -1.1535957;
 -0.10220769, 0.30718681, 0.9461447, -2.1094573;
 -0.018382097, -0.95154655, 0.30695489, -1.1634988;
 0, 0, 0, 1]
Ow:
[0.91036808;
 -0.44299734;
 2.4717009]
Keyframe: 143 Frame: 1119 Frame from vFrameID : 1120
Tcw:
[0.98520213, -0.14777872, -0.086822718, 0.92484426;
 -0.038954709, 0.30024344, -0.95306683, -0.44654655;
 0.16691096, 0.94234568, 0.2900438, 2.4875033;
 0, 0, 0, 1]
Twc:
[0.98520213, -0.038954709, 0.16691096, -1.3437452;
 -0.14777872, 0.30024344, 0.94234568, -2.073343;
 -0.086822718, -0.95306683, 0.2900438, -1.0667762;
 0, 0, 0, 1]
Ow:
[0.92484426;
 -0.44654655;
 2.4875033]
Keyframe: 144 Frame: 1127 Frame from vFrameID : 1128
Tcw:
[0.98882186, -0.12692614, -0.078237474, 0.91768831;
 -0.037757345, 0.29446253, -0.95491683, -0.43872285;
 0.14424191, 0.94719666, 0.28637859, 2.5063422;
 0, 0, 0, 1]
Twc:
[0.98882186, -0.037757345, 0.14424191, -1.2855148;
 -0.12692614, 0.29446253, 0.94719666, -2.1283331;
 -0.078237474, -0.95491683, 0.28637859, -1.0649091;
 0, 0, 0, 1]
Ow:
[0.91768831;
 -0.43872285;
 2.5063422]
Keyframe: 145 Frame: 1134 Frame from vFrameID : 1135
Tcw:
[0.99347872, -0.10467383, -0.045204613, 0.92288518;
 -0.013740194, 0.28366858, -0.95882392, -0.43629164;
 0.1131869, 0.95319229, 0.28038046, 2.5088496;
 0, 0, 0, 1]
Twc:
[0.99347872, -0.013740194, 0.1131869, -1.2068304;
 -0.10467383, 0.28366858, 0.95319229, -2.1710517;
 -0.045204613, -0.95882392, 0.28038046, -1.0800406;
 0, 0, 0, 1]
Ow:
[0.92288518;
 -0.43629164;
 2.5088496]
Keyframe: 146 Frame: 1141 Frame from vFrameID : 1142
Tcw:
[0.99203229, -0.12547022, -0.011366067, 0.92293143;
 0.026439305, 0.29555058, -0.95496118, -0.43432891;
 0.12317844, 0.94705176, 0.29651305, 2.5160677;
 0, 0, 0, 1]
Twc:
[0.99203229, 0.026439305, 0.12317844, -1.2140197;
 -0.12547022, 0.29555058, 0.94705176, -2.1386797;
 -0.011366067, -0.95496118, 0.29651305, -1.150324;
 0, 0, 0, 1]
Ow:
[0.92293143;
 -0.43432891;
 2.5160677]
Keyframe: 147 Frame: 1149 Frame from vFrameID : 1150
Tcw:
[0.98607993, -0.16017647, -0.04460844, 0.9351421;
 0.0043320386, 0.29294404, -0.95611978, -0.44598204;
 0.16621567, 0.94261724, 0.28956014, 2.5315659;
 0, 0, 0, 1]
Twc:
[0.98607993, 0.0043320386, 0.16621567, -1.3409787;
 -0.16017647, 0.29294404, 0.94261724, -2.1058621;
 -0.04460844, -0.95611978, 0.28956014, -1.1177375;
 0, 0, 0, 1]
Ow:
[0.9351421;
 -0.44598204;
 2.5315659]
Keyframe: 148 Frame: 1157 Frame from vFrameID : 1158
Tcw:
[0.9852103, -0.15893106, -0.064043395, 0.9368875;
 -0.0098529356, 0.32059476, -0.94716519, -0.4524858;
 0.17106596, 0.93378794, 0.3142873, 2.5440345;
 0, 0, 0, 1]
Twc:
[0.9852103, -0.0098529356, 0.17106596, -1.3626872;
 -0.15893106, 0.32059476, 0.93378794, -2.0816236;
 -0.064043395, -0.94716519, 0.3142873, -1.1681352;
 0, 0, 0, 1]
Ow:
[0.9368875;
 -0.4524858;
 2.5440345]
Keyframe: 149 Frame: 1166 Frame from vFrameID : 1167
Tcw:
[0.99122012, -0.13041991, -0.021756262, 0.9239977;
 0.020836335, 0.3165606, -0.9483434, -0.44679141;
 0.13057002, 0.93956375, 0.3164987, 2.5614686;
 0, 0, 0, 1]
Twc:
[0.99122012, 0.020836335, 0.13057002, -1.2410266;
 -0.13041991, 0.3165606, 0.93956375, -2.1447186;
 -0.021756262, -0.9483434, 0.3164987, -1.2143104;
 0, 0, 0, 1]
Ow:
[0.9239977;
 -0.44679141;
 2.5614686]
Keyframe: 150 Frame: 1175 Frame from vFrameID : 1176
Tcw:
[0.99271846, -0.117717, 0.025549885, 0.92329705;
 0.061189089, 0.31009528, -0.94873434, -0.4423002;
 0.10375925, 0.94338942, 0.31504032, 2.5744874;
 0, 0, 0, 1]
Twc:
[0.99271846, 0.061189089, 0.10375925, -1.156637;
 -0.117717, 0.31009528, 0.94338942, -2.1829011;
 0.025549885, -0.94873434, 0.31504032, -1.2542827;
 0, 0, 0, 1]
Ow:
[0.92329705;
 -0.4423002;
 2.5744874]
Keyframe: 151 Frame: 1184 Frame from vFrameID : 1185
Tcw:
[0.98555309, -0.1663706, -0.031716365, 0.92663199;
 0.0150297, 0.27243692, -0.96205628, -0.43967444;
 0.16869859, 0.94768083, 0.27100155, 2.5817494;
 0, 0, 0, 1]
Twc:
[0.98555309, 0.0150297, 0.16869859, -1.3421743;
 -0.1663706, 0.27243692, 0.94768083, -2.1727266;
 -0.031716365, -0.96205628, 0.27100155, -1.0932602;
 0, 0, 0, 1]
Ow:
[0.92663199;
 -0.43967444;
 2.5817494]
Keyframe: 152 Frame: 1192 Frame from vFrameID : 1193
Tcw:
[0.98456907, -0.17402239, -0.018436911, 0.92046326;
 0.032572329, 0.28575429, -0.95774919, -0.44168675;
 0.17193823, 0.9423697, 0.28701314, 2.5885668;
 0, 0, 0, 1]
Twc:
[0.98456907, 0.032572329, 0.17193823, -1.3369466;
 -0.17402239, 0.28575429, 0.9423697, -2.152992;
 -0.018436911, -0.95774919, 0.28701314, -1.1490073;
 0, 0, 0, 1]
Ow:
[0.92046326;
 -0.44168675;
 2.5885668]
Keyframe: 153 Frame: 1201 Frame from vFrameID : 1202
Tcw:
[0.99029934, -0.13892199, -0.0028015331, 0.91990364;
 0.034283906, 0.26383078, -0.96395952, -0.43816066;
 0.13465431, 0.95451242, 0.26603425, 2.5949273;
 0, 0, 0, 1]
Twc:
[0.99029934, 0.034283906, 0.13465431, -1.2453763;
 -0.13892199, 0.26383078, 0.95451242, -2.2334955;
 -0.0028015331, -0.96395952, 0.26603425, -1.1101316;
 0, 0, 0, 1]
Ow:
[0.91990364;
 -0.43816066;
 2.5949273]
Keyframe: 154 Frame: 1209 Frame from vFrameID : 1210
Tcw:
[0.99299109, -0.11782493, 0.0092701092, 0.91687757;
 0.044395715, 0.29916051, -0.95316947, -0.43529409;
 0.10953387, 0.94690037, 0.30229467, 2.5990064;
 0, 0, 0, 1]
Twc:
[0.99299109, 0.044395715, 0.10953387, -1.1758053;
 -0.11782493, 0.29916051, 0.94690037, -2.2227461;
 0.0092701092, -0.95316947, 0.30229467, -1.2090743;
 0, 0, 0, 1]
Ow:
[0.91687757;
 -0.43529409;
 2.5990064]
Keyframe: 155 Frame: 1218 Frame from vFrameID : 1219
Tcw:
[0.991157, -0.13260485, -0.0048805256, 0.91800505;
 0.032920189, 0.28135988, -0.95903748, -0.43497288;
 0.12854619, 0.950396, 0.28323719, 2.5994568;
 0, 0, 0, 1]
Twc:
[0.991157, 0.032920189, 0.12854619, -1.229718;
 -0.13260485, 0.28135988, 0.950396, -2.2263975;
 -0.0048805256, -0.95903748, 0.28323719, -1.1489377;
 0, 0, 0, 1]
Ow:
[0.91800505;
 -0.43497288;
 2.5994568]
