Keyframe: 0 Frame: 0 Frame from vFrameID : 217
Tcw:
[0.99962652, 0.010920519, 0.025050551, 0.045647375;
 0.010314611, 0.69809908, -0.71592689, -0.065846495;
 -0.025306059, 0.71591789, 0.69772571, 0.039715096;
 0, 0, 0, 1]
Twc:
[0.99962652, 0.010314611, -0.025306059, -0.043946117;
 0.010920519, 0.69809908, 0.71591789, 0.017036136;
 0.025050551, -0.71592689, 0.69772571, -0.075995013;
 0, 0, 0, 1]
Ow:
[0.045647375;
 -0.065846495;
 0.039715096]
Keyframe: 1 Frame: 216 Frame from vFrameID : 217
Tcw:
[0.99881184, 0.019410836, 0.044699751, 0.046695467;
 0.018013919, 0.70521927, -0.70876038, -0.068196915;
 -0.045280758, 0.70872349, 0.70403171, 0.040072184;
 0, 0, 0, 1]
Twc:
[0.99881184, 0.018013919, -0.045280758, -0.043596994;
 0.019410836, 0.70521927, 0.70872349, 0.01878728;
 0.044699751, -0.70876038, 0.70403171, -0.078634635;
 0, 0, 0, 1]
Ow:
[0.046695467;
 -0.068196915;
 0.040072184]
Keyframe: 2 Frame: 219 Frame from vFrameID : 220
Tcw:
[0.99793136, 0.033197656, 0.055053666, 0.045247216;
 0.014797531, 0.71474856, -0.69922495, -0.06684085;
 -0.06256216, 0.69859314, 0.71277875, 0.041518711;
 0, 0, 0, 1]
Twc:
[0.99793136, 0.014797531, -0.06256216, -0.041567035;
 0.033197656, 0.71474856, 0.69859314, 0.017267609;
 0.055053666, -0.69922495, 0.71277875, -0.078821473;
 0, 0, 0, 1]
Ow:
[0.045247216;
 -0.06684085;
 0.041518711]
Keyframe: 3 Frame: 221 Frame from vFrameID : 222
Tcw:
[0.99809891, 0.037650637, 0.048795819, 0.046595678;
 0.0070582135, 0.71668357, -0.69736278, -0.067847803;
 -0.061227318, 0.69638145, 0.71505535, 0.044650439;
 0, 0, 0, 1]
Twc:
[0.99809891, 0.0070582135, -0.061227318, -0.043294385;
 0.037650637, 0.71668357, 0.69638145, 0.01577731;
 0.048795819, -0.69736278, 0.71505535, -0.081515737;
 0, 0, 0, 1]
Ow:
[0.046595678;
 -0.067847803;
 0.044650439]
Keyframe: 4 Frame: 223 Frame from vFrameID : 224
Tcw:
[0.99882388, 0.034739159, 0.033824462, 0.048633542;
 -0.0009332429, 0.71125633, -0.70293212, -0.068132855;
 -0.048477136, 0.70207381, 0.7104522, 0.046694569;
 0, 0, 0, 1]
Twc:
[0.99882388, -0.0009332429, -0.048477136, -0.04637631;
 0.034739159, 0.71125633, 0.70207381, 0.013987403;
 0.033824462, -0.70293212, 0.7104522, -0.082712039;
 0, 0, 0, 1]
Ow:
[0.048633542;
 -0.068132855;
 0.046694569]
Keyframe: 5 Frame: 226 Frame from vFrameID : 227
Tcw:
[0.99923259, 0.035603359, 0.016329963, 0.049574159;
 -0.013689586, 0.70804149, -0.70603812, -0.069407552;
 -0.036699619, 0.70527273, 0.70798552, 0.047355726;
 0, 0, 0, 1]
Twc:
[0.99923259, -0.013689586, -0.036699619, -0.048748337;
 0.035603359, 0.70804149, 0.70527273, 0.013979717;
 0.016329963, -0.70603812, 0.70798552, -0.083341092;
 0, 0, 0, 1]
Ow:
[0.049574159;
 -0.069407552;
 0.047355726]
Keyframe: 6 Frame: 230 Frame from vFrameID : 231
Tcw:
[0.99958789, 0.02870298, 0.00035763995, 0.050723683;
 -0.020028273, 0.70630628, -0.707623, -0.070097342;
 -0.020563493, 0.70732427, 0.70659006, 0.049765613;
 0, 0, 0, 1]
Twc:
[0.99958789, -0.020028273, -0.020563493, -0.051083356;
 0.02870298, 0.70630628, 0.70732427, 0.012853846;
 0.00035763995, -0.707623, 0.70659006, -0.084784523;
 0, 0, 0, 1]
Ow:
[0.050723683;
 -0.070097342;
 0.049765613]
Keyframe: 7 Frame: 233 Frame from vFrameID : 234
Tcw:
[0.9994576, 0.031757187, -0.0087176645, 0.050876543;
 -0.02867835, 0.70918548, -0.70443845, -0.069673225;
 -0.016188543, 0.70430636, 0.70971155, 0.052507795;
 0, 0, 0, 1]
Twc:
[0.9994576, -0.02867835, -0.016188543, -0.051997036;
 0.031757187, 0.70918548, 0.70430636, 0.010813969;
 -0.0087176645, -0.70443845, 0.70971155, -0.085902363;
 0, 0, 0, 1]
Ow:
[0.050876543;
 -0.069673225;
 0.052507795]
Keyframe: 8 Frame: 236 Frame from vFrameID : 237
Tcw:
[0.9995743, 0.029109074, -0.0019668674, 0.053510878;
 -0.022117747, 0.7120834, -0.7017464, -0.069906652;
 -0.019026615, 0.70149118, 0.7124241, 0.052865647;
 0, 0, 0, 1]
Twc:
[0.9995743, -0.022117747, -0.019026615, -0.054028422;
 0.029109074, 0.7120834, 0.70149118, 0.01113693;
 -0.0019668674, -0.7017464, 0.7124241, -0.086614251;
 0, 0, 0, 1]
Ow:
[0.053510878;
 -0.069906652;
 0.052865647]
Keyframe: 9 Frame: 240 Frame from vFrameID : 241
Tcw:
[0.9994415, 0.032988261, 0.0053374632, 0.055023037;
 -0.019906957, 0.71602106, -0.69779474, -0.072386168;
 -0.026840772, 0.69729877, 0.7162779, 0.057559818;
 0, 0, 0, 1]
Twc:
[0.9994415, -0.019906957, -0.026840772, -0.054888342;
 0.032988261, 0.71602106, 0.69729877, 0.0098785236;
 0.0053374632, -0.69779474, 0.7162779, -0.092033193;
 0, 0, 0, 1]
Ow:
[0.055023037;
 -0.072386168;
 0.057559818]
Keyframe: 10 Frame: 244 Frame from vFrameID : 245
Tcw:
[0.99855852, 0.045211002, 0.028928317, 0.054471672;
 -0.012064583, 0.71423507, -0.69980192, -0.073277086;
 -0.052300364, 0.69844419, 0.71375096, 0.061297838;
 0, 0, 0, 1]
Twc:
[0.99855852, -0.012064583, -0.052300364, -0.052071311;
 0.045211002, 0.71423507, 0.69844419, 0.0070612282;
 0.028928317, -0.69980192, 0.71375096, -0.096606605;
 0, 0, 0, 1]
Ow:
[0.054471672;
 -0.073277086;
 0.061297838]
Keyframe: 11 Frame: 249 Frame from vFrameID : 250
Tcw:
[0.99766815, 0.044936273, 0.051371083, 0.056586981;
 0.0039723879, 0.71316761, -0.70098233, -0.071516186;
 -0.068135723, 0.69955176, 0.71132612, 0.065713748;
 0, 0, 0, 1]
Twc:
[0.99766815, 0.0039723879, -0.068135723, -0.051693488;
 0.044936273, 0.71316761, 0.69955176, 0.0024900474;
 0.051371083, -0.70098233, 0.71132612, -0.099782415;
 0, 0, 0, 1]
Ow:
[0.056586981;
 -0.071516186;
 0.065713748]
Keyframe: 12 Frame: 255 Frame from vFrameID : 256
Tcw:
[0.99554759, 0.060209829, 0.07252413, 0.056843314;
 0.0069426787, 0.72047603, -0.69344509, -0.074721441;
 -0.09400411, 0.69086111, 0.71685016, 0.069844685;
 0, 0, 0, 1]
Twc:
[0.99554759, 0.0069426787, -0.09400411, -0.049505774;
 0.060209829, 0.72047603, 0.69086111, 0.0021595052;
 0.07252413, -0.69344509, 0.71685016, -0.1060059;
 0, 0, 0, 1]
Ow:
[0.056843314;
 -0.074721441;
 0.069844685]
Keyframe: 13 Frame: 260 Frame from vFrameID : 261
Tcw:
[0.99779373, 0.043742038, 0.04994335, 0.060651716;
 0.0032125646, 0.71957368, -0.69440871, -0.071925052;
 -0.066312768, 0.69303709, 0.71784556, 0.074942142;
 0, 0, 0, 1]
Twc:
[0.99779373, 0.0032125646, -0.066312768, -0.055317216;
 0.043742038, 0.71957368, 0.69303709, -0.0028353422;
 0.04994335, -0.69440871, 0.71784556, -0.10677141;
 0, 0, 0, 1]
Ow:
[0.060651716;
 -0.071925052;
 0.074942142]
Keyframe: 14 Frame: 266 Frame from vFrameID : 267
Tcw:
[0.99931973, 0.03614255, 0.0073351907, 0.066135034;
 -0.02079685, 0.71652806, -0.69724822, -0.070691206;
 -0.030456198, 0.69662136, 0.71679223, 0.078860834;
 0, 0, 0, 1]
Twc:
[0.99931973, -0.02079685, -0.030456198, -0.065158397;
 0.03614255, 0.71652806, 0.69662136, -0.0066741989;
 0.0073351907, -0.69724822, 0.71679223, -0.10630127;
 0, 0, 0, 1]
Ow:
[0.066135034;
 -0.070691206;
 0.078860834]
Keyframe: 15 Frame: 273 Frame from vFrameID : 274
Tcw:
[0.99976033, 0.021266118, 0.0051975832, 0.069392197;
 -0.011481316, 0.71148127, -0.70261127, -0.067060076;
 -0.018639797, 0.70238316, 0.71155494, 0.09072189;
 0, 0, 0, 1]
Twc:
[0.99976033, -0.011481316, -0.018639797, -0.068454467;
 0.021266118, 0.71148127, 0.70238316, -0.017485244;
 0.0051975832, -0.70261127, 0.71155494, -0.11203144;
 0, 0, 0, 1]
Ow:
[0.069392197;
 -0.067060076;
 0.09072189]
Keyframe: 16 Frame: 280 Frame from vFrameID : 281
Tcw:
[0.9977861, 0.040063333, 0.053082973, 0.068819627;
 0.010221597, 0.69631553, -0.71766305, -0.069297537;
 -0.065714471, 0.71661681, 0.69436443, 0.098812811;
 0, 0, 0, 1]
Twc:
[0.9977861, 0.010221597, -0.065714471, -0.061465509;
 0.040063333, 0.69631553, 0.71661681, -0.025315115;
 0.053082973, -0.71766305, 0.69436443, -0.12199754;
 0, 0, 0, 1]
Ow:
[0.068819627;
 -0.069297537;
 0.098812811]
Keyframe: 17 Frame: 287 Frame from vFrameID : 288
Tcw:
[0.99691939, 0.039563257, 0.067723863, 0.073748559;
 0.020485831, 0.70214373, -0.71174049, -0.066009156;
 -0.075710662, 0.71093524, 0.69917017, 0.10454711;
 0, 0, 0, 1]
Twc:
[0.99691939, 0.020485831, -0.075710662, -0.064253777;
 0.039563257, 0.70214373, 0.71093524, -0.03089604;
 0.067723863, -0.71174049, 0.69917017, -0.12507215;
 0, 0, 0, 1]
Ow:
[0.073748559;
 -0.066009156;
 0.10454711]
Keyframe: 18 Frame: 295 Frame from vFrameID : 296
Tcw:
[0.99983621, 0.017442184, 0.0048282249, 0.081866153;
 -0.0085821934, 0.69182026, -0.72201872, -0.061095357;
 -0.015933847, 0.72185904, 0.69185668, 0.11368608;
 0, 0, 0, 1]
Twc:
[0.99983621, -0.0085821934, -0.015933847, -0.080565616;
 0.017442184, 0.69182026, 0.72185904, -0.041226245;
 0.0048282249, -0.72201872, 0.69185668, -0.12316174;
 0, 0, 0, 1]
Ow:
[0.081866153;
 -0.061095357;
 0.11368608]
Keyframe: 19 Frame: 303 Frame from vFrameID : 304
Tcw:
[0.99948782, 0.025690921, -0.019081118, 0.08399462;
 -0.031584412, 0.69594097, -0.71740407, -0.065613322;
 -0.005151439, 0.71763927, 0.69639593, 0.11768697;
 0, 0, 0, 1]
Twc:
[0.99948782, -0.031584412, -0.005151439, -0.085417695;
 0.025690921, 0.69594097, 0.71763927, -0.040951703;
 -0.019081118, -0.71740407, 0.69639593, -0.12742528;
 0, 0, 0, 1]
Ow:
[0.08399462;
 -0.065613322;
 0.11768697]
Keyframe: 20 Frame: 312 Frame from vFrameID : 313
Tcw:
[0.99980485, -0.016749121, -0.010473982, 0.095299274;
 0.0046015834, 0.71308696, -0.70106047, -0.054385465;
 0.019211007, 0.70087546, 0.71302491, 0.133377;
 0, 0, 0, 1]
Twc:
[0.99980485, 0.0046015834, 0.019211007, -0.097592726;
 -0.016749121, 0.71308696, 0.70087546, -0.053102925;
 -0.010473982, -0.70106047, 0.71302491, -0.13223046;
 0, 0, 0, 1]
Ow:
[0.095299274;
 -0.054385465;
 0.133377]
Keyframe: 21 Frame: 320 Frame from vFrameID : 321
Tcw:
[0.99988174, 0.01386857, 0.0066448189, 0.095765375;
 -0.0042829923, 0.66613388, -0.74581993, -0.060485978;
 -0.014769794, 0.74570328, 0.66611451, 0.14305292;
 0, 0, 0, 1]
Twc:
[0.99988174, -0.0042829923, -0.014769794, -0.093900241;
 0.01386857, 0.66613388, 0.74570328, -0.067711398;
 0.0066448189, -0.74581993, 0.66611451, -0.14103761;
 0, 0, 0, 1]
Ow:
[0.095765375;
 -0.060485978;
 0.14305292]
Keyframe: 22 Frame: 328 Frame from vFrameID : 329
Tcw:
[0.99963683, 0.0103667, -0.024873778, 0.10709258;
 -0.025221609, 0.68496138, -0.72814268, -0.050527174;
 0.0094891414, 0.72850561, 0.68497413, 0.16032147;
 0, 0, 0, 1]
Twc:
[0.99963683, -0.025221609, 0.0094891414, -0.10984938;
 0.0103667, 0.68496138, 0.72850561, -0.08329612;
 -0.024873778, -0.72814268, 0.68497413, -0.14394325;
 0, 0, 0, 1]
Ow:
[0.10709258;
 -0.050527174;
 0.16032147]
Keyframe: 23 Frame: 337 Frame from vFrameID : 338
Tcw:
[0.996656, 0.0075124083, -0.081365459, 0.10780711;
 -0.064411417, 0.68494338, -0.72574353, -0.050706707;
 0.050278649, 0.72855753, 0.68313688, 0.16518462;
 0, 0, 0, 1]
Twc:
[0.996656, -0.064411417, 0.050278649, -0.11901796;
 0.0075124083, 0.68494338, 0.72855753, -0.08642517;
 -0.081365459, -0.72574353, 0.68313688, -0.140872;
 0, 0, 0, 1]
Ow:
[0.10780711;
 -0.050706707;
 0.16518462]
Keyframe: 24 Frame: 345 Frame from vFrameID : 346
Tcw:
[0.99824512, 0.057399374, 0.014561647, 0.1146147;
 -0.029789999, 0.69927728, -0.71422952, -0.053928465;
 -0.051178958, 0.71254236, 0.69976008, 0.17762706;
 0, 0, 0, 1]
Twc:
[0.99824512, -0.029789999, -0.051178958, -0.10692932;
 0.057399374, 0.69927728, 0.71254236, -0.095434658;
 0.014561647, -0.71422952, 0.69976008, -0.16448261;
 0, 0, 0, 1]
Ow:
[0.1146147;
 -0.053928465;
 0.17762706]
Keyframe: 25 Frame: 354 Frame from vFrameID : 355
Tcw:
[0.99620295, 0.083435632, 0.024862498, 0.11299131;
 -0.040022988, 0.69250441, -0.72030258, -0.057719052;
 -0.077316292, 0.71657252, 0.6932143, 0.18166517;
 0, 0, 0, 1]
Twc:
[0.99620295, -0.040022988, -0.077316292, -0.1008267;
 0.083435632, 0.69250441, 0.71657252, -0.099633068;
 0.024862498, -0.72030258, 0.6932143, -0.17031732;
 0, 0, 0, 1]
Ow:
[0.11299131;
 -0.057719052;
 0.18166517]
Keyframe: 26 Frame: 363 Frame from vFrameID : 364
Tcw:
[0.99583805, 0.085700534, 0.031015813, 0.11445043;
 -0.039184473, 0.70984238, -0.70326978, -0.057509437;
 -0.082286939, 0.69912744, 0.71024621, 0.19592801;
 0, 0, 0, 1]
Twc:
[0.99583805, -0.039184473, -0.082286939, -0.10010526;
 0.085700534, 0.70984238, 0.69912744, -0.10596449;
 0.031015813, -0.70326978, 0.71024621, -0.18315154;
 0, 0, 0, 1]
Ow:
[0.11445043;
 -0.057509437;
 0.19592801]
Keyframe: 27 Frame: 371 Frame from vFrameID : 372
Tcw:
[0.99726301, 0.073933497, 0.00053763279, 0.11611251;
 -0.053355597, 0.72469068, -0.68700552, -0.045376241;
 -0.051182341, 0.6850965, 0.72665203, 0.20499142;
 0, 0, 0, 1]
Twc:
[0.99726301, -0.053355597, -0.051182341, -0.10772385;
 0.073933497, 0.72469068, 0.6850965, -0.11613977;
 0.00053763279, -0.68700552, 0.72665203, -0.18019357;
 0, 0, 0, 1]
Ow:
[0.11611251;
 -0.045376241;
 0.20499142]
Keyframe: 28 Frame: 379 Frame from vFrameID : 380
Tcw:
[0.99788392, 0.0649563, -0.0028846245, 0.12879142;
 -0.049429618, 0.72903991, -0.68268406, -0.053901851;
 -0.042241625, 0.68138206, 0.73070794, 0.2122663;
 0, 0, 0, 1]
Twc:
[0.99788392, -0.049429618, -0.042241625, -0.12221677;
 0.0649563, 0.72903991, 0.68138206, -0.11370367;
 -0.0028846245, -0.68268406, 0.73070794, -0.19153111;
 0, 0, 0, 1]
Ow:
[0.12879142;
 -0.053901851;
 0.2122663]
Keyframe: 29 Frame: 388 Frame from vFrameID : 389
Tcw:
[0.99836659, 0.054062318, 0.018478088, 0.13697949;
 -0.02375453, 0.68692982, -0.72633541, -0.052036554;
 -0.051960528, 0.72471005, 0.68709201, 0.22573197;
 0, 0, 0, 1]
Twc:
[0.99836659, -0.02375453, -0.051960528, -0.12626269;
 0.054062318, 0.68692982, 0.72471005, -0.13525021;
 0.018478088, -0.72633541, 0.68709201, -0.19542575;
 0, 0, 0, 1]
Ow:
[0.13697949;
 -0.052036554;
 0.22573197]
Keyframe: 30 Frame: 396 Frame from vFrameID : 397
Tcw:
[0.99737138, 0.062462989, 0.03672535, 0.1329252;
 -0.017141234, 0.69584453, -0.7179879, -0.053003937;
 -0.070402801, 0.71547103, 0.69508606, 0.22950342;
 0, 0, 0, 1]
Twc:
[0.99737138, -0.017141234, -0.070402801, -0.11732666;
 0.062462989, 0.69584453, 0.71547103, -0.13562346;
 0.03672535, -0.7179879, 0.69508606, -0.20246254;
 0, 0, 0, 1]
Ow:
[0.1329252;
 -0.053003937;
 0.22950342]
Keyframe: 31 Frame: 405 Frame from vFrameID : 406
Tcw:
[0.99759912, 0.069251321, -0.00048414129, 0.14369544;
 -0.047979727, 0.68609643, -0.72592676, -0.053193845;
 -0.049939219, 0.7242071, 0.68777186, 0.2347641;
 0, 0, 0, 1]
Twc:
[0.99759912, -0.047979727, -0.049939219, -0.13417874;
 0.069251321, 0.68609643, 0.7242071, -0.14347282;
 -0.00048414129, -0.72592676, 0.68777186, -0.20000941;
 0, 0, 0, 1]
Ow:
[0.14369544;
 -0.053193845;
 0.2347641]
Keyframe: 32 Frame: 414 Frame from vFrameID : 415
Tcw:
[0.99755561, 0.062918924, 0.030397547, 0.14636454;
 -0.023753647, 0.71444631, -0.699287, -0.052455693;
 -0.065715797, 0.6968556, 0.71419448, 0.24016228;
 0, 0, 0, 1]
Twc:
[0.99755561, -0.023753647, -0.065715797, -0.13147032;
 0.062918924, 0.71444631, 0.6968556, -0.13909075;
 0.030397547, -0.699287, 0.71419448, -0.21265326;
 0, 0, 0, 1]
Ow:
[0.14636454;
 -0.052455693;
 0.24016228]
Keyframe: 33 Frame: 421 Frame from vFrameID : 422
Tcw:
[0.99787641, 0.058683384, 0.02826483, 0.14823663;
 -0.020118713, 0.69040745, -0.72314095, -0.052829586;
 -0.061950605, 0.72103661, 0.69012195, 0.2498208;
 0, 0, 0, 1]
Twc:
[0.99787641, -0.020118713, -0.061950605, -0.13350816;
 0.058683384, 0.69040745, 0.72103661, -0.15235503;
 0.02826483, -0.72314095, 0.69012195, -0.21479994;
 0, 0, 0, 1]
Ow:
[0.14823663;
 -0.052829586;
 0.2498208]
Keyframe: 34 Frame: 429 Frame from vFrameID : 430
Tcw:
[0.99673849, 0.070905365, 0.038533084, 0.15341237;
 -0.021676019, 0.69517714, -0.71851158, -0.051394612;
 -0.077733643, 0.71533293, 0.69444674, 0.25240952;
 0, 0, 0, 1]
Twc:
[0.99673849, -0.021676019, -0.077733643, -0.13440534;
 0.070905365, 0.69517714, 0.71533293, -0.15570624;
 0.038533084, -0.71851158, 0.69444674, -0.21812406;
 0, 0, 0, 1]
Ow:
[0.15341237;
 -0.051394612;
 0.25240952]
Keyframe: 35 Frame: 437 Frame from vFrameID : 438
Tcw:
[0.99764448, 0.066748813, 0.015815074, 0.1562019;
 -0.035018619, 0.69382238, -0.71929419, -0.052785881;
 -0.058984887, 0.71704608, 0.69452554, 0.25886491;
 0, 0, 0, 1]
Twc:
[0.99764448, -0.035018619, -0.058984887, -0.14241333;
 0.066748813, 0.69382238, 0.71704608, -0.15942033;
 0.015815074, -0.71929419, 0.69452554, -0.22022721;
 0, 0, 0, 1]
Ow:
[0.1562019;
 -0.052785881;
 0.25886491]
Keyframe: 36 Frame: 445 Frame from vFrameID : 446
Tcw:
[0.99671876, 0.060006984, 0.054322269, 0.15762335;
 -0.0053764698, 0.71871769, -0.69528121, -0.051312871;
 -0.080764107, 0.69270772, 0.71668202, 0.25946566;
 0, 0, 0, 1]
Twc:
[0.99671876, -0.0053764698, -0.080764107, -0.13642652;
 0.060006984, 0.71871769, 0.69270772, -0.15231292;
 0.054322269, -0.69528121, 0.71668202, -0.23019372;
 0, 0, 0, 1]
Ow:
[0.15762335;
 -0.051312871;
 0.25946566]
Keyframe: 37 Frame: 454 Frame from vFrameID : 455
Tcw:
[0.99270874, 0.073643364, 0.095425293, 0.1615269;
 0.014395553, 0.71356434, -0.70044184, -0.055348918;
 -0.11967497, 0.69670844, 0.70730138, 0.27119613;
 0, 0, 0, 1]
Twc:
[0.99270874, 0.014395553, -0.11967497, -0.12709701;
 0.073643364, 0.71356434, 0.69670844, -0.16134499;
 0.095425293, -0.70044184, 0.70730138, -0.24599984;
 0, 0, 0, 1]
Ow:
[0.1615269;
 -0.055348918;
 0.27119613]
Keyframe: 38 Frame: 462 Frame from vFrameID : 463
Tcw:
[0.99268192, 0.06684041, 0.10057338, 0.16562141;
 0.02168937, 0.72061568, -0.69299543, -0.054903559;
 -0.11879486, 0.69010538, 0.7138924, 0.27513999;
 0, 0, 0, 1]
Twc:
[0.99268192, 0.02168937, -0.11879486, -0.13053334;
 0.06684041, 0.72061568, 0.69010538, -0.16138142;
 0.10057338, -0.69299543, 0.7138924, -0.25112537;
 0, 0, 0, 1]
Ow:
[0.16562141;
 -0.054903559;
 0.27513999]
Keyframe: 39 Frame: 470 Frame from vFrameID : 471
Tcw:
[0.99365401, 0.064577363, 0.092094764, 0.1710071;
 0.018105173, 0.71626455, -0.69759393, -0.053145617;
 -0.111013, 0.69483441, 0.71054995, 0.27990699;
 0, 0, 0, 1]
Twc:
[0.99365401, 0.018105173, -0.111013, -0.13788638;
 0.064577363, 0.71626455, 0.69483441, -0.16746588;
 0.092094764, -0.69759393, 0.71054995, -0.25171083;
 0, 0, 0, 1]
Ow:
[0.1710071;
 -0.053145617;
 0.27990699]
Keyframe: 40 Frame: 479 Frame from vFrameID : 480
Tcw:
[0.99247116, 0.082321085, 0.090687849, 0.17296176;
 0.0016160891, 0.73157108, -0.68176329, -0.056785077;
 -0.1224681, 0.67677695, 0.72593009, 0.28294852;
 0, 0, 0, 1]
Twc:
[0.99247116, 0.0016160891, -0.1224681, -0.13691561;
 0.082321085, 0.73157108, 0.67677695, -0.16418912;
 0.090687849, -0.68176329, 0.72593009, -0.25980037;
 0, 0, 0, 1]
Ow:
[0.17296176;
 -0.056785077;
 0.28294852]
Keyframe: 41 Frame: 487 Frame from vFrameID : 488
Tcw:
[0.99333781, 0.079802699, 0.08313524, 0.17603023;
 -0.0064820927, 0.75896913, -0.65109432, -0.05863823;
 -0.11505616, 0.6462177, 0.75443006, 0.2863529;
 0, 0, 0, 1]
Twc:
[0.99333781, -0.0064820927, -0.11505616, -0.14229092;
 0.079802699, 0.75896913, 0.6462177, -0.15458941;
 0.08313524, -0.65109432, 0.75443006, -0.26884657;
 0, 0, 0, 1]
Ow:
[0.17603023;
 -0.05863823;
 0.2863529]
Keyframe: 42 Frame: 495 Frame from vFrameID : 496
Tcw:
[0.99647212, 0.063691795, 0.054650165, 0.17680247;
 -0.0099734189, 0.73644018, -0.67642915, -0.056532189;
 -0.083329566, 0.67349774, 0.73447734, 0.29403591;
 0, 0, 0, 1]
Twc:
[0.99647212, -0.0099734189, -0.083329566, -0.15224066;
 0.063691795, 0.73644018, 0.67349774, -0.16766082;
 0.054650165, -0.67642915, 0.73447734, -0.26386502;
 0, 0, 0, 1]
Ow:
[0.17680247;
 -0.056532189;
 0.29403591]
Keyframe: 43 Frame: 504 Frame from vFrameID : 505
Tcw:
[0.99590486, 0.044469737, 0.078714162, 0.18216495;
 0.01916156, 0.74705523, -0.66448575, -0.05707027;
 -0.088353336, 0.66327286, 0.74314386, 0.30025607;
 0, 0, 0, 1]
Twc:
[0.99590486, 0.01916156, -0.088353336, -0.15379679;
 0.044469737, 0.74705523, 0.66327286, -0.1646179;
 0.078714162, -0.66448575, 0.74314386, -0.2753948;
 0, 0, 0, 1]
Ow:
[0.18216495;
 -0.05707027;
 0.30025607]
Keyframe: 44 Frame: 512 Frame from vFrameID : 513
Tcw:
[0.99813843, 0.020555979, 0.057420298, 0.19005536;
 0.023462206, 0.7396158, -0.67262024, -0.047107443;
 -0.056295328, 0.67271531, 0.73775667, 0.30054834;
 0, 0, 0, 1]
Twc:
[0.99813843, 0.023462206, -0.056295328, -0.17167684;
 0.020555979, 0.7396158, 0.67271531, -0.17124885;
 0.057420298, -0.67262024, 0.73775667, -0.26433;
 0, 0, 0, 1]
Ow:
[0.19005536;
 -0.047107443;
 0.30054834]
Keyframe: 45 Frame: 520 Frame from vFrameID : 521
Tcw:
[0.99942207, 0.016452493, 0.029746177, 0.19076698;
 0.0080140661, 0.73636329, -0.67653894, -0.047811493;
 -0.033034746, 0.6763863, 0.73580587, 0.30925182;
 0, 0, 0, 1]
Twc:
[0.99942207, 0.0080140661, -0.033034746, -0.1800575;
 0.016452493, 0.73636329, 0.6763863, -0.17710567;
 0.029746177, -0.67653894, 0.73580587, -0.26557022;
 0, 0, 0, 1]
Ow:
[0.19076698;
 -0.047811493;
 0.30925182]
Keyframe: 46 Frame: 528 Frame from vFrameID : 529
Tcw:
[0.99992007, -0.012017733, 0.0039297398, 0.1949088;
 0.011361817, 0.71765751, -0.69630349, -0.042289734;
 0.0055477824, 0.69629252, 0.71773672, 0.31557995;
 0, 0, 0, 1]
Twc:
[0.99992007, 0.011361817, 0.0055477824, -0.19616349;
 -0.012017733, 0.71765751, 0.69629252, -0.18704404;
 0.0039297398, -0.69630349, 0.71773672, -0.25671574;
 0, 0, 0, 1]
Ow:
[0.1949088;
 -0.042289734;
 0.31557995]
Keyframe: 47 Frame: 535 Frame from vFrameID : 536
Tcw:
[0.99991357, -0.0090744318, 0.0095139276, 0.19629879;
 0.013128256, 0.72838598, -0.68504125, -0.041956007;
 -0.00071345113, 0.68510693, 0.72844219, 0.31652543;
 0, 0, 0, 1]
Twc:
[0.99991357, 0.013128256, -0.00071345113, -0.19550519;
 -0.0090744318, 0.72838598, 0.68510693, -0.18451232;
 0.0095139276, -0.68504125, 0.72844219, -0.26117963;
 0, 0, 0, 1]
Ow:
[0.19629879;
 -0.041956007;
 0.31652543]
Keyframe: 48 Frame: 543 Frame from vFrameID : 544
Tcw:
[0.99944675, -0.026178738, -0.020515705, 0.20181596;
 0.0051861969, 0.73194879, -0.68133992, -0.039271489;
 0.032853063, 0.68085653, 0.73167962, 0.32478398;
 0, 0, 0, 1]
Twc:
[0.99944675, 0.0051861969, 0.032853063, -0.21217078;
 -0.026178738, 0.73194879, 0.68085653, -0.18710329;
 -0.020515705, -0.68133992, 0.73167962, -0.26025465;
 0, 0, 0, 1]
Ow:
[0.20181596;
 -0.039271489;
 0.32478398]
Keyframe: 49 Frame: 552 Frame from vFrameID : 553
Tcw:
[0.99607718, -0.081420042, -0.034655858, 0.20987849;
 0.032319352, 0.69932765, -0.71407026, -0.032814473;
 0.08237543, 0.71014899, 0.69921577, 0.32945687;
 0, 0, 0, 1]
Twc:
[0.99607718, 0.032319352, 0.08237543, -0.23513378;
 -0.081420042, 0.69932765, 0.71014899, -0.19392709;
 -0.034655858, -0.71407026, 0.69921577, -0.24651974;
 0, 0, 0, 1]
Ow:
[0.20987849;
 -0.032814473;
 0.32945687]
Keyframe: 50 Frame: 560 Frame from vFrameID : 561
Tcw:
[0.9996112, -0.0034680525, 0.027667241, 0.20435756;
 0.021717276, 0.71917152, -0.69449306, -0.042624071;
 -0.017488955, 0.69482392, 0.71896726, 0.33594829;
 0, 0, 0, 1]
Twc:
[0.9996112, 0.021717276, -0.017488955, -0.19747704;
 -0.0034680525, 0.71917152, 0.69482392, -0.20206216;
 0.027667241, -0.69449306, 0.71896726, -0.27679193;
 0, 0, 0, 1]
Ow:
[0.20435756;
 -0.042624071;
 0.33594829]
Keyframe: 51 Frame: 567 Frame from vFrameID : 568
Tcw:
[0.99855673, 0.015645634, 0.051377114, 0.20171654;
 0.024176568, 0.72326726, -0.6901449, -0.047170892;
 -0.047957137, 0.69039094, 0.72184515, 0.34085074;
 0, 0, 0, 1]
Twc:
[0.99855673, 0.024176568, -0.047957137, -0.18393877;
 0.015645634, 0.72326726, 0.69039094, -0.2043591;
 0.051377114, -0.6901449, 0.72184515, -0.28895983;
 0, 0, 0, 1]
Ow:
[0.20171654;
 -0.047170892;
 0.34085074]
Keyframe: 52 Frame: 575 Frame from vFrameID : 576
Tcw:
[0.99754059, 0.020295853, 0.067088522, 0.20550463;
 0.031484496, 0.72540957, -0.68759704, -0.048553258;
 -0.062622026, 0.6880182, 0.72298646, 0.34646839;
 0, 0, 0, 1]
Twc:
[0.99754059, 0.031484496, -0.062622026, -0.18177398;
 0.020295853, 0.72540957, 0.6880182, -0.20732646;
 0.067088522, -0.68759704, 0.72298646, -0.29766405;
 0, 0, 0, 1]
Ow:
[0.20550463;
 -0.048553258;
 0.34646839]
Keyframe: 53 Frame: 584 Frame from vFrameID : 585
Tcw:
[0.99964476, 0.016926395, 0.020586684, 0.20794512;
 0.0010429116, 0.74699867, -0.66482466, -0.047202066;
 -0.026631311, 0.66460997, 0.74671566, 0.35015494;
 0, 0, 0, 1]
Twc:
[0.99964476, 0.0010429116, -0.026631311, -0.19849695;
 0.016926395, 0.74699867, 0.66460997, -0.20097634;
 0.020586684, -0.66482466, 0.74671566, -0.2971282;
 0, 0, 0, 1]
Ow:
[0.20794512;
 -0.047202066;
 0.35015494]
Keyframe: 54 Frame: 593 Frame from vFrameID : 594
Tcw:
[0.99919534, -0.016079249, 0.036744874, 0.20870149;
 0.036607847, 0.7399376, -0.67167866, -0.044136286;
 -0.016388826, 0.67248333, 0.73993081, 0.35753098;
 0, 0, 0, 1]
Twc:
[0.99919534, 0.036607847, -0.016388826, -0.2010583;
 -0.016079249, 0.7399376, 0.67248333, -0.20441976;
 0.036744874, -0.67167866, 0.73993081, -0.3018623;
 0, 0, 0, 1]
Ow:
[0.20870149;
 -0.044136286;
 0.35753098]
Keyframe: 55 Frame: 601 Frame from vFrameID : 602
Tcw:
[0.99699003, 0.0063418415, 0.077269763, 0.20763445;
 0.047064807, 0.7424888, -0.66820306, -0.044766471;
 -0.06160957, 0.66982847, 0.73995543, 0.36156982;
 0, 0, 0, 1]
Twc:
[0.99699003, 0.047064807, -0.06160957, -0.1826264;
 0.0063418415, 0.7424888, 0.66982847, -0.21026796;
 0.077269763, -0.66820306, 0.73995543, -0.31350255;
 0, 0, 0, 1]
Ow:
[0.20763445;
 -0.044766471;
 0.36156982]
Keyframe: 56 Frame: 609 Frame from vFrameID : 610
Tcw:
[0.99730951, -0.014468934, 0.07186342, 0.21202661;
 0.060296755, 0.71943384, -0.69193876, -0.045730025;
 -0.041689362, 0.69441026, 0.71837068, 0.36951786;
 0, 0, 0, 1]
Twc:
[0.99730951, 0.060296755, -0.041689362, -0.19329382;
 -0.014468934, 0.71943384, 0.69441026, -0.22062945;
 0.07186342, -0.69193876, 0.71837068, -0.31233013;
 0, 0, 0, 1]
Ow:
[0.21202661;
 -0.045730025;
 0.36951786]
Keyframe: 57 Frame: 618 Frame from vFrameID : 619
Tcw:
[0.99794835, -0.01424245, 0.062419999, 0.21436912;
 0.05411496, 0.70865643, -0.70347536, -0.048050657;
 -0.034215122, 0.70540994, 0.70797324, 0.37365139;
 0, 0, 0, 1]
Twc:
[0.99794835, 0.05411496, -0.034215122, -0.19854452;
 -0.01424245, 0.70865643, 0.70540994, -0.22647287;
 0.062419999, -0.70347536, 0.70797324, -0.31171858;
 0, 0, 0, 1]
Ow:
[0.21436912;
 -0.048050657;
 0.37365139]
Keyframe: 58 Frame: 627 Frame from vFrameID : 628
Tcw:
[0.99592042, 0.0018130563, 0.09021765, 0.21272646;
 0.062435493, 0.70798832, -0.70345885, -0.050106972;
 -0.065148458, 0.70622176, 0.70498687, 0.37943196;
 0, 0, 0, 1]
Twc:
[0.99592042, 0.062435493, -0.065148458, -0.18401077;
 0.0018130563, 0.70798832, 0.70622176, -0.23287366;
 0.09021765, -0.70345885, 0.70498687, -0.3219344;
 0, 0, 0, 1]
Ow:
[0.21272646;
 -0.050106972;
 0.37943196]
Keyframe: 59 Frame: 636 Frame from vFrameID : 637
Tcw:
[0.99302197, 0.04212239, 0.11015039, 0.21483713;
 0.05095695, 0.68907809, -0.72289336, -0.050585538;
 -0.10635222, 0.72346193, 0.68212324, 0.38579366;
 0, 0, 0, 1]
Twc:
[0.99302197, 0.05095695, -0.10635222, -0.16973031;
 0.04212239, 0.68907809, 0.72346193, -0.25329906;
 0.11015039, -0.72289336, 0.68212324, -0.32339114;
 0, 0, 0, 1]
Ow:
[0.21483713;
 -0.050585538;
 0.38579366]
Keyframe: 60 Frame: 644 Frame from vFrameID : 645
Tcw:
[0.99095643, 0.045121461, 0.12636994, 0.20740086;
 0.057531882, 0.70794082, -0.7039246, -0.050907791;
 -0.12122455, 0.70482898, 0.6989426, 0.39099309;
 0, 0, 0, 1]
Twc:
[0.99095643, 0.057531882, -0.12122455, -0.15519845;
 0.045121461, 0.70794082, 0.70482898, -0.24890177;
 0.12636994, -0.7039246, 0.6989426, -0.33532622;
 0, 0, 0, 1]
Ow:
[0.20740086;
 -0.050907791;
 0.39099309]
Keyframe: 61 Frame: 652 Frame from vFrameID : 653
Tcw:
[0.99885803, 0.010879782, 0.046521056, 0.21989;
 0.026083995, 0.69161224, -0.72179782, -0.050638422;
 -0.040027536, 0.72218704, 0.6905387, 0.39026871;
 0, 0, 0, 1]
Twc:
[0.99885803, 0.026083995, -0.040027536, -0.20269656;
 0.010879782, 0.69161224, 0.72218704, -0.2492172;
 0.046521056, -0.72179782, 0.6905387, -0.31627586;
 0, 0, 0, 1]
Ow:
[0.21989;
 -0.050638422;
 0.39026871]
Keyframe: 62 Frame: 660 Frame from vFrameID : 661
Tcw:
[0.99937236, 0.015600096, 0.031803824, 0.21964192;
 0.011297263, 0.71056992, -0.70353585, -0.049116358;
 -0.033574071, 0.7034536, 0.70994771, 0.39746368;
 0, 0, 0, 1]
Twc:
[0.99937236, 0.011297263, -0.033574071, -0.20560473;
 0.015600096, 0.71056992, 0.7034536, -0.24812311;
 0.031803824, -0.70353585, 0.70994771, -0.32371902;
 0, 0, 0, 1]
Ow:
[0.21964192;
 -0.049116358;
 0.39746368]
Keyframe: 63 Frame: 668 Frame from vFrameID : 669
Tcw:
[0.99927527, 0.0057200021, 0.037632246, 0.22511958;
 0.022584755, 0.70672387, -0.70712888, -0.049782023;
 -0.030640386, 0.70746636, 0.70608252, 0.40171862;
 0, 0, 0, 1]
Twc:
[0.99927527, 0.022584755, -0.030640386, -0.21152331;
 0.0057200021, 0.70672387, 0.70746636, -0.25030795;
 0.037632246, -0.70712888, 0.70608252, -0.32732058;
 0, 0, 0, 1]
Ow:
[0.22511958;
 -0.049782023;
 0.40171862]
Keyframe: 64 Frame: 677 Frame from vFrameID : 678
Tcw:
[0.99983752, 0.0095016062, 0.015316742, 0.21807827;
 0.0040321392, 0.71033162, -0.70385563, -0.044324547;
 -0.017567724, 0.70380306, 0.7101779, 0.40513057;
 0, 0, 0, 1]
Twc:
[0.99983752, 0.0040321392, -0.017567724, -0.21074691;
 0.0095016062, 0.71033162, 0.70380306, -0.2557191;
 0.015316742, -0.70385563, 0.7101779, -0.32225311;
 0, 0, 0, 1]
Ow:
[0.21807827;
 -0.044324547;
 0.40513057]
Keyframe: 65 Frame: 686 Frame from vFrameID : 687
Tcw:
[0.9989323, -0.010482506, -0.044992976, 0.21647811;
 -0.022923475, 0.73309237, -0.67974269, -0.044399366;
 0.040109415, 0.68004829, 0.73206937, 0.40819615;
 0, 0, 0, 1]
Twc:
[0.9989323, -0.022923475, 0.040109415, -0.23363729;
 -0.010482506, 0.73309237, 0.68004829, -0.24277505;
 -0.044992976, -0.67974269, 0.73206937, -0.31926805;
 0, 0, 0, 1]
Ow:
[0.21647811;
 -0.044399366;
 0.40819615]
Keyframe: 66 Frame: 695 Frame from vFrameID : 696
Tcw:
[0.99856246, -0.046742931, -0.026232075, 0.2182622;
 0.016640669, 0.73556429, -0.6772505, -0.042011991;
 0.050952051, 0.67584038, 0.73528475, 0.40878206;
 0, 0, 0, 1]
Twc:
[0.99856246, 0.016640669, 0.050952051, -0.23807761;
 -0.046742931, 0.73556429, 0.67584038, -0.23516671;
 -0.026232075, -0.6772505, 0.73528475, -0.32329839;
 0, 0, 0, 1]
Ow:
[0.2182622;
 -0.042011991;
 0.40878206]
Keyframe: 67 Frame: 703 Frame from vFrameID : 704
Tcw:
[0.99906158, -0.043151852, 0.0037176379, 0.2169309;
 0.033435304, 0.71383709, -0.6995132, -0.039221585;
 0.027531503, 0.69898111, 0.71460998, 0.40817797;
 0, 0, 0, 1]
Twc:
[0.99906158, 0.033435304, 0.027531503, -0.22665371;
 -0.043151852, 0.71383709, 0.69898111, -0.24794987;
 0.0037176379, -0.6995132, 0.71460998, -0.31993055;
 0, 0, 0, 1]
Ow:
[0.2169309;
 -0.039221585;
 0.40817797]
Keyframe: 68 Frame: 711 Frame from vFrameID : 712
Tcw:
[0.99848741, -0.051121809, -0.020235701, 0.22089902;
 0.023872657, 0.73465335, -0.6780225, -0.041172192;
 0.049527962, 0.67651385, 0.73476255, 0.4132601;
 0, 0, 0, 1]
Twc:
[0.99848741, 0.023872657, 0.049527962, -0.24004993;
 -0.051121809, 0.73465335, 0.67651385, -0.23803613;
 -0.020235701, -0.6780225, 0.73476255, -0.32709366;
 0, 0, 0, 1]
Ow:
[0.22089902;
 -0.041172192;
 0.4132601]
Keyframe: 69 Frame: 720 Frame from vFrameID : 721
Tcw:
[0.9993546, -0.0065737194, -0.035315577, 0.2156111;
 -0.018225325, 0.75439918, -0.65616286, -0.040297747;
 0.030955473, 0.65638304, 0.75379246, 0.41635567;
 0, 0, 0, 1]
Twc:
[0.9993546, -0.018225325, 0.030955473, -0.22909488;
 -0.0065737194, 0.75439918, 0.65638304, -0.24147083;
 -0.035315577, -0.65616286, 0.75379246, -0.33267322;
 0, 0, 0, 1]
Ow:
[0.2156111;
 -0.040297747;
 0.41635567]
Keyframe: 70 Frame: 727 Frame from vFrameID : 728
Tcw:
[0.9986999, -0.041127447, -0.030117158, 0.21405011;
 0.010585949, 0.74526471, -0.66668469, -0.03473717;
 0.049864296, 0.66549915, 0.74473113, 0.41591555;
 0, 0, 0, 1]
Twc:
[0.9986999, 0.010585949, 0.049864296, -0.23414344;
 -0.041127447, 0.74526471, 0.66549915, -0.24209969;
 -0.030117158, -0.66668469, 0.74473113, -0.32645741;
 0, 0, 0, 1]
Ow:
[0.21405011;
 -0.03473717;
 0.41591555]
Keyframe: 71 Frame: 737 Frame from vFrameID : 738
Tcw:
[0.99480087, -0.047123089, 0.090280846, 0.20562822;
 0.096249491, 0.72470987, -0.68229878, -0.026833132;
 -0.033275392, 0.68744093, 0.72547758, 0.41554207;
 0, 0, 0, 1]
Twc:
[0.99480087, 0.096249491, -0.033275392, -0.18814912;
 -0.047123089, 0.72470987, 0.68744093, -0.25652453;
 0.090280846, -0.68229878, 0.72547758, -0.33833894;
 0, 0, 0, 1]
Ow:
[0.20562822;
 -0.026833132;
 0.41554207]
Keyframe: 72 Frame: 747 Frame from vFrameID : 748
Tcw:
[0.99584115, -0.029827356, 0.086085886, 0.20719348;
 0.079401895, 0.74746811, -0.65953523, -0.026856318;
 -0.044674266, 0.66362768, 0.74672788, 0.41699493;
 0, 0, 0, 1]
Twc:
[0.99584115, 0.079401895, -0.044674266, -0.1855704;
 -0.029827356, 0.74746811, 0.66362768, -0.25047511;
 0.086085886, -0.65953523, 0.74672788, -0.34693083;
 0, 0, 0, 1]
Ow:
[0.20719348;
 -0.026856318;
 0.41699493]
Keyframe: 73 Frame: 756 Frame from vFrameID : 757
Tcw:
[0.99638051, -0.07053715, 0.047438476, 0.2083924;
 0.084290721, 0.7476362, -0.65873754, -0.025984228;
 0.010998747, 0.66035187, 0.75087577, 0.41766933;
 0, 0, 0, 1]
Twc:
[0.99638051, 0.084290721, 0.010998747, -0.21004173;
 -0.07053715, 0.7476362, 0.66035187, -0.24168257;
 0.047438476, -0.65873754, 0.75087577, -0.3406204;
 0, 0, 0, 1]
Ow:
[0.2083924;
 -0.025984228;
 0.41766933]
Keyframe: 74 Frame: 763 Frame from vFrameID : 764
Tcw:
[0.99776495, -0.056540161, 0.035613518, 0.20917889;
 0.06602098, 0.7518819, -0.65598387, -0.02626659;
 0.010312273, 0.65686893, 0.7539342, 0.41901985;
 0, 0, 0, 1]
Twc:
[0.99776495, 0.06602098, 0.010312273, -0.21129826;
 -0.056540161, 0.7518819, 0.65686893, -0.24366477;
 0.035613518, -0.65598387, 0.7539342, -0.34059349;
 0, 0, 0, 1]
Ow:
[0.20917889;
 -0.02626659;
 0.41901985]
Keyframe: 75 Frame: 771 Frame from vFrameID : 772
Tcw:
[0.99594295, -0.073973343, 0.051239908, 0.2097861;
 0.089122385, 0.7321254, -0.67531449, -0.025385544;
 0.012441233, 0.67714131, 0.73574781, 0.42057067;
 0, 0, 0, 1]
Twc:
[0.99594295, 0.089122385, 0.012441233, -0.21190499;
 -0.073973343, 0.7321254, 0.67714131, -0.25068182;
 0.051239908, -0.67531449, 0.73574781, -0.33732662;
 0, 0, 0, 1]
Ow:
[0.2097861;
 -0.025385544;
 0.42057067]
Keyframe: 76 Frame: 778 Frame from vFrameID : 779
Tcw:
[0.99413061, -0.063888162, 0.087307401, 0.2094859;
 0.10597508, 0.73740149, -0.66708946, -0.025286585;
 -0.02176149, 0.67242646, 0.73984396, 0.42139834;
 0, 0, 0, 1]
Twc:
[0.99413061, 0.10597508, -0.02176149, -0.19640635;
 -0.063888162, 0.73740149, 0.67242646, -0.25132936;
 0.087307401, -0.66708946, 0.73984396, -0.34692711;
 0, 0, 0, 1]
Ow:
[0.2094859;
 -0.025286585;
 0.42139834]
Keyframe: 77 Frame: 787 Frame from vFrameID : 788
Tcw:
[0.99621439, -0.061928559, 0.061005812, 0.21073341;
 0.086785026, 0.74905002, -0.65680474, -0.024616838;
 -0.0050214324, 0.65961272, 0.75158888, 0.42286569;
 0, 0, 0, 1]
Twc:
[0.99621439, 0.086785026, -0.0050214324, -0.20567591;
 -0.061928559, 0.74905002, 0.65961272, -0.24743792;
 0.061005812, -0.65680474, 0.75158888, -0.34684557;
 0, 0, 0, 1]
Ow:
[0.21073341;
 -0.024616838;
 0.42286569]
Keyframe: 78 Frame: 795 Frame from vFrameID : 796
Tcw:
[0.99567205, -0.072679326, 0.057921261, 0.21168524;
 0.092699461, 0.73219866, -0.67475325, -0.024349242;
 0.0066307411, 0.67720222, 0.73576707, 0.423814;
 0, 0, 0, 1]
Twc:
[0.99567205, 0.092699461, 0.0066307411, -0.21132213;
 -0.072679326, 0.73219866, 0.67720222, -0.25379416;
 0.057921261, -0.67475325, 0.73576707, -0.34051919;
 0, 0, 0, 1]
Ow:
[0.21168524;
 -0.024349242;
 0.423814]
Keyframe: 79 Frame: 805 Frame from vFrameID : 806
Tcw:
[0.99415219, -0.070030183, 0.082202449, 0.21214956;
 0.10722804, 0.73033327, -0.67462248, -0.024176031;
 -0.012791252, 0.67949176, 0.73357159, 0.42622337;
 0, 0, 0, 1]
Twc:
[0.99415219, 0.10722804, -0.012791252, -0.20286466;
 -0.070030183, 0.73033327, 0.67949176, -0.25710186;
 0.082202449, -0.67462248, 0.73357159, -0.34641427;
 0, 0, 0, 1]
Ow:
[0.21214956;
 -0.024176031;
 0.42622337]
Keyframe: 80 Frame: 813 Frame from vFrameID : 814
Tcw:
[0.99166602, -0.021627385, 0.12700701, 0.21048206;
 0.10243938, 0.73021036, -0.67549908, -0.019455209;
 -0.078132555, 0.68287998, 0.72634029, 0.42465723;
 0, 0, 0, 1]
Twc:
[0.99166602, 0.10243938, -0.078132555, -0.17355537;
 -0.021627385, 0.73021036, 0.68287998, -0.27123135;
 0.12700701, -0.67549908, 0.72634029, -0.34832031;
 0, 0, 0, 1]
Ow:
[0.21048206;
 -0.019455209;
 0.42465723]
Keyframe: 81 Frame: 821 Frame from vFrameID : 822
Tcw:
[0.99025309, -0.02536208, 0.13695103, 0.21312414;
 0.10986193, 0.74662429, -0.65611172, -0.020291641;
 -0.085610606, 0.66476232, 0.74213332, 0.42583022;
 0, 0, 0, 1]
Twc:
[0.99025309, 0.10986193, -0.085610606, -0.17236198;
 -0.02536208, 0.74662429, 0.66476232, -0.26252037;
 0.13695103, -0.65611172, 0.74213332, -0.35852394;
 0, 0, 0, 1]
Ow:
[0.21312414;
 -0.020291641;
 0.42583022]
Keyframe: 82 Frame: 830 Frame from vFrameID : 831
Tcw:
[0.99500948, -0.028030029, 0.095762357, 0.21417786;
 0.085165605, 0.73863566, -0.66870338, -0.020171538;
 -0.051989716, 0.67352182, 0.7373367, 0.42692122;
 0, 0, 0, 1]
Twc:
[0.99500948, 0.085165605, -0.051989716, -0.18919557;
 -0.028030029, 0.73863566, 0.67352182, -0.26663795;
 0.095762357, -0.66870338, 0.7373367, -0.34878364;
 0, 0, 0, 1]
Ow:
[0.21417786;
 -0.020171538;
 0.42692122]
Keyframe: 83 Frame: 838 Frame from vFrameID : 839
Tcw:
[0.9896915, -0.022794791, 0.14139022, 0.21350934;
 0.11261401, 0.73380345, -0.66996312, -0.017551348;
 -0.088480957, 0.67897928, 0.72880602, 0.42787409;
 0, 0, 0, 1]
Twc:
[0.9896915, 0.11261401, -0.088480957, -0.17147313;
 -0.022794791, 0.73380345, 0.67897928, -0.27277151;
 0.14139022, -0.66996312, 0.72880602, -0.35378408;
 0, 0, 0, 1]
Ow:
[0.21350934;
 -0.017551348;
 0.42787409]
Keyframe: 84 Frame: 846 Frame from vFrameID : 847
Tcw:
[0.9822709, -0.018526249, 0.18654925, 0.21440023;
 0.14100613, 0.72876292, -0.67009097, -0.018194273;
 -0.1235359, 0.68451548, 0.7184549, 0.42941517;
 0, 0, 0, 1]
Twc:
[0.9822709, 0.14100613, -0.1235359, -0.15498544;
 -0.018526249, 0.72876292, 0.68451548, -0.27670997;
 0.18654925, -0.67009097, 0.7184549, -0.36070347;
 0, 0, 0, 1]
Ow:
[0.21440023;
 -0.018194273;
 0.42941517]
Keyframe: 85 Frame: 854 Frame from vFrameID : 855
Tcw:
[0.96732593, 0.0040667104, 0.25350353, 0.21457407;
 0.16278297, 0.75660187, -0.63328928, -0.016933545;
 -0.19437665, 0.65386319, 0.73121864, 0.42927089;
 0, 0, 0, 1]
Twc:
[0.96732593, 0.16278297, -0.19437665, -0.12136633;
 0.0040667104, 0.75660187, 0.65386319, -0.26874506;
 0.25350353, -0.63328928, 0.73121864, -0.37900996;
 0, 0, 0, 1]
Ow:
[0.21457407;
 -0.016933545;
 0.42927089]
Keyframe: 86 Frame: 861 Frame from vFrameID : 862
Tcw:
[0.97593361, -0.0072949217, 0.21794575, 0.21480551;
 0.15272398, 0.73626393, -0.65923506, -0.016598254;
 -0.15565653, 0.67665517, 0.71965879, 0.43143934;
 0, 0, 0, 1]
Twc:
[0.97593361, 0.15272398, -0.15565653, -0.13994461;
 -0.0072949217, 0.73626393, 0.67665517, -0.278148;
 0.21794575, -0.65923506, 0.71965879, -0.36824724;
 0, 0, 0, 1]
Ow:
[0.21480551;
 -0.016598254;
 0.43143934]
Keyframe: 87 Frame: 869 Frame from vFrameID : 870
Tcw:
[0.98661983, -0.036154062, 0.15897857, 0.21609156;
 0.13653888, 0.71610636, -0.68450624, -0.0170151;
 -0.08909788, 0.69705421, 0.71146119, 0.43183738;
 0, 0, 0, 1]
Twc:
[0.98661983, 0.13653888, -0.08909788, -0.17240119;
 -0.036154062, 0.71610636, 0.69705421, -0.28101686;
 0.15897857, -0.68450624, 0.71146119, -0.35323641;
 0, 0, 0, 1]
Ow:
[0.21609156;
 -0.0170151;
 0.43183738]
Keyframe: 88 Frame: 877 Frame from vFrameID : 878
Tcw:
[0.98317295, -0.037503727, 0.17878582, 0.21682906;
 0.15101461, 0.71755463, -0.67993373, -0.015273765;
 -0.10278855, 0.69549173, 0.71114397, 0.43327445;
 0, 0, 0, 1]
Twc:
[0.98317295, 0.15101461, -0.10278855, -0.16633826;
 -0.037503727, 0.71755463, 0.69549173, -0.28224716;
 0.17878582, -0.67993373, 0.71114397, -0.35727161;
 0, 0, 0, 1]
Ow:
[0.21682906;
 -0.015273765;
 0.43327445]
Keyframe: 89 Frame: 885 Frame from vFrameID : 886
Tcw:
[0.97447169, -0.058068085, 0.21687104, 0.2182046;
 0.18848446, 0.73641491, -0.64974356, -0.014018193;
 -0.12197771, 0.67403352, 0.72856045, 0.43240732;
 0, 0, 0, 1]
Twc:
[0.97447169, 0.18848446, -0.12197771, -0.15724793;
 -0.058068085, 0.73641491, 0.67403352, -0.26846308;
 0.21687104, -0.64974356, 0.72856045, -0.37146533;
 0, 0, 0, 1]
Ow:
[0.2182046;
 -0.014018193;
 0.43240732]
Keyframe: 90 Frame: 894 Frame from vFrameID : 895
Tcw:
[0.98355019, -0.032114282, 0.17775731, 0.21850061;
 0.14604364, 0.72049433, -0.67790794, -0.01463744;
 -0.1063026, 0.69271684, 0.71333241, 0.43483785;
 0, 0, 0, 1]
Twc:
[0.98355019, 0.14604364, -0.1063026, -0.16654423;
 -0.032114282, 0.72049433, 0.69271684, -0.2836563;
 0.17775731, -0.67790794, 0.71333241, -0.35894686;
 0, 0, 0, 1]
Ow:
[0.21850061;
 -0.01463744;
 0.43483785]
Keyframe: 91 Frame: 902 Frame from vFrameID : 903
Tcw:
[0.99375415, -0.03311941, 0.10656331, 0.21972117;
 0.09678182, 0.73117346, -0.67529154, -0.014356717;
 -0.055551015, 0.68138713, 0.72981209, 0.43605441;
 0, 0, 0, 1]
Twc:
[0.99375415, 0.09678182, -0.055551015, -0.1927361;
 -0.03311941, 0.73117346, 0.68138713, -0.2793476;
 0.10656331, -0.67529154, 0.72981209, -0.35134694;
 0, 0, 0, 1]
Ow:
[0.21972117;
 -0.014356717;
 0.43605441]
Keyframe: 92 Frame: 909 Frame from vFrameID : 910
Tcw:
[0.9945491, -0.052104305, 0.090317272, 0.21926633;
 0.099475369, 0.73375952, -0.67208749, -0.01344499;
 -0.031252507, 0.67740834, 0.73494297, 0.43690604;
 0, 0, 0, 1]
Twc:
[0.9945491, 0.099475369, -0.031252507, -0.20307928;
 -0.052104305, 0.73375952, 0.67740834, -0.2746737;
 0.090317272, -0.67208749, 0.73494297, -0.34994078;
 0, 0, 0, 1]
Ow:
[0.21926633;
 -0.01344499;
 0.43690604]
Keyframe: 93 Frame: 916 Frame from vFrameID : 917
Tcw:
[0.99744815, -0.035837166, 0.061748151, 0.22087698;
 0.068521775, 0.72339779, -0.68702286, -0.014304608;
 -0.020047523, 0.68950081, 0.72400743, 0.43857116;
 0, 0, 0, 1]
Twc:
[0.99744815, 0.068521775, -0.020047523, -0.21054091;
 -0.035837166, 0.72339779, 0.68950081, -0.28413165;
 0.061748151, -0.68702286, 0.72400743, -0.34099513;
 0, 0, 0, 1]
Ow:
[0.22087698;
 -0.014304608;
 0.43857116]
Keyframe: 94 Frame: 925 Frame from vFrameID : 926
Tcw:
[0.99705255, -0.016830593, 0.074853174, 0.22069623;
 0.064169981, 0.71771443, -0.69337451, -0.01395005;
 -0.042053297, 0.69613415, 0.71667898, 0.43933958;
 0, 0, 0, 1]
Twc:
[0.99705255, 0.064169981, -0.042053297, -0.20067486;
 -0.016830593, 0.71771443, 0.69613415, -0.29211268;
 0.074853174, -0.69337451, 0.71667898, -0.34105787;
 0, 0, 0, 1]
Ow:
[0.22069623;
 -0.01395005;
 0.43933958]
Keyframe: 95 Frame: 933 Frame from vFrameID : 934
Tcw:
[0.99796176, -0.032923903, 0.054665651, 0.22016343;
 0.06194815, 0.70548761, -0.70600969, -0.012785107;
 -0.015321345, 0.70795709, 0.70608926, 0.44061863;
 0, 0, 0, 1]
Twc:
[0.99796176, 0.06194815, -0.015321345, -0.21217181;
 -0.032923903, 0.70548761, 0.70795709, -0.29567072;
 0.054665651, -0.70600969, 0.70608926, -0.33217788;
 0, 0, 0, 1]
Ow:
[0.22016343;
 -0.012785107;
 0.44061863]
Keyframe: 96 Frame: 941 Frame from vFrameID : 942
Tcw:
[0.99880588, -0.016254198, 0.046071284, 0.21840447;
 0.043990731, 0.70941776, -0.70341396, -0.0099242479;
 -0.021250358, 0.70460075, 0.70928568, 0.44054997;
 0, 0, 0, 1]
Twc:
[0.99880588, 0.043990731, -0.021250358, -0.20834525;
 -0.016254198, 0.70941776, 0.70460075, -0.29982144;
 0.046071284, -0.70341396, 0.70928568, -0.32951885;
 0, 0, 0, 1]
Ow:
[0.21840447;
 -0.0099242479;
 0.44054997]
Keyframe: 97 Frame: 950 Frame from vFrameID : 951
Tcw:
[0.99694234, -0.0092015211, 0.077596977, 0.21857092;
 0.061671399, 0.7024706, -0.70903575, -0.009984687;
 -0.047985386, 0.71165329, 0.70089012, 0.44196415;
 0, 0, 0, 1]
Twc:
[0.99694234, 0.061671399, -0.047985386, -0.19607902;
 -0.0092015211, 0.7024706, 0.71165329, -0.30550009;
 0.077596977, -0.70903575, 0.70089012, -0.33380824;
 0, 0, 0, 1]
Ow:
[0.21857092;
 -0.009984687;
 0.44196415]
Keyframe: 98 Frame: 958 Frame from vFrameID : 959
Tcw:
[0.99438918, 0.015873859, 0.10458597, 0.2189056;
 0.062198244, 0.71198368, -0.69943595, -0.010287121;
 -0.085566245, 0.70201659, 0.70700151, 0.44316217;
 0, 0, 0, 1]
Twc:
[0.99438918, 0.062198244, -0.085566245, -0.17911777;
 0.015873859, 0.71198368, 0.70201659, -0.3072578;
 0.10458597, -0.69943595, 0.70700151, -0.34340596;
 0, 0, 0, 1]
Ow:
[0.2189056;
 -0.010287121;
 0.44316217]
Keyframe: 99 Frame: 966 Frame from vFrameID : 967
Tcw:
[0.99415863, 0.021562586, 0.1057527, 0.21940595;
 0.060356263, 0.70123094, -0.71037477, -0.010649025;
 -0.089474581, 0.71260804, 0.69583338, 0.44395202;
 0, 0, 0, 1]
Twc:
[0.99415863, 0.060356263, -0.089474581, -0.17775917;
 0.021562586, 0.70123094, 0.71260804, -0.3136273;
 0.1057527, -0.71037477, 0.69583338, -0.33968419;
 0, 0, 0, 1]
Ow:
[0.21940595;
 -0.010649025;
 0.44395202]
Keyframe: 100 Frame: 975 Frame from vFrameID : 976
Tcw:
[0.99550271, 0.012111079, 0.093955643, 0.21951766;
 0.058038879, 0.7058906, -0.70593905, -0.01066567;
 -0.074872084, 0.70821732, 0.70201308, 0.44480646;
 0, 0, 0, 1]
Twc:
[0.99550271, 0.058038879, -0.074872084, -0.18460782;
 0.012111079, 0.7058906, 0.70821732, -0.31014946;
 0.093955643, -0.70593905, 0.70201308, -0.3404142;
 0, 0, 0, 1]
Ow:
[0.21951766;
 -0.01066567;
 0.44480646]
Keyframe: 101 Frame: 983 Frame from vFrameID : 984
Tcw:
[0.99354023, 0.025155686, 0.11065705, 0.21811333;
 0.062554672, 0.69218421, -0.71900481, -0.0072465986;
 -0.094682127, 0.72128236, 0.68613923, 0.4440248;
 0, 0, 0, 1]
Twc:
[0.99354023, 0.062554672, -0.094682127, -0.17420986;
 0.025155686, 0.69218421, 0.72128236, -0.32073805;
 0.11065705, -0.71900481, 0.68613923, -0.33400896;
 0, 0, 0, 1]
Ow:
[0.21811333;
 -0.0072465986;
 0.4440248]
Keyframe: 102 Frame: 993 Frame from vFrameID : 994
Tcw:
[0.99114734, 0.054616801, 0.12101206, 0.21541767;
 0.049379077, 0.69443417, -0.71785992, -0.0058171153;
 -0.12324212, 0.71748042, 0.68558967, 0.44241428;
 0, 0, 0, 1]
Twc:
[0.99114734, 0.049379077, -0.12324212, -0.15869933;
 0.054616801, 0.69443417, 0.71748042, -0.32514942;
 0.12101206, -0.71785992, 0.68558967, -0.33355868;
 0, 0, 0, 1]
Ow:
[0.21541767;
 -0.0058171153;
 0.44241428]
Keyframe: 103 Frame: 1001 Frame from vFrameID : 1002
Tcw:
[0.99423999, 0.024319645, 0.10438116, 0.21708152;
 0.059343163, 0.68608326, -0.72509873, -0.0069954991;
 -0.089248307, 0.72711647, 0.6806882, 0.44491136;
 0, 0, 0, 1]
Twc:
[0.99423999, 0.059343163, -0.089248307, -0.1757084;
 0.024319645, 0.68608326, 0.72711647, -0.32398221;
 0.10438116, -0.72509873, 0.6806882, -0.33057755;
 0, 0, 0, 1]
Ow:
[0.21708152;
 -0.0069954991;
 0.44491136]
Keyframe: 104 Frame: 1010 Frame from vFrameID : 1011
Tcw:
[0.99654967, 0.042084247, 0.071538299, 0.21677443;
 0.022849629, 0.6895045, -0.72392088, -0.0057657659;
 -0.07979165, 0.72305769, 0.68616384, 0.44440758;
 0, 0, 0, 1]
Twc:
[0.99654967, 0.022849629, -0.07979165, -0.18043472;
 0.042084247, 0.6895045, 0.72305769, -0.32647961;
 0.071538299, -0.72392088, 0.68616384, -0.32461807;
 0, 0, 0, 1]
Ow:
[0.21677443;
 -0.0057657659;
 0.44440758]
Keyframe: 105 Frame: 1018 Frame from vFrameID : 1019
Tcw:
[0.99567783, 0.037478454, 0.08497633, 0.21629645;
 0.035770319, 0.68962598, -0.72328174, -0.0041745901;
 -0.085709363, 0.72319525, 0.6853047, 0.44405192;
 0, 0, 0, 1]
Twc:
[0.99567783, 0.035770319, -0.085709363, -0.17715286;
 0.037478454, 0.68962598, 0.72319525, -0.3263638;
 0.08497633, -0.72328174, 0.6853047, -0.32571036;
 0, 0, 0, 1]
Ow:
[0.21629645;
 -0.0041745901;
 0.44405192]
Keyframe: 106 Frame: 1026 Frame from vFrameID : 1027
Tcw:
[0.99030375, 0.045138642, 0.13138083, 0.21578746;
 0.062864982, 0.69774711, -0.71358037, -0.0023663491;
 -0.12388065, 0.71492058, 0.68814397, 0.44353965;
 0, 0, 0, 1]
Twc:
[0.99030375, 0.062864982, -0.12388065, -0.1586004;
 0.045138642, 0.69774711, 0.71492058, -0.32518488;
 0.13138083, -0.71358037, 0.68814397, -0.33525807;
 0, 0, 0, 1]
Ow:
[0.21578746;
 -0.0023663491;
 0.44353965]
Keyframe: 107 Frame: 1035 Frame from vFrameID : 1036
Tcw:
[0.9930414, 0.033319261, 0.11295423, 0.21582261;
 0.058991011, 0.68939507, -0.72197956, -0.0016649216;
 -0.10192592, 0.72361887, 0.68263227, 0.44377965;
 0, 0, 0, 1]
Twc:
[0.9930414, 0.058991011, -0.10192592, -0.16898993;
 0.033319261, 0.68939507, 0.72361887, -0.32717058;
 0.11295423, -0.72197956, 0.68263227, -0.32851845;
 0, 0, 0, 1]
Ow:
[0.21582261;
 -0.0016649216;
 0.44377965]
Keyframe: 108 Frame: 1045 Frame from vFrameID : 1046
Tcw:
[0.9973467, -0.0057718023, 0.072568581, 0.21622793;
 0.055844031, 0.70015311, -0.71180552, -0.001038298;
 -0.046700716, 0.71396941, 0.6986177, 0.44398898;
 0, 0, 0, 1]
Twc:
[0.9973467, 0.055844031, -0.046700716, -0.19486164;
 -0.0057718023, 0.70015311, 0.71396941, -0.31501955;
 0.072568581, -0.71180552, 0.6986177, -0.32660899;
 0, 0, 0, 1]
Ow:
[0.21622793;
 -0.001038298;
 0.44398898]
Keyframe: 109 Frame: 1054 Frame from vFrameID : 1055
Tcw:
[0.99333811, 0.0069219153, 0.11502817, 0.21587567;
 0.07863126, 0.68899351, -0.7204895, -0.00050888956;
 -0.084240824, 0.72473449, 0.68385923, 0.44413537;
 0, 0, 0, 1]
Twc:
[0.99333811, 0.07863126, -0.084240824, -0.17698318;
 0.0069219153, 0.68899351, 0.72473449, -0.32302386;
 0.11502817, -0.7204895, 0.68385923, -0.32892451;
 0, 0, 0, 1]
Ow:
[0.21587567;
 -0.00050888956;
 0.44413537]
Keyframe: 110 Frame: 1062 Frame from vFrameID : 1063
Tcw:
[0.9881444, 0.035191335, 0.1494396, 0.21580541;
 0.081086889, 0.70690787, -0.70264226, 0.00047831237;
 -0.13036695, 0.70642966, 0.69567353, 0.44400823;
 0, 0, 0, 1]
Twc:
[0.9881444, 0.081086889, -0.13036695, -0.15540169;
 0.035191335, 0.70690787, 0.70642966, -0.32159317;
 0.1494396, -0.70264226, 0.69567353, -0.34079853;
 0, 0, 0, 1]
Ow:
[0.21580541;
 0.00047831237;
 0.44400823]
Keyframe: 111 Frame: 1070 Frame from vFrameID : 1071
Tcw:
[0.99278098, 0.004834732, 0.11984365, 0.21630749;
 0.083088614, 0.69287407, -0.71625537, 0.00019422174;
 -0.08649946, 0.72104239, 0.6874705, 0.44460058;
 0, 0, 0, 1]
Twc:
[0.99278098, 0.083088614, -0.08649946, -0.17630439;
 0.004834732, 0.69287407, 0.72104239, -0.32175624;
 0.11984365, -0.71625537, 0.6874705, -0.33143377;
 0, 0, 0, 1]
Ow:
[0.21630749;
 0.00019422174;
 0.44460058]
Keyframe: 112 Frame: 1077 Frame from vFrameID : 1078
Tcw:
[0.99360007, 0.015402824, 0.11190035, 0.21631894;
 0.067826554, 0.71081918, -0.70009685, 0.0010008812;
 -0.090324387, 0.70320612, 0.70522529, 0.44467118;
 0, 0, 0, 1]
Twc:
[0.99360007, 0.067826554, -0.090324387, -0.17483774;
 0.015402824, 0.71081918, 0.70320612, -0.31673884;
 0.11190035, -0.70009685, 0.70522529, -0.33709881;
 0, 0, 0, 1]
Ow:
[0.21631894;
 0.0010008812;
 0.44467118]
Keyframe: 113 Frame: 1084 Frame from vFrameID : 1085
Tcw:
[0.98666704, 0.024870096, 0.16084033, 0.21601179;
 0.098870054, 0.69340563, -0.713732, 0.0013846159;
 -0.12927818, 0.72011811, 0.6817016, 0.44520271;
 0, 0, 0, 1]
Twc:
[0.98666704, 0.098870054, -0.12927818, -0.15571362;
 0.024870096, 0.69340563, 0.72011811, -0.32693088;
 0.16084033, -0.713732, 0.6817016, -0.33725056;
 0, 0, 0, 1]
Ow:
[0.21601179;
 0.0013846159;
 0.44520271]
Keyframe: 114 Frame: 1093 Frame from vFrameID : 1094
Tcw:
[0.98088127, 0.074222274, 0.17989704, 0.2162317;
 0.080123775, 0.68839943, -0.72089279, 0.0026387572;
 -0.17734732, 0.7215243, 0.66929114, 0.44466248;
 0, 0, 0, 1]
Twc:
[0.98088127, 0.080123775, -0.17734732, -0.13344936;
 0.074222274, 0.68839943, 0.7215243, -0.3387005;
 0.17989704, -0.72089279, 0.66929114, -0.33460584;
 0, 0, 0, 1]
Ow:
[0.2162317;
 0.0026387572;
 0.44466248]
Keyframe: 115 Frame: 1101 Frame from vFrameID : 1102
Tcw:
[0.98884678, 0.063387461, 0.13477407, 0.2166038;
 0.053939074, 0.69106364, -0.72077847, 0.0029086024;
 -0.13882579, 0.72000903, 0.67993701, 0.44497555;
 0, 0, 0, 1]
Twc:
[0.98884678, 0.053939074, -0.13882579, -0.15257078;
 0.063387461, 0.69106364, 0.72000903, -0.33612645;
 0.13477407, -0.72077847, 0.67993701, -0.32965147;
 0, 0, 0, 1]
Ow:
[0.2166038;
 0.0029086024;
 0.44497555]
Keyframe: 116 Frame: 1108 Frame from vFrameID : 1109
Tcw:
[0.99572974, 0.037361361, 0.084418133, 0.21660021;
 0.036941331, 0.67678082, -0.73525715, 0.0032107383;
 -0.084602781, 0.73523593, 0.67251062, 0.44519627;
 0, 0, 0, 1]
Twc:
[0.99572974, 0.036941331, -0.084602781, -0.17812903;
 0.037361361, 0.67678082, 0.73523593, -0.33758974;
 0.084418133, -0.73525715, 0.67251062, -0.31532347;
 0, 0, 0, 1]
Ow:
[0.21660021;
 0.0032107383;
 0.44519627]
Keyframe: 117 Frame: 1116 Frame from vFrameID : 1117
Tcw:
[0.99527198, 0.022499364, 0.094485007, 0.21659146;
 0.05465249, 0.6744504, -0.73629463, 0.003784731;
 -0.080291614, 0.73797727, 0.67003196, 0.44534773;
 0, 0, 0, 1]
Twc:
[0.99527198, 0.05465249, -0.080291614, -0.18001658;
 0.022499364, 0.6744504, 0.73797727, -0.33608228;
 0.094485007, -0.73629463, 0.67003196, -0.31607518;
 0, 0, 0, 1]
Ow:
[0.21659146;
 0.003784731;
 0.44534773]
Keyframe: 118 Frame: 1124 Frame from vFrameID : 1125
Tcw:
[0.99176216, 0.04246439, 0.12084959, 0.21643165;
 0.064341523, 0.65064692, -0.75664973, 0.0051934421;
 -0.11076108, 0.75819218, 0.64255476, 0.44506767;
 0, 0, 0, 1]
Twc:
[0.99176216, 0.064341523, -0.11076108, -0.1656867;
 0.04246439, 0.65064692, 0.75819218, -0.35001656;
 0.12084959, -0.75664973, 0.64255476, -0.30820641;
 0, 0, 0, 1]
Ow:
[0.21643165;
 0.0051934421;
 0.44506767]
Keyframe: 119 Frame: 1131 Frame from vFrameID : 1132
Tcw:
[0.99129814, 0.050488364, 0.12156853, 0.21659008;
 0.056967404, 0.66802007, -0.74195951, 0.005674541;
 -0.11867054, 0.74242848, 0.6593309, 0.44469899;
 0, 0, 0, 1]
Twc:
[0.99129814, 0.056967404, -0.11867054, -0.16225594;
 0.050488364, 0.66802007, 0.74242848, -0.3448832;
 0.12156853, -0.74195951, 0.6593309, -0.31532401;
 0, 0, 0, 1]
Ow:
[0.21659008;
 0.005674541;
 0.44469899]
Keyframe: 120 Frame: 1139 Frame from vFrameID : 1140
Tcw:
[0.99705106, 0.039569125, 0.065752797, 0.21705513;
 0.022463482, 0.66880029, -0.74310267, 0.0059277266;
 -0.073379412, 0.74238837, 0.66593921, 0.44480658;
 0, 0, 0, 1]
Twc:
[0.99705106, 0.022463482, -0.073379412, -0.18390858;
 0.039569125, 0.66880029, 0.74238837, -0.34277233;
 0.065752797, -0.74310267, 0.66593921, -0.30608118;
 0, 0, 0, 1]
Ow:
[0.21705513;
 0.0059277266;
 0.44480658]
Keyframe: 121 Frame: 1146 Frame from vFrameID : 1147
Tcw:
[0.99869615, 0.010826399, 0.049887255, 0.21732792;
 0.030083243, 0.66471326, -0.74649262, 0.00603576;
 -0.041242547, 0.74702013, 0.66352087, 0.44524843;
 0, 0, 0, 1]
Twc:
[0.99869615, 0.030083243, -0.041242547, -0.19886297;
 0.010826399, 0.66471326, 0.74702013, -0.33897445;
 0.049887255, -0.74649262, 0.66352087, -0.30176789;
 0, 0, 0, 1]
Ow:
[0.21732792;
 0.00603576;
 0.44524843]
Keyframe: 122 Frame: 1154 Frame from vFrameID : 1155
Tcw:
[0.99543172, 0.047812141, 0.082641624, 0.21432354;
 0.030301787, 0.66261667, -0.74834549, 0.0095422417;
 -0.090539716, 0.74743104, 0.6581409, 0.44029188;
 0, 0, 0, 1]
Twc:
[0.99543172, 0.030301787, -0.090539716, -0.17376971;
 0.047812141, 0.66261667, 0.74743104, -0.34565791;
 0.082641624, -0.74834549, 0.6581409, -0.30034521;
 0, 0, 0, 1]
Ow:
[0.21432354;
 0.0095422417;
 0.44029188]
Keyframe: 123 Frame: 1162 Frame from vFrameID : 1163
Tcw:
[0.99014235, 0.071093783, 0.1206808, 0.21470824;
 0.040809244, 0.67779458, -0.73411793, 0.0086586773;
 -0.13398801, 0.7318061, 0.66821182, 0.44092488;
 0, 0, 0, 1]
Twc:
[0.99014235, 0.040809244, -0.13398801, -0.15386643;
 0.071093783, 0.67779458, 0.7318061, -0.34380475;
 0.1206808, -0.73411793, 0.66821182, -0.31418589;
 0, 0, 0, 1]
Ow:
[0.21470824;
 0.0086586773;
 0.44092488]
Keyframe: 124 Frame: 1170 Frame from vFrameID : 1171
Tcw:
[0.99469858, 0.047025848, 0.091450892, 0.21592532;
 0.035912044, 0.67446458, -0.73743325, 0.0088134408;
 -0.096358813, 0.736808, 0.66920018, 0.44391757;
 0, 0, 0, 1]
Twc:
[0.99469858, 0.035912044, -0.096358813, -0.17232175;
 0.047025848, 0.67446458, 0.736808, -0.34318048;
 0.091450892, -0.73743325, 0.66920018, -0.31031698;
 0, 0, 0, 1]
Ow:
[0.21592532;
 0.0088134408;
 0.44391757]
Keyframe: 125 Frame: 1179 Frame from vFrameID : 1180
Tcw:
[0.99787706, 0.0068163248, 0.064768426, 0.21736234;
 0.043608543, 0.66870737, -0.74224573, 0.0081648827;
 -0.048370514, 0.74349445, 0.66699046, 0.44645268;
 0, 0, 0, 1]
Twc:
[0.99787706, 0.043608543, -0.048370514, -0.19566181;
 0.0068163248, 0.66870737, 0.74349445, -0.33887661;
 0.064768426, -0.74224573, 0.66699046, -0.30579755;
 0, 0, 0, 1]
Ow:
[0.21736234;
 0.0081648827;
 0.44645268]
Keyframe: 126 Frame: 1188 Frame from vFrameID : 1189
Tcw:
[0.99635369, 0.02890262, 0.080274612, 0.21841419;
 0.040721428, 0.66569805, -0.74510932, 0.0084248483;
 -0.074974261, 0.74566132, 0.6620937, 0.44649437;
 0, 0, 0, 1]
Twc:
[0.99635369, 0.040721428, -0.074974261, -0.18448526;
 0.02890262, 0.66569805, 0.74566132, -0.34485471;
 0.080274612, -0.74510932, 0.6620937, -0.30687681;
 0, 0, 0, 1]
Ow:
[0.21841419;
 0.0084248483;
 0.44649437]
Keyframe: 127 Frame: 1196 Frame from vFrameID : 1197
Tcw:
[0.99129868, 0.025687471, 0.12910098, 0.218768;
 0.077415437, 0.679452, -0.72962445, 0.0081676245;
 -0.10646012, 0.73327017, 0.67155129, 0.44736114;
 0, 0, 0, 1]
Twc:
[0.99129868, 0.077415437, -0.10646012, -0.16987063;
 0.025687471, 0.679452, 0.73327017, -0.33920568;
 0.12910098, -0.72962445, 0.67155129, -0.3227098;
 0, 0, 0, 1]
Ow:
[0.218768;
 0.0081676245;
 0.44736114]
Keyframe: 128 Frame: 1204 Frame from vFrameID : 1205
Tcw:
[0.99618465, 0.0041816537, 0.087170385, 0.21998006;
 0.05991374, 0.69349796, -0.71796304, 0.007923767;
 -0.063454755, 0.72044647, 0.69060147, 0.44845665;
 0, 0, 0, 1]
Twc:
[0.99618465, 0.05991374, -0.063454755, -0.1911588;
 0.0041816537, 0.69349796, 0.72044647, -0.32950401;
 0.087170385, -0.71796304, 0.69060147, -0.32319161;
 0, 0, 0, 1]
Ow:
[0.21998006;
 0.007923767;
 0.44845665]
Keyframe: 129 Frame: 1212 Frame from vFrameID : 1213
Tcw:
[0.99744827, -0.021591619, 0.068049334, 0.22038175;
 0.064072922, 0.69114971, -0.7198658, 0.0077863336;
 -0.031489208, 0.72238898, 0.69076955, 0.44959262;
 0, 0, 0, 1]
Twc:
[0.99744827, 0.064072922, -0.031489208, -0.20616099;
 -0.021591619, 0.69114971, 0.72238898, -0.3254039;
 0.068049334, -0.7198658, 0.69076955, -0.3199566;
 0, 0, 0, 1]
Ow:
[0.22038175;
 0.0077863336;
 0.44959262]
Keyframe: 130 Frame: 1221 Frame from vFrameID : 1222
Tcw:
[0.9960044, 0.0066984883, 0.089052714, 0.22131556;
 0.060981706, 0.67748332, -0.73300582, 0.0080392361;
 -0.065241762, 0.73550761, 0.6743679, 0.45021242;
 0, 0, 0, 1]
Twc:
[0.9960044, 0.060981706, -0.065241762, -0.19154887;
 0.0066984883, 0.67748332, 0.73550761, -0.3380636;
 0.089052714, -0.73300582, 0.6743679, -0.31742474;
 0, 0, 0, 1]
Ow:
[0.22131556;
 0.0080392361;
 0.45021242]
Keyframe: 131 Frame: 1229 Frame from vFrameID : 1230
Tcw:
[0.99229449, 0.022742867, 0.12179662, 0.22044495;
 0.075089887, 0.67153102, -0.73716182, 0.008405;
 -0.098555386, 0.74062735, 0.66464877, 0.44972372;
 0, 0, 0, 1]
Twc:
[0.99229449, 0.075089887, -0.098555386, -0.17505474;
 0.022742867, 0.67153102, 0.74062735, -0.34373543;
 0.12179662, -0.73716182, 0.66464877, -0.3195619;
 0, 0, 0, 1]
Ow:
[0.22044495;
 0.008405;
 0.44972372]
Keyframe: 132 Frame: 1237 Frame from vFrameID : 1238
Tcw:
[0.99596465, 0.0089120353, 0.089302592, 0.2206355;
 0.060459044, 0.66875517, -0.74102038, 0.0083679855;
 -0.066325568, 0.7434293, 0.66551769, 0.45017672;
 0, 0, 0, 1]
Twc:
[0.99596465, 0.060459044, -0.066325568, -0.19039287;
 0.0089120353, 0.66875517, 0.7434293, -0.342237;
 0.089302592, -0.74102038, 0.66551769, -0.31310305;
 0, 0, 0, 1]
Ow:
[0.2206355;
 0.0083679855;
 0.45017672]
Keyframe: 133 Frame: 1245 Frame from vFrameID : 1246
Tcw:
[0.99790043, -0.022489693, 0.06073682, 0.22085351;
 0.060232431, 0.66696817, -0.74264765, 0.0088016987;
 -0.023807608, 0.74474674, 0.66692239, 0.45051867;
 0, 0, 0, 1]
Twc:
[0.99790043, 0.060232431, -0.023807608, -0.21019417;
 -0.022489693, 0.66696817, 0.74474674, -0.33642584;
 0.06073682, -0.74264765, 0.66692239, -0.30733839;
 0, 0, 0, 1]
Ow:
[0.22085351;
 0.0088016987;
 0.45051867]
Keyframe: 134 Frame: 1253 Frame from vFrameID : 1254
Tcw:
[0.99494332, 0.0049832771, 0.10031427, 0.22032529;
 0.071636021, 0.66485161, -0.74353254, 0.0091623813;
 -0.070399329, 0.74695885, 0.66113263, 0.4502773;
 0, 0, 0, 1]
Twc:
[0.99494332, 0.071636021, -0.070399329, -0.18816832;
 0.0049832771, 0.66485161, 0.74695885, -0.34352818;
 0.10031427, -0.74353254, 0.66113263, -0.31298229;
 0, 0, 0, 1]
Ow:
[0.22032529;
 0.0091623813;
 0.4502773]
Keyframe: 135 Frame: 1261 Frame from vFrameID : 1262
Tcw:
[0.99111646, -0.00096675626, 0.13299337, 0.21865268;
 0.10200594, 0.64717978, -0.75548202, 0.010005385;
 -0.085340261, 0.76233679, 0.64152914, 0.44776702;
 0, 0, 0, 1]
Twc:
[0.99111646, 0.10200594, -0.085340261, -0.17951831;
 -0.00096675626, 0.64717978, 0.76233679, -0.34761319;
 0.13299337, -0.75548202, 0.64152914, -0.30877608;
 0, 0, 0, 1]
Ow:
[0.21865268;
 0.010005385;
 0.44776702]
Keyframe: 136 Frame: 1269 Frame from vFrameID : 1270
Tcw:
[0.99433225, 0.0037594517, 0.10625061, 0.21862896;
 0.078558512, 0.64740521, -0.75808644, 0.010499254;
 -0.071637191, 0.7621367, 0.64344054, 0.44694829;
 0, 0, 0, 1]
Twc:
[0.99433225, 0.078558512, -0.071637191, -0.18619652;
 0.0037594517, 0.64740521, 0.7621367, -0.34825492;
 0.10625061, -0.75808644, 0.64344054, -0.30285481;
 0, 0, 0, 1]
Ow:
[0.21862896;
 0.010499254;
 0.44694829]
Keyframe: 137 Frame: 1276 Frame from vFrameID : 1277
Tcw:
[0.99769223, -0.019886596, 0.064921096, 0.21805415;
 0.062260889, 0.64941263, -0.75788307, 0.010427356;
 -0.027088864, 0.76017612, 0.6491521, 0.44808525;
 0, 0, 0, 1]
Twc:
[0.99769223, 0.062260889, -0.027088864, -0.20606202;
 -0.019886596, 0.64941263, 0.76017612, -0.343059;
 0.064921096, -0.75788307, 0.6491521, -0.29712906;
 0, 0, 0, 1]
Ow:
[0.21805415;
 0.010427356;
 0.44808525]
Keyframe: 138 Frame: 1283 Frame from vFrameID : 1284
Tcw:
[0.99865067, -0.028975265, 0.043096513, 0.21968393;
 0.051454745, 0.66426975, -0.74571985, 0.010103479;
 -0.0070202793, 0.74693114, 0.66486436, 0.44888574;
 0, 0, 0, 1]
Twc:
[0.99865067, 0.051454745, -0.0070202793, -0.21675608;
 -0.028975265, 0.66426975, 0.74693114, -0.33563277;
 0.043096513, -0.74571985, 0.66486436, -0.30038136;
 0, 0, 0, 1]
Ow:
[0.21968393;
 0.010103479;
 0.44888574]
Keyframe: 139 Frame: 1291 Frame from vFrameID : 1292
Tcw:
[0.99481517, -8.0927755e-05, 0.10169952, 0.21996784;
 0.07592199, 0.66594005, -0.74213189, 0.0099440217;
 -0.067665718, 0.7460053, 0.66249335, 0.45002425;
 0, 0, 0, 1]
Twc:
[0.99481517, 0.07592199, -0.067665718, -0.1891311;
 -8.0927755e-05, 0.66594005, 0.7460053, -0.34232476;
 0.10169952, -0.74213189, 0.66249335, -0.31312892;
 0, 0, 0, 1]
Ow:
[0.21996784;
 0.0099440217;
 0.45002425]
Keyframe: 140 Frame: 1299 Frame from vFrameID : 1300
Tcw:
[0.99358314, 0.020065777, 0.11130977, 0.2201118;
 0.069498897, 0.66811228, -0.74080759, 0.010117292;
 -0.089232303, 0.74378985, 0.66243052, 0.45006862;
 0, 0, 0, 1]
Twc:
[0.99358314, 0.069498897, -0.089232303, -0.17924187;
 0.020065777, 0.66811228, 0.74378985, -0.34593269;
 0.11130977, -0.74080759, 0.66243052, -0.31514487;
 0, 0, 0, 1]
Ow:
[0.2201118;
 0.010117292;
 0.45006862]
Keyframe: 141 Frame: 1307 Frame from vFrameID : 1308
Tcw:
[0.99647802, -0.0076183858, 0.083507471, 0.22000989;
 0.06761457, 0.66201359, -0.74643576, 0.0098127276;
 -0.04959644, 0.74945313, 0.66019708, 0.45072907;
 0, 0, 0, 1]
Twc:
[0.99647802, 0.06761457, -0.04959644, -0.19754396;
 -0.0076183858, 0.66201359, 0.74945313, -0.34262037;
 0.083507471, -0.74643576, 0.66019708, -0.30861792;
 0, 0, 0, 1]
Ow:
[0.22000989;
 0.0098127276;
 0.45072907]
Keyframe: 142 Frame: 1315 Frame from vFrameID : 1316
Tcw:
[0.99739563, -0.019020626, 0.069571048, 0.22051348;
 0.064171188, 0.67435509, -0.73561352, 0.010073453;
 -0.032923762, 0.73816216, 0.67381942, 0.45111114;
 0, 0, 0, 1]
Twc:
[0.99739563, 0.064171188, -0.032923762, -0.20573333;
 -0.019020626, 0.67435509, 0.73816216, -0.33559197;
 0.069571048, -0.73561352, 0.67381942, -0.31189862;
 0, 0, 0, 1]
Ow:
[0.22051348;
 0.010073453;
 0.45111114]
Keyframe: 143 Frame: 1323 Frame from vFrameID : 1324
Tcw:
[0.99575758, 0.0031403257, 0.091961935, 0.220594;
 0.066020921, 0.67177224, -0.73780978, 0.0098399222;
 -0.064094439, 0.74075109, 0.668715, 0.45136988;
 0, 0, 0, 1]
Twc:
[0.99575758, 0.066020921, -0.064094439, -0.19137749;
 0.0031403257, 0.67177224, 0.74075109, -0.34165564;
 0.091961935, -0.73780978, 0.668715, -0.31486404;
 0, 0, 0, 1]
Ow:
[0.220594;
 0.0098399222;
 0.45136988]
Keyframe: 144 Frame: 1332 Frame from vFrameID : 1333
Tcw:
[0.99331987, 0.0087477462, 0.11506153, 0.22085063;
 0.078531578, 0.67934269, -0.72960699, 0.0099218041;
 -0.084548622, 0.73376906, 0.67411757, 0.45183611;
 0, 0, 0, 1]
Twc:
[0.99331987, 0.078531578, -0.084548622, -0.18195237;
 0.0087477462, 0.67934269, 0.73376906, -0.34021559;
 0.11506153, -0.72960699, 0.67411757, -0.32276306;
 0, 0, 0, 1]
Ow:
[0.22085063;
 0.0099218041;
 0.45183611]
Keyframe: 145 Frame: 1339 Frame from vFrameID : 1340
Tcw:
[0.99592274, -0.031496219, 0.084533289, 0.2211021;
 0.084296823, 0.65861452, -0.7477439, 0.010047615;
 -0.032123744, 0.7518211, 0.65858418, 0.45201772;
 0, 0, 0, 1]
Twc:
[0.99592274, 0.084296823, -0.032123744, -0.2065271;
 -0.031496219, 0.65861452, 0.7518211, -0.33949006;
 0.084533289, -0.7477439, 0.65858418, -0.30886918;
 0, 0, 0, 1]
Ow:
[0.2211021;
 0.010047615;
 0.45201772]
Keyframe: 146 Frame: 1346 Frame from vFrameID : 1347
Tcw:
[0.99819458, -0.029527228, 0.052304197, 0.22140193;
 0.058612023, 0.66912383, -0.74083596, 0.010008156;
 -0.013123154, 0.74256408, 0.66964644, 0.45228899;
 0, 0, 0, 1]
Twc:
[0.99819458, 0.058612023, -0.013123154, -0.21565334;
 -0.029527228, 0.66912383, 0.74256408, -0.33601287;
 0.052304197, -0.74083596, 0.66964644, -0.30703956;
 0, 0, 0, 1]
Ow:
[0.22140193;
 0.010008156;
 0.45228899]
Keyframe: 147 Frame: 1353 Frame from vFrameID : 1354
Tcw:
[0.99637598, -0.02265016, 0.081987135, 0.22155781;
 0.076078035, 0.66838849, -0.73991144, 0.009889394;
 -0.038040146, 0.74346739, 0.66768944, 0.45282719;
 0, 0, 0, 1]
Twc:
[0.99637598, 0.076078035, -0.038040146, -0.20428163;
 -0.02265016, 0.66838849, 0.74346739, -0.33825389;
 0.081987135, -0.73991144, 0.66768944, -0.31319553;
 0, 0, 0, 1]
Ow:
[0.22155781;
 0.009889394;
 0.45282719]
Keyframe: 148 Frame: 1361 Frame from vFrameID : 1362
Tcw:
[0.99379182, 0.0039565521, 0.11118522, 0.22146283;
 0.080935702, 0.65998942, -0.74690253, 0.010643944;
 -0.076336227, 0.75126445, 0.65557188, 0.45195508;
 0, 0, 0, 1]
Twc:
[0.99379182, 0.080935702, -0.076336227, -0.18644887;
 0.0039565521, 0.65998942, 0.75126445, -0.34743893;
 0.11118522, -0.74690253, 0.65557188, -0.31296244;
 0, 0, 0, 1]
Ow:
[0.22146283;
 0.010643944;
 0.45195508]
Keyframe: 149 Frame: 1368 Frame from vFrameID : 1369
Tcw:
[0.99526769, 0.0059148413, 0.09699095, 0.22171499;
 0.068139426, 0.66912979, -0.74001509, 0.010571182;
 -0.069276601, 0.74312204, 0.66556019, 0.45234776;
 0, 0, 0, 1]
Twc:
[0.99526769, 0.068139426, -0.069276601, -0.19004896;
 0.0059148413, 0.66912979, 0.74312204, -0.34453449;
 0.09699095, -0.74001509, 0.66556019, -0.3147462;
 0, 0, 0, 1]
Ow:
[0.22171499;
 0.010571182;
 0.45234776]
Keyframe: 150 Frame: 1376 Frame from vFrameID : 1377
Tcw:
[0.99807632, -0.037700325, 0.049217481, 0.22166304;
 0.06189188, 0.6521852, -0.75552887, 0.010307312;
 -0.0036152278, 0.75712162, 0.65326393, 0.4533143;
 0, 0, 0, 1]
Twc:
[0.99807632, 0.06189188, -0.0036152278, -0.22023574;
 -0.037700325, 0.6521852, 0.75712162, -0.34157956;
 0.049217481, -0.75552887, 0.65326393, -0.29925612;
 0, 0, 0, 1]
Ow:
[0.22166304;
 0.010307312;
 0.4533143]
Keyframe: 151 Frame: 1384 Frame from vFrameID : 1385
Tcw:
[0.99824041, -0.029754188, 0.051291134, 0.22209486;
 0.058176734, 0.65876049, -0.75010002, 0.01036109;
 -0.011469957, 0.75176412, 0.65933239, 0.45351395;
 0, 0, 0, 1]
Twc:
[0.99824041, 0.058176734, -0.011469957, -0.21710506;
 -0.029754188, 0.65876049, 0.75176412, -0.34115273;
 0.051291134, -0.75010002, 0.65933239, -0.30263606;
 0, 0, 0, 1]
Ow:
[0.22209486;
 0.01036109;
 0.45351395]
Keyframe: 152 Frame: 1392 Frame from vFrameID : 1393
Tcw:
[0.99341536, -0.0030050387, 0.11452885, 0.22222364;
 0.088162661, 0.65845311, -0.74744022, 0.010789841;
 -0.073165789, 0.75261575, 0.65438235, 0.45341042;
 0, 0, 0, 1]
Twc:
[0.99341536, 0.088162661, -0.073165789, -0.18853751;
 -0.0030050387, 0.65845311, 0.75261575, -0.34768066;
 0.11452885, -0.74744022, 0.65438235, -0.31409004;
 0, 0, 0, 1]
Ow:
[0.22222364;
 0.010789841;
 0.45341042]
Keyframe: 153 Frame: 1400 Frame from vFrameID : 1401
Tcw:
[0.99322593, -0.00294159, 0.11616203, 0.21999612;
 0.089369603, 0.65825403, -0.74747223, 0.012268215;
 -0.074265368, 0.75279015, 0.65405786, 0.45060962;
 0, 0, 0, 1]
Twc:
[0.99322593, 0.089369603, -0.074265368, -0.18613757;
 -0.00294159, 0.65825403, 0.75279015, -0.34664291;
 0.11616203, -0.74747223, 0.65405786, -0.31110978;
 0, 0, 0, 1]
Ow:
[0.21999612;
 0.012268215;
 0.45060962]
Keyframe: 154 Frame: 1408 Frame from vFrameID : 1409
Tcw:
[0.99813384, -0.048270691, 0.037399556, 0.22207135;
 0.059594225, 0.63647395, -0.76899248, 0.010953665;
 0.013315955, 0.76978624, 0.63816285, 0.45415604;
 0, 0, 0, 1]
Twc:
[0.99813384, 0.059594225, 0.013315955, -0.22835724;
 -0.048270691, 0.63647395, 0.76978624, -0.34585527;
 0.037399556, -0.76899248, 0.63816285, -0.2897076;
 0, 0, 0, 1]
Ow:
[0.22207135;
 0.010953665;
 0.45415604]
Keyframe: 155 Frame: 1416 Frame from vFrameID : 1417
Tcw:
[0.9972567, -0.041825, 0.061071996, 0.22212262;
 0.073607281, 0.64745998, -0.75853646, 0.010909796;
 -0.0078158835, 0.76095092, 0.6487624, 0.45436192;
 0, 0, 0, 1]
Twc:
[0.9972567, 0.073607281, -0.0078158835, -0.21876507;
 -0.041825, 0.64745998, 0.76095092, -0.34352046;
 0.061071996, -0.75853646, 0.6487624, -0.30006292;
 0, 0, 0, 1]
Ow:
[0.22212262;
 0.010909796;
 0.45436192]
Keyframe: 156 Frame: 1424 Frame from vFrameID : 1425
Tcw:
[0.99196386, -0.04286366, 0.11903927, 0.22261442;
 0.11755918, 0.66006291, -0.74195474, 0.01061672;
 -0.046770506, 0.74998647, 0.65979755, 0.45481178;
 0, 0, 0, 1]
Twc:
[0.99196386, 0.11755918, -0.046770506, -0.20080179;
 -0.04286366, 0.66006291, 0.74998647, -0.33856833;
 0.11903927, -0.74195474, 0.65979755, -0.31870645;
 0, 0, 0, 1]
Ow:
[0.22261442;
 0.01061672;
 0.45481178]
Keyframe: 157 Frame: 1432 Frame from vFrameID : 1433
Tcw:
[0.99460071, -0.041368794, 0.095173687, 0.22278388;
 0.098512307, 0.66474146, -0.74054986, 0.010875106;
 -0.032630242, 0.74592721, 0.66522771, 0.45512265;
 0, 0, 0, 1]
Twc:
[0.99460071, 0.098512307, -0.032630242, -0.20780158;
 -0.041368794, 0.66474146, 0.74592721, -0.3375012;
 0.095173687, -0.74054986, 0.66522771, -0.31590977;
 0, 0, 0, 1]
Ow:
[0.22278388;
 0.010875106;
 0.45512265]
Keyframe: 158 Frame: 1440 Frame from vFrameID : 1441
Tcw:
[0.99753582, -0.060992148, 0.034672625, 0.22299804;
 0.066526636, 0.66536164, -0.74355102, 0.01077491;
 0.022280939, 0.74402547, 0.66777968, 0.45546657;
 0, 0, 0, 1]
Twc:
[0.99753582, 0.066526636, 0.022280939, -0.23331358;
 -0.060992148, 0.66536164, 0.74402547, -0.33244678;
 0.034672625, -0.74355102, 0.66777968, -0.30387154;
 0, 0, 0, 1]
Ow:
[0.22299804;
 0.01077491;
 0.45546657]
Keyframe: 159 Frame: 1448 Frame from vFrameID : 1449
Tcw:
[0.99632806, -0.07128635, 0.047420576, 0.223224;
 0.082900636, 0.66478908, -0.74241698, 0.01076892;
 0.021399515, 0.743622, 0.66825771, 0.45602268;
 0, 0, 0, 1]
Twc:
[0.99632806, 0.082900636, 0.021399515, -0.23305574;
 -0.07128635, 0.66478908, 0.743622, -0.33035475;
 0.047420576, -0.74241698, 0.66825771, -0.30733106;
 0, 0, 0, 1]
Ow:
[0.223224;
 0.01076892;
 0.45602268]
Keyframe: 160 Frame: 1455 Frame from vFrameID : 1456
Tcw:
[0.99502009, -0.049054559, 0.086767681, 0.22326729;
 0.097592391, 0.65646183, -0.74801975, 0.010588184;
 -0.020265894, 0.75276256, 0.65798008, 0.45641553;
 0, 0, 0, 1]
Twc:
[0.99502009, 0.097592391, -0.020265894, -0.2139391;
 -0.049054559, 0.65646183, 0.75276256, -0.339571;
 0.086767681, -0.74801975, 0.65798008, -0.31176457;
 0, 0, 0, 1]
Ow:
[0.22326729;
 0.010588184;
 0.45641553]
Keyframe: 161 Frame: 1462 Frame from vFrameID : 1463
Tcw:
[0.99501663, -0.052655805, 0.084671259, 0.22354923;
 0.098219261, 0.66385055, -0.74138749, 0.010562941;
 -0.017170703, 0.74600929, 0.66571414, 0.45656645;
 0, 0, 0, 1]
Twc:
[0.99501663, 0.098219261, -0.017170703, -0.21563314;
 -0.052655805, 0.66385055, 0.74600929, -0.33584383;
 0.084671259, -0.74138749, 0.66571414, -0.31503972;
 0, 0, 0, 1]
Ow:
[0.22354923;
 0.010562941;
 0.45656645]
Keyframe: 162 Frame: 1469 Frame from vFrameID : 1470
Tcw:
[0.99638003, -0.06065141, 0.059566844, 0.22359702;
 0.084836766, 0.66463327, -0.7423377, 0.010297507;
 0.005433721, 0.74470395, 0.66737282, 0.45701391;
 0, 0, 0, 1]
Twc:
[0.99638003, 0.084836766, 0.005433721, -0.22614451;
 -0.06065141, 0.66463327, 0.74470395, -0.33362266;
 0.059566844, -0.7423377, 0.66737282, -0.31067342;
 0, 0, 0, 1]
Ow:
[0.22359702;
 0.010297507;
 0.45701391]
Keyframe: 163 Frame: 1477 Frame from vFrameID : 1478
Tcw:
[0.9956333, -0.088931188, 0.028381696, 0.22414821;
 0.080266684, 0.66033608, -0.74666828, 0.010810286;
 0.047660641, 0.74568594, 0.66459084, 0.45721126;
 0, 0, 0, 1]
Twc:
[0.9956333, 0.080266684, 0.047660641, -0.24582812;
 -0.088931188, 0.66033608, 0.74568594, -0.32814065;
 0.028381696, -0.74666828, 0.66459084, -0.3021484;
 0, 0, 0, 1]
Ow:
[0.22414821;
 0.010810286;
 0.45721126]
Keyframe: 164 Frame: 1486 Frame from vFrameID : 1487
Tcw:
[0.9948141, -0.087933727, 0.051113728, 0.2241672;
 0.096310802, 0.65285099, -0.75133866, 0.010833055;
 0.032698356, 0.75236505, 0.65793437, 0.45784009;
 0, 0, 0, 1]
Twc:
[0.9948141, 0.096310802, 0.032698356, -0.23901863;
 -0.087933727, 0.65285099, 0.75236505, -0.33182341;
 0.051113728, -0.75133866, 0.65793437, -0.30454743;
 0, 0, 0, 1]
Ow:
[0.2241672;
 0.010833055;
 0.45784009]
Keyframe: 165 Frame: 1494 Frame from vFrameID : 1495
Tcw:
[0.99149185, -0.09749189, 0.086251043, 0.22434822;
 0.12898469, 0.6466673, -0.75178742, 0.010941744;
 0.017517447, 0.75651616, 0.65374035, 0.45809662;
 0, 0, 0, 1]
Twc:
[0.99149185, 0.12898469, 0.017517447, -0.23187543;
 -0.09749189, 0.6466673, 0.75651616, -0.33176103;
 0.086251043, -0.75178742, 0.65374035, -0.31060061;
 0, 0, 0, 1]
Ow:
[0.22434822;
 0.010941744;
 0.45809662]
Keyframe: 166 Frame: 1501 Frame from vFrameID : 1502
Tcw:
[0.9926033, -0.084653929, 0.087019242, 0.22433713;
 0.12130278, 0.66248196, -0.739191, 0.011015728;
 0.0049267425, 0.74427909, 0.66785055, 0.45844018;
 0, 0, 0, 1]
Twc:
[0.9926033, 0.12130278, 0.0049267425, -0.22627264;
 -0.084653929, 0.66248196, 0.74427909, -0.32951415;
 0.087019242, -0.739191, 0.66785055, -0.31754845;
 0, 0, 0, 1]
Ow:
[0.22433713;
 0.011015728;
 0.45844018]
Keyframe: 167 Frame: 1509 Frame from vFrameID : 1510
Tcw:
[0.99464488, -0.094097249, 0.042746231, 0.22474058;
 0.094950333, 0.66862869, -0.73750937, 0.011111513;
 0.040816247, 0.73761874, 0.67398268, 0.45886713;
 0, 0, 0, 1]
Twc:
[0.99464488, 0.094950333, 0.040816247, -0.24332134;
 -0.094097249, 0.66862869, 0.73761874, -0.32475099;
 0.042746231, -0.73750937, 0.67398268, -0.31068048;
 0, 0, 0, 1]
Ow:
[0.22474058;
 0.011111513;
 0.45886713]
Keyframe: 168 Frame: 1517 Frame from vFrameID : 1518
Tcw:
[0.98971587, -0.14277671, 0.0087920846, 0.22520068;
 0.099764474, 0.64489836, -0.75772893, 0.012147963;
 0.10251605, 0.75081354, 0.65251017, 0.45977074;
 0, 0, 0, 1]
Twc:
[0.98971587, 0.099764474, 0.10251605, -0.27123052;
 -0.14277671, 0.64489836, 0.75081354, -0.32088286;
 0.0087920846, -0.75772893, 0.65251017, -0.29278019;
 0, 0, 0, 1]
Ow:
[0.22520068;
 0.012147963;
 0.45977074]
Keyframe: 169 Frame: 1525 Frame from vFrameID : 1526
Tcw:
[0.99496204, -0.085499004, 0.052349169, 0.22493795;
 0.096472561, 0.67452061, -0.73192555, 0.011160657;
 0.027268317, 0.73328841, 0.6793707, 0.45968497;
 0, 0, 0, 1]
Twc:
[0.99496204, 0.096472561, 0.027268317, -0.23741625;
 -0.085499004, 0.67452061, 0.73328841, -0.32537776;
 0.052349169, -0.73192555, 0.6793707, -0.31590304;
 0, 0, 0, 1]
Ow:
[0.22493795;
 0.011160657;
 0.45968497]
Keyframe: 170 Frame: 1533 Frame from vFrameID : 1534
Tcw:
[0.99517095, -0.073569141, 0.064979851, 0.22505531;
 0.097715683, 0.67982632, -0.72683412, 0.011304244;
 0.009297546, 0.72967374, 0.68373227, 0.45958871;
 0, 0, 0, 1]
Twc:
[0.99517095, 0.097715683, 0.009297546, -0.22934616;
 -0.073569141, 0.67982632, 0.72967374, -0.32647759;
 0.064979851, -0.72683412, 0.68373227, -0.32064337;
 0, 0, 0, 1]
Ow:
[0.22505531;
 0.011304244;
 0.45958871]
Keyframe: 171 Frame: 1541 Frame from vFrameID : 1542
Tcw:
[0.99497265, -0.088008419, 0.047790796, 0.22524446;
 0.095199861, 0.6830464, -0.72414404, 0.011245862;
 0.03108744, 0.72505319, 0.6879909, 0.45990476;
 0, 0, 0, 1]
Twc:
[0.99497265, 0.095199861, 0.03108744, -0.23947994;
 -0.088008419, 0.6830464, 0.72505319, -0.32131344;
 0.047790796, -0.72414404, 0.6879909, -0.31903127;
 0, 0, 0, 1]
Ow:
[0.22524446;
 0.011245862;
 0.45990476]
Keyframe: 172 Frame: 1550 Frame from vFrameID : 1551
Tcw:
[0.99232084, -0.12321758, 0.010806727, 0.22537674;
 0.090411007, 0.66293454, -0.74319828, 0.012052909;
 0.084410936, 0.73846817, 0.668984, 0.4622277;
 0, 0, 0, 1]
Twc:
[0.99232084, 0.090411007, 0.084410936, -0.26375282;
 -0.12321758, 0.66293454, 0.73846817, -0.32156035;
 0.010806727, -0.74319828, 0.668984, -0.30270082;
 0, 0, 0, 1]
Ow:
[0.22537674;
 0.012052909;
 0.4622277]
Keyframe: 173 Frame: 1559 Frame from vFrameID : 1560
Tcw:
[0.99377334, -0.10555848, 0.035664491, 0.22595623;
 0.098198153, 0.67851746, -0.72799122, 0.011483505;
 0.052646659, 0.72696042, 0.68465823, 0.46109837;
 0, 0, 0, 1]
Twc:
[0.99377334, 0.098198153, 0.052646659, -0.24995223;
 -0.10555848, 0.67851746, 0.72696042, -0.31914043;
 0.035664491, -0.72799122, 0.68465823, -0.31539351;
 0, 0, 0, 1]
Ow:
[0.22595623;
 0.011483505;
 0.46109837]
Keyframe: 174 Frame: 1567 Frame from vFrameID : 1568
Tcw:
[0.99385506, -0.069169447, 0.086415663, 0.2259725;
 0.11014846, 0.69509357, -0.71043104, 0.011530712;
 -0.010926845, 0.71558404, 0.69844115, 0.4613238;
 0, 0, 0, 1]
Twc:
[0.99385506, 0.11014846, -0.010926845, -0.2208132;
 -0.069169447, 0.69509357, 0.71558404, -0.3225005;
 0.086415663, -0.71043104, 0.69844115, -0.33354333;
 0, 0, 0, 1]
Ow:
[0.2259725;
 0.011530712;
 0.4613238]
Keyframe: 175 Frame: 1574 Frame from vFrameID : 1575
Tcw:
[0.99342573, -0.095165528, 0.06363076, 0.22589979;
 0.11168482, 0.68362951, -0.72123313, 0.011695743;
 0.02513667, 0.72359812, 0.68976367, 0.46141404;
 0, 0, 0, 1]
Twc:
[0.99342573, 0.11168482, 0.02513667, -0.23731931;
 -0.095165528, 0.68362951, 0.72359812, -0.32037601;
 0.06363076, -0.72123313, 0.68976367, -0.32420546;
 0, 0, 0, 1]
Ow:
[0.22589979;
 0.011695743;
 0.46141404]
Keyframe: 176 Frame: 1581 Frame from vFrameID : 1582
Tcw:
[0.99295914, -0.10961568, 0.044906579, 0.22584064;
 0.1087321, 0.6929751, -0.71271509, 0.011866957;
 0.047005609, 0.71257973, 0.70001471, 0.46159026;
 0, 0, 0, 1]
Twc:
[0.99295914, 0.1087321, 0.047005609, -0.24723817;
 -0.10961568, 0.6929751, 0.71257973, -0.3123877;
 0.044906579, -0.71271509, 0.70001471, -0.32480395;
 0, 0, 0, 1]
Ow:
[0.22584064;
 0.011866957;
 0.46159026]
Keyframe: 177 Frame: 1589 Frame from vFrameID : 1590
Tcw:
[0.99238193, -0.10160724, 0.069671243, 0.22539902;
 0.12033384, 0.67815495, -0.72500044, 0.012942821;
 0.026417391, 0.72786111, 0.68521553, 0.46134263;
 0, 0, 0, 1]
Twc:
[0.99238193, 0.12033384, 0.026417391, -0.23742683;
 -0.10160724, 0.67815495, 0.72786111, -0.32166842;
 0.069671243, -0.72500044, 0.68521553, -0.3224394;
 0, 0, 0, 1]
Ow:
[0.22539902;
 0.012942821;
 0.46134263]
Keyframe: 178 Frame: 1596 Frame from vFrameID : 1597
Tcw:
[0.98882127, -0.10478723, 0.10607624, 0.22534513;
 0.14900775, 0.66866624, -0.72847933, 0.013564974;
 0.0054057362, 0.73614204, 0.6768055, 0.46057719;
 0, 0, 0, 1]
Twc:
[0.98882127, 0.14900775, 0.0054057362, -0.22733709;
 -0.10478723, 0.66866624, 0.73614204, -0.32450736;
 0.10607624, -0.72847933, 0.6768055, -0.32574314;
 0, 0, 0, 1]
Ow:
[0.22534513;
 0.013564974;
 0.46057719]
Keyframe: 179 Frame: 1605 Frame from vFrameID : 1606
Tcw:
[0.99107069, -0.10902532, 0.07676173, 0.22466922;
 0.12999046, 0.66184229, -0.73828667, 0.014379889;
 0.029687783, 0.74167258, 0.67010474, 0.45981401;
 0, 0, 0, 1]
Twc:
[0.99107069, 0.12999046, 0.029687783, -0.23818319;
 -0.10902532, 0.66184229, 0.74167258, -0.32605404;
 0.07676173, -0.73828667, 0.67010474, -0.31475309;
 0, 0, 0, 1]
Ow:
[0.22466922;
 0.014379889;
 0.45981401]
Keyframe: 180 Frame: 1613 Frame from vFrameID : 1614
Tcw:
[0.99361634, -0.1118736, 0.014522265, 0.22505634;
 0.084735423, 0.6551317, -0.75074786, 0.014351666;
 0.074474864, 0.74718589, 0.66042924, 0.46075797;
 0, 0, 0, 1]
Twc:
[0.99361634, 0.084735423, 0.074474864, -0.25915062;
 -0.1118736, 0.6551317, 0.74718589, -0.32849622;
 0.014522265, -0.75074786, 0.66042924, -0.29679188;
 0, 0, 0, 1]
Ow:
[0.22505634;
 0.014351666;
 0.46075797]
Keyframe: 181 Frame: 1622 Frame from vFrameID : 1623
Tcw:
[0.99391097, -0.10700161, 0.026298629, 0.22533022;
 0.091619365, 0.66995889, -0.73672312, 0.014281124;
 0.061211564, 0.73464668, 0.6756829, 0.46125862;
 0, 0, 0, 1]
Twc:
[0.99391097, 0.091619365, 0.061211564, -0.25350097;
 -0.10700161, 0.66995889, 0.73464668, -0.32431918;
 0.026298629, -0.73672312, 0.6756829, -0.30706921;
 0, 0, 0, 1]
Ow:
[0.22533022;
 0.014281124;
 0.46125862]
Keyframe: 182 Frame: 1631 Frame from vFrameID : 1632
Tcw:
[0.99322617, -0.082076631, 0.082251154, 0.22557613;
 0.11618755, 0.69231468, -0.71218038, 0.014041871;
 0.001509687, 0.71691269, 0.69716132, 0.46163976;
 0, 0, 0, 1]
Twc:
[0.99322617, 0.11618755, 0.001509687, -0.22637652;
 -0.082076631, 0.69231468, 0.71691269, -0.32216227;
 0.082251154, -0.71218038, 0.69716132, -0.33039093;
 0, 0, 0, 1]
Ow:
[0.22557613;
 0.014041871;
 0.46163976]
Keyframe: 183 Frame: 1639 Frame from vFrameID : 1640
Tcw:
[0.99544758, -0.081999905, 0.048581365, 0.22590919;
 0.091954924, 0.69220811, -0.71581578, 0.013931513;
 0.025068412, 0.71702439, 0.69659716, 0.46213722;
 0, 0, 0, 1]
Twc:
[0.99544758, 0.091954924, 0.025068412, -0.23774686;
 -0.081999905, 0.69220811, 0.71702439, -0.32248262;
 0.048581365, -0.71581578, 0.69659716, -0.32292607;
 0, 0, 0, 1]
Ow:
[0.22590919;
 0.013931513;
 0.46213722]
Keyframe: 184 Frame: 1648 Frame from vFrameID : 1649
Tcw:
[0.99552393, -0.091269284, 0.024535507, 0.22553819;
 0.081419632, 0.69641417, -0.71300644, 0.012943357;
 0.047988709, 0.71181262, 0.70072812, 0.46270269;
 0, 0, 0, 1]
Twc:
[0.99552393, 0.081419632, 0.047988709, -0.24778701;
 -0.091269284, 0.69641417, 0.71181262, -0.31778684;
 0.024535507, -0.71300644, 0.70072812, -0.32053375;
 0, 0, 0, 1]
Ow:
[0.22553819;
 0.012943357;
 0.46270269]
Keyframe: 185 Frame: 1657 Frame from vFrameID : 1658
Tcw:
[0.99726623, -0.060318522, 0.042681292, 0.22544953;
 0.072475784, 0.68593067, -0.72404861, 0.013236612;
 0.014397135, 0.72516257, 0.68842715, 0.46256274;
 0, 0, 0, 1]
Twc:
[0.99726623, 0.072475784, 0.014397135, -0.23245212;
 -0.060318522, 0.68593067, 0.72516257, -0.33091381;
 0.042681292, -0.72404861, 0.68842715, -0.31847927;
 0, 0, 0, 1]
Ow:
[0.22544953;
 0.013236612;
 0.46256274]
Keyframe: 186 Frame: 1666 Frame from vFrameID : 1667
Tcw:
[0.99531561, -0.047857124, 0.08400321, 0.2253297;
 0.093346573, 0.70187175, -0.70616037, 0.013112202;
 -0.025164677, 0.71069384, 0.70305121, 0.46277201;
 0, 0, 0, 1]
Twc:
[0.99531561, 0.093346573, -0.025164677, -0.21385264;
 -0.047857124, 0.70187175, 0.71069384, -0.32730868;
 0.08400321, -0.70616037, 0.70305121, -0.33502153;
 0, 0, 0, 1]
Ow:
[0.2253297;
 0.013112202;
 0.46277201]
Keyframe: 187 Frame: 1674 Frame from vFrameID : 1675
Tcw:
[0.99560815, -0.068797953, 0.063492566, 0.22359425;
 0.093440585, 0.68843663, -0.71925229, 0.012970895;
 0.0057724784, 0.72202623, 0.6918416, 0.46078706;
 0, 0, 0, 1]
Twc:
[0.99560815, 0.093440585, 0.0057724784, -0.22648413;
 -0.068797953, 0.68843663, 0.72202623, -0.32624716;
 0.063492566, -0.71925229, 0.6918416, -0.32365891;
 0, 0, 0, 1]
Ow:
[0.22359425;
 0.012970895;
 0.46078706]
Keyframe: 188 Frame: 1681 Frame from vFrameID : 1682
Tcw:
[0.99640036, -0.077967316, 0.033277791, 0.22436239;
 0.077927478, 0.68789268, -0.72161692, 0.012589633;
 0.033370987, 0.72161257, 0.69149232, 0.46176165;
 0, 0, 0, 1]
Twc:
[0.99640036, 0.077927478, 0.033370987, -0.23994529;
 -0.077967316, 0.68789268, 0.72161257, -0.32438043;
 0.033277791, -0.72161692, 0.69149232, -0.31768602;
 0, 0, 0, 1]
Ow:
[0.22436239;
 0.012589633;
 0.46176165]
Keyframe: 189 Frame: 1690 Frame from vFrameID : 1691
Tcw:
[0.9988203, -0.022086795, 0.043245811, 0.22461301;
 0.046767723, 0.67722875, -0.7342847, 0.012475044;
 -0.013069311, 0.73544097, 0.67746276, 0.45949933;
 0, 0, 0, 1]
Twc:
[0.9988203, 0.046767723, -0.013069311, -0.21892613;
 -0.022086795, 0.67722875, 0.73544097, -0.34142211;
 0.043245811, -0.7342847, 0.67746276, -0.31184703;
 0, 0, 0, 1]
Ow:
[0.22461301;
 0.012475044;
 0.45949933]
Keyframe: 190 Frame: 1697 Frame from vFrameID : 1698
Tcw:
[0.99637455, -0.0040796665, 0.084977329, 0.22416911;
 0.06502144, 0.68065763, -0.72971052, 0.013076782;
 -0.05486349, 0.73259032, 0.67845517, 0.45867419;
 0, 0, 0, 1]
Twc:
[0.99637455, 0.06502144, -0.05486349, -0.19904219;
 -0.0040796665, 0.68065763, 0.73259032, -0.34400654;
 0.084977329, -0.72971052, 0.67845517, -0.32069692;
 0, 0, 0, 1]
Ow:
[0.22416911;
 0.013076782;
 0.45867419]
Keyframe: 191 Frame: 1705 Frame from vFrameID : 1706
Tcw:
[0.99637574, -0.043966509, 0.072817355, 0.22501516;
 0.083200477, 0.68182021, -0.7267729, 0.012950763;
 -0.017694676, 0.73019731, 0.68300712, 0.45945507;
 0, 0, 0, 1]
Twc:
[0.99637574, 0.083200477, -0.017694676, -0.21714725;
 -0.043966509, 0.68182021, 0.73019731, -0.33442983;
 0.072817355, -0.7267729, 0.68300712, -0.32078385;
 0, 0, 0, 1]
Ow:
[0.22501516;
 0.012950763;
 0.45945507]
Keyframe: 192 Frame: 1713 Frame from vFrameID : 1714
Tcw:
[0.99581414, -0.073970325, 0.053689212, 0.22374852;
 0.089506179, 0.67021388, -0.73675096, 0.01235804;
 0.018514454, 0.73847258, 0.67402929, 0.46129394;
 0, 0, 0, 1]
Twc:
[0.99581414, 0.089506179, 0.018514454, -0.23245867;
 -0.073970325, 0.67021388, 0.73847258, -0.33238471;
 0.053689212, -0.73675096, 0.67402929, -0.31383371;
 0, 0, 0, 1]
Ow:
[0.22374852;
 0.01235804;
 0.46129394]
Keyframe: 193 Frame: 1720 Frame from vFrameID : 1721
Tcw:
[0.99628389, -0.052847091, 0.068011425, 0.22391689;
 0.085942119, 0.66208249, -0.74448687, 0.012872264;
 -0.0056852102, 0.74756533, 0.66416395, 0.46106756;
 0, 0, 0, 1]
Twc:
[0.99628389, 0.085942119, -0.0056852102, -0.22156981;
 -0.052847091, 0.66208249, 0.74756533, -0.34136727;
 0.068011425, -0.74448687, 0.66416395, -0.31187013;
 0, 0, 0, 1]
Ow:
[0.22391689;
 0.012872264;
 0.46106756]
Keyframe: 194 Frame: 1728 Frame from vFrameID : 1729
Tcw:
[0.99451935, -0.026775286, 0.10106582, 0.22505337;
 0.092690594, 0.67300677, -0.73380536, 0.012993231;
 -0.048370138, 0.73915148, 0.67180014, 0.46027201;
 0, 0, 0, 1]
Twc:
[0.99451935, 0.092690594, -0.048370138, -0.20276088;
 -0.026775286, 0.67300677, 0.73915148, -0.34292942;
 0.10106582, -0.73380536, 0.67180014, -0.32242149;
 0, 0, 0, 1]
Ow:
[0.22505337;
 0.012993231;
 0.46027201]
Keyframe: 195 Frame: 1737 Frame from vFrameID : 1738
Tcw:
[0.9942252, -0.071118839, 0.080364034, 0.22537389;
 0.10727408, 0.6790396, -0.72622138, 0.013466269;
 -0.0029223373, 0.73064858, 0.68274748, 0.46032953;
 0, 0, 0, 1]
Twc:
[0.9942252, 0.10727408, -0.0029223373, -0.22417174;
 -0.071118839, 0.6790396, 0.73064858, -0.3294549;
 0.080364034, -0.72622138, 0.68274748, -0.32262129;
 0, 0, 0, 1]
Ow:
[0.22537389;
 0.013466269;
 0.46032953]
Keyframe: 196 Frame: 1746 Frame from vFrameID : 1747
Tcw:
[0.9965927, -0.061125852, 0.055377081, 0.22482841;
 0.08196339, 0.65889823, -0.74775338, 0.013652921;
 0.0092192031, 0.74974447, 0.66166323, 0.46033752;
 0, 0, 0, 1]
Twc:
[0.9965927, 0.08196339, 0.0092192031, -0.22942533;
 -0.061125852, 0.65889823, 0.74974447, -0.34038854;
 0.055377081, -0.74775338, 0.66166323, -0.30682972;
 0, 0, 0, 1]
Ow:
[0.22482841;
 0.013652921;
 0.46033752]
Keyframe: 197 Frame: 1755 Frame from vFrameID : 1756
Tcw:
[0.99575287, -0.014283506, 0.090951659, 0.22484791;
 0.07656657, 0.67706031, -0.73193365, 0.012981862;
 -0.051125184, 0.73578888, 0.67527837, 0.45973796;
 0, 0, 0, 1]
Twc:
[0.99575287, 0.07656657, -0.051125184, -0.20138274;
 -0.014283506, 0.67706031, 0.73578888, -0.34384799;
 0.090951659, -0.73193365, 0.67527837, -0.32139954;
 0, 0, 0, 1]
Ow:
[0.22484791;
 0.012981862;
 0.45973796]
Keyframe: 198 Frame: 1762 Frame from vFrameID : 1763
Tcw:
[0.99108416, -0.0010711668, 0.13323317, 0.22495648;
 0.096928358, 0.69189715, -0.71546012, 0.013392419;
 -0.091417275, 0.72199523, 0.68583214, 0.45908499;
 0, 0, 0, 1]
Twc:
[0.99108416, 0.096928358, -0.091417275, -0.18228061;
 -0.0010711668, 0.69189715, 0.72199523, -0.34048238;
 0.13323317, -0.71546012, 0.68583214, -0.33524516;
 0, 0, 0, 1]
Ow:
[0.22495648;
 0.013392419;
 0.45908499]
Keyframe: 199 Frame: 1771 Frame from vFrameID : 1772
Tcw:
[0.99253654, 0.0081494143, 0.12167483, 0.22374226;
 0.082509309, 0.68982947, -0.71925485, 0.012927666;
 -0.089796387, 0.72392601, 0.68400854, 0.45907539;
 0, 0, 0, 1]
Twc:
[0.99253654, 0.082509309, -0.089796387, -0.18191572;
 0.0081494143, 0.68982947, 0.72392601, -0.3430779;
 0.12167483, -0.71925485, 0.68400854, -0.33193702;
 0, 0, 0, 1]
Ow:
[0.22374226;
 0.012927666;
 0.45907539]
Keyframe: 200 Frame: 1780 Frame from vFrameID : 1781
Tcw:
[0.99568152, -0.038143817, 0.084636264, 0.22451839;
 0.088760927, 0.65825653, -0.7475425, 0.014775664;
 -0.027198248, 0.7518267, 0.65879959, 0.46043101;
 0, 0, 0, 1]
Twc:
[0.99568152, 0.088760927, -0.027198248, -0.2123374;
 -0.038143817, 0.65825653, 0.7518267, -0.34732652;
 0.084636264, -0.7475425, 0.65879959, -0.31128871;
 0, 0, 0, 1]
Ow:
[0.22451839;
 0.014775664;
 0.46043101]
Keyframe: 201 Frame: 1789 Frame from vFrameID : 1790
Tcw:
[0.99645257, -0.0055560824, 0.083972968, 0.22537763;
 0.067000136, 0.65617174, -0.75163132, 0.015380904;
 -0.050924558, 0.75459117, 0.65421623, 0.46079862;
 0, 0, 0, 1]
Twc:
[0.99645257, 0.067000136, -0.050924558, -0.20214267;
 -0.0055560824, 0.65617174, 0.75459117, -0.35655484;
 0.083972968, -0.75163132, 0.65421623, -0.3088268;
 0, 0, 0, 1]
Ow:
[0.22537763;
 0.015380904;
 0.46079862]
Keyframe: 202 Frame: 1797 Frame from vFrameID : 1798
Tcw:
[0.9901554, 0.027680431, 0.13720804, 0.22463068;
 0.084025286, 0.66643655, -0.74081177, 0.015593216;
 -0.11194645, 0.74504775, 0.65754992, 0.45919544;
 0, 0, 0, 1]
Twc:
[0.9901554, 0.084025286, -0.11194645, -0.17232423;
 0.027680431, 0.66643655, 0.74504775, -0.35873225;
 0.13720804, -0.74081177, 0.65754992, -0.32121342;
 0, 0, 0, 1]
Ow:
[0.22463068;
 0.015593216;
 0.45919544]
Keyframe: 203 Frame: 1805 Frame from vFrameID : 1806
Tcw:
[0.99265248, 0.010001211, 0.12058621, 0.22575164;
 0.08045876, 0.68977779, -0.71953666, 0.01479724;
 -0.090373926, 0.72395205, 0.68390495, 0.45961002;
 0, 0, 0, 1]
Twc:
[0.99265248, 0.08045876, -0.090373926, -0.18374674;
 0.010001211, 0.68977779, 0.72395205, -0.34520021;
 0.12058621, -0.71953666, 0.68390495, -0.33090493;
 0, 0, 0, 1]
Ow:
[0.22575164;
 0.01479724;
 0.45961002]
Keyframe: 204 Frame: 1813 Frame from vFrameID : 1814
Tcw:
[0.99496895, -0.065074019, 0.076171979, 0.22587574;
 0.1001783, 0.65422642, -0.74963462, 0.01468502;
 -0.0010519818, 0.75349396, 0.65745395, 0.4619787;
 0, 0, 0, 1]
Twc:
[0.99496895, 0.1001783, -0.0010519818, -0.22572447;
 -0.065074019, 0.65422642, 0.75349396, -0.34300688;
 0.076171979, -0.74963462, 0.65745395, -0.30992675;
 0, 0, 0, 1]
Ow:
[0.22587574;
 0.01468502;
 0.4619787]
Keyframe: 205 Frame: 1822 Frame from vFrameID : 1823
Tcw:
[0.99567664, -0.056850042, 0.073458374, 0.22640993;
 0.092568196, 0.67279285, -0.73401695, 0.014485508;
 -0.0076933713, 0.73764342, 0.67514664, 0.4628166;
 0, 0, 0, 1]
Twc:
[0.99567664, 0.092568196, -0.0076933713, -0.22321135;
 -0.056850042, 0.67279285, 0.73764342, -0.33826795;
 0.073458374, -0.73401695, 0.67514664, -0.31846815;
 0, 0, 0, 1]
Ow:
[0.22640993;
 0.014485508;
 0.4628166]
