Keyframe: 0 Frame: 0 Frame from vFrameID : 104
Tcw:
[0.99656141, -0.080917574, -0.017823424, 0.032487094;
 0.020305753, 0.44705924, -0.89427382, 0.019080106;
 0.080330595, 0.89083689, 0.4471651, -0.092288427;
 0, 0, 0, 1]
Twc:
[0.99656141, 0.020305753, 0.080330595, -0.025349241;
 -0.080917574, 0.44705924, 0.89083689, 0.076312773;
 -0.017823424, -0.89427382, 0.4471651, 0.058910035;
 0, 0, 0, 1]
Ow:
[0.032487094;
 0.019080106;
 -0.092288427]
Keyframe: 1 Frame: 103 Frame from vFrameID : 104
Tcw:
[0.99555409, -0.088645093, -0.031845108, 0.033078458;
 0.011504244, 0.44999078, -0.89295912, 0.017390776;
 0.093486451, 0.8886227, 0.44900995, -0.090933762;
 0, 0, 0, 1]
Twc:
[0.99555409, 0.011504244, 0.093486451, -0.024630386;
 -0.088645093, 0.44999078, 0.8886227, 0.075912364;
 -0.031845108, -0.89295912, 0.44900995, 0.057412807;
 0, 0, 0, 1]
Ow:
[0.033078458;
 0.017390776;
 -0.090933762]
Keyframe: 2 Frame: 105 Frame from vFrameID : 108
Tcw:
[0.99422073, -0.099133953, -0.041202091, 0.023293993;
 0.0080800764, 0.45180276, -0.89208126, 0.051793043;
 0.10705076, 0.88659275, 0.44999269, -0.13113885;
 0, 0, 0, 1]
Twc:
[0.99422073, 0.0080800764, 0.10705076, -0.009539349;
 -0.099133953, 0.45180276, 0.88659275, 0.095175736;
 -0.041202091, -0.89208126, 0.44999269, 0.10617488;
 0, 0, 0, 1]
Ow:
[0.023293993;
 0.051793043;
 -0.13113885]
Keyframe: 3 Frame: 110 Frame from vFrameID : 111
Tcw:
[0.99431866, -0.10014049, -0.036087364, 0.038715973;
 0.012082464, 0.44301477, -0.89643288, -0.0011872053;
 0.10575646, 0.89090389, 0.44170782, -0.087388933;
 0, 0, 0, 1]
Twc:
[0.99431866, 0.012082464, 0.10575646, -0.029239723;
 -0.10014049, 0.44301477, 0.89090389, 0.082258128;
 -0.036087364, -0.89643288, 0.44170782, 0.038933277;
 0, 0, 0, 1]
Ow:
[0.038715973;
 -0.0011872053;
 -0.087388933]
Keyframe: 4 Frame: 113 Frame from vFrameID : 114
Tcw:
[0.99552315, -0.087042287, -0.0368414, 0.037221115;
 0.0051572369, 0.43922427, -0.89836264, 0.0076561011;
 0.094377182, 0.89415079, 0.43770683, -0.087616891;
 0, 0, 0, 1]
Twc:
[0.99552315, 0.0051572369, 0.094377182, -0.028824929;
 -0.087042287, 0.43922427, 0.89415079, 0.078219779;
 -0.0368414, -0.89836264, 0.43770683, 0.046599742;
 0, 0, 0, 1]
Ow:
[0.037221115;
 0.0076561011;
 -0.087616891]
Keyframe: 5 Frame: 117 Frame from vFrameID : 118
Tcw:
[0.99693292, -0.069128722, -0.036687769, 0.038835846;
 -0.0027972022, 0.43701383, -0.89945042, 0.0088345744;
 0.07821092, 0.89679438, 0.43548012, -0.084391929;
 0, 0, 0, 1]
Twc:
[0.99693292, -0.0027972022, 0.07821092, -0.032091647;
 -0.069128722, 0.43701383, 0.89679438, 0.074506037;
 -0.036687769, -0.89945042, 0.43548012, 0.046122067;
 0, 0, 0, 1]
Ow:
[0.038835846;
 0.0088345744;
 -0.084391929]
Keyframe: 6 Frame: 122 Frame from vFrameID : 123
Tcw:
[0.99869877, -0.042122006, -0.028749075, 0.037215471;
 -0.008177774, 0.42416236, -0.90554923, 0.0085617639;
 0.050337825, 0.90460598, 0.42326596, -0.086319432;
 0, 0, 0, 1]
Twc:
[0.99869877, -0.008177774, 0.050337825, -0.032751895;
 -0.042122006, 0.42416236, 0.90460598, 0.07602109;
 -0.028749075, -0.90554923, 0.42326596, 0.045359086;
 0, 0, 0, 1]
Ow:
[0.037215471;
 0.0085617639;
 -0.086319432]
Keyframe: 7 Frame: 127 Frame from vFrameID : 128
Tcw:
[0.99949306, -0.02966761, 0.011552196, 0.03380673;
 0.022924228, 0.41883504, -0.90777296, 0.0074080806;
 0.022092989, 0.90757757, 0.41930282, -0.081912383;
 0, 0, 0, 1]
Twc:
[0.99949306, 0.022924228, 0.022092989, -0.032149728;
 -0.02966761, 0.41883504, 0.90757757, 0.072242044;
 0.011552196, -0.90777296, 0.41930282, 0.040680405;
 0, 0, 0, 1]
Ow:
[0.03380673;
 0.0074080806;
 -0.081912383]
Keyframe: 8 Frame: 134 Frame from vFrameID : 135
Tcw:
[0.99952912, -0.019009046, 0.024087297, 0.04094607;
 0.029894397, 0.42626539, -0.90410405, 0.018129623;
 0.0069185756, 0.90439838, 0.42663294, -0.08040379;
 0, 0, 0, 1]
Twc:
[0.99952912, 0.029894397, 0.0069185756, -0.040912483;
 -0.019009046, 0.42626539, 0.90439838, 0.06576737;
 0.024087297, -0.90410405, 0.42663294, 0.049707688;
 0, 0, 0, 1]
Ow:
[0.04094607;
 0.018129623;
 -0.08040379]
Keyframe: 9 Frame: 141 Frame from vFrameID : 142
Tcw:
[0.99924302, -0.025578937, 0.029311376, 0.046351478;
 0.037271317, 0.41353706, -0.90972412, 0.0087197032;
 0.011148436, 0.91012794, 0.41417736, -0.063735858;
 0, 0, 0, 1]
Twc:
[0.99924302, 0.037271317, 0.011148436, -0.045930825;
 -0.025578937, 0.41353706, 0.91012794, 0.055587485;
 0.029311376, -0.90972412, 0.41417736, 0.032971848;
 0, 0, 0, 1]
Ow:
[0.046351478;
 0.0087197032;
 -0.063735858]
Keyframe: 10 Frame: 148 Frame from vFrameID : 149
Tcw:
[0.99960244, -0.028150519, -0.0015778448, 0.081653617;
 0.0098678153, 0.40172389, -0.91570765, -0.0017542634;
 0.026411505, 0.91532809, 0.40184197, -0.028840646;
 0, 0, 0, 1]
Twc:
[0.99960244, 0.0098678153, 0.026411505, -0.08084213;
 -0.028150519, 0.40172389, 0.91532809, 0.029401973;
 -0.0015778448, -0.91570765, 0.40184197, 0.010111826;
 0, 0, 0, 1]
Ow:
[0.081653617;
 -0.0017542634;
 -0.028840646]
Keyframe: 11 Frame: 156 Frame from vFrameID : 157
Tcw:
[0.99876076, -0.025230139, -0.042899489, 0.08505971;
 -0.029285152, 0.3990221, -0.91647351, -0.019098062;
 0.040240601, 0.91659415, 0.39778876, -0.0036813775;
 0, 0, 0, 1]
Twc:
[0.99876076, -0.029285152, 0.040240601, -0.085365452;
 -0.025230139, 0.3990221, 0.91659415, 0.013140947;
 -0.042899489, -0.91647351, 0.39778876, -0.012389441;
 0, 0, 0, 1]
Ow:
[0.08505971;
 -0.019098062;
 -0.0036813775]
Keyframe: 12 Frame: 164 Frame from vFrameID : 165
Tcw:
[0.9994998, -0.020619126, -0.023979584, 0.088109225;
 -0.013180967, 0.41764358, -0.90851533, -0.027282611;
 0.028747711, 0.90837693, 0.4171629, 0.032293133;
 0, 0, 0, 1]
Twc:
[0.9994998, -0.013180967, 0.028747711, -0.089353114;
 -0.020619126, 0.41764358, 0.90837693, -0.016123196;
 -0.023979584, -0.90851533, 0.4171629, -0.036145344;
 0, 0, 0, 1]
Ow:
[0.088109225;
 -0.027282611;
 0.032293133]
Keyframe: 13 Frame: 173 Frame from vFrameID : 174
Tcw:
[0.99867874, -0.051329065, -0.0024769697, 0.090159506;
 0.015833313, 0.35319918, -0.93541414, -0.042037353;
 0.048888799, 0.93413901, 0.35354522, 0.082230687;
 0, 0, 0, 1]
Twc:
[0.99867874, 0.015833313, 0.048888799, -0.09339495;
 -0.051329065, 0.35319918, 0.93413901, -0.05733953;
 -0.0024769697, -0.93541414, 0.35354522, -0.068171278;
 0, 0, 0, 1]
Ow:
[0.090159506;
 -0.042037353;
 0.082230687]
Keyframe: 14 Frame: 182 Frame from vFrameID : 183
Tcw:
[0.99890745, -0.012453612, -0.045042142, 0.24076183;
 -0.036650158, 0.38922539, -0.92041314, -0.023532189;
 0.028994013, 0.92105836, 0.38834372, 0.25272074;
 0, 0, 0, 1]
Twc:
[0.99890745, -0.036650158, 0.028994013, -0.24868865;
 -0.012453612, 0.38922539, 0.92105836, -0.22061288;
 -0.045042142, -0.92041314, 0.38834372, -0.10895742;
 0, 0, 0, 1]
Ow:
[0.24076183;
 -0.023532189;
 0.25272074]
Keyframe: 15 Frame: 192 Frame from vFrameID : 193
Tcw:
[0.99953187, 0.0090819988, -0.029215394, 0.28346947;
 -0.030546242, 0.34984359, -0.93630999, -0.034054697;
 0.0017172517, 0.93676412, 0.34995726, 0.33863842;
 0, 0, 0, 1]
Twc:
[0.99953187, -0.030546242, 0.0017172517, -0.28495854;
 0.0090819988, 0.34984359, 0.93676412, -0.30788496;
 -0.029215394, -0.93630999, 0.34995726, -0.14211306;
 0, 0, 0, 1]
Ow:
[0.28346947;
 -0.034054697;
 0.33863842]
Keyframe: 16 Frame: 202 Frame from vFrameID : 203
Tcw:
[0.99922431, -0.004421439, -0.039131161, 0.33347869;
 -0.034901548, 0.36080605, -0.93198758, -0.031710327;
 0.018239485, 0.93263042, 0.36037186, 0.38743898;
 0, 0, 0, 1]
Twc:
[0.99922431, -0.034901548, 0.018239485, -0.34139344;
 -0.004421439, 0.36080605, 0.93263042, -0.34842163;
 -0.039131161, -0.93198758, 0.36037186, -0.15612632;
 0, 0, 0, 1]
Ow:
[0.33347869;
 -0.031710327;
 0.38743898]
Keyframe: 17 Frame: 212 Frame from vFrameID : 213
Tcw:
[0.99905568, -0.033560153, -0.027594676, 0.33827567;
 -0.014176494, 0.34856743, -0.93717653, -0.092337236;
 0.04107039, 0.9366827, 0.3477625, 0.47818595;
 0, 0, 0, 1]
Twc:
[0.99905568, -0.014176494, 0.04107039, -0.35890451;
 -0.033560153, 0.34856743, 0.9366827, -0.40437016;
 -0.027594676, -0.93717653, 0.3477625, -0.24349682;
 0, 0, 0, 1]
Ow:
[0.33827567;
 -0.092337236;
 0.47818595]
Keyframe: 18 Frame: 223 Frame from vFrameID : 224
Tcw:
[0.99791259, -0.059386794, -0.025371488, 0.41124249;
 -0.001244498, 0.37511528, -0.92697734, -0.077055693;
 0.064567447, 0.92507392, 0.37425834, 0.48370796;
 0, 0, 0, 1]
Twc:
[0.99791259, -0.001244498, 0.064567447, -0.44171172;
 -0.059386794, 0.37511528, 0.92507392, -0.39413846;
 -0.025371488, -0.92697734, 0.37425834, -0.24202678;
 0, 0, 0, 1]
Ow:
[0.41124249;
 -0.077055693;
 0.48370796]
Keyframe: 19 Frame: 234 Frame from vFrameID : 235
Tcw:
[0.99606699, -0.069296315, -0.055213731, 0.44783491;
 -0.028035788, 0.34464148, -0.93831563, -0.029988363;
 0.08405076, 0.9361732, 0.34134322, 0.65109468;
 0, 0, 0, 1]
Twc:
[0.99606699, -0.028035788, 0.08405076, -0.50163931;
 -0.069296315, 0.34464148, 0.9361732, -0.56816888;
 -0.055213731, -0.93831563, 0.34134322, -0.22565868;
 0, 0, 0, 1]
Ow:
[0.44783491;
 -0.029988363;
 0.65109468]
Keyframe: 20 Frame: 245 Frame from vFrameID : 246
Tcw:
[0.99639034, -0.062989496, -0.056909081, 0.48323673;
 -0.031442616, 0.34886119, -0.93664682, -0.028345376;
 0.078852281, 0.9350552, 0.34562138, 0.71907341;
 0, 0, 0, 1]
Twc:
[0.99639034, -0.031442616, 0.078852281, -0.53908426;
 -0.062989496, 0.34886119, 0.9350552, -0.63204592;
 -0.056909081, -0.93664682, 0.34562138, -0.24757619;
 0, 0, 0, 1]
Ow:
[0.48323673;
 -0.028345376;
 0.71907341]
Keyframe: 21 Frame: 257 Frame from vFrameID : 258
Tcw:
[0.9980551, -0.059340298, -0.019097405, 0.5321545;
 0.0036434734, 0.36135948, -0.93241948, -0.12447771;
 0.062231079, 0.93053645, 0.36087289, 0.82130003;
 0, 0, 0, 1]
Twc:
[0.9980551, 0.0036434734, 0.062231079, -0.58177632;
 -0.059340298, 0.36135948, 0.93053645, -0.6876902;
 -0.019097405, -0.93241948, 0.36087289, -0.40228757;
 0, 0, 0, 1]
Ow:
[0.5321545;
 -0.12447771;
 0.82130003]
Keyframe: 22 Frame: 269 Frame from vFrameID : 270
Tcw:
[0.99574381, -0.080655843, -0.044596814, 0.54323518;
 -0.015340129, 0.33209458, -0.94312131, -0.067570359;
 0.090878606, 0.93979138, 0.32944387, 0.95668131;
 0, 0, 0, 1]
Twc:
[0.99574381, -0.015340129, 0.090878606, -0.62890148;
 -0.080655843, 0.33209458, 0.93979138, -0.83282596;
 -0.044596814, -0.94312131, 0.32944387, -0.35467327;
 0, 0, 0, 1]
Ow:
[0.54323518;
 -0.067570359;
 0.95668131]
Keyframe: 23 Frame: 281 Frame from vFrameID : 282
Tcw:
[0.99753135, -0.043472819, -0.055147633, 0.58349609;
 -0.037051208, 0.34128359, -0.93922985, -0.16945884;
 0.059651952, 0.93895453, 0.33883038, 1.080605;
 0, 0, 0, 1]
Twc:
[0.99753135, -0.037051208, 0.059651952, -0.65279454;
 -0.043472819, 0.34128359, 0.93895453, -0.93143928;
 -0.055147633, -0.93922985, 0.33883038, -0.49312422;
 0, 0, 0, 1]
Ow:
[0.58349609;
 -0.16945884;
 1.080605]
Keyframe: 24 Frame: 292 Frame from vFrameID : 293
Tcw:
[0.99942142, -0.033658903, 0.0048855906, 0.5965535;
 0.015865991, 0.3343246, -0.94232446, -0.1545634;
 0.030084236, 0.94185674, 0.33466521, 1.1681061;
 0, 0, 0, 1]
Twc:
[0.99942142, 0.015865991, 0.030084236, -0.62889767;
 -0.033658903, 0.3343246, 0.94185674, -1.028435;
 0.0048855906, -0.94232446, 0.33466521, -0.53948784;
 0, 0, 0, 1]
Ow:
[0.5965535;
 -0.1545634;
 1.1681061]
Keyframe: 25 Frame: 301 Frame from vFrameID : 302
Tcw:
[0.9984436, -0.055718206, -0.0024312367, 0.62589192;
 0.016895557, 0.34372944, -0.93891674, -0.050565392;
 0.053150441, 0.93741429, 0.34413585, 1.3090185;
 0, 0, 0, 1]
Twc:
[0.9984436, 0.016895557, 0.053150441, -0.69363832;
 -0.055718206, 0.34372944, 0.93741429, -1.1748383;
 -0.0024312367, -0.93891674, 0.34413585, -0.4964352;
 0, 0, 0, 1]
Ow:
[0.62589192;
 -0.050565392;
 1.3090185]
Keyframe: 26 Frame: 311 Frame from vFrameID : 312
Tcw:
[0.99613351, -0.078723513, -0.038994707, 0.65586972;
 -0.0080625704, 0.36007446, -0.93288875, -0.13228258;
 0.087481275, 0.92959613, 0.35804752, 1.35307;
 0, 0, 0, 1]
Twc:
[0.99613351, -0.0080625704, 0.087481275, -0.77276868;
 -0.078723513, 0.36007446, 0.92959613, -1.1585449;
 -0.038994707, -0.93288875, 0.35804752, -0.58229291;
 0, 0, 0, 1]
Ow:
[0.65586972;
 -0.13228258;
 1.35307]
Keyframe: 27 Frame: 322 Frame from vFrameID : 323
Tcw:
[0.9982022, -0.038397871, -0.046021901, 0.66725218;
 -0.030614795, 0.33347851, -0.9422605, -0.12300402;
 0.051528111, 0.94197541, 0.33170342, 1.4078612;
 0, 0, 0, 1]
Twc:
[0.9982022, -0.030614795, 0.051528111, -0.74236274;
 -0.038397871, 0.33347851, 0.94197541, -1.2595304;
 -0.046021901, -0.9422605, 0.33170342, -0.55218601;
 0, 0, 0, 1]
Ow:
[0.66725218;
 -0.12300402;
 1.4078612]
Keyframe: 28 Frame: 331 Frame from vFrameID : 332
Tcw:
[0.99968958, -0.024304543, -0.0054837978, 0.69843894;
 0.002638096, 0.3221117, -0.94669801, -0.11357695;
 0.024775458, 0.94638962, 0.32207581, 1.4920737;
 0, 0, 0, 1]
Twc:
[0.99968958, 0.002638096, 0.024775458, -0.73488927;
 -0.024304543, 0.3221117, 0.94638962, -1.3585234;
 -0.0054837978, -0.94669801, 0.32207581, -0.58425379;
 0, 0, 0, 1]
Ow:
[0.69843894;
 -0.11357695;
 1.4920737]
Keyframe: 29 Frame: 341 Frame from vFrameID : 342
Tcw:
[0.99290055, -0.087649442, -0.080412112, 0.79211587;
 -0.043826669, 0.35889196, -0.93234962, -0.22061092;
 0.11057919, 0.92925459, 0.35250264, 1.5916488;
 0, 0, 0, 1]
Twc:
[0.99290055, -0.043826669, 0.11057919, -0.97216415;
 -0.087649442, 0.35889196, 0.92925459, -1.330443;
 -0.080412112, -0.93234962, 0.35250264, -0.70305121;
 0, 0, 0, 1]
Ow:
[0.79211587;
 -0.22061092;
 1.5916488]
Keyframe: 30 Frame: 348 Frame from vFrameID : 349
Tcw:
[0.99056774, -0.10322624, -0.090110101, 0.80609214;
 -0.046552155, 0.36498266, -0.92984974, -0.17117825;
 0.12887353, 0.92527401, 0.35673466, 1.6460501;
 0, 0, 0, 1]
Twc:
[0.99056774, -0.046552155, 0.12887353, -1.0185899;
 -0.10322624, 0.36498266, 0.92527401, -1.3773605;
 -0.090110101, -0.92984974, 0.35673466, -0.67373616;
 0, 0, 0, 1]
Ow:
[0.80609214;
 -0.17117825;
 1.6460501]
Keyframe: 31 Frame: 356 Frame from vFrameID : 357
Tcw:
[0.99622762, -0.071100898, -0.049751002, 0.80731094;
 -0.020345474, 0.36595926, -0.93040848, -0.18953276;
 0.084359713, 0.9279108, 0.36313215, 1.6683606;
 0, 0, 0, 1]
Twc:
[0.99622762, -0.020345474, 0.084359713, -0.94886404;
 -0.071100898, 0.36595926, 0.9279108, -1.4213281;
 -0.049751002, -0.93040848, 0.36313215, -0.74201369;
 0, 0, 0, 1]
Ow:
[0.80731094;
 -0.18953276;
 1.6683606]
Keyframe: 32 Frame: 365 Frame from vFrameID : 366
Tcw:
[0.99809474, -0.061691541, -0.0010349893, 0.83867419;
 0.020347783, 0.344946, -0.93840194, -0.23633099;
 0.058248479, 0.936593, 0.34554407, 1.8047563;
 0, 0, 0, 1]
Twc:
[0.99809474, 0.020347783, 0.058248479, -0.93739182;
 -0.061691541, 0.344946, 0.936593, -1.5570616;
 -0.0010349893, -0.93840194, 0.34554407, -0.84452832;
 0, 0, 0, 1]
Ow:
[0.83867419;
 -0.23633099;
 1.8047563]
Keyframe: 33 Frame: 375 Frame from vFrameID : 376
Tcw:
[0.99836677, -0.053291313, 0.020587159, 0.8424083;
 0.038028039, 0.35098404, -0.93560892, -0.26685053;
 0.042634066, 0.93486375, 0.35243735, 1.8206828;
 0, 0, 0, 1]
Twc:
[0.99836677, 0.038028039, 0.042634066, -0.90850776;
 -0.053291313, 0.35098404, 0.93486375, -1.5635371;
 0.020587159, -0.93560892, 0.35243735, -0.90868723;
 0, 0, 0, 1]
Ow:
[0.8424083;
 -0.26685053;
 1.8206828]
Keyframe: 34 Frame: 383 Frame from vFrameID : 384
Tcw:
[0.9990778, -0.042796612, -0.0034662036, 0.86554319;
 0.011426491, 0.34282759, -0.93932885, -0.322936;
 0.0413884, 0.93842298, 0.34300044, 1.844784;
 0, 0, 0, 1]
Twc:
[0.9990778, 0.011426491, 0.0413884, -0.93740761;
 -0.042796612, 0.34282759, 0.93842298, -1.583434;
 -0.0034662036, -0.93932885, 0.34300044, -0.93310463;
 0, 0, 0, 1]
Ow:
[0.86554319;
 -0.322936;
 1.844784]
Keyframe: 35 Frame: 391 Frame from vFrameID : 392
Tcw:
[0.99913824, -0.039737139, -0.011991084, 0.88981229;
 0.0028984668, 0.35498399, -0.93486786, -0.33271539;
 0.041405614, 0.93402749, 0.35479325, 1.8986638;
 0, 0, 0, 1]
Twc:
[0.99913824, 0.0028984668, 0.041405614, -0.96669638;
 -0.039737139, 0.35498399, 0.93402749, -1.6199368;
 -0.011991084, -0.93486786, 0.35479325, -0.9740082;
 0, 0, 0, 1]
Ow:
[0.88981229;
 -0.33271539;
 1.8986638]
Keyframe: 36 Frame: 400 Frame from vFrameID : 401
Tcw:
[0.99844122, -0.044362593, 0.033869617, 0.94422668;
 0.0465036, 0.32564354, -0.94434828, -0.22279269;
 0.030864319, 0.94445127, 0.32719895, 2.0790203;
 0, 0, 0, 1]
Twc:
[0.99844122, 0.0465036, 0.030864319, -0.99656165;
 -0.044362593, 0.32564354, 0.94445127, -1.8490942;
 0.033869617, -0.94434828, 0.32719895, -0.92262775;
 0, 0, 0, 1]
Ow:
[0.94422668;
 -0.22279269;
 2.0790203]
Keyframe: 37 Frame: 409 Frame from vFrameID : 410
Tcw:
[0.9970333, -0.04666822, 0.061210491, 0.97243416;
 0.073863178, 0.35637715, -0.93141806, -0.29700863;
 0.021653604, 0.93317598, 0.35876694, 2.122175;
 0, 0, 0, 1]
Twc:
[0.9970333, 0.073863178, 0.021653604, -0.99356395;
 -0.04666822, 0.35637715, 0.93317598, -1.8291337;
 0.061210491, -0.93141806, 0.35876694, -1.0975286;
 0, 0, 0, 1]
Ow:
[0.97243416;
 -0.29700863;
 2.122175]
Keyframe: 38 Frame: 418 Frame from vFrameID : 419
Tcw:
[0.99801183, -0.058997724, 0.022173353, 1.0112852;
 0.041886669, 0.35798636, -0.93278682, -0.31571144;
 0.047094543, 0.93186104, 0.35974586, 2.2038245;
 0, 0, 0, 1]
Twc:
[0.99801183, 0.041886669, 0.047094543, -1.0998385;
 -0.058997724, 0.35798636, 0.93186104, -1.8809743;
 0.022173353, -0.93278682, 0.35974586, -1.1097318;
 0, 0, 0, 1]
Ow:
[1.0112852;
 -0.31571144;
 2.2038245]
Keyframe: 39 Frame: 428 Frame from vFrameID : 429
Tcw:
[0.99851656, -0.052672569, 0.013795882, 1.0658275;
 0.032944847, 0.38271385, -0.92327935, -0.34355628;
 0.04335162, 0.92236418, 0.38388142, 2.2695456;
 0, 0, 0, 1]
Twc:
[0.99851656, 0.032944847, 0.04335162, -1.1513164;
 -0.052672569, 0.38271385, 0.92236418, -1.9057239;
 0.013795882, -0.92327935, 0.38388142, -1.2031387;
 0, 0, 0, 1]
Ow:
[1.0658275;
 -0.34355628;
 2.2695456]
Keyframe: 40 Frame: 438 Frame from vFrameID : 439
Tcw:
[0.99779397, -0.032588772, 0.057837121, 1.0974313;
 0.065763861, 0.36618122, -0.92821681, -0.41307747;
 0.009070578, 0.92997271, 0.36751658, 2.3312583;
 0, 0, 0, 1]
Twc:
[0.99779397, 0.065763861, 0.009070578, -1.0889907;
 -0.032588772, 0.36618122, 0.92997271, -1.9809815;
 0.057837121, -0.92821681, 0.36751658, -1.3036737;
 0, 0, 0, 1]
Ow:
[1.0974313;
 -0.41307747;
 2.3312583]
Keyframe: 41 Frame: 448 Frame from vFrameID : 449
Tcw:
[0.99861616, -0.033568922, 0.040482599, 1.1334314;
 0.049910039, 0.36234573, -0.9307065, -0.45562309;
 0.016574116, 0.93143904, 0.36351973, 2.4212136;
 0, 0, 0, 1]
Twc:
[0.99861616, 0.049910039, 0.016574116, -1.1492523;
 -0.033568922, 0.36234573, 0.93143904, -2.0520718;
 0.040482599, -0.9307065, 0.36351973, -1.3500944;
 0, 0, 0, 1]
Ow:
[1.1334314;
 -0.45562309;
 2.4212136]
Keyframe: 42 Frame: 458 Frame from vFrameID : 459
Tcw:
[0.9991256, -0.026178531, 0.032598834, 1.1085824;
 0.040074244, 0.37736464, -0.9251973, -0.42088282;
 0.011918658, 0.92569464, 0.37808374, 2.495002;
 0, 0, 0, 1]
Twc:
[0.9991256, 0.040074244, 0.011918658, -1.1204836;
 -0.026178531, 0.37736464, 0.92569464, -2.1217628;
 0.032598834, -0.9251973, 0.37808374, -1.3688579;
 0, 0, 0, 1]
Ow:
[1.1085824;
 -0.42088282;
 2.495002]
Keyframe: 43 Frame: 468 Frame from vFrameID : 469
Tcw:
[0.99796379, 0.012847851, 0.062475819, 1.1614183;
 0.053681754, 0.35980317, -0.93148267, -0.43162811;
 -0.034446549, 0.93293977, 0.35838082, 2.6582091;
 0, 0, 0, 1]
Twc:
[0.99796379, 0.053681754, -0.034446549, -1.0443168;
 0.012847851, 0.35980317, 0.93293977, -2.3395696;
 0.062475819, -0.93148267, 0.35838082, -1.4272658;
 0, 0, 0, 1]
Ow:
[1.1614183;
 -0.43162811;
 2.6582091]
Keyframe: 44 Frame: 479 Frame from vFrameID : 480
Tcw:
[0.99774903, -0.037293989, 0.055731989, 1.2507882;
 0.065738209, 0.37982804, -0.92271835, -0.46153802;
 0.013243277, 0.92430502, 0.3814247, 2.6896172;
 0, 0, 0, 1]
Twc:
[0.99774903, 0.065738209, 0.013243277, -1.2532514;
 -0.037293989, 0.37982804, 0.92430502, -2.2640748;
 0.055731989, -0.92271835, 0.3814247, -1.5214649;
 0, 0, 0, 1]
Ow:
[1.2507882;
 -0.46153802;
 2.6896172]
Keyframe: 45 Frame: 489 Frame from vFrameID : 490
Tcw:
[0.9981544, -0.054474015, 0.026840279, 1.2108334;
 0.045067277, 0.36823294, -0.92864066, -0.39054388;
 0.040703312, 0.92813635, 0.37000832, 2.7705786;
 0, 0, 0, 1]
Twc:
[0.9981544, 0.045067277, 0.040703312, -1.3037696;
 -0.054474015, 0.36823294, 0.92813635, -2.3617046;
 0.026840279, -0.92864066, 0.37000832, -1.4203111;
 0, 0, 0, 1]
Ow:
[1.2108334;
 -0.39054388;
 2.7705786]
Keyframe: 46 Frame: 499 Frame from vFrameID : 500
Tcw:
[0.99811649, -0.056939922, 0.022831025, 1.2965683;
 0.043449011, 0.3934077, -0.91833687, -0.41265482;
 0.043308128, 0.91759914, 0.39514071, 2.8412695;
 0, 0, 0, 1]
Twc:
[0.99811649, 0.043449011, 0.043308128, -1.3992468;
 -0.056939922, 0.3934077, 0.91759914, -2.3709784;
 0.022831025, -0.91833687, 0.39514071, -1.5312593;
 0, 0, 0, 1]
Ow:
[1.2965683;
 -0.41265482;
 2.8412695]
Keyframe: 47 Frame: 509 Frame from vFrameID : 510
Tcw:
[0.99530602, -0.08432281, 0.047492996, 1.3223292;
 0.074768081, 0.35840461, -0.9305675, -0.4108026;
 0.061446361, 0.92975038, 0.36302692, 3.0079901;
 0, 0, 0, 1]
Twc:
[0.99530602, 0.074768081, 0.061446361, -1.4702373;
 -0.08432281, 0.35840461, 0.92975038, -2.5379441;
 0.047492996, -0.9305675, 0.36302692, -1.5370624;
 0, 0, 0, 1]
Ow:
[1.3223292;
 -0.4108026;
 3.0079901]
Keyframe: 48 Frame: 519 Frame from vFrameID : 520
Tcw:
[0.99650973, -0.080780581, 0.021043377, 1.3955492;
 0.049733952, 0.37206772, -0.92687225, -0.40922689;
 0.067043714, 0.92468381, 0.37478665, 3.0425501;
 0, 0, 0, 1]
Twc:
[0.99650973, 0.049733952, 0.067043714, -1.5743097;
 -0.080780581, 0.37206772, 0.92468381, -2.5484033;
 0.021043377, -0.92687225, 0.37478665, -1.5489751;
 0, 0, 0, 1]
Ow:
[1.3955492;
 -0.40922689;
 3.0425501]
Keyframe: 49 Frame: 529 Frame from vFrameID : 530
Tcw:
[0.99583179, -0.091067195, -0.0050792447, 1.4080546;
 0.03044237, 0.38435376, -0.92268384, -0.38317072;
 0.085978456, 0.91868329, 0.385524, 3.1244316;
 0, 0, 0, 1]
Twc:
[0.99583179, 0.03044237, 0.085978456, -1.6591547;
 -0.091067195, 0.38435376, 0.91868329, -2.5948622;
 -0.0050792447, -0.92268384, 0.385524, -1.5509368;
 0, 0, 0, 1]
Ow:
[1.4080546;
 -0.38317072;
 3.1244316]
Keyframe: 50 Frame: 539 Frame from vFrameID : 540
Tcw:
[0.99500453, -0.098643713, 0.015342535, 1.4495261;
 0.049996633, 0.35937291, -0.93185377, -0.46548235;
 0.086407825, 0.92796582, 0.36250952, 3.2168279;
 0, 0, 0, 1]
Twc:
[0.99500453, 0.049996633, 0.086407825, -1.6969717;
 -0.098643713, 0.35937291, 0.92796582, -2.6748376;
 0.015342535, -0.93185377, 0.36250952, -1.6221316;
 0, 0, 0, 1]
Ow:
[1.4495261;
 -0.46548235;
 3.2168279]
Keyframe: 51 Frame: 549 Frame from vFrameID : 550
Tcw:
[0.99607307, -0.081339531, 0.034962013, 1.4751058;
 0.064222232, 0.39199352, -0.9177236, -0.49674284;
 0.060942322, 0.91636509, 0.39567798, 3.2701149;
 0, 0, 0, 1]
Twc:
[0.99607307, 0.064222232, 0.060942322, -1.6366996;
 -0.081339531, 0.39199352, 0.91636509, -2.6819148;
 0.034962013, -0.9177236, 0.39567798, -1.8013579;
 0, 0, 0, 1]
Ow:
[1.4751058;
 -0.49674284;
 3.2701149]
Keyframe: 52 Frame: 559 Frame from vFrameID : 560
Tcw:
[0.99447095, -0.10440702, 0.011256114, 1.4707079;
 0.047936451, 0.35597679, -0.93326449, -0.37833607;
 0.093432449, 0.928644, 0.35901347, 3.4864426;
 0, 0, 0, 1]
Twc:
[0.99447095, 0.047936451, 0.093432449, -1.7701871;
 -0.10440702, 0.35597679, 0.928644, -2.9494328;
 0.011256114, -0.93326449, 0.35901347, -1.6213219;
 0, 0, 0, 1]
Ow:
[1.4707079;
 -0.37833607;
 3.4864426]
Keyframe: 53 Frame: 569 Frame from vFrameID : 570
Tcw:
[0.99504721, -0.096578993, 0.023527136, 1.5195367;
 0.056567937, 0.35554552, -0.93294555, -0.441769;
 0.08173798, 0.92965579, 0.35924786, 3.5582685;
 0, 0, 0, 1]
Twc:
[0.99504721, 0.056567937, 0.08173798, -1.7778665;
 -0.096578993, 0.35554552, 0.92965579, -3.0041406;
 0.023527136, -0.93294555, 0.35924786, -1.7261972;
 0, 0, 0, 1]
Ow:
[1.5195367;
 -0.441769;
 3.5582685]
Keyframe: 54 Frame: 580 Frame from vFrameID : 581
Tcw:
[0.99451631, -0.08757519, 0.057165913, 1.6086855;
 0.086019255, 0.37408778, -0.9233954, -0.44239581;
 0.059481453, 0.92324913, 0.37956956, 3.5953672;
 0, 0, 0, 1]
Twc:
[0.99451631, 0.086019255, 0.059481453, -1.7756671;
 -0.08757519, 0.37408778, 0.92324913, -3.0130436;
 0.057165913, -0.9233954, 0.37956956, -1.86516;
 0, 0, 0, 1]
Ow:
[1.6086855;
 -0.44239581;
 3.5953672]
Keyframe: 55 Frame: 591 Frame from vFrameID : 592
Tcw:
[0.99516928, -0.095520735, 0.022669697, 1.6374935;
 0.057380755, 0.3785722, -0.92379141, -0.51994193;
 0.079659112, 0.92062962, 0.38222447, 3.7038686;
 0, 0, 0, 1]
Twc:
[0.99516928, 0.057380755, 0.079659112, -1.8947955;
 -0.095520735, 0.3785722, 0.92062962, -3.0566409;
 0.022669697, -0.92379141, 0.38222447, -1.9331485;
 0, 0, 0, 1]
Ow:
[1.6374935;
 -0.51994193;
 3.7038686]
Keyframe: 56 Frame: 601 Frame from vFrameID : 602
Tcw:
[0.99633205, -0.084344983, 0.014436583, 1.624678;
 0.045810759, 0.38324553, -0.92250973, -0.55721653;
 0.072276309, 0.91978735, 0.38570371, 3.834357;
 0, 0, 0, 1]
Twc:
[0.99633205, 0.045810759, 0.072276309, -1.8703253;
 -0.084344983, 0.38324553, 0.91978735, -3.176209;
 0.014436583, -0.92250973, 0.38570371, -2.0164182;
 0, 0, 0, 1]
Ow:
[1.624678;
 -0.55721653;
 3.834357]
Keyframe: 57 Frame: 612 Frame from vFrameID : 613
Tcw:
[0.99533731, -0.080697663, 0.052835267, 1.7379224;
 0.079019204, 0.36806947, -0.92643446, -0.55429041;
 0.055314049, 0.9262898, 0.37272996, 3.9394944;
 0, 0, 0, 1]
Twc:
[0.99533731, 0.079019204, 0.055314049, -1.9039286;
 -0.080697663, 0.36806947, 0.9262898, -3.3048496;
 0.052835267, -0.92643446, 0.37272996, -2.0737047;
 0, 0, 0, 1]
Ow:
[1.7379224;
 -0.55429041;
 3.9394944]
Keyframe: 58 Frame: 623 Frame from vFrameID : 624
Tcw:
[0.99650288, -0.083376326, -0.0055116429, 1.7766911;
 0.024432728, 0.353825, -0.93499249, -0.58019888;
 0.079906397, 0.93158805, 0.35462475, 4.0680351;
 0, 0, 0, 1]
Twc:
[0.99650288, 0.024432728, 0.079906397, -2.0813639;
 -0.083376326, 0.353825, 0.93158805, -3.4363096;
 -0.0055116429, -0.93499249, 0.35462475, -1.9753149;
 0, 0, 0, 1]
Ow:
[1.7766911;
 -0.58019888;
 4.0680351]
Keyframe: 59 Frame: 633 Frame from vFrameID : 634
Tcw:
[0.99460864, -0.10037086, -0.026063357, 1.7887;
 0.012422649, 0.36484927, -0.93098372, -0.64866257;
 0.10295284, 0.9256407, 0.3641291, 4.1096749;
 0, 0, 0, 1]
Twc:
[0.99460864, 0.012422649, 0.10295284, -2.1941011;
 -0.10037086, 0.36484927, 0.9256407, -3.3878849;
 -0.026063357, -0.93098372, 0.3641291, -2.0537269;
 0, 0, 0, 1]
Ow:
[1.7887;
 -0.64866257;
 4.1096749]
Keyframe: 60 Frame: 643 Frame from vFrameID : 644
Tcw:
[0.99576885, -0.091278687, 0.010610585, 1.8091757;
 0.042359106, 0.35347176, -0.93448567, -0.67082179;
 0.081548087, 0.93098116, 0.35584265, 4.1787939;
 0, 0, 0, 1]
Twc:
[0.99576885, 0.042359106, 0.081548087, -2.113878;
 -0.091278687, 0.35347176, 0.93098116, -3.4881227;
 0.010610585, -0.93448567, 0.35584265, -2.1330628;
 0, 0, 0, 1]
Ow:
[1.8091757;
 -0.67082179;
 4.1787939]
Keyframe: 61 Frame: 653 Frame from vFrameID : 654
Tcw:
[0.99357963, -0.11285064, 0.0080132205, 1.8429016;
 0.04824369, 0.35855842, -0.93225986, -0.62093461;
 0.1023329, 0.92666101, 0.36170068, 4.2994022;
 0, 0, 0, 1]
Twc:
[0.99357963, 0.04824369, 0.1023329, -2.2410836;
 -0.11285064, 0.35855842, 0.92666101, -3.5534744;
 0.0080132205, -0.93225986, 0.36170068, -2.1487367;
 0, 0, 0, 1]
Ow:
[1.8429016;
 -0.62093461;
 4.2994022]
Keyframe: 62 Frame: 662 Frame from vFrameID : 663
Tcw:
[0.99468488, -0.1016436, -0.016448192, 1.8597749;
 0.02057175, 0.35270151, -0.93550974, -0.62798822;
 0.10088988, 0.93019903, 0.35291788, 4.4269824;
 0, 0, 0, 1]
Twc:
[0.99468488, 0.02057175, 0.10088988, -2.2836089;
 -0.1016436, 0.35270151, 0.93019903, -3.707448;
 -0.016448192, -0.93550974, 0.35291788, -2.1192603;
 0, 0, 0, 1]
Ow:
[1.8597749;
 -0.62798822;
 4.4269824]
Keyframe: 63 Frame: 672 Frame from vFrameID : 673
Tcw:
[0.99528855, -0.096764915, 0.0060995696, 1.9118601;
 0.040476162, 0.35750943, -0.93303198, -0.65029848;
 0.088104106, 0.92888296, 0.35974172, 4.477334;
 0, 0, 0, 1]
Twc:
[0.99528855, 0.040476162, 0.088104106, -2.2710025;
 -0.096764915, 0.35750943, 0.92888296, -3.7414303;
 0.0060995696, -0.93303198, 0.35974172, -2.2290947;
 0, 0, 0, 1]
Ow:
[1.9118601;
 -0.65029848;
 4.477334]
Keyframe: 64 Frame: 683 Frame from vFrameID : 684
Tcw:
[0.99653631, -0.06833566, 0.047387466, 1.9453073;
 0.069394052, 0.36935312, -0.92669451, -0.6843667;
 0.04582357, 0.92677319, 0.37281588, 4.5371208;
 0, 0, 0, 1]
Twc:
[0.99653631, 0.069394052, 0.04582357, -2.0989857;
 -0.06833566, 0.36935312, 0.92677319, -3.819175;
 0.047387466, -0.92669451, 0.37281588, -2.4178929;
 0, 0, 0, 1]
Ow:
[1.9453073;
 -0.6843667;
 4.5371208]
Keyframe: 65 Frame: 693 Frame from vFrameID : 694
Tcw:
[0.99658525, -0.082018018, -0.0095333746, 2.0063238;
 0.021604849, 0.37045237, -0.92860019, -0.73697221;
 0.079693601, 0.92522329, 0.37095934, 4.6403146;
 0, 0, 0, 1]
Twc:
[0.99658525, 0.021604849, 0.079693601, -2.353354;
 -0.082018018, 0.37045237, 0.92522329, -3.8557594;
 -0.0095333746, -0.92860019, 0.37095934, -2.3865936;
 0, 0, 0, 1]
Ow:
[2.0063238;
 -0.73697221;
 4.6403146]
Keyframe: 66 Frame: 703 Frame from vFrameID : 704
Tcw:
[0.99709767, -0.075112745, 0.01242159, 2.0322196;
 0.039265644, 0.36758089, -0.92916226, -0.79095805;
 0.065225989, 0.92695326, 0.36946338, 4.6629348;
 0, 0, 0, 1]
Twc:
[0.99709767, 0.039265644, 0.065225989, -2.2994084;
 -0.075112745, 0.36758089, 0.92695326, -3.8789361;
 0.01242159, -0.92916226, 0.36946338, -2.4829555;
 0, 0, 0, 1]
Ow:
[2.0322196;
 -0.79095805;
 4.6629348]
Keyframe: 67 Frame: 712 Frame from vFrameID : 713
Tcw:
[0.99590462, -0.039390948, 0.081377812, 2.0315173;
 0.090232812, 0.37670785, -0.92192692, -0.74638593;
 0.0056599146, 0.92549419, 0.37871945, 4.7947836;
 0, 0, 0, 1]
Twc:
[0.99590462, 0.090232812, 0.0056599146, -1.982987;
 -0.039390948, 0.37670785, 0.92549419, -4.0763516;
 0.081377812, -0.92192692, 0.37871945, -2.6693115;
 0, 0, 0, 1]
Ow:
[2.0315173;
 -0.74638593;
 4.7947836]
Keyframe: 68 Frame: 722 Frame from vFrameID : 723
Tcw:
[0.99821848, -0.059548762, 0.003717487, 2.1108074;
 0.02452402, 0.35270151, -0.93541443, -0.73237658;
 0.054391608, 0.93383914, 0.35353354, 4.881928;
 0, 0, 0, 1]
Twc:
[0.99821848, 0.02452402, 0.054391608, -2.3546221;
 -0.059548762, 0.35270151, 0.93383914, -4.1749291;
 0.003717487, -0.93541443, 0.35353354, -2.4188478;
 0, 0, 0, 1]
Ow:
[2.1108074;
 -0.73237658;
 4.881928]
Keyframe: 69 Frame: 732 Frame from vFrameID : 733
Tcw:
[0.99952292, -0.030885907, -0.00015617993, 2.1054251;
 0.012459015, 0.40781254, -0.91298068, -0.71654248;
 0.028261928, 0.91254318, 0.40800276, 4.9714918;
 0, 0, 0, 1]
Twc:
[0.99952292, 0.012459015, 0.028261928, -2.235997;
 -0.030885907, 0.40781254, 0.91254318, -4.1794577;
 -0.00015617993, -0.91298068, 0.40800276, -2.6822431;
 0, 0, 0, 1]
Ow:
[2.1054251;
 -0.71654248;
 4.9714918]
Keyframe: 70 Frame: 743 Frame from vFrameID : 744
Tcw:
[0.99751776, -0.064130761, 0.029078959, 2.1269579;
 0.053792421, 0.42753473, -0.90239704, -0.58219469;
 0.045439146, 0.9017213, 0.42992324, 5.0732183;
 0, 0, 0, 1]
Twc:
[0.99751776, 0.053792421, 0.045439146, -2.3208833;
 -0.064130761, 0.42753473, 0.9017213, -4.1893167;
 0.029078959, -0.90239704, 0.42992324, -2.7683148;
 0, 0, 0, 1]
Ow:
[2.1269579;
 -0.58219469;
 5.0732183]
Keyframe: 71 Frame: 752 Frame from vFrameID : 753
Tcw:
[0.99555624, -0.091232203, 0.023333889, 2.1996078;
 0.058950622, 0.41056314, -0.90992457, -0.64825451;
 0.07343439, 0.9072566, 0.41411689, 5.1485868;
 0, 0, 0, 1]
Twc:
[0.99555624, 0.058950622, 0.07343439, -2.5297017;
 -0.091232203, 0.41056314, 0.9072566, -4.2042651;
 0.023333889, -0.90992457, 0.41411689, -2.7733049;
 0, 0, 0, 1]
Ow:
[2.1996078;
 -0.64825451;
 5.1485868]
Keyframe: 72 Frame: 762 Frame from vFrameID : 763
Tcw:
[0.99626631, -0.086315013, 0.0017938123, 2.2308865;
 0.038077973, 0.42066678, -0.90641576, -0.66346717;
 0.077482693, 0.90309978, 0.42238283, 5.194643;
 0, 0, 0, 1]
Twc:
[0.99626631, 0.038077973, 0.077482693, -2.5997882;
 -0.086315013, 0.42066678, 0.90309978, -4.2196231;
 0.0017938123, -0.90641576, 0.42238283, -2.7995069;
 0, 0, 0, 1]
Ow:
[2.2308865;
 -0.66346717;
 5.194643]
Keyframe: 73 Frame: 772 Frame from vFrameID : 773
Tcw:
[0.99643159, -0.077474758, 0.03349271, 2.2422109;
 0.061610766, 0.39640507, -0.91600609, -0.63424122;
 0.057690669, 0.91480088, 0.39976382, 5.2796278;
 0, 0, 0, 1]
Twc:
[0.99643159, 0.061610766, 0.057690669, -2.4997189;
 -0.077474758, 0.39640507, 0.91480088, -4.4046774;
 0.03349271, -0.91600609, 0.39976382, -2.7666707;
 0, 0, 0, 1]
Ow:
[2.2422109;
 -0.63424122;
 5.2796278]
Keyframe: 74 Frame: 782 Frame from vFrameID : 783
Tcw:
[0.99374694, -0.096057393, 0.056920823, 2.3082964;
 0.091131873, 0.40322387, -0.91055232, -0.61375856;
 0.064513445, 0.91004586, 0.40945637, 5.3375006;
 0, 0, 0, 1]
Twc:
[0.99374694, 0.091131873, 0.064513445, -2.5822704;
 -0.096057393, 0.40322387, 0.91004586, -4.3881598;
 0.056920823, -0.91055232, 0.40945637, -2.8757231;
 0, 0, 0, 1]
Ow:
[2.3082964;
 -0.61375856;
 5.3375006]
Keyframe: 75 Frame: 791 Frame from vFrameID : 792
Tcw:
[0.99032861, -0.1386169, 0.00587712, 2.2898355;
 0.061521467, 0.40077466, -0.91410875, -0.63720751;
 0.12435552, 0.90562963, 0.40542653, 5.4378662;
 0, 0, 0, 1]
Twc:
[0.99032861, 0.061521467, 0.12435552, -2.9047165;
 -0.1386169, 0.40077466, 0.90562963, -4.3519063;
 0.00587712, -0.91410875, 0.40542653, -2.8005898;
 0, 0, 0, 1]
Ow:
[2.2898355;
 -0.63720751;
 5.4378662]
Keyframe: 76 Frame: 801 Frame from vFrameID : 802
Tcw:
[0.98950338, -0.14279748, 0.02218058, 2.2976146;
 0.075990856, 0.38361356, -0.92036188, -0.63240492;
 0.12291659, 0.91238672, 0.3904382, 5.5619698;
 0, 0, 0, 1]
Twc:
[0.98950338, 0.075990856, 0.12291659, -2.9090986;
 -0.14279748, 0.38361356, 0.91238672, -4.5039749;
 0.02218058, -0.92036188, 0.3904382, -2.8046095;
 0, 0, 0, 1]
Ow:
[2.2976146;
 -0.63240492;
 5.5619698]
Keyframe: 77 Frame: 811 Frame from vFrameID : 812
Tcw:
[0.98338926, -0.16834599, 0.067861877, 2.3605499;
 0.13184433, 0.40554658, -0.90451592, -0.70271945;
 0.12475047, 0.89843839, 0.42100561, 5.6322727;
 0, 0, 0, 1]
Twc:
[0.98338926, 0.13184433, 0.12475047, -2.9313183;
 -0.16834599, 0.40554658, 0.89843839, -4.3778753;
 0.067861877, -0.90451592, 0.42100561, -3.1670306;
 0, 0, 0, 1]
Ow:
[2.3605499;
 -0.70271945;
 5.6322727]
Keyframe: 78 Frame: 821 Frame from vFrameID : 822
Tcw:
[0.98202097, -0.18875657, 0.0024103667, 2.3900356;
 0.078603715, 0.3972663, -0.9143309, -0.77289665;
 0.1716284, 0.89808154, 0.40496078, 5.7102747;
 0, 0, 0, 1]
Twc:
[0.98202097, 0.078603715, 0.1716284, -3.2663577;
 -0.18875657, 0.3972663, 0.89808154, -4.3701115;
 0.0024103667, -0.9143309, 0.40496078, -3.0248814;
 0, 0, 0, 1]
Ow:
[2.3900356;
 -0.77289665;
 5.7102747]
Keyframe: 79 Frame: 831 Frame from vFrameID : 832
Tcw:
[0.98790026, -0.15478472, 0.0097375028, 2.3921316;
 0.067871034, 0.37501892, -0.92452925, -0.74187577;
 0.13945127, 0.91400355, 0.38098666, 5.7915759;
 0, 0, 0, 1]
Twc:
[0.98790026, 0.067871034, 0.13945127, -3.1204779;
 -0.15478472, 0.37501892, 0.91400355, -4.6450386;
 0.0097375028, -0.92452925, 0.38098666, -2.9156926;
 0, 0, 0, 1]
Ow:
[2.3921316;
 -0.74187577;
 5.7915759]
Keyframe: 80 Frame: 841 Frame from vFrameID : 842
Tcw:
[0.9900021, -0.11806098, 0.077184439, 2.4609792;
 0.11845645, 0.39881617, -0.90934795, -0.82056808;
 0.076576114, 0.90939939, 0.40881392, 5.8488817;
 0, 0, 0, 1]
Twc:
[0.9900021, 0.11845645, 0.076576114, -2.7870576;
 -0.11806098, 0.39881617, 0.90939939, -4.7011681;
 0.077184439, -0.90934795, 0.40881392, -3.3272357;
 0, 0, 0, 1]
Ow:
[2.4609792;
 -0.82056808;
 5.8488817]
Keyframe: 81 Frame: 851 Frame from vFrameID : 852
Tcw:
[0.99335438, -0.10937282, 0.035842497, 2.457227;
 0.073538266, 0.36356366, -0.92866224, -0.81309116;
 0.088539384, 0.92512649, 0.36919063, 5.9128647;
 0, 0, 0, 1]
Twc:
[0.99335438, 0.073538266, 0.088539384, -2.9046252;
 -0.10937282, 0.36356366, 0.92512649, -4.9057837;
 0.035842497, -0.92866224, 0.36919063, -3.0261347;
 0, 0, 0, 1]
Ow:
[2.457227;
 -0.81309116;
 5.9128647]
Keyframe: 82 Frame: 861 Frame from vFrameID : 862
Tcw:
[0.99315941, -0.11074008, 0.037027221, 2.4523804;
 0.075750723, 0.36972681, -0.92604744, -0.77916574;
 0.088860616, 0.9225176, 0.3755863, 6.0691137;
 0, 0, 0, 1]
Twc:
[0.99315941, 0.075750723, 0.088860616, -2.9158876;
 -0.11074008, 0.36972681, 0.9225176, -5.0392089;
 0.037027221, -0.92604744, 0.3755863, -3.0918252;
 0, 0, 0, 1]
Ow:
[2.4523804;
 -0.77916574;
 6.0691137]
Keyframe: 83 Frame: 872 Frame from vFrameID : 873
Tcw:
[0.98505706, -0.13876081, 0.10201968, 2.4306262;
 0.14660594, 0.36470953, -0.91950727, -0.85610104;
 0.090384029, 0.92072386, 0.37960285, 6.1431508;
 0, 0, 0, 1]
Twc:
[0.98505706, 0.14660594, 0.090384029, -2.8240385;
 -0.13876081, 0.36470953, 0.92072386, -5.0066414;
 0.10201968, -0.91950727, 0.37960285, -3.3671205;
 0, 0, 0, 1]
Ow:
[2.4306262;
 -0.85610104;
 6.1431508]
Keyframe: 84 Frame: 882 Frame from vFrameID : 883
Tcw:
[0.98241818, -0.15179794, 0.10868242, 2.4226453;
 0.15902156, 0.37540656, -0.91311669, -0.8843441;
 0.097809136, 0.91434526, 0.39294538, 6.1732583;
 0, 0, 0, 1]
Twc:
[0.98241818, 0.15902156, 0.097809136, -2.8432224;
 -0.15179794, 0.37540656, 0.91434526, -4.9447484;
 0.10868242, -0.91311669, 0.39294538, -3.4965615;
 0, 0, 0, 1]
Ow:
[2.4226453;
 -0.8843441;
 6.1732583]
Keyframe: 85 Frame: 892 Frame from vFrameID : 893
Tcw:
[0.98751718, -0.15178633, 0.042080563, 2.5564966;
 0.10042521, 0.40091419, -0.91059464, -0.86474562;
 0.12134512, 0.90345377, 0.41115281, 6.1635504;
 0, 0, 0, 1]
Twc:
[0.98751718, 0.10042521, 0.12134512, -3.1856589;
 -0.15178633, 0.40091419, 0.90345377, -4.8337526;
 0.042080563, -0.91059464, 0.41115281, -3.4291723;
 0, 0, 0, 1]
Ow:
[2.5564966;
 -0.86474562;
 6.1635504]
Keyframe: 86 Frame: 902 Frame from vFrameID : 903
Tcw:
[0.98838288, -0.1375628, 0.064620547, 2.5759864;
 0.11415554, 0.3912313, -0.91318488, -0.83810043;
 0.10033868, 0.90995306, 0.40238985, 6.2596955;
 0, 0, 0, 1]
Twc:
[0.98838288, 0.11415554, 0.10033868, -3.0784767;
 -0.1375628, 0.3912313, 0.90995306, -5.0137782;
 0.064620547, -0.91318488, 0.40238985, -3.4506402;
 0, 0, 0, 1]
Ow:
[2.5759864;
 -0.83810043;
 6.2596955]
Keyframe: 87 Frame: 912 Frame from vFrameID : 913
Tcw:
[0.98629385, -0.14492863, 0.078867987, 2.6168711;
 0.13093819, 0.39664489, -0.90858573, -0.8936007;
 0.1003975, 0.90645933, 0.41018513, 6.3231421;
 0, 0, 0, 1]
Twc:
[0.98629385, 0.13093819, 0.1003975, -3.0988247;
 -0.14492863, 0.39664489, 0.90645933, -4.9979696;
 0.078867987, -0.90858573, 0.41018513, -3.611959;
 0, 0, 0, 1]
Ow:
[2.6168711;
 -0.8936007;
 6.3231421]
Keyframe: 88 Frame: 922 Frame from vFrameID : 923
Tcw:
[0.98327094, -0.18125103, 0.018065013, 2.6587601;
 0.089918919, 0.39675412, -0.91351014, -0.90384412;
 0.15840729, 0.89985234, 0.40641466, 6.4008217;
 0, 0, 0, 1]
Twc:
[0.98327094, 0.089918919, 0.15840729, -3.5469456;
 -0.18125103, 0.39675412, 0.89985234, -4.9192877;
 0.018065013, -0.91351014, 0.40641466, -3.4750893;
 0, 0, 0, 1]
Ow:
[2.6587601;
 -0.90384412;
 6.4008217]
Keyframe: 89 Frame: 932 Frame from vFrameID : 933
Tcw:
[0.9867236, -0.16203874, 0.010952031, 2.6845877;
 0.075934388, 0.40068412, -0.91306418, -0.92289639;
 0.14356346, 0.90177363, 0.4076688, 6.4927201;
 0, 0, 0, 1]
Twc:
[0.9867236, 0.075934388, 0.14356346, -3.5109839;
 -0.16203874, 0.40068412, 0.90177363, -5.0501666;
 0.010952031, -0.91306418, 0.4076688, -3.5189447;
 0, 0, 0, 1]
Ow:
[2.6845877;
 -0.92289639;
 6.4927201]
Keyframe: 90 Frame: 942 Frame from vFrameID : 943
Tcw:
[0.99009097, -0.13716714, 0.030084392, 2.7258816;
 0.083767831, 0.40495241, -0.91049248, -0.82253766;
 0.1127069, 0.90399045, 0.4124299, 6.578155;
 0, 0, 0, 1]
Twc:
[0.99009097, 0.083767831, 0.1127069, -3.371372;
 -0.13716714, 0.40495241, 0.90399045, -5.2395997;
 0.030084392, -0.91049248, 0.4124299, -3.5439487;
 0, 0, 0, 1]
Ow:
[2.7258816;
 -0.82253766;
 6.578155]
Keyframe: 91 Frame: 952 Frame from vFrameID : 953
Tcw:
[0.99101299, -0.12842202, 0.037430886, 2.7442608;
 0.087740257, 0.4128432, -0.90656614, -0.82038283;
 0.10096997, 0.901703, 0.42040077, 6.6269069;
 0, 0, 0, 1]
Twc:
[0.99101299, 0.087740257, 0.10096997, -3.316736;
 -0.12842202, 0.4128432, 0.901703, -5.2843885;
 0.037430886, -0.90656614, 0.42040077, -3.6324079;
 0, 0, 0, 1]
Ow:
[2.7442608;
 -0.82038283;
 6.6269069]
Keyframe: 92 Frame: 962 Frame from vFrameID : 963
Tcw:
[0.99089593, -0.12404684, 0.052322224, 2.7618411;
 0.099481978, 0.41278648, -0.90537876, -0.85759854;
 0.09071146, 0.90234125, 0.42136887, 6.6791081;
 0, 0, 0, 1]
Twc:
[0.99089593, 0.099481978, 0.09071146, -3.2572532;
 -0.12404684, 0.41278648, 0.90234125, -5.3302317;
 0.052322224, -0.90537876, 0.42136887, -3.7353253;
 0, 0, 0, 1]
Ow:
[2.7618411;
 -0.85759854;
 6.6791081]
Keyframe: 93 Frame: 972 Frame from vFrameID : 973
Tcw:
[0.99338055, -0.083745562, 0.078624323, 2.7442398;
 0.10726973, 0.43147072, -0.89572662, -0.78223729;
 0.041089039, 0.89823145, 0.43759796, 6.6951122;
 0, 0, 0, 1]
Twc:
[0.99338055, 0.10726973, 0.041089039, -2.9172597;
 -0.083745562, 0.43147072, 0.89823145, -5.4464297;
 0.078624323, -0.89572662, 0.43759796, -3.8462024;
 0, 0, 0, 1]
Ow:
[2.7442398;
 -0.78223729;
 6.6951122]
Keyframe: 94 Frame: 982 Frame from vFrameID : 983
Tcw:
[0.99230385, -0.077290699, 0.096743234, 2.7874076;
 0.12053584, 0.42399004, -0.89760989, -0.69718242;
 0.028358728, 0.90236276, 0.43004325, 6.7685838;
 0, 0, 0, 1]
Twc:
[0.99230385, 0.12053584, 0.028358728, -2.873868;
 -0.077290699, 0.42399004, 0.90236276, -5.5966792;
 0.096743234, -0.89760989, 0.43004325, -3.8062446;
 0, 0, 0, 1]
Ow:
[2.7874076;
 -0.69718242;
 6.7685838]
Keyframe: 95 Frame: 992 Frame from vFrameID : 993
Tcw:
[0.99182975, -0.12645005, 0.016857078, 2.8753495;
 0.067178182, 0.40538672, -0.91167355, -0.75685906;
 0.10844752, 0.90535736, 0.41056928, 6.8705521;
 0, 0, 0, 1]
Twc:
[0.99182975, 0.067178182, 0.10844752, -3.5461071;
 -0.12645005, 0.40538672, 0.90535736, -5.5498962;
 0.016857078, -0.91167355, 0.41056928, -3.5593162;
 0, 0, 0, 1]
Ow:
[2.8753495;
 -0.75685906;
 6.8705521]
Keyframe: 96 Frame: 1003 Frame from vFrameID : 1004
Tcw:
[0.99117821, -0.13150726, 0.016479241, 2.929935;
 0.068032511, 0.39813083, -0.91480237, -0.77280617;
 0.11374226, 0.90785331, 0.40356541, 7.0223017;
 0, 0, 0, 1]
Twc:
[0.99117821, 0.068032511, 0.11374226, -3.6502445;
 -0.13150726, 0.39813083, 0.90785331, -5.6822348;
 0.016479241, -0.91480237, 0.40356541, -3.5892062;
 0, 0, 0, 1]
Ow:
[2.929935;
 -0.77280617;
 7.0223017]
Keyframe: 97 Frame: 1014 Frame from vFrameID : 1015
Tcw:
[0.98943138, -0.12602945, 0.071708776, 2.9238305;
 0.11627071, 0.394079, -0.91169232, -0.73969436;
 0.086641148, 0.91039461, 0.40456766, 7.0854487;
 0, 0, 0, 1]
Twc:
[0.98943138, 0.11627071, 0.086641148, -3.4208162;
 -0.12602945, 0.394079, 0.91039461, -5.7905674;
 0.071708776, -0.91169232, 0.40456766, -3.7505813;
 0, 0, 0, 1]
Ow:
[2.9238305;
 -0.73969436;
 7.0854487]
Keyframe: 98 Frame: 1024 Frame from vFrameID : 1025
Tcw:
[0.98544008, -0.17001414, 0.0017617528, 2.9806671;
 0.070228703, 0.39758095, -0.91487557, -0.77020574;
 0.15484135, 0.90167874, 0.40373206, 7.10116;
 0, 0, 0, 1]
Twc:
[0.98544008, 0.070228703, 0.15484135, -3.9827311;
 -0.17001414, 0.39758095, 0.90167874, -5.5899906;
 0.0017617528, -0.91487557, 0.40373206, -3.5768597;
 0, 0, 0, 1]
Ow:
[2.9806671;
 -0.77020574;
 7.10116]
Keyframe: 99 Frame: 1034 Frame from vFrameID : 1035
Tcw:
[0.9905144, -0.13692136, 0.011566023, 3.0284495;
 0.067621805, 0.41244853, -0.90846765, -0.80510998;
 0.11961824, 0.90063244, 0.41779506, 7.1562991;
 0, 0, 0, 1]
Twc:
[0.9905144, 0.067621805, 0.11961824, -3.8013039;
 -0.13692136, 0.41244853, 0.90063244, -5.6984687;
 0.011566023, -0.90846765, 0.41779506, -3.75631;
 0, 0, 0, 1]
Ow:
[3.0284495;
 -0.80510998;
 7.1562991]
Keyframe: 100 Frame: 1044 Frame from vFrameID : 1045
Tcw:
[0.98633474, -0.15475677, 0.056516647, 2.9573646;
 0.11151266, 0.37456828, -0.92046916, -0.86732984;
 0.12127949, 0.91419303, 0.38670707, 7.3335285;
 0, 0, 0, 1]
Twc:
[0.98633474, 0.11151266, 0.12127949, -3.7096398;
 -0.15475677, 0.37456828, 0.91419303, -5.9217148;
 0.056516647, -0.92046916, 0.38670707, -3.8014181;
 0, 0, 0, 1]
Ow:
[2.9573646;
 -0.86732984;
 7.3335285]
Keyframe: 101 Frame: 1055 Frame from vFrameID : 1056
Tcw:
[0.98362166, -0.18023507, 0.0019529383, 3.035718;
 0.067221105, 0.35675874, -0.93177491, -0.79648066;
 0.1672418, 0.91664523, 0.36303121, 7.443614;
 0, 0, 0, 1]
Twc:
[0.98362166, 0.067221105, 0.1672418, -4.177341;
 -0.18023507, 0.35675874, 0.91664523, -5.9918594;
 0.0019529383, -0.93177491, 0.36303121, -3.4503336;
 0, 0, 0, 1]
Ow:
[3.035718;
 -0.79648066;
 7.443614]
Keyframe: 102 Frame: 1065 Frame from vFrameID : 1066
Tcw:
[0.9894647, -0.14366701, 0.017871115, 3.0387306;
 0.076722614, 0.41567096, -0.90627331, -0.85444736;
 0.12277308, 0.89809656, 0.42231426, 7.4369516;
 0, 0, 0, 1]
Twc:
[0.9894647, 0.076722614, 0.12277308, -3.8542185;
 -0.14366701, 0.41567096, 0.89809656, -5.8873663;
 0.017871115, -0.90627331, 0.42231426, -3.969399;
 0, 0, 0, 1]
Ow:
[3.0387306;
 -0.85444736;
 7.4369516]
Keyframe: 103 Frame: 1075 Frame from vFrameID : 1076
Tcw:
[0.98844111, -0.13388947, 0.071118265, 3.0851076;
 0.12022142, 0.40643561, -0.90573555, -0.88585591;
 0.092363454, 0.90381616, 0.41783404, 7.5118508;
 0, 0, 0, 1]
Twc:
[0.98844111, 0.12022142, 0.092363454, -3.6367688;
 -0.13388947, 0.40643561, 0.90381616, -6.0162258;
 0.071118265, -0.90573555, 0.41783404, -4.1604657;
 0, 0, 0, 1]
Ow:
[3.0851076;
 -0.88585591;
 7.5118508]
Keyframe: 104 Frame: 1085 Frame from vFrameID : 1086
Tcw:
[0.98794007, -0.12477511, 0.091681853, 3.0743628;
 0.13835472, 0.4455483, -0.88450253, -0.85821724;
 0.069515213, 0.88652009, 0.45743823, 7.5164514;
 0, 0, 0, 1]
Twc:
[0.98794007, 0.13835472, 0.069515213, -3.4410555;
 -0.12477511, 0.4455483, 0.88652009, -5.8975039;
 0.091681853, -0.88450253, 0.45743823, -4.4792709;
 0, 0, 0, 1]
Ow:
[3.0743628;
 -0.85821724;
 7.5164514]
Keyframe: 105 Frame: 1094 Frame from vFrameID : 1095
Tcw:
[0.98941094, -0.13786641, 0.045374971, 3.0884907;
 0.10115981, 0.43084586, -0.89673769, -0.96674657;
 0.10408039, 0.89183223, 0.44023013, 7.5348854;
 0, 0, 0, 1]
Twc:
[0.98941094, 0.10115981, 0.10408039, -3.7422245;
 -0.13786641, 0.43084586, 0.89183223, -5.8775358;
 0.045374971, -0.89673769, 0.44023013, -4.324142;
 0, 0, 0, 1]
Ow:
[3.0884907;
 -0.96674657;
 7.5348854]
Keyframe: 106 Frame: 1104 Frame from vFrameID : 1105
Tcw:
[0.98722547, -0.15202944, 0.047675036, 3.1128407;
 0.11440562, 0.46813521, -0.87621957, -0.9533112;
 0.11089281, 0.8704806, 0.47954804, 7.5669212;
 0, 0, 0, 1]
Twc:
[0.98722547, 0.11440562, 0.11089281, -3.8031285;
 -0.15202944, 0.46813521, 0.8704806, -5.667336;
 0.047675036, -0.87621957, 0.47954804, -4.6124172;
 0, 0, 0, 1]
Ow:
[3.1128407;
 -0.9533112;
 7.5669212]
Keyframe: 107 Frame: 1114 Frame from vFrameID : 1115
Tcw:
[0.98253173, -0.13520791, 0.12786801, 2.7823739;
 0.17216386, 0.39957333, -0.90038925, -0.62916422;
 0.070647098, 0.90667522, 0.41587138, 7.7634954;
 0, 0, 0, 1]
Twc:
[0.98253173, 0.17216386, 0.070647098, -3.1739197;
 -0.13520791, 0.39957333, 0.90667522, -6.4113731;
 0.12786801, -0.90038925, 0.41587138, -4.1508846;
 0, 0, 0, 1]
Ow:
[2.7823739;
 -0.62916422;
 7.7634954]
Keyframe: 108 Frame: 1124 Frame from vFrameID : 1125
Tcw:
[0.9875387, -0.12533292, 0.095178902, 2.8506117;
 0.13967885, 0.41938755, -0.89699715, -0.65634179;
 0.072506435, 0.89911389, 0.43166777, 7.7942042;
 0, 0, 0, 1]
Twc:
[0.9875387, 0.13967885, 0.072506435, -3.2885423;
 -0.12533292, 0.41938755, 0.89911389, -6.37534;
 0.095178902, -0.89699715, 0.43166777, -4.2245617;
 0, 0, 0, 1]
Ow:
[2.8506117;
 -0.65634179;
 7.7942042]
Keyframe: 109 Frame: 1134 Frame from vFrameID : 1135
Tcw:
[0.98801798, -0.13908443, 0.066902541, 2.9075212;
 0.12033711, 0.42278719, -0.89820373, -0.75104928;
 0.096640624, 0.89549232, 0.43445837, 7.8566833;
 0, 0, 0, 1]
Twc:
[0.98801798, 0.12033711, 0.096640624, -3.5415788;
 -0.13908443, 0.42278719, 0.89549232, -6.3136749;
 0.066902541, -0.89820373, 0.43445837, -4.2825179;
 0, 0, 0, 1]
Ow:
[2.9075212;
 -0.75104928;
 7.8566833]
Keyframe: 110 Frame: 1144 Frame from vFrameID : 1145
Tcw:
[0.99033344, -0.10587595, 0.089609765, 2.8741074;
 0.1257434, 0.41257384, -0.90220362, -0.72398806;
 0.058551021, 0.90475029, 0.4218989, 7.947741;
 0, 0, 0, 1]
Twc:
[0.99033344, 0.1257434, 0.058551021, -3.2206366;
 -0.10587595, 0.41257384, 0.90475029, -6.5877237;
 0.089609765, -0.90220362, 0.4218989, -4.263876;
 0, 0, 0, 1]
Ow:
[2.8741074;
 -0.72398806;
 7.947741]
Keyframe: 111 Frame: 1154 Frame from vFrameID : 1155
Tcw:
[0.98736781, -0.13142549, 0.088499397, 2.9097235;
 0.13527192, 0.40838283, -0.90273196, -0.71911073;
 0.082500353, 0.90329999, 0.42100224, 7.994051;
 0, 0, 0, 1]
Twc:
[0.98736781, 0.13527192, 0.082500353, -3.4352038;
 -0.13142549, 0.40838283, 0.90329999, -6.5449414;
 0.088499397, -0.90273196, 0.42100224, -4.2721863;
 0, 0, 0, 1]
Ow:
[2.9097235;
 -0.71911073;
 7.994051]
Keyframe: 112 Frame: 1164 Frame from vFrameID : 1165
Tcw:
[0.98833609, -0.14840804, 0.034158599, 2.9232888;
 0.091737717, 0.40116066, -0.9114024, -0.71058011;
 0.12155636, 0.90390551, 0.41009617, 8.043457;
 0, 0, 0, 1]
Twc:
[0.98833609, 0.091737717, 0.12155636, -3.8017383;
 -0.14840804, 0.40116066, 0.90390551, -6.5516286;
 0.034158599, -0.9114024, 0.41009617, -4.0460706;
 0, 0, 0, 1]
Ow:
[2.9232888;
 -0.71058011;
 8.043457]
Keyframe: 113 Frame: 1174 Frame from vFrameID : 1175
Tcw:
[0.98394883, -0.16633314, 0.064637169, 2.9650054;
 0.12886247, 0.4117108, -0.90215778, -0.70482802;
 0.12344692, 0.89600641, 0.42653647, 8.2052164;
 0, 0, 0, 1]
Twc:
[0.98394883, 0.12886247, 0.12344692, -3.8394964;
 -0.16633314, 0.4117108, 0.89600641, -6.5685625;
 0.064637169, -0.90215778, 0.42653647, -4.3273396;
 0, 0, 0, 1]
Ow:
[2.9650054;
 -0.70482802;
 8.2052164]
Keyframe: 114 Frame: 1184 Frame from vFrameID : 1185
Tcw:
[0.9851501, -0.12983955, 0.11234299, 2.9822369;
 0.1562168, 0.40632856, -0.9002741, -0.7179811;
 0.071243018, 0.90445495, 0.42057773, 8.2246962;
 0, 0, 0, 1]
Twc:
[0.9851501, 0.1562168, 0.071243018, -3.4117424;
 -0.12983955, 0.40632856, 0.90445495, -6.7599187;
 0.11234299, -0.9002741, 0.42057773, -4.440537;
 0, 0, 0, 1]
Ow:
[2.9822369;
 -0.7179811;
 8.2246962]
Keyframe: 115 Frame: 1194 Frame from vFrameID : 1195
Tcw:
[0.98687065, -0.13236783, 0.092547514, 3.0045114;
 0.13880187, 0.40207407, -0.90502512, -0.70940185;
 0.082585268, 0.90598851, 0.41516802, 8.2547045;
 0, 0, 0, 1]
Twc:
[0.98687065, 0.13880187, 0.082585268, -3.5483148;
 -0.13236783, 0.40207407, 0.90598851, -6.7957354;
 0.092547514, -0.90502512, 0.41516802, -4.3471761;
 0, 0, 0, 1]
Ow:
[3.0045114;
 -0.70940185;
 8.2547045]
Keyframe: 116 Frame: 1205 Frame from vFrameID : 1206
Tcw:
[0.98679382, -0.13685188, 0.086657353, 3.021703;
 0.1358926, 0.40827778, -0.90268624, -0.68844724;
 0.088154033, 0.90254128, 0.42148316, 8.3650703;
 0, 0, 0, 1]
Twc:
[0.98679382, 0.1358926, 0.088154033, -3.6256578;
 -0.13685188, 0.40827778, 0.90254128, -6.8552179;
 0.086657353, -0.90268624, 0.42148316, -4.4090409;
 0, 0, 0, 1]
Ow:
[3.021703;
 -0.68844724;
 8.3650703]
Keyframe: 117 Frame: 1215 Frame from vFrameID : 1216
Tcw:
[0.98099208, -0.12147985, 0.15131801, 3.0370691;
 0.18803065, 0.40240663, -0.89594275, -0.7081244;
 0.047947623, 0.90736514, 0.41759965, 8.4081001;
 0, 0, 0, 1]
Twc:
[0.98099208, 0.18803065, 0.047947623, -3.2493403;
 -0.12147985, 0.40240663, 0.90736514, -6.9753208;
 0.15131801, -0.89594275, 0.41759965, -4.6052217;
 0, 0, 0, 1]
Ow:
[3.0370691;
 -0.7081244;
 8.4081001]
Keyframe: 118 Frame: 1225 Frame from vFrameID : 1226
Tcw:
[0.98042995, -0.13397123, 0.14425249, 3.0688787;
 0.18668127, 0.40002057, -0.89729238, -0.71302009;
 0.062507398, 0.90666163, 0.41720206, 8.4549303;
 0, 0, 0, 1]
Twc:
[0.98042995, 0.18668127, 0.062507398, -3.4042089;
 -0.13397123, 0.40002057, 0.90666163, -6.9693966;
 0.14425249, -0.89729238, 0.41720206, -4.6098957;
 0, 0, 0, 1]
Ow:
[3.0688787;
 -0.71302009;
 8.4549303]
Keyframe: 119 Frame: 1235 Frame from vFrameID : 1236
Tcw:
[0.98591411, -0.14491539, 0.083503589, 3.1228008;
 0.13535041, 0.39800861, -0.90734196, -0.68115783;
 0.098252662, 0.90586352, 0.41201666, 8.5138531;
 0, 0, 0, 1]
Twc:
[0.98591411, 0.13535041, 0.098252662, -3.8231273;
 -0.14491539, 0.39800861, 0.90586352, -6.9887404;
 0.083503589, -0.90734196, 0.41201666, -4.3866577;
 0, 0, 0, 1]
Ow:
[3.1228008;
 -0.68115783;
 8.5138531]
Keyframe: 120 Frame: 1245 Frame from vFrameID : 1246
Tcw:
[0.98624474, -0.13471298, 0.095779523, 3.1055117;
 0.13990153, 0.37172714, -0.91773987, -0.74269462;
 0.088027619, 0.91851586, 0.3854605, 8.6159143;
 0, 0, 0, 1]
Twc:
[0.98624474, 0.13990153, 0.088027619, -3.717329;
 -0.13471298, 0.37172714, 0.91851586, -7.2194209;
 0.095779523, -0.91773987, 0.3854605, -4.3001394;
 0, 0, 0, 1]
Ow:
[3.1055117;
 -0.74269462;
 8.6159143]
Keyframe: 121 Frame: 1255 Frame from vFrameID : 1256
Tcw:
[0.98196763, -0.1367985, 0.13048273, 3.0933249;
 0.17458725, 0.39144987, -0.90348566, -0.75741577;
 0.072518028, 0.90997428, 0.40827438, 8.6787739;
 0, 0, 0, 1]
Twc:
[0.98196763, 0.17458725, 0.072518028, -3.5346773;
 -0.1367985, 0.39144987, 0.90997428, -7.1778083;
 0.13048273, -0.90348566, 0.40827438, -4.6312604;
 0, 0, 0, 1]
Ow:
[3.0933249;
 -0.75741577;
 8.6787739]
Keyframe: 122 Frame: 1265 Frame from vFrameID : 1266
Tcw:
[0.98623115, -0.14999755, 0.069633774, 3.1291132;
 0.12134682, 0.37032095, -0.92094374, -0.70227814;
 0.11235245, 0.91671324, 0.38342378, 8.708003;
 0, 0, 0, 1]
Twc:
[0.98623115, 0.12134682, 0.11235245, -3.9791749;
 -0.14999755, 0.37032095, 0.91671324, -7.2533135;
 0.069633774, -0.92094374, 0.38342378, -4.203506;
 0, 0, 0, 1]
Ow:
[3.1291132;
 -0.70227814;
 8.708003]
Keyframe: 123 Frame: 1276 Frame from vFrameID : 1277
Tcw:
[0.98499447, -0.15368271, 0.078533188, 3.1781046;
 0.13260546, 0.38268235, -0.91431397, -0.71881747;
 0.11046099, 0.91100812, 0.39731917, 8.7927065;
 0, 0, 0, 1]
Twc:
[0.98499447, 0.13260546, 0.11046099, -4.0063477;
 -0.15368271, 0.38268235, 0.91100812, -7.2467289;
 0.078533188, -0.91431397, 0.39731917, -4.4003224;
 0, 0, 0, 1]
Ow:
[3.1781046;
 -0.71881747;
 8.7927065]
Keyframe: 124 Frame: 1287 Frame from vFrameID : 1288
Tcw:
[0.9774878, -0.17409965, 0.11919291, 3.2553418;
 0.17995334, 0.3929823, -0.90176588, -0.74968767;
 0.11015642, 0.90291429, 0.41546521, 8.8488483;
 0, 0, 0, 1]
Twc:
[0.9774878, 0.17995334, 0.11015642, -4.0219054;
 -0.17409965, 0.3929823, 0.90291429, -7.1283836;
 0.11919291, -0.90176588, 0.41546521, -4.7404451;
 0, 0, 0, 1]
Ow:
[3.2553418;
 -0.74968767;
 8.8488483]
Keyframe: 125 Frame: 1297 Frame from vFrameID : 1298
Tcw:
[0.97937977, -0.19219999, 0.062244825, 3.295975;
 0.13294777, 0.38115776, -0.9149009, -0.76567888;
 0.15211885, 0.90431076, 0.39885074, 8.9160185;
 0, 0, 0, 1]
Twc:
[0.97937977, 0.13294777, 0.15211885, -4.4825106;
 -0.19219999, 0.38115776, 0.90431076, -7.1375203;
 0.062244825, -0.9149009, 0.39885074, -4.4618382;
 0, 0, 0, 1]
Ow:
[3.295975;
 -0.76567888;
 8.9160185]
Keyframe: 126 Frame: 1307 Frame from vFrameID : 1308
Tcw:
[0.97561783, -0.20225134, 0.085230276, 3.2014461;
 0.15938717, 0.38593718, -0.90865189, -0.74185491;
 0.15088253, 0.90008157, 0.40876347, 9.0207453;
 0, 0, 0, 1]
Twc:
[0.97561783, 0.15938717, 0.15088253, -4.3662186;
 -0.20225134, 0.38593718, 0.90008157, -7.1856008;
 0.085230276, -0.90865189, 0.40876347, -4.6342993;
 0, 0, 0, 1]
Ow:
[3.2014461;
 -0.74185491;
 9.0207453]
Keyframe: 127 Frame: 1317 Frame from vFrameID : 1318
Tcw:
[0.97476596, -0.19110987, 0.11536195, 3.2200184;
 0.18153262, 0.37788001, -0.90788358, -0.74452949;
 0.12991254, 0.90591598, 0.40303722, 9.0495653;
 0, 0, 0, 1]
Twc:
[0.97476596, 0.18153262, 0.12991254, -4.1792598;
 -0.19110987, 0.37788001, 0.90591598, -7.3014255;
 0.11536195, -0.90788358, 0.40303722, -4.6947255;
 0, 0, 0, 1]
Ow:
[3.2200184;
 -0.74452949;
 9.0495653]
Keyframe: 128 Frame: 1327 Frame from vFrameID : 1328
Tcw:
[0.97330076, -0.21599995, 0.077650584, 3.2656691;
 0.15709256, 0.38019606, -0.91146743, -0.76570535;
 0.16735446, 0.89933032, 0.40397713, 9.1370935;
 0, 0, 0, 1]
Twc:
[0.97330076, 0.15709256, 0.16735446, -4.5873251;
 -0.21599995, 0.38019606, 0.89933032, -7.2207627;
 0.077650584, -0.91146743, 0.40397713, -4.6426735;
 0, 0, 0, 1]
Ow:
[3.2656691;
 -0.76570535;
 9.1370935]
Keyframe: 129 Frame: 1337 Frame from vFrameID : 1338
Tcw:
[0.9778415, -0.19564638, 0.074488282, 3.2856312;
 0.1519098, 0.41829631, -0.89551753, -0.76914644;
 0.14404657, 0.88698971, 0.43874806, 9.1662674;
 0, 0, 0, 1]
Twc:
[0.9778415, 0.1519098, 0.14404657, -4.4163551;
 -0.19564638, 0.41829631, 0.88698971, -7.1658311;
 0.074488282, -0.89551753, 0.43874806, -4.9552069;
 0, 0, 0, 1]
Ow:
[3.2856312;
 -0.76914644;
 9.1662674]
Keyframe: 130 Frame: 1347 Frame from vFrameID : 1348
Tcw:
[0.9800235, -0.18734504, 0.066751301, 3.3105969;
 0.13553487, 0.38350281, -0.9135403, -0.74101448;
 0.14554794, 0.90433812, 0.40123358, 9.2500858;
 0, 0, 0, 1]
Twc:
[0.9800235, 0.13553487, 0.14554794, -4.4903603;
 -0.18734504, 0.38350281, 0.90433812, -7.4607997;
 0.066751301, -0.9135403, 0.40123358, -4.6093779;
 0, 0, 0, 1]
Ow:
[3.3105969;
 -0.74101448;
 9.2500858]
Keyframe: 131 Frame: 1356 Frame from vFrameID : 1357
Tcw:
[0.97446132, -0.20596004, 0.089473933, 3.3444116;
 0.17104389, 0.42261511, -0.89002275, -0.78069782;
 0.14549609, 0.88259667, 0.44705027, 9.2580118;
 0, 0, 0, 1]
Twc:
[0.97446132, 0.17104389, 0.14549609, -4.4724708;
 -0.20596004, 0.42261511, 0.88259667, -7.1523414;
 0.089473933, -0.89002275, 0.44705027, -5.1328735;
 0, 0, 0, 1]
Ow:
[3.3444116;
 -0.78069782;
 9.2580118]
Keyframe: 132 Frame: 1366 Frame from vFrameID : 1367
Tcw:
[0.97800064, -0.20432587, 0.042019594, 3.3488946;
 0.12140502, 0.39371824, -0.91117877, -0.78900337;
 0.16963352, 0.89623481, 0.40986291, 9.3612137;
 0, 0, 0, 1]
Twc:
[0.97800064, 0.12140502, 0.16963352, -4.7674079;
 -0.20432587, 0.39371824, 0.89623481, -7.3949351;
 0.042019594, -0.91117877, 0.40986291, -4.6964569;
 0, 0, 0, 1]
Ow:
[3.3488946;
 -0.78900337;
 9.3612137]
Keyframe: 133 Frame: 1376 Frame from vFrameID : 1377
Tcw:
[0.97686946, -0.20415772, 0.063605651, 3.3527265;
 0.14295706, 0.40230325, -0.90427613, -0.81908464;
 0.15902621, 0.89245266, 0.42218357, 9.3931999;
 0, 0, 0, 1]
Twc:
[0.97686946, 0.14295706, 0.15902621, -4.6518469;
 -0.20415772, 0.40230325, 0.89245266, -7.3689804;
 0.063605651, -0.90427613, 0.42218357, -4.9195857;
 0, 0, 0, 1]
Ow:
[3.3527265;
 -0.81908464;
 9.3931999]
Keyframe: 134 Frame: 1385 Frame from vFrameID : 1386
Tcw:
[0.97615397, -0.19736369, 0.090393685, 3.4203627;
 0.16249502, 0.38822639, -0.90712494, -0.70927596;
 0.14394031, 0.90018213, 0.41103932, 9.4928226;
 0, 0, 0, 1]
Twc:
[0.97615397, 0.16249502, 0.14394031, -4.5899463;
 -0.19736369, 0.38822639, 0.90018213, -7.5948539;
 0.090393685, -0.90712494, 0.41103932, -4.8545046;
 0, 0, 0, 1]
Ow:
[3.4203627;
 -0.70927596;
 9.4928226]
Keyframe: 135 Frame: 1395 Frame from vFrameID : 1396
Tcw:
[0.97503793, -0.18877099, 0.11690392, 3.4193172;
 0.1842252, 0.39388144, -0.90051013, -0.7606194;
 0.12394391, 0.8995682, 0.41882572, 9.4999523;
 0, 0, 0, 1]
Twc:
[0.97503793, 0.1842252, 0.12394391, -4.3712997;
 -0.18877099, 0.39388144, 0.8995682, -7.6007934;
 0.11690392, -0.90051013, 0.41882572, -5.0635014;
 0, 0, 0, 1]
Ow:
[3.4193172;
 -0.7606194;
 9.4999523]
Keyframe: 136 Frame: 1405 Frame from vFrameID : 1406
Tcw:
[0.97854626, -0.19575399, 0.064246342, 3.4290779;
 0.13534112, 0.37564915, -0.91682631, -0.76647949;
 0.15533832, 0.90585214, 0.39408362, 9.5434904;
 0, 0, 0, 1]
Twc:
[0.97854626, 0.13534112, 0.15533832, -4.7342448;
 -0.19575399, 0.37564915, 0.90585214, -7.6858082;
 0.064246342, -0.91682631, 0.39408362, -4.6839681;
 0, 0, 0, 1]
Ow:
[3.4290779;
 -0.76647949;
 9.5434904]
Keyframe: 137 Frame: 1415 Frame from vFrameID : 1416
Tcw:
[0.97384328, -0.21350159, 0.077758491, 3.4264784;
 0.15798709, 0.39027557, -0.90704191, -0.75483894;
 0.16330767, 0.89560151, 0.41379771, 9.6178446;
 0, 0, 0, 1]
Twc:
[0.97384328, 0.15798709, 0.16330767, -4.7882657;
 -0.21350159, 0.39027557, 0.89560151, -7.5876021;
 0.077758491, -0.90704191, 0.41379771, -4.9309506;
 0, 0, 0, 1]
Ow:
[3.4264784;
 -0.75483894;
 9.6178446]
Keyframe: 138 Frame: 1425 Frame from vFrameID : 1426
Tcw:
[0.97702146, -0.17963196, 0.1147235, 3.4541528;
 0.18091562, 0.41434801, -0.89195585, -0.69871449;
 0.11268833, 0.89221525, 0.43732509, 9.6766844;
 0, 0, 0, 1]
Twc:
[0.97702146, 0.18091562, 0.11268833, -4.3388224;
 -0.17963196, 0.41434801, 0.89221525, -7.7236981;
 0.1147235, -0.89195585, 0.43732509, -5.2513523;
 0, 0, 0, 1]
Ow:
[3.4541528;
 -0.69871449;
 9.6766844]
Keyframe: 139 Frame: 1432 Frame from vFrameID : 1433
Tcw:
[0.97833991, -0.18481147, 0.093251005, 3.5090671;
 0.16480739, 0.42281678, -0.89110297, -0.65836382;
 0.12525797, 0.88717002, 0.44411683, 9.7058983;
 0, 0, 0, 1]
Twc:
[0.97833991, 0.16480739, 0.12525797, -4.540298;
 -0.18481147, 0.42281678, 0.88717002, -7.6838989;
 0.093251005, -0.89110297, 0.44411683, -5.2244468;
 0, 0, 0, 1]
Ow:
[3.5090671;
 -0.65836382;
 9.7058983]
Keyframe: 140 Frame: 1442 Frame from vFrameID : 1443
Tcw:
[0.98339611, -0.1738916, 0.051901717, 3.5673316;
 0.12647164, 0.45161414, -0.88320416, -0.68641376;
 0.13014224, 0.87510365, 0.46610793, 9.7047958;
 0, 0, 0, 1]
Twc:
[0.98339611, 0.12647164, 0.13014224, -4.6842918;
 -0.1738916, 0.45161414, 0.87510365, -7.5623789;
 0.051901717, -0.88320416, 0.46610793, -5.3148761;
 0, 0, 0, 1]
Ow:
[3.5673316;
 -0.68641376;
 9.7047958]
Keyframe: 141 Frame: 1452 Frame from vFrameID : 1453
Tcw:
[0.98264515, -0.17594106, 0.05876404, 3.5829144;
 0.12788691, 0.41310623, -0.90165859, -0.69759178;
 0.13436298, 0.8935256, 0.42843741, 9.8173428;
 0, 0, 0, 1]
Twc:
[0.98264515, 0.12788691, 0.13436298, -4.750608;
 -0.17594106, 0.41310623, 0.8935256, -7.8534856;
 0.05876404, -0.90165859, 0.42843741, -5.0456529;
 0, 0, 0, 1]
Ow:
[3.5829144;
 -0.69759178;
 9.8173428]
Keyframe: 142 Frame: 1462 Frame from vFrameID : 1463
Tcw:
[0.9787758, -0.18445818, 0.089292161, 3.5532181;
 0.15723637, 0.39649639, -0.90447074, -0.65863299;
 0.13143301, 0.89931405, 0.4170846, 9.8751106;
 0, 0, 0, 1]
Twc:
[0.9787758, 0.15723637, 0.13143301, -4.6721587;
 -0.18445818, 0.39649639, 0.89931405, -7.9642611;
 0.089292161, -0.90447074, 0.4170846, -5.0317459;
 0, 0, 0, 1]
Ow:
[3.5532181;
 -0.65863299;
 9.8751106]
Keyframe: 143 Frame: 1472 Frame from vFrameID : 1473
Tcw:
[0.97960871, -0.18679824, 0.0739813, 3.5770681;
 0.1412351, 0.3783507, -0.91482425, -0.6835568;
 0.14289668, 0.90661854, 0.3970181, 9.9064674;
 0, 0, 0, 1]
Twc:
[0.97960871, 0.1412351, 0.14289668, -4.8231859;
 -0.18679824, 0.3783507, 0.90661854, -8.0545731;
 0.0739813, -0.91482425, 0.3970181, -4.8230176;
 0, 0, 0, 1]
Ow:
[3.5770681;
 -0.6835568;
 9.9064674]
Keyframe: 144 Frame: 1482 Frame from vFrameID : 1483
Tcw:
[0.97630256, -0.18582155, 0.11092201, 3.4870465;
 0.17447902, 0.37265867, -0.9114179, -0.70489073;
 0.12802503, 0.90917319, 0.39624959, 10.022631;
 0, 0, 0, 1]
Twc:
[0.97630256, 0.17447902, 0.12802503, -4.5645714;
 -0.18582155, 0.37265867, 0.90917319, -8.2016554;
 0.11092201, -0.9114179, 0.39624959, -5.0007033;
 0, 0, 0, 1]
Ow:
[3.4870465;
 -0.70489073;
 10.022631]
Keyframe: 145 Frame: 1492 Frame from vFrameID : 1493
Tcw:
[0.97070169, -0.17882103, 0.16050324, 3.4998274;
 0.21817631, 0.3760294, -0.90055591, -0.73986435;
 0.10068439, 0.90918916, 0.4040269, 10.036961;
 0, 0, 0, 1]
Twc:
[0.97070169, 0.21817631, 0.10068439, -4.2464328;
 -0.17882103, 0.3760294, 0.90918916, -8.2214422;
 0.16050324, -0.90055591, 0.4040269, -5.2832246;
 0, 0, 0, 1]
Ow:
[3.4998274;
 -0.73986435;
 10.036961]
Keyframe: 146 Frame: 1500 Frame from vFrameID : 1501
Tcw:
[0.96672052, -0.19326001, 0.1676366, 3.4869134;
 0.2305202, 0.37381801, -0.89839888, -0.74907923;
 0.110959, 0.90714425, 0.40592787, 10.095829;
 0, 0, 0, 1]
Twc:
[0.96672052, 0.2305202, 0.110959, -4.3184156;
 -0.19326001, 0.37381801, 0.90714425, -8.2044735;
 0.1676366, -0.89839888, 0.40592787, -5.3556848;
 0, 0, 0, 1]
Ow:
[3.4869134;
 -0.74907923;
 10.095829]
Keyframe: 147 Frame: 1508 Frame from vFrameID : 1509
Tcw:
[0.97167003, -0.1874041, 0.14400375, 3.5077312;
 0.2040422, 0.35770455, -0.91127068, -0.73440838;
 0.11926506, 0.91483724, 0.38580912, 10.12969;
 0, 0, 0, 1]
Twc:
[0.97167003, 0.2040422, 0.11926506, -4.4666247;
 -0.1874041, 0.35770455, 0.91483724, -8.3469524;
 0.14400375, -0.91127068, 0.38580912, -5.0824981;
 0, 0, 0, 1]
Ow:
[3.5077312;
 -0.73440838;
 10.12969]
Keyframe: 148 Frame: 1517 Frame from vFrameID : 1518
Tcw:
[0.97294247, -0.18836667, 0.13379461, 3.5127251;
 0.19768241, 0.37890574, -0.90407526, -0.78278589;
 0.11960211, 0.90606207, 0.40589029, 10.181178;
 0, 0, 0, 1]
Twc:
[0.97294247, 0.19768241, 0.11960211, -4.4806266;
 -0.18836667, 0.37890574, 0.90606207, -8.2664967;
 0.13379461, -0.90407526, 0.40589029, -5.3101225;
 0, 0, 0, 1]
Ow:
[3.5127251;
 -0.78278589;
 10.181178]
Keyframe: 149 Frame: 1527 Frame from vFrameID : 1528
Tcw:
[0.97197866, -0.16122749, 0.17106496, 3.5656724;
 0.22082153, 0.37674654, -0.899611, -0.73846769;
 0.080593899, 0.9121775, 0.40179208, 10.194515;
 0, 0, 0, 1]
Twc:
[0.97197866, 0.22082153, 0.080593899, -4.1243038;
 -0.16122749, 0.37674654, 0.9121775, -8.4461079;
 0.17106496, -0.899611, 0.40179208, -5.3703704;
 0, 0, 0, 1]
Ow:
[3.5656724;
 -0.73846769;
 10.194515]
Keyframe: 150 Frame: 1536 Frame from vFrameID : 1537
Tcw:
[0.97626132, -0.16390641, 0.1415928, 3.6037736;
 0.19533466, 0.3838008, -0.9025194, -0.76490736;
 0.09358529, 0.9087528, 0.40670648, 10.224798;
 0, 0, 0, 1]
Twc:
[0.97626132, 0.19533466, 0.09358529, -4.3257027;
 -0.16390641, 0.3838008, 0.9087528, -8.4075603;
 0.1415928, -0.9025194, 0.40670648, -5.3591037;
 0, 0, 0, 1]
Ow:
[3.6037736;
 -0.76490736;
 10.224798]
Keyframe: 151 Frame: 1544 Frame from vFrameID : 1545
Tcw:
[0.98353988, -0.15186797, 0.097904921, 3.6145885;
 0.15131171, 0.3960835, -0.9056614, -0.77002287;
 0.098762438, 0.9055683, 0.41254333, 10.276678;
 0, 0, 0, 1]
Twc:
[0.98353988, 0.15131171, 0.098762438, -4.4535284;
 -0.15186797, 0.3960835, 0.9055683, -8.4523001;
 0.097904921, -0.9056614, 0.41254333, -5.2908411;
 0, 0, 0, 1]
Ow:
[3.6145885;
 -0.77002287;
 10.276678]
Keyframe: 152 Frame: 1551 Frame from vFrameID : 1552
Tcw:
[0.98088062, -0.15715845, 0.11477993, 3.571358;
 0.16777769, 0.38404834, -0.90794134, -0.78717184;
 0.098609626, 0.90983957, 0.40307325, 10.326994;
 0, 0, 0, 1]
Twc:
[0.98088062, 0.16777769, 0.098609626, -4.3893466;
 -0.15715845, 0.38404834, 0.90983957, -8.5323267;
 0.11477993, -0.90794134, 0.40307325, -5.2871614;
 0, 0, 0, 1]
Ow:
[3.571358;
 -0.78717184;
 10.326994]
Keyframe: 153 Frame: 1559 Frame from vFrameID : 1560
Tcw:
[0.9757303, -0.13210593, 0.17463785, 3.568897;
 0.21224594, 0.37435916, -0.90266657, -0.78037691;
 0.053870324, 0.91782528, 0.39331251, 10.335882;
 0, 0, 0, 1]
Twc:
[0.9757303, 0.21224594, 0.053870324, -3.8734467;
 -0.13210593, 0.37435916, 0.91782528, -8.7229204;
 0.17463785, -0.90266657, 0.39331251, -5.3929162;
 0, 0, 0, 1]
Ow:
[3.568897;
 -0.78037691;
 10.335882]
Keyframe: 154 Frame: 1567 Frame from vFrameID : 1568
Tcw:
[0.97464669, -0.12000419, 0.18884616, 3.5733514;
 0.22121516, 0.39014009, -0.89378667, -0.80653429;
 0.033581685, 0.91290182, 0.40679547, 10.426698;
 0, 0, 0, 1]
Twc:
[0.97464669, 0.22121516, 0.033581685, -3.6544833;
 -0.12000419, 0.39014009, 0.91290182, -8.7750731;
 0.18884616, -0.89378667, 0.40679547, -5.6372166;
 0, 0, 0, 1]
Ow:
[3.5733514;
 -0.80653429;
 10.426698]
Keyframe: 155 Frame: 1576 Frame from vFrameID : 1577
Tcw:
[0.98210704, -0.13195556, 0.13436335, 3.6070104;
 0.17289679, 0.34896663, -0.92104775, -0.80167508;
 0.074649058, 0.92779851, 0.36553729, 10.480778;
 0, 0, 0, 1]
Twc:
[0.98210704, 0.17289679, 0.074649058, -4.1862435;
 -0.13195556, 0.34896663, 0.92779851, -8.9683266;
 0.13436335, -0.92104775, 0.36553729, -5.0541463;
 0, 0, 0, 1]
Ow:
[3.6070104;
 -0.80167508;
 10.480778]
Keyframe: 156 Frame: 1584 Frame from vFrameID : 1585
Tcw:
[0.98234147, -0.14160861, 0.12227951, 3.6273224;
 0.16742577, 0.37362149, -0.91234618, -0.78944206;
 0.083509825, 0.91670823, 0.3907328, 10.523297;
 0, 0, 0, 1]
Twc:
[0.98234147, 0.16742577, 0.083509825, -4.309895;
 -0.14160861, 0.37362149, 0.91670823, -8.8381805;
 0.12227951, -0.91234618, 0.3907328, -5.2755895;
 0, 0, 0, 1]
Ow:
[3.6273224;
 -0.78944206;
 10.523297]
Keyframe: 157 Frame: 1590 Frame from vFrameID : 1591
Tcw:
[0.9819656, -0.12961316, 0.13763714, 3.6287172;
 0.17620109, 0.36351922, -0.91477156, -0.81195164;
 0.06853269, 0.922526, 0.37980133, 10.530806;
 0, 0, 0, 1]
Twc:
[0.9819656, 0.17620109, 0.06853269, -4.1419134;
 -0.12961316, 0.36351922, 0.922526, -8.9494524;
 0.13763714, -0.91477156, 0.37980133, -5.2418103;
 0, 0, 0, 1]
Ow:
[3.6287172;
 -0.81195164;
 10.530806]
Keyframe: 158 Frame: 1597 Frame from vFrameID : 1598
Tcw:
[0.98180282, -0.11889936, 0.14807469, 3.6217949;
 0.18107271, 0.35112265, -0.9186542, -0.80494189;
 0.057235021, 0.92874962, 0.36626264, 10.563204;
 0, 0, 0, 1]
Twc:
[0.98180282, 0.18107271, 0.057235021, -4.0147209;
 -0.11889936, 0.35112265, 0.92874962, -9.0973082;
 0.14807469, -0.9186542, 0.36626264, -5.1446662;
 0, 0, 0, 1]
Ow:
[3.6217949;
 -0.80494189;
 10.563204]
Keyframe: 159 Frame: 1605 Frame from vFrameID : 1606
Tcw:
[0.97843951, -0.15074882, 0.14117686, 3.6080551;
 0.18627749, 0.34889627, -0.9184618, -0.81768632;
 0.089200944, 0.92495739, 0.36945501, 10.604662;
 0, 0, 0, 1]
Twc:
[0.97843951, 0.18627749, 0.089200944, -4.3238931;
 -0.15074882, 0.34889627, 0.92495739, -8.9796629;
 0.14117686, -0.9184618, 0.36945501, -5.1783333;
 0, 0, 0, 1]
Ow:
[3.6080551;
 -0.81768632;
 10.604662]
Keyframe: 160 Frame: 1614 Frame from vFrameID : 1615
Tcw:
[0.97573882, -0.18189646, 0.12185024, 3.6104729;
 0.18220374, 0.3660613, -0.9125793, -0.83946753;
 0.12139028, 0.91264057, 0.39032242, 10.608734;
 0, 0, 0, 1]
Twc:
[0.97573882, 0.18220374, 0.12139028, -4.6577215;
 -0.18189646, 0.3660613, 0.91264057, -8.7179317;
 0.12185024, -0.9125793, 0.39032242, -5.3468442;
 0, 0, 0, 1]
Ow:
[3.6104729;
 -0.83946753;
 10.608734]
Keyframe: 161 Frame: 1622 Frame from vFrameID : 1623
Tcw:
[0.97737616, -0.15683137, 0.14191474, 3.597827;
 0.19217037, 0.37817001, -0.90557051, -0.85075092;
 0.088353969, 0.91235483, 0.39975271, 10.614331;
 0, 0, 0, 1]
Twc:
[0.97737616, 0.19217037, 0.088353969, -4.2907596;
 -0.15683137, 0.37817001, 0.91235483, -8.7980556;
 0.14191474, -0.90557051, 0.39975271, -5.524107;
 0, 0, 0, 1]
Ow:
[3.597827;
 -0.85075092;
 10.614331]
Keyframe: 162 Frame: 1629 Frame from vFrameID : 1630
Tcw:
[0.97453547, -0.12939037, 0.18313587, 3.6053271;
 0.21862788, 0.36680889, -0.90424174, -0.83956051;
 0.049824309, 0.92125422, 0.38575664, 10.615829;
 0, 0, 0, 1]
Twc:
[0.97453547, 0.21862788, 0.049824309, -3.8588941;
 -0.12939037, 0.36680889, 0.92125422, -9.0054245;
 0.18313587, -0.90424174, 0.38575664, -5.5145564;
 0, 0, 0, 1]
Ow:
[3.6053271;
 -0.83956051;
 10.615829]
Keyframe: 163 Frame: 1637 Frame from vFrameID : 1638
Tcw:
[0.9738391, -0.12259443, 0.19133218, 3.616894;
 0.22360671, 0.36704952, -0.90292561, -0.83011007;
 0.040465277, 0.92208743, 0.3848601, 10.624516;
 0, 0, 0, 1]
Twc:
[0.9738391, 0.22360671, 0.040465277, -3.7665784;
 -0.12259443, 0.36704952, 0.92208743, -9.0486298;
 0.19133218, -0.90292561, 0.3848601, -5.530508;
 0, 0, 0, 1]
Ow:
[3.616894;
 -0.83011007;
 10.624516]
