Keyframe: 0 Frame: 0 Frame from vFrameID : 60
Tcw:
[0.99985307, 0.00096037268, -0.017114345, 0.037181206;
 -0.012591871, 0.71859229, -0.69531757, -0.074918844;
 0.011630473, 0.69543093, 0.71849883, 0.016810341;
 0, 0, 0, 1]
Twc:
[0.99985307, -0.012591871, 0.011630473, -0.038314626;
 0.00096037268, 0.71859229, 0.69543093, 0.042109966;
 -0.017114345, -0.69531757, 0.71849883, -0.063534267;
 0, 0, 0, 1]
Ow:
[0.037181206;
 -0.074918844;
 0.016810341]
Keyframe: 1 Frame: 59 Frame from vFrameID : 60
Tcw:
[0.99981213, 0.010428027, -0.016338844, 0.037154958;
 -0.018858528, 0.71810937, -0.69567472, -0.074992076;
 0.0044785626, 0.6958521, 0.71817112, 0.016994117;
 0, 0, 0, 1]
Twc:
[0.99981213, -0.018858528, 0.0044785626, -0.038638327;
 0.010428027, 0.71810937, 0.6958521, 0.041639667;
 -0.016338844, -0.69567472, 0.71817112, -0.063767701;
 0, 0, 0, 1]
Ow:
[0.037154958;
 -0.074992076;
 0.016994117]
Keyframe: 2 Frame: 62 Frame from vFrameID : 63
Tcw:
[0.99954736, 0.024156069, -0.017931467, 0.037219185;
 -0.029847279, 0.72162831, -0.69163698, -0.075101107;
 -0.0037673768, 0.69185913, 0.72202265, 0.016845262;
 0, 0, 0, 1]
Twc:
[0.99954736, -0.029847279, -0.0037673768, -0.039380442;
 0.024156069, 0.72162831, 0.69185913, 0.041641466;
 -0.017931467, -0.69163698, 0.72202265, -0.063437968;
 0, 0, 0, 1]
Ow:
[0.037219185;
 -0.075101107;
 0.016845262]
Keyframe: 3 Frame: 64 Frame from vFrameID : 65
Tcw:
[0.99941009, 0.028604502, -0.019005679, 0.037151571;
 -0.033815648, 0.72304016, -0.68997782, -0.075002506;
 -0.0059946026, 0.6902135, 0.72358096, 0.016998939;
 0, 0, 0, 1]
Twc:
[0.99941009, -0.033815648, -0.0059946026, -0.039564013;
 0.028604502, 0.72304016, 0.6902135, 0.041434225;
 -0.019005679, -0.68997782, 0.72358096, -0.063344084;
 0, 0, 0, 1]
Ow:
[0.037151571;
 -0.075002506;
 0.016998939]
Keyframe: 4 Frame: 65 Frame from vFrameID : 66
Tcw:
[0.99940515, 0.028540269, -0.01936011, 0.037235267;
 -0.034015771, 0.72327298, -0.68972391, -0.074980229;
 -0.0056822612, 0.68997216, 0.72381359, 0.016863633;
 0, 0, 0, 1]
Twc:
[0.99940515, -0.034015771, -0.0056822612, -0.039667804;
 0.028540269, 0.72327298, 0.68997216, 0.041533038;
 -0.01936011, -0.68972391, 0.72381359, -0.063200906;
 0, 0, 0, 1]
Ow:
[0.037235267;
 -0.074980229;
 0.016863633]
Keyframe: 5 Frame: 67 Frame from vFrameID : 68
Tcw:
[0.99958968, 0.022900766, -0.017206363, 0.037696145;
 -0.028461497, 0.72627097, -0.68681908, -0.074770942;
 -0.0032322011, 0.68702698, 0.72662473, 0.016459575;
 0, 0, 0, 1]
Twc:
[0.99958968, -0.028461497, -0.0032322011, -0.039755572;
 0.022900766, 0.72627097, 0.68702698, 0.042132523;
 -0.017206363, -0.68681908, 0.72662473, -0.062665433;
 0, 0, 0, 1]
Ow:
[0.037696145;
 -0.074770942;
 0.016459575]
Keyframe: 6 Frame: 69 Frame from vFrameID : 70
Tcw:
[0.99997175, 0.0036397125, -0.0065774261, 0.037864272;
 -0.007154745, 0.72926712, -0.6841917, -0.074901268;
 0.0023064394, 0.68421942, 0.72927254, 0.016799705;
 0, 0, 0, 1]
Twc:
[0.99997175, -0.007154745, 0.0023064394, -0.038437851;
 0.0036397125, 0.72926712, 0.68421942, 0.042990532;
 -0.0065774261, -0.6841917, 0.72927254, -0.063249342;
 0, 0, 0, 1]
Ow:
[0.037864272;
 -0.074901268;
 0.016799705]
Keyframe: 7 Frame: 71 Frame from vFrameID : 72
Tcw:
[0.9999842, 0.0012196674, -0.0054909787, 0.038075827;
 -0.0046485793, 0.72882605, -0.68468308, -0.074505478;
 0.0031668828, 0.68469781, 0.7288202, 0.016445441;
 0, 0, 0, 1]
Twc:
[0.9999842, -0.0046485793, 0.0031668828, -0.038473651;
 0.0012196674, 0.72882605, 0.68469781, 0.042994939;
 -0.0054909787, -0.68468308, 0.7288202, -0.062789343;
 0, 0, 0, 1]
Ow:
[0.038075827;
 -0.074505478;
 0.016445441]
Keyframe: 8 Frame: 73 Frame from vFrameID : 74
Tcw:
[0.99999666, -0.0016846021, -0.0019597874, 0.03809049;
 -0.00012447654, 0.72606343, -0.68762773, -0.075028032;
 0.0025813091, 0.68762565, 0.72606081, 0.016678803;
 0, 0, 0, 1]
Twc:
[0.99999666, -0.00012447654, 0.0025813091, -0.038142752;
 -0.0016846021, 0.72606343, 0.68762565, 0.043070506;
 -0.0019597874, -0.68762773, 0.72606081, -0.063626528;
 0, 0, 0, 1]
Ow:
[0.03809049;
 -0.075028032;
 0.016678803]
Keyframe: 9 Frame: 77 Frame from vFrameID : 78
Tcw:
[0.99999845, -0.00065681915, 0.0016179496, 0.037876438;
 0.0016004689, 0.71530479, -0.69881076, -0.075190067;
 -0.00069833483, 0.69881231, 0.71530473, 0.016888313;
 0, 0, 0, 1]
Twc:
[0.99999845, 0.0016004689, -0.00069833483, -0.03774425;
 -0.00065681915, 0.71530479, 0.69881231, 0.042006932;
 0.0016179496, -0.69881076, 0.71530473, -0.064685203;
 0, 0, 0, 1]
Ow:
[0.037876438;
 -0.075190067;
 0.016888313]
Keyframe: 10 Frame: 81 Frame from vFrameID : 82
Tcw:
[0.99999815, 0.0019058132, -0.00030990882, 0.037940945;
 -0.0015745541, 0.71200067, -0.70217705, -0.074936062;
 -0.001117563, 0.70217621, 0.71200234, 0.016740395;
 0, 0, 0, 1]
Twc:
[0.99999815, -0.0015745541, -0.001117563, -0.038040157;
 0.0019058132, 0.71200067, 0.70217621, 0.041527506;
 -0.00030990882, -0.70217705, 0.71200234, -0.06452582;
 0, 0, 0, 1]
Ow:
[0.037940945;
 -0.074936062;
 0.016740395]
Keyframe: 11 Frame: 84 Frame from vFrameID : 85
Tcw:
[0.99991238, -0.0058768778, -0.01186133, 0.037424091;
 -0.0041447971, 0.71199256, -0.70217478, -0.074963793;
 0.012571774, 0.70216244, 0.71190578, 0.016867658;
 0, 0, 0, 1]
Twc:
[0.99991238, -0.0041447971, 0.012571774, -0.037943576;
 -0.0058768778, 0.71199256, 0.70216244, 0.041749761;
 -0.01186133, -0.70217478, 0.71190578, -0.064201973;
 0, 0, 0, 1]
Ow:
[0.037424091;
 -0.074963793;
 0.016867658]
Keyframe: 12 Frame: 86 Frame from vFrameID : 87
Tcw:
[0.99984908, -0.010971916, -0.013469604, 0.037471671;
 -0.0016393143, 0.71228343, -0.70189005, -0.074735373;
 0.017295254, 0.70180619, 0.71215796, 0.017115412;
 0, 0, 0, 1]
Twc:
[0.99984908, -0.0016393143, 0.017295254, -0.037884548;
 -0.010971916, 0.71228343, 0.70180619, 0.041632202;
 -0.013469604, -0.70189005, 0.71215796, -0.064140163;
 0, 0, 0, 1]
Ow:
[0.037471671;
 -0.074735373;
 0.017115412]
Keyframe: 13 Frame: 88 Frame from vFrameID : 89
Tcw:
[0.9996863, -0.022746457, -0.010486031, 0.036058977;
 0.0088477153, 0.712358, -0.70176047, -0.075473681;
 0.023432372, 0.70144755, 0.71233577, 0.018264661;
 0, 0, 0, 1]
Twc:
[0.9996863, 0.0088477153, 0.023432372, -0.035807878;
 -0.022746457, 0.712358, 0.70144755, 0.041772794;
 -0.010486031, -0.70176047, 0.71233577, -0.065596901;
 0, 0, 0, 1]
Ow:
[0.036058977;
 -0.075473681;
 0.018264661]
Keyframe: 14 Frame: 93 Frame from vFrameID : 94
Tcw:
[0.99972999, -0.023150889, -0.002002609, 0.033993796;
 0.01518909, 0.71626353, -0.69766456, -0.076580316;
 0.01758595, 0.69744575, 0.71642178, 0.02341347;
 0, 0, 0, 1]
Twc:
[0.99972999, 0.01518909, 0.01758595, -0.033233181;
 -0.023150889, 0.71626353, 0.69744575, 0.039309051;
 -0.002002609, -0.69766456, 0.71642178, -0.070133217;
 0, 0, 0, 1]
Ow:
[0.033993796;
 -0.076580316;
 0.02341347]
Keyframe: 15 Frame: 99 Frame from vFrameID : 100
Tcw:
[0.99994797, -0.0097953677, 0.0028583682, 0.034815524;
 0.0090400241, 0.72050148, -0.69339448, -0.077735327;
 0.0047325953, 0.69338423, 0.7205525, 0.022758219;
 0, 0, 0, 1]
Twc:
[0.99994797, 0.0090400241, 0.0047325953, -0.034218688;
 -0.0097953677, 0.72050148, 0.69338423, 0.040569257;
 0.0028583682, -0.69339448, 0.7205525, -0.070399255;
 0, 0, 0, 1]
Ow:
[0.034815524;
 -0.077735327;
 0.022758219]
Keyframe: 16 Frame: 105 Frame from vFrameID : 106
Tcw:
[0.99996823, -0.0069812965, 0.0038470516, 0.036256891;
 0.0077005192, 0.72139227, -0.69248384, -0.077442363;
 0.0020592015, 0.69249147, 0.72142309, 0.025285948;
 0, 0, 0, 1]
Twc:
[0.99996823, 0.0077005192, 0.0020592015, -0.03571146;
 -0.0069812965, 0.72139227, 0.69249147, 0.038609136;
 0.0038470516, -0.69248384, 0.72142309, -0.072008938;
 0, 0, 0, 1]
Ow:
[0.036256891;
 -0.077442363;
 0.025285948]
Keyframe: 17 Frame: 112 Frame from vFrameID : 113
Tcw:
[0.99994034, -0.009157842, -0.0059580682, 0.039796982;
 0.0022912284, 0.70898938, -0.70521539, -0.078781813;
 0.010682459, 0.70515966, 0.70896804, 0.028130222;
 0, 0, 0, 1]
Twc:
[0.99994034, 0.0022912284, 0.010682459, -0.039914601;
 -0.009157842, 0.70898938, 0.70515966, 0.036383629;
 -0.0059580682, -0.70521539, 0.70896804, -0.075264469;
 0, 0, 0, 1]
Ow:
[0.039796982;
 -0.078781813;
 0.028130222]
Keyframe: 18 Frame: 119 Frame from vFrameID : 120
Tcw:
[0.99833053, 0.035790239, -0.045334317, 0.058517855;
 -0.057658628, 0.66386133, -0.74562967, -0.070803136;
 0.0034094348, 0.74699879, 0.66481662, 0.058230367;
 0, 0, 0, 1]
Twc:
[0.99833053, -0.057658628, 0.0034094348, -0.062701106;
 0.035790239, 0.66386133, 0.74699879, 0.0014110829;
 -0.045334317, -0.74562967, 0.66481662, -0.088852577;
 0, 0, 0, 1]
Ow:
[0.058517855;
 -0.070803136;
 0.058230367]
Keyframe: 19 Frame: 127 Frame from vFrameID : 128
Tcw:
[0.99876851, 0.034274291, -0.035871413, 0.072040133;
 -0.049592182, 0.66855907, -0.74200362, -0.063543394;
 -0.001449489, 0.74286878, 0.6694355, 0.084727146;
 0, 0, 0, 1]
Twc:
[0.99876851, -0.049592182, -0.001449489, -0.074979857;
 0.034274291, 0.66855907, 0.74286878, -0.022927757;
 -0.035871413, -0.74200362, 0.6694355, -0.1012846;
 0, 0, 0, 1]
Ow:
[0.072040133;
 -0.063543394;
 0.084727146]
Keyframe: 20 Frame: 134 Frame from vFrameID : 135
Tcw:
[0.99929374, 0.026919628, -0.026217958, 0.077289656;
 -0.037427101, 0.65071189, -0.75840175, -0.058037139;
 -0.0033555545, 0.75884736, 0.65125984, 0.1044964;
 0, 0, 0, 1]
Twc:
[0.99929374, -0.037427101, -0.0033555545, -0.079056583;
 0.026919628, 0.65071189, 0.75884736, -0.043611974;
 -0.026217958, -0.75840175, 0.65125984, -0.11004341;
 0, 0, 0, 1]
Ow:
[0.077289656;
 -0.058037139;
 0.1044964]
Keyframe: 21 Frame: 142 Frame from vFrameID : 143
Tcw:
[0.99960303, 0.027946288, -0.0035785825, 0.096619084;
 -0.020811951, 0.64679223, -0.76238221, -0.055404205;
 -0.018991154, 0.76215404, 0.64711708, 0.13350084;
 0, 0, 0, 1]
Twc:
[0.99960303, -0.020811951, -0.018991154, -0.09519846;
 0.027946288, 0.64679223, 0.76215404, -0.06861335;
 -0.0035785825, -0.76238221, 0.64711708, -0.12828411;
 0, 0, 0, 1]
Ow:
[0.096619084;
 -0.055404205;
 0.13350084]
Keyframe: 22 Frame: 149 Frame from vFrameID : 150
Tcw:
[0.99994099, 0.0076020472, -0.007760521, 0.10785813;
 -0.010840418, 0.65164649, -0.75844538, -0.040253848;
 -0.00070862105, 0.75848472, 0.65169042, 0.1580838;
 0, 0, 0, 1]
Twc:
[0.99994099, -0.010840418, -0.00070862105, -0.10817611;
 0.0076020472, 0.65164649, 0.75848472, -0.094492808;
 -0.007760521, -0.75844538, 0.65169042, -0.132715;
 0, 0, 0, 1]
Ow:
[0.10785813;
 -0.040253848;
 0.1580838]
Keyframe: 23 Frame: 157 Frame from vFrameID : 158
Tcw:
[0.99889737, 0.023546811, -0.04061459, 0.12688766;
 -0.046315752, 0.63564098, -0.77059418, -0.046230257;
 0.0076712603, 0.77162564, 0.63603067, 0.19135943;
 0, 0, 0, 1]
Twc:
[0.99889737, -0.046315752, 0.0076712603, -0.13035691;
 0.023546811, 0.63564098, 0.77162564, -0.12125979;
 -0.04061459, -0.77059418, 0.63603067, -0.15218174;
 0, 0, 0, 1]
Ow:
[0.12688766;
 -0.046230257;
 0.19135943]
Keyframe: 24 Frame: 164 Frame from vFrameID : 165
Tcw:
[0.99946523, 0.016047509, -0.028490242, 0.14439569;
 -0.031999629, 0.65923738, -0.75125366, -0.057409756;
 0.0067260819, 0.75176364, 0.65939838, 0.22350478;
 0, 0, 0, 1]
Twc:
[0.99946523, -0.031999629, 0.0067260819, -0.14765888;
 0.016047509, 0.65923738, 0.75176364, -0.13249329;
 -0.028490242, -0.75125366, 0.65939838, -0.18639411;
 0, 0, 0, 1]
Ow:
[0.14439569;
 -0.057409756;
 0.22350478]
Keyframe: 25 Frame: 172 Frame from vFrameID : 173
Tcw:
[0.99975944, 0.020938642, 0.0065321391, 0.16812372;
 -0.0087730139, 0.65468544, -0.75585055, -0.070974529;
 -0.02010298, 0.75561136, 0.6547116, 0.27988517;
 0, 0, 0, 1]
Twc:
[0.99975944, -0.0087730139, -0.02010298, -0.16307941;
 0.020938642, 0.65468544, 0.75561136, -0.16853873;
 0.0065321391, -0.75585055, 0.6547116, -0.23798843;
 0, 0, 0, 1]
Ow:
[0.16812372;
 -0.070974529;
 0.27988517]
Keyframe: 26 Frame: 181 Frame from vFrameID : 182
Tcw:
[0.99938625, 0.029389776, 0.01906213, 0.18380587;
 -0.0043087252, 0.64315999, -0.76571971, -0.04516308;
 -0.034764331, 0.76516759, 0.64289188, 0.31952813;
 0, 0, 0, 1]
Twc:
[0.99938625, -0.0043087252, -0.034764331, -0.17277946;
 0.029389776, 0.64315999, 0.76516759, -0.22084752;
 0.01906213, -0.76571971, 0.64289188, -0.24350803;
 0, 0, 0, 1]
Ow:
[0.18380587;
 -0.04516308;
 0.31952813]
Keyframe: 27 Frame: 189 Frame from vFrameID : 190
Tcw:
[0.99931353, 0.0091266101, -0.035904653, 0.19855794;
 -0.033573084, 0.63283253, -0.77356052, -0.047258243;
 0.015661646, 0.77423495, 0.6327045, 0.34024465;
 0, 0, 0, 1]
Twc:
[0.99931353, -0.033573084, 0.015661646, -0.20533703;
 0.0091266101, 0.63283253, 0.77423495, -0.23533492;
 -0.035904653, -0.77356052, 0.6327045, -0.24470229;
 0, 0, 0, 1]
Ow:
[0.19855794;
 -0.047258243;
 0.34024465]
Keyframe: 28 Frame: 198 Frame from vFrameID : 199
Tcw:
[0.99985123, 0.00094803324, -0.01722325, 0.21174592;
 -0.013731827, 0.64802426, -0.76149589, -0.057808846;
 0.01043916, 0.76161915, 0.64794081, 0.38491964;
 0, 0, 0, 1]
Twc:
[0.99985123, -0.013731827, 0.01043916, -0.21652648;
 0.00094803324, 0.64802426, 0.76161915, -0.25590137;
 -0.01722325, -0.76149589, 0.64794081, -0.28977942;
 0, 0, 0, 1]
Ow:
[0.21174592;
 -0.057808846;
 0.38491964]
Keyframe: 29 Frame: 206 Frame from vFrameID : 207
Tcw:
[0.9996683, -0.011833487, -0.022875521, 0.23655744;
 -0.010458262, 0.62516159, -0.78042525, -0.035392597;
 0.023536049, 0.78040564, 0.62483048, 0.39646858;
 0, 0, 0, 1]
Twc:
[0.9996683, -0.010458262, 0.023536049, -0.24618042;
 -0.011833487, 0.62516159, 0.78040564, -0.2844809;
 -0.022875521, -0.78042525, 0.62483048, -0.26993555;
 0, 0, 0, 1]
Ow:
[0.23655744;
 -0.035392597;
 0.39646858]
Keyframe: 30 Frame: 214 Frame from vFrameID : 215
Tcw:
[0.99999398, 0.0031403836, -0.0014795286, 0.25508723;
 -0.0031516259, 0.64259392, -0.76620048, -0.054822892;
 -0.0014554273, 0.76620048, 0.64259994, 0.43772078;
 0, 0, 0, 1]
Twc:
[0.99999398, -0.0031516259, -0.0014554273, -0.25462139;
 0.0031403836, 0.64259392, 0.76620048, -0.3009541;
 -0.0014795286, -0.76620048, 0.64259994, -0.32290727;
 0, 0, 0, 1]
Ow:
[0.25508723;
 -0.054822892;
 0.43772078]
Keyframe: 31 Frame: 223 Frame from vFrameID : 224
Tcw:
[0.99834865, -0.021810237, -0.053143524, 0.27366537;
 -0.026341276, 0.64831644, -0.76091516, -0.076882005;
 0.05104956, 0.76105851, 0.64667135, 0.49216247;
 0, 0, 0, 1]
Twc:
[0.99834865, -0.026341276, 0.05104956, -0.3003633;
 -0.021810237, 0.64831644, 0.76105851, -0.31875187;
 -0.053143524, -0.76091516, 0.64667135, -0.36222452;
 0, 0, 0, 1]
Ow:
[0.27366537;
 -0.076882005;
 0.49216247]
Keyframe: 32 Frame: 233 Frame from vFrameID : 234
Tcw:
[0.99796987, -0.020230737, -0.060388997, 0.28666234;
 -0.033548344, 0.63899636, -0.7684778, -0.074890792;
 0.054135222, 0.76894367, 0.63702041, 0.53815579;
 0, 0, 0, 1]
Twc:
[0.99796987, -0.033548344, 0.054135222, -0.31772602;
 -0.020230737, 0.63899636, 0.76894367, -0.36015719;
 -0.060388997, -0.7684778, 0.63702041, -0.38305691;
 0, 0, 0, 1]
Ow:
[0.28666234;
 -0.074890792;
 0.53815579]
Keyframe: 33 Frame: 242 Frame from vFrameID : 243
Tcw:
[0.99954295, -0.0073903697, -0.029312391, 0.32328004;
 -0.018562645, 0.6152634, -0.78810304, -0.069392383;
 0.023859214, 0.78828698, 0.61484498, 0.590523;
 0, 0, 0, 1]
Twc:
[0.99954295, -0.018562645, 0.023859214, -0.3385098;
 -0.0073903697, 0.6152634, 0.78828698, -0.42041788;
 -0.029312391, -0.78810304, 0.61484498, -0.40829241;
 0, 0, 0, 1]
Ow:
[0.32328004;
 -0.069392383;
 0.590523]
Keyframe: 34 Frame: 251 Frame from vFrameID : 252
Tcw:
[0.99998367, 0.002462615, -0.0051525459, 0.33186787;
 -0.0055296002, 0.64300472, -0.76584226, -0.093510062;
 0.0014271366, 0.76585823, 0.64300787, 0.60673678;
 0, 0, 0, 1]
Twc:
[0.99998367, -0.0055296002, 0.0014271366, -0.33324546;
 0.002462615, 0.64300472, 0.76585823, -0.40536425;
 -0.0051525459, -0.76584226, 0.64300787, -0.46004051;
 0, 0, 0, 1]
Ow:
[0.33186787;
 -0.093510062;
 0.60673678]
Keyframe: 35 Frame: 259 Frame from vFrameID : 260
Tcw:
[0.99330229, -0.06296774, -0.096879624, 0.35325691;
 -0.035118129, 0.63426989, -0.77231371, -0.083279014;
 0.11007868, 0.77054316, 0.62781042, 0.64224744;
 0, 0, 0, 1]
Twc:
[0.99330229, -0.035118129, 0.11007868, -0.42451322;
 -0.06296774, 0.63426989, 0.77054316, -0.41981423;
 -0.096879624, -0.77231371, 0.62781042, -0.43330374;
 0, 0, 0, 1]
Ow:
[0.35325691;
 -0.083279014;
 0.64224744]
Keyframe: 36 Frame: 268 Frame from vFrameID : 269
Tcw:
[0.99283665, -0.057707112, -0.1046198, 0.37206221;
 -0.041575272, 0.65404582, -0.75531161, -0.092553169;
 0.11201299, 0.75425059, 0.64696145, 0.66762269;
 0, 0, 0, 1]
Twc:
[0.99283665, -0.041575272, 0.11201299, -0.44802734;
 -0.057707112, 0.65404582, 0.75425059, -0.42155021;
 -0.1046198, -0.75531161, 0.64696145, -0.46290755;
 0, 0, 0, 1]
Ow:
[0.37206221;
 -0.092553169;
 0.66762269]
Keyframe: 37 Frame: 276 Frame from vFrameID : 277
Tcw:
[0.99723458, -0.039039828, -0.063238412, 0.38274261;
 -0.022364408, 0.65382922, -0.7563116, -0.09079051;
 0.070873395, 0.75563431, 0.65114802, 0.69013083;
 0, 0, 0, 1]
Twc:
[0.99723458, -0.022364408, 0.070873395, -0.43262655;
 -0.039039828, 0.65382922, 0.75563431, -0.44718292;
 -0.063238412, -0.7563116, 0.65114802, -0.4938392;
 0, 0, 0, 1]
Ow:
[0.38274261;
 -0.09079051;
 0.69013083]
Keyframe: 38 Frame: 285 Frame from vFrameID : 286
Tcw:
[0.99988806, -0.012105624, 0.0087907333, 0.39094934;
 0.014421408, 0.62356031, -0.78164226, -0.079482079;
 0.0039807148, 0.78168154, 0.62366509, 0.7359972;
 0, 0, 0, 1]
Twc:
[0.99988806, 0.014421408, 0.0039807148, -0.39268914;
 -0.012105624, 0.62356031, 0.78168154, -0.52102089;
 0.0087907333, -0.78164226, 0.62366509, -0.52457905;
 0, 0, 0, 1]
Ow:
[0.39094934;
 -0.079482079;
 0.7359972]
Keyframe: 39 Frame: 294 Frame from vFrameID : 295
Tcw:
[0.99938184, -0.019453242, 0.029282946, 0.40066886;
 0.034869839, 0.65450454, -0.75525349, -0.11470568;
 -0.0044736927, 0.75580776, 0.6547783, 0.753317;
 0, 0, 0, 1]
Twc:
[0.99938184, 0.034869839, -0.0044736927, -0.39305133;
 -0.019453242, 0.65450454, 0.75580776, -0.48649311;
 0.029282946, -0.75525349, 0.6547783, -0.59162027;
 0, 0, 0, 1]
Ow:
[0.40066886;
 -0.11470568;
 0.753317]
Keyframe: 40 Frame: 303 Frame from vFrameID : 304
Tcw:
[0.99963045, -0.025740683, -0.0087370183, 0.42395025;
 0.010050181, 0.64861453, -0.7610507, -0.14193359;
 0.025256922, 0.76068169, 0.64863354, 0.80166376;
 0, 0, 0, 1]
Twc:
[0.99963045, 0.010050181, 0.025256922, -0.4426147;
 -0.025740683, 0.64861453, 0.76068169, -0.50683796;
 -0.0087370183, -0.7610507, 0.64863354, -0.6243006;
 0, 0, 0, 1]
Ow:
[0.42395025;
 -0.14193359;
 0.80166376]
Keyframe: 41 Frame: 310 Frame from vFrameID : 311
Tcw:
[0.99995983, -0.007421074, -0.0050310488, 0.42524382;
 0.00086584489, 0.63845313, -0.76966017, -0.15999505;
 0.0089237941, 0.76962489, 0.63843393, 0.82678491;
 0, 0, 0, 1]
Twc:
[0.99995983, 0.00086584489, 0.0089237941, -0.43246627;
 -0.007421074, 0.63845313, 0.76962489, -0.53100914;
 -0.0050310488, -0.76966017, 0.63843393, -0.6488499;
 0, 0, 0, 1]
Ow:
[0.42524382;
 -0.15999505;
 0.82678491]
Keyframe: 42 Frame: 318 Frame from vFrameID : 319
Tcw:
[0.99907756, -0.0052693291, 0.042618051, 0.43666509;
 0.035800938, 0.65025949, -0.75886816, -0.18556398;
 -0.023714067, 0.75969386, 0.64984834, 0.85438704;
 0, 0, 0, 1]
Twc:
[0.99907756, 0.035800938, -0.023714067, -0.40935791;
 -0.0052693291, 0.65025949, 0.75969386, -0.52610695;
 0.042618051, -0.75886816, 0.64984834, -0.71465039;
 0, 0, 0, 1]
Ow:
[0.43666509;
 -0.18556398;
 0.85438704]
Keyframe: 43 Frame: 327 Frame from vFrameID : 328
Tcw:
[0.99924749, -0.0030125289, 0.038669471, 0.44608012;
 0.031235812, 0.65354592, -0.7562421, -0.17233789;
 -0.022994073, 0.75688088, 0.65314823, 0.88373041;
 0, 0, 0, 1]
Twc:
[0.99924749, 0.031235812, -0.022994073, -0.42004079;
 -0.0030125289, 0.65354592, 0.75688088, -0.5549041;
 0.038669471, -0.7562421, 0.65314823, -0.7247858;
 0, 0, 0, 1]
Ow:
[0.44608012;
 -0.17233789;
 0.88373041]
Keyframe: 44 Frame: 335 Frame from vFrameID : 336
Tcw:
[0.99995792, -0.009135304, -0.00082300056, 0.4719533;
 0.0054092025, 0.65979213, -0.75142872, -0.1671637;
 0.0074075391, 0.75139266, 0.65981376, 0.90979779;
 0, 0, 0, 1]
Twc:
[0.99995792, 0.0054092025, 0.0074075391, -0.4777686;
 -0.009135304, 0.65979213, 0.75139266, -0.56901067;
 -0.00082300056, -0.75142872, 0.65981376, -0.72552031;
 0, 0, 0, 1]
Ow:
[0.4719533;
 -0.1671637;
 0.90979779]
Keyframe: 45 Frame: 345 Frame from vFrameID : 346
Tcw:
[0.99991477, -0.0059727528, 0.011609554, 0.49110112;
 0.012656579, 0.66167897, -0.7496804, -0.19020343;
 -0.0032041422, 0.74976343, 0.66169816, 0.95382571;
 0, 0, 0, 1]
Twc:
[0.99991477, 0.012656579, -0.0032041422, -0.48559573;
 -0.0059727528, 0.66167897, 0.74976343, -0.58635688;
 0.011609554, -0.7496804, 0.66169816, -0.77943802;
 0, 0, 0, 1]
Ow:
[0.49110112;
 -0.19020343;
 0.95382571]
Keyframe: 46 Frame: 353 Frame from vFrameID : 354
Tcw:
[0.99890983, 0.0027381785, 0.046600569, 0.49635163;
 0.033702865, 0.64841568, -0.76054007, -0.18888068;
 -0.032299034, 0.76128155, 0.64761651, 0.99109232;
 0, 0, 0, 1]
Twc:
[0.99890983, 0.033702865, -0.032299034, -0.4574334;
 0.0027381785, 0.64841568, 0.76128155, -0.63338619;
 0.046600569, -0.76054007, 0.64761651, -0.80862939;
 0, 0, 0, 1]
Ow:
[0.49635163;
 -0.18888068;
 0.99109232]
Keyframe: 47 Frame: 361 Frame from vFrameID : 362
Tcw:
[0.99962735, -0.0099080205, 0.025436223, 0.52778774;
 0.02577791, 0.64920938, -0.76017278, -0.18974859;
 -0.0089816265, 0.76054519, 0.64922285, 1.0154699;
 0, 0, 0, 1]
Twc:
[0.99962735, 0.02577791, -0.0089816265, -0.51357919;
 -0.0099080205, 0.64920938, 0.76054519, -0.64389491;
 0.025436223, -0.76017278, 0.64922285, -0.81693292;
 0, 0, 0, 1]
Ow:
[0.52778774;
 -0.18974859;
 1.0154699]
Keyframe: 48 Frame: 368 Frame from vFrameID : 369
Tcw:
[0.99992198, -0.011480898, -0.0049274759, 0.53178662;
 0.0038449871, 0.65804344, -0.75297016, -0.18704313;
 0.011887266, 0.75289243, 0.65803623, 1.0404304;
 0, 0, 0, 1]
Twc:
[0.99992198, 0.0038449871, 0.011887266, -0.54339379;
 -0.011480898, 0.65804344, 0.75289243, -0.65414429;
 -0.0049274759, -0.75297016, 0.65803623, -0.82285845;
 0, 0, 0, 1]
Ow:
[0.53178662;
 -0.18704313;
 1.0404304]
Keyframe: 49 Frame: 376 Frame from vFrameID : 377
Tcw:
[0.99951524, -0.030949501, -0.0033871161, 0.56349653;
 0.017924372, 0.66096997, -0.75019825, -0.19384849;
 0.025457043, 0.74977386, 0.66120428, 1.0734254;
 0, 0, 0, 1]
Twc:
[0.99951524, 0.017924372, 0.025457043, -0.587075;
 -0.030949501, 0.66096997, 0.74977386, -0.65925831;
 -0.0033871161, -0.75019825, 0.66120428, -0.8532697;
 0, 0, 0, 1]
Ow:
[0.56349653;
 -0.19384849;
 1.0734254]
Keyframe: 50 Frame: 384 Frame from vFrameID : 385
Tcw:
[0.99875021, -0.048551518, -0.011864477, 0.5865109;
 0.023080064, 0.65858179, -0.75215513, -0.19630888;
 0.044332001, 0.75094128, 0.65887928, 1.1091106;
 0, 0, 0, 1]
Twc:
[0.99875021, 0.023080064, 0.044332001, -0.63041621;
 -0.048551518, 0.65858179, 0.75094128, -0.67511547;
 -0.011864477, -0.75215513, 0.65887928, -0.8714661;
 0, 0, 0, 1]
Ow:
[0.5865109;
 -0.19630888;
 1.1091106]
Keyframe: 51 Frame: 392 Frame from vFrameID : 393
Tcw:
[0.99702793, -0.07649263, 0.0091743525, 0.60582852;
 0.057785638, 0.66375619, -0.74571341, -0.13547084;
 0.050952047, 0.74402726, 0.66620368, 1.1118165;
 0, 0, 0, 1]
Twc:
[0.99702793, 0.057785638, 0.050952047, -0.65284902;
 -0.07649263, 0.66375619, 0.74402726, -0.69096076;
 0.0091743525, -0.74571341, 0.66620368, -0.84727675;
 0, 0, 0, 1]
Ow:
[0.60582852;
 -0.13547084;
 1.1118165]
Keyframe: 52 Frame: 400 Frame from vFrameID : 401
Tcw:
[0.9883638, -0.14362808, 0.050080057, 0.60339457;
 0.13236491, 0.64990664, -0.7483989, -0.14975947;
 0.074943736, 0.74631923, 0.6613555, 1.181819;
 0, 0, 0, 1]
Twc:
[0.9883638, 0.13236491, 0.074943736, -0.66512036;
 -0.14362808, 0.64990664, 0.74631923, -0.69802016;
 0.050080057, -0.7483989, 0.6613555, -0.92390037;
 0, 0, 0, 1]
Ow:
[0.60339457;
 -0.14975947;
 1.181819]
Keyframe: 53 Frame: 408 Frame from vFrameID : 409
Tcw:
[0.9886291, -0.15018284, 0.007592109, 0.60045534;
 0.10120452, 0.62717235, -0.77227747, -0.08298111;
 0.11122126, 0.76426435, 0.63524002, 1.214344;
 0, 0, 0, 1]
Twc:
[0.9886291, 0.10120452, 0.11122126, -0.72029042;
 -0.15018284, 0.62717235, 0.76426435, -0.78585827;
 0.007592109, -0.77227747, 0.63524002, -0.84004307;
 0, 0, 0, 1]
Ow:
[0.60045534;
 -0.08298111;
 1.214344]
Keyframe: 54 Frame: 415 Frame from vFrameID : 416
Tcw:
[0.99053323, -0.13651295, -0.014426284, 0.63304722;
 0.079679891, 0.65734524, -0.74936533, -0.12270892;
 0.11178112, 0.74112177, 0.66199964, 1.2398795;
 0, 0, 0, 1]
Twc:
[0.99053323, 0.079679891, 0.11178112, -0.75587201;
 -0.13651295, 0.65734524, 0.74112177, -0.75182045;
 -0.014426284, -0.74936533, 0.66199964, -0.90362108;
 0, 0, 0, 1]
Ow:
[0.63304722;
 -0.12270892;
 1.2398795]
Keyframe: 55 Frame: 423 Frame from vFrameID : 424
Tcw:
[0.9890545, -0.12957945, -0.070571877, 0.63808125;
 0.037945364, 0.6855762, -0.72701132, -0.15195864;
 0.14258812, 0.71637595, 0.68298912, 1.2648394;
 0, 0, 0, 1]
Twc:
[0.9890545, 0.037945364, 0.14258812, -0.80568206;
 -0.12957945, 0.6855762, 0.71637595, -0.71923912;
 -0.070571877, -0.72701132, 0.68298912, -0.9293167;
 0, 0, 0, 1]
Ow:
[0.63808125;
 -0.15195864;
 1.2648394]
Keyframe: 56 Frame: 431 Frame from vFrameID : 432
Tcw:
[0.99328929, -0.10946073, -0.037346218, 0.64690787;
 0.049577869, 0.69471395, -0.71757549, -0.16528237;
 0.10449128, 0.71090847, 0.69547874, 1.2901974;
 0, 0, 0, 1]
Twc:
[0.99328929, 0.049577869, 0.10449128, -0.76918668;
 -0.10946073, 0.69471395, 0.71090847, -0.7315774;
 -0.037346218, -0.71757549, 0.69547874, -0.99174792;
 0, 0, 0, 1]
Ow:
[0.64690787;
 -0.16528237;
 1.2901974]
Keyframe: 57 Frame: 439 Frame from vFrameID : 440
Tcw:
[0.99207246, -0.12510827, 0.011837823, 0.64168024;
 0.095678672, 0.69089997, -0.71659112, -0.12734026;
 0.081472725, 0.71204299, 0.697393, 1.326201;
 0, 0, 0, 1]
Twc:
[0.99207246, 0.095678672, 0.081472725, -0.73245871;
 -0.12510827, 0.69089997, 0.71204299, -0.77605319;
 0.011837823, -0.71659112, 0.697393, -1.0237304;
 0, 0, 0, 1]
Ow:
[0.64168024;
 -0.12734026;
 1.326201]
Keyframe: 58 Frame: 446 Frame from vFrameID : 447
Tcw:
[0.98703301, -0.15488301, -0.042155731, 0.69063145;
 0.078526579, 0.69496781, -0.71474004, -0.15487486;
 0.13999797, 0.70216161, 0.69811863, 1.3527006;
 0, 0, 0, 1]
Twc:
[0.98703301, 0.078526579, 0.13999797, -0.85888958;
 -0.15488301, 0.69496781, 0.70216161, -0.73521435;
 -0.042155731, -0.71474004, 0.69811863, -1.0259266;
 0, 0, 0, 1]
Ow:
[0.69063145;
 -0.15487486;
 1.3527006]
Keyframe: 59 Frame: 454 Frame from vFrameID : 455
Tcw:
[0.98212558, -0.18075784, -0.052496899, 0.72025031;
 0.089193471, 0.69252598, -0.71585774, -0.17077959;
 0.16575237, 0.69837981, 0.69626987, 1.3917427;
 0, 0, 0, 1]
Twc:
[0.98212558, 0.089193471, 0.16575237, -0.92282856;
 -0.18075784, 0.69252598, 0.69837981, -0.7235049;
 -0.052496899, -0.71585774, 0.69626987, -1.0534716;
 0, 0, 0, 1]
Ow:
[0.72025031;
 -0.17077959;
 1.3917427]
Keyframe: 60 Frame: 463 Frame from vFrameID : 464
Tcw:
[0.988787, -0.14796969, -0.020130742, 0.72051001;
 0.087241694, 0.68179417, -0.72632331, -0.17459172;
 0.12119887, 0.7164228, 0.68705833, 1.4179201;
 0, 0, 0, 1]
Twc:
[0.988787, 0.087241694, 0.12119887, -0.86904955;
 -0.14796969, 0.68179417, 0.7164228, -0.7901811;
 -0.020130742, -0.72632331, 0.68705833, -1.0864996;
 0, 0, 0, 1]
Ow:
[0.72051001;
 -0.17459172;
 1.4179201]
Keyframe: 61 Frame: 472 Frame from vFrameID : 473
Tcw:
[0.98328191, -0.17902061, -0.033290599, 0.7465719;
 0.1053713, 0.70851773, -0.69778186, -0.17310345;
 0.14850432, 0.68260843, 0.7155363, 1.4449248;
 0, 0, 0, 1]
Twc:
[0.98328191, 0.1053713, 0.14850432, -0.93042809;
 -0.17902061, 0.70851773, 0.68260843, -0.73001921;
 -0.033290599, -0.69778186, 0.7155363, -1.1298308;
 0, 0, 0, 1]
Ow:
[0.7465719;
 -0.17310345;
 1.4449248]
Keyframe: 62 Frame: 480 Frame from vFrameID : 481
Tcw:
[0.97375125, -0.19815637, -0.11199341, 0.75752854;
 0.063252613, 0.70822793, -0.70314461, -0.17591459;
 0.21864945, 0.67760408, 0.70217174, 1.462137;
 0, 0, 0, 1]
Twc:
[0.97375125, 0.063252613, 0.21864945, -1.0462128;
 -0.19815637, 0.70822793, 0.67760408, -0.71605325;
 -0.11199341, -0.70314461, 0.70217174, -1.0655265;
 0, 0, 0, 1]
Ow:
[0.75752854;
 -0.17591459;
 1.462137]
Keyframe: 63 Frame: 488 Frame from vFrameID : 489
Tcw:
[0.96938008, -0.21599819, -0.11682054, 0.76558834;
 0.076820157, 0.71858287, -0.69118547, -0.16819084;
 0.23324004, 0.66104728, 0.71317291, 1.4866288;
 0, 0, 0, 1]
Twc:
[0.96938008, 0.076820157, 0.23324004, -1.075967;
 -0.21599819, 0.71858287, 0.66104728, -0.69650716;
 -0.11682054, -0.69118547, 0.71317291, -1.087038;
 0, 0, 0, 1]
Ow:
[0.76558834;
 -0.16819084;
 1.4866288]
Keyframe: 64 Frame: 496 Frame from vFrameID : 497
Tcw:
[0.97137707, -0.22737764, -0.068745494, 0.78275013;
 0.11474938, 0.7025575, -0.70231438, -0.17831588;
 0.20798825, 0.67432362, 0.70853972, 1.5115416;
 0, 0, 0, 1]
Twc:
[0.97137707, 0.11474938, 0.20798825, -1.0542668;
 -0.22737764, 0.7025575, 0.67432362, -0.71601117;
 -0.068745494, -0.70231438, 0.70853972, -1.1424105;
 0, 0, 0, 1]
Ow:
[0.78275013;
 -0.17831588;
 1.5115416]
Keyframe: 65 Frame: 503 Frame from vFrameID : 504
Tcw:
[0.98244476, -0.18471153, 0.026151638, 0.75964582;
 0.15149501, 0.70813334, -0.68963498, -0.15310067;
 0.10886469, 0.68149012, 0.72368479, 1.5487782;
 0, 0, 0, 1]
Twc:
[0.98244476, 0.15149501, 0.10886469, -0.89172333;
 -0.18471153, 0.70813334, 0.68149012, -0.80674607;
 0.026151638, -0.68963498, 0.72368479, -1.2462767;
 0, 0, 0, 1]
Ow:
[0.75964582;
 -0.15310067;
 1.5487782]
Keyframe: 66 Frame: 511 Frame from vFrameID : 512
Tcw:
[0.98625439, -0.15428506, 0.059146844, 0.73612249;
 0.15350291, 0.72305274, -0.67352182, -0.14379805;
 0.061148066, 0.67334306, 0.73679715, 1.5426565;
 0, 0, 0, 1]
Twc:
[0.98625439, 0.15350291, 0.061148066, -0.79826111;
 -0.15428506, 0.72305274, 0.67334306, -0.82119077;
 0.059146844, -0.67352182, 0.73679715, -1.2770153;
 0, 0, 0, 1]
Ow:
[0.73612249;
 -0.14379805;
 1.5426565]
Keyframe: 67 Frame: 518 Frame from vFrameID : 519
Tcw:
[0.98516989, -0.17019515, 0.021768833, 0.74017686;
 0.1388102, 0.71599001, -0.68417108, -0.16315502;
 0.10085633, 0.67704648, 0.72899657, 1.5989577;
 0, 0, 0, 1]
Twc:
[0.98516989, 0.1388102, 0.10085633, -0.8678174;
 -0.17019515, 0.71599001, 0.67704648, -0.83977681;
 0.021768833, -0.68417108, 0.72899657, -1.2933735;
 0, 0, 0, 1]
Ow:
[0.74017686;
 -0.16315502;
 1.5989577]
Keyframe: 68 Frame: 526 Frame from vFrameID : 527
Tcw:
[0.99242246, -0.12201555, 0.014486161, 0.75326973;
 0.098016329, 0.71504569, -0.69217229, -0.17949528;
 0.074097514, 0.68834722, 0.72158688, 1.605139;
 0, 0, 0, 1]
Twc:
[0.99242246, 0.098016329, 0.074097514, -0.84890515;
 -0.12201555, 0.71504569, 0.68834722, -0.88463515;
 0.014486161, -0.69217229, 0.72158688, -1.293401;
 0, 0, 0, 1]
Ow:
[0.75326973;
 -0.17949528;
 1.605139]
Keyframe: 69 Frame: 535 Frame from vFrameID : 536
Tcw:
[0.98944384, -0.12020464, 0.080942459, 0.70760638;
 0.14077508, 0.66468495, -0.73374128, -0.19601727;
 0.034397878, 0.73739052, 0.67459029, 1.6413341;
 0, 0, 0, 1]
Twc:
[0.98944384, 0.14077508, 0.034397878, -0.72900087;
 -0.12020464, 0.66468495, 0.73739052, -0.99495679;
 0.080942459, -0.73374128, 0.67459029, -1.3083293;
 0, 0, 0, 1]
Ow:
[0.70760638;
 -0.19601727;
 1.6413341]
Keyframe: 70 Frame: 543 Frame from vFrameID : 544
Tcw:
[0.97922707, -0.11834568, 0.16464698, 0.7510047;
 0.2008296, 0.67804205, -0.70705479, -0.19353282;
 -0.027960693, 0.72543317, 0.68772441, 1.6651496;
 0, 0, 0, 1]
Twc:
[0.97922707, 0.2008296, -0.027960693, -0.64997828;
 -0.11834568, 0.67804205, 0.72543317, -0.98785323;
 0.16464698, -0.70705479, 0.68772441, -1.405653;
 0, 0, 0, 1]
Ow:
[0.7510047;
 -0.19353282;
 1.6651496]
Keyframe: 71 Frame: 551 Frame from vFrameID : 552
Tcw:
[0.98506194, -0.10903729, 0.1332809, 0.76990497;
 0.17215933, 0.64046949, -0.74843836, -0.18062264;
 -0.0037546512, 0.76020372, 0.64967394, 1.6901698;
 0, 0, 0, 1]
Twc:
[0.98506194, 0.17215933, -0.0037546512, -0.72096223;
 -0.10903729, 0.64046949, 0.76020372, -1.0852417;
 0.1332809, -0.74843836, 0.64967394, -1.3358577;
 0, 0, 0, 1]
Ow:
[0.76990497;
 -0.18062264;
 1.6901698]
Keyframe: 72 Frame: 558 Frame from vFrameID : 559
Tcw:
[0.98872513, -0.084206559, 0.12382198, 0.76545;
 0.1486482, 0.65170133, -0.74376684, -0.19137287;
 -0.018064896, 0.75378686, 0.6568706, 1.7054412;
 0, 0, 0, 1]
Twc:
[0.98872513, 0.1486482, -0.018064896, -0.69756383;
 -0.084206559, 0.65170133, 0.75378686, -1.0963655;
 0.12382198, -0.74376684, 0.6568706, -1.3573706;
 0, 0, 0, 1]
Ow:
[0.76545;
 -0.19137287;
 1.7054412]
Keyframe: 73 Frame: 566 Frame from vFrameID : 567
Tcw:
[0.99126261, -0.067546904, 0.11329514, 0.75794268;
 0.12926555, 0.66837323, -0.73250777, -0.19838876;
 -0.02624481, 0.74075276, 0.67126495, 1.7247522;
 0, 0, 0, 1]
Twc:
[0.99126261, 0.12926555, -0.02624481, -0.68040967;
 -0.067546904, 0.66837323, 0.74075276, -1.0938205;
 0.11329514, -0.73250777, 0.67126495, -1.388958;
 0, 0, 0, 1]
Ow:
[0.75794268;
 -0.19838876;
 1.7247522]
Keyframe: 74 Frame: 573 Frame from vFrameID : 574
Tcw:
[0.99211204, -0.03767607, 0.11955844, 0.76131952;
 0.11447056, 0.66101724, -0.74158794, -0.19817317;
 -0.051090073, 0.74942422, 0.66011596, 1.7394376;
 0, 0, 0, 1]
Twc:
[0.99211204, 0.11447056, -0.051090073, -0.64376128;
 -0.03767607, 0.66101724, 0.74942422, -1.1438973;
 0.11955844, -0.74158794, 0.66011596, -1.3862156;
 0, 0, 0, 1]
Ow:
[0.76131952;
 -0.19817317;
 1.7394376]
Keyframe: 75 Frame: 580 Frame from vFrameID : 581
Tcw:
[0.98794186, -0.012009245, 0.1543587, 0.7744087;
 0.12056277, 0.68517584, -0.7183305, -0.21114957;
 -0.097136237, 0.7282787, 0.67836177, 1.7602785;
 0, 0, 0, 1]
Twc:
[0.98794186, 0.12056277, -0.097136237, -0.56862718;
 -0.012009245, 0.68517584, 0.7282787, -1.1279986;
 0.1543587, -0.7183305, 0.67836177, -1.4653175;
 0, 0, 0, 1]
Ow:
[0.7744087;
 -0.21114957;
 1.7602785]
Keyframe: 76 Frame: 588 Frame from vFrameID : 589
Tcw:
[0.99253017, -0.019886257, 0.12036765, 0.76222384;
 0.10336657, 0.66113198, -0.74311495, -0.16153598;
 -0.064801127, 0.75000602, 0.65824902, 1.7806461;
 0, 0, 0, 1]
Twc:
[0.99253017, 0.10336657, -0.064801127, -0.6244449;
 -0.019886257, 0.66113198, 0.75000602, -1.2135409;
 0.12036765, -0.74311495, 0.65824902, -1.3838954;
 0, 0, 0, 1]
Ow:
[0.76222384;
 -0.16153598;
 1.7806461]
Keyframe: 77 Frame: 596 Frame from vFrameID : 597
Tcw:
[0.99575394, -0.025330195, 0.088501506, 0.77723318;
 0.082242534, 0.67669713, -0.73165369, -0.16207814;
 -0.041355785, 0.73582566, 0.67590702, 1.7946191;
 0, 0, 0, 1]
Twc:
[0.99575394, 0.082242534, -0.041355785, -0.68638539;
 -0.025330195, 0.67669713, 0.73582566, -1.1911614;
 0.088501506, -0.73165369, 0.67590702, -1.400367;
 0, 0, 0, 1]
Ow:
[0.77723318;
 -0.16207814;
 1.7946191]
Keyframe: 78 Frame: 605 Frame from vFrameID : 606
Tcw:
[0.9952262, -0.018229326, 0.095877796, 0.78614789;
 0.08289662, 0.67637217, -0.73188037, -0.15706503;
 -0.051507391, 0.73633444, 0.67465442, 1.8053993;
 0, 0, 0, 1]
Twc:
[0.9952262, 0.08289662, -0.051507391, -0.67638338;
 -0.018229326, 0.67637217, 0.73633444, -1.2088122;
 0.095877796, -0.73188037, 0.67465442, -1.4083476;
 0, 0, 0, 1]
Ow:
[0.78614789;
 -0.15706503;
 1.8053993]
Keyframe: 79 Frame: 612 Frame from vFrameID : 613
Tcw:
[0.99105525, -0.0034935335, 0.13340659, 0.79167616;
 0.10074986, 0.67514384, -0.73077375, -0.12480813;
 -0.08751566, 0.73767781, 0.66945684, 1.8154371;
 0, 0, 0, 1]
Twc:
[0.99105525, 0.10074986, -0.08751566, -0.61314124;
 -0.0034935335, 0.67514384, 0.73767781, -1.2521785;
 0.13340659, -0.73077375, 0.66945684, -1.412178;
 0, 0, 0, 1]
Ow:
[0.79167616;
 -0.12480813;
 1.8154371]
Keyframe: 80 Frame: 620 Frame from vFrameID : 621
Tcw:
[0.99180633, -0.0069078803, 0.12756343, 0.80107641;
 0.09974964, 0.66572118, -0.73950344, -0.13567436;
 -0.079813279, 0.74616861, 0.66095555, 1.8393112;
 0, 0, 0, 1]
Twc:
[0.99180633, 0.09974964, -0.079813279, -0.6341778;
 -0.0069078803, 0.66572118, 0.74616861, -1.2765813;
 0.12756343, -0.73950344, 0.66095555, -1.4182227;
 0, 0, 0, 1]
Ow:
[0.80107641;
 -0.13567436;
 1.8393112]
Keyframe: 81 Frame: 628 Frame from vFrameID : 629
Tcw:
[0.99637139, 0.00095728593, 0.085106395, 0.81651545;
 0.062355496, 0.67237312, -0.73758131, -0.12749439;
 -0.05792933, 0.74021178, 0.66987365, 1.8514271;
 0, 0, 0, 1]
Twc:
[0.99637139, 0.062355496, -0.05792933, -0.69835073;
 0.00095728593, 0.67237312, 0.74021178, -1.285506;
 0.085106395, -0.73758131, 0.66987365, -1.4037504;
 0, 0, 0, 1]
Ow:
[0.81651545;
 -0.12749439;
 1.8514271]
Keyframe: 82 Frame: 636 Frame from vFrameID : 637
Tcw:
[0.99549973, -0.018402435, 0.092960626, 0.82409084;
 0.079923213, 0.69011956, -0.71926856, -0.14595801;
 -0.050917659, 0.72346133, 0.68848461, 1.8806243;
 0, 0, 0, 1]
Twc:
[0.99549973, 0.079923213, -0.050917659, -0.71295977;
 -0.018402435, 0.69011956, 0.72346133, -1.2446653;
 0.092960626, -0.71926856, 0.68848461, -1.4763719;
 0, 0, 0, 1]
Ow:
[0.82409084;
 -0.14595801;
 1.8806243]
Keyframe: 83 Frame: 644 Frame from vFrameID : 645
Tcw:
[0.99029702, -0.010765568, 0.13854922, 0.83194244;
 0.10710073, 0.6944173, -0.71155745, -0.12030125;
 -0.088550657, 0.71949196, 0.6888324, 1.8885956;
 0, 0, 0, 1]
Twc:
[0.99029702, 0.10710073, -0.088550657, -0.64374936;
 -0.010765568, 0.6944173, 0.71949196, -1.2663338;
 0.13854922, -0.71155745, 0.6888324, -1.5017921;
 0, 0, 0, 1]
Ow:
[0.83194244;
 -0.12030125;
 1.8885956]
Keyframe: 84 Frame: 652 Frame from vFrameID : 653
Tcw:
[0.98935461, -0.025627872, 0.14325041, 0.82143396;
 0.12155695, 0.68673682, -0.71667039, -0.066707909;
 -0.080008589, 0.72645426, 0.68254149, 1.8813214;
 0, 0, 0, 1]
Twc:
[0.98935461, 0.12155695, -0.080008589, -0.65405875;
 -0.025627872, 0.68673682, 0.72645426, -1.2998315;
 0.14325041, -0.71667039, 0.68254149, -1.4495583;
 0, 0, 0, 1]
Ow:
[0.82143396;
 -0.066707909;
 1.8813214]
Keyframe: 85 Frame: 660 Frame from vFrameID : 661
Tcw:
[0.99359065, -0.03870935, 0.10620349, 0.84317142;
 0.10349723, 0.6893186, -0.71702731, -0.082419455;
 -0.045452382, 0.72342342, 0.68890685, 1.8992243;
 0, 0, 0, 1]
Twc:
[0.99359065, 0.10349723, -0.045452382, -0.74291283;
 -0.03870935, 0.6893186, 0.72342342, -1.2844914;
 0.10620349, -0.71702731, 0.68890685, -1.4570333;
 0, 0, 0, 1]
Ow:
[0.84317142;
 -0.082419455;
 1.8992243]
Keyframe: 86 Frame: 668 Frame from vFrameID : 669
Tcw:
[0.99410921, -0.027990486, 0.10470654, 0.81972396;
 0.09556888, 0.68206155, -0.72502315, -0.048255861;
 -0.051122554, 0.73075891, 0.68071872, 1.9211171;
 0, 0, 0, 1]
Twc:
[0.99410921, 0.09556888, -0.051122554, -0.71207094;
 -0.027990486, 0.68206155, 0.73075891, -1.3480154;
 0.10470654, -0.72502315, 0.68071872, -1.4285573;
 0, 0, 0, 1]
Ow:
[0.81972396;
 -0.048255861;
 1.9211171]
Keyframe: 87 Frame: 677 Frame from vFrameID : 678
Tcw:
[0.99212778, -0.029270783, 0.12176071, 0.85246819;
 0.10621083, 0.71179318, -0.69431239, -0.072203517;
 -0.066345379, 0.70177889, 0.70929873, 1.9368554;
 0, 0, 0, 1]
Twc:
[0.99212778, 0.10621083, -0.066345379, -0.70958716;
 -0.029270783, 0.71179318, 0.70177889, -1.2828979;
 0.12176071, -0.69431239, 0.70929873, -1.5277379;
 0, 0, 0, 1]
Ow:
[0.85246819;
 -0.072203517;
 1.9368554]
Keyframe: 88 Frame: 685 Frame from vFrameID : 686
Tcw:
[0.98797071, -0.03884463, 0.14968304, 0.84595132;
 0.13507906, 0.68799269, -0.71303552, -0.061944962;
 -0.075283237, 0.72467726, 0.68496376, 1.9588683;
 0, 0, 0, 1]
Twc:
[0.98797071, 0.13507906, -0.075283237, -0.67993772;
 -0.03884463, 0.68799269, 0.72467726, -1.3440689;
 0.14968304, -0.71303552, 0.68496376, -1.5125473;
 0, 0, 0, 1]
Ow:
[0.84595132;
 -0.061944962;
 1.9588683]
Keyframe: 89 Frame: 692 Frame from vFrameID : 693
Tcw:
[0.99038643, -0.033842627, 0.13412438, 0.85875911;
 0.11957047, 0.69697499, -0.7070564, -0.063274384;
 -0.069552697, 0.71629643, 0.69432116, 1.9751427;
 0, 0, 0, 1]
Twc:
[0.99038643, 0.11957047, -0.069552697, -0.7055611;
 -0.033842627, 0.69697499, 0.71629643, -1.3416244;
 0.13412438, -0.7070564, 0.69432116, -1.5313026;
 0, 0, 0, 1]
Ow:
[0.85875911;
 -0.063274384;
 1.9751427]
Keyframe: 90 Frame: 701 Frame from vFrameID : 702
Tcw:
[0.99612671, -0.053029329, 0.070138603, 0.87863886;
 0.087375812, 0.68632197, -0.72203022, -0.072948813;
 -0.0098488852, 0.725362, 0.68829715, 2.0032935;
 0, 0, 0, 1]
Twc:
[0.99612671, 0.087375812, -0.0098488852, -0.84913146;
 -0.053029329, 0.68632197, 0.725362, -1.3564529;
 0.070138603, -0.72203022, 0.68829715, -1.4931588;
 0, 0, 0, 1]
Ow:
[0.87863886;
 -0.072948813;
 2.0032935]
Keyframe: 91 Frame: 710 Frame from vFrameID : 711
Tcw:
[0.99781239, -0.041875236, 0.051155899, 0.88807821;
 0.06579531, 0.70438135, -0.70676583, -0.088202477;
 -0.0064372751, 0.7085855, 0.70559561, 2.025393;
 0, 0, 0, 1]
Twc:
[0.99781239, 0.06579531, -0.0064372751, -0.86729407;
 -0.041875236, 0.70438135, 0.7085855, -1.3358475;
 0.051155899, -0.70676583, 0.70559561, -1.5368773;
 0, 0, 0, 1]
Ow:
[0.88807821;
 -0.088202477;
 2.025393]
Keyframe: 92 Frame: 718 Frame from vFrameID : 719
Tcw:
[0.99525291, 0.0010516061, 0.09731666, 0.87232363;
 0.072236493, 0.66211337, -0.74591404, -0.074303508;
 -0.065219074, 0.74940294, 0.6588943, 2.0463767;
 0, 0, 0, 1]
Twc:
[0.99525291, 0.072236493, -0.065219074, -0.72935247;
 0.0010516061, 0.66211337, 0.74940294, -1.4852806;
 0.09731666, -0.74591404, 0.6588943, -1.4886615;
 0, 0, 0, 1]
Ow:
[0.87232363;
 -0.074303508;
 2.0463767]
Keyframe: 93 Frame: 727 Frame from vFrameID : 728
Tcw:
[0.98845625, 0.049688149, 0.14312714, 0.89081407;
 0.069013163, 0.69332713, -0.71731073, -0.089021325;
 -0.13487577, 0.71890795, 0.68189436, 2.0621285;
 0, 0, 0, 1]
Twc:
[0.98845625, 0.069013163, -0.13487577, -0.5962559;
 0.049688149, 0.69332713, 0.71890795, -1.4650224;
 0.14312714, -0.71731073, 0.68189436, -1.5975094;
 0, 0, 0, 1]
Ow:
[0.89081407;
 -0.089021325;
 2.0621285]
Keyframe: 94 Frame: 736 Frame from vFrameID : 737
Tcw:
[0.99474317, 0.046710722, 0.091126859, 0.90196478;
 0.036487382, 0.66981024, -0.74163526, -0.085015297;
 -0.095680028, 0.74106163, 0.66458482, 2.0839024;
 0, 0, 0, 1]
Twc:
[0.99474317, 0.036487382, -0.095680028, -0.6947335;
 0.046710722, 0.66981024, 0.74106163, -1.5294875;
 0.091126859, -0.74163526, 0.66458482, -1.5301735;
 0, 0, 0, 1]
Ow:
[0.90196478;
 -0.085015297;
 2.0839024]
Keyframe: 95 Frame: 744 Frame from vFrameID : 745
Tcw:
[0.99690133, 0.045958992, 0.063839436, 0.91254944;
 0.015085602, 0.68480223, -0.72857285, -0.093389988;
 -0.077201858, 0.72727829, 0.68198693, 2.1016817;
 0, 0, 0, 1]
Twc:
[0.99690133, 0.015085602, -0.077201858, -0.74605918;
 0.045958992, 0.68480223, 0.72727829, -1.5064937;
 0.063839436, -0.72857285, 0.68198693, -1.5596175;
 0, 0, 0, 1]
Ow:
[0.91254944;
 -0.093389988;
 2.1016817]
Keyframe: 96 Frame: 751 Frame from vFrameID : 752
Tcw:
[0.99741095, 0.025956571, 0.067064896, 0.92338848;
 0.032872446, 0.66488308, -0.74622375, -0.090633631;
 -0.063959725, 0.74649632, 0.66230839, 2.1190746;
 0, 0, 0, 1]
Twc:
[0.99741095, 0.032872446, -0.063959725, -0.78248298;
 0.025956571, 0.66488308, 0.74649632, -1.5455886;
 0.067064896, -0.74622375, 0.66230839, -1.5330409;
 0, 0, 0, 1]
Ow:
[0.92338848;
 -0.090633631;
 2.1190746]
Keyframe: 97 Frame: 758 Frame from vFrameID : 759
Tcw:
[0.99624068, 0.013660747, 0.085544594, 0.92146432;
 0.056143589, 0.6502136, -0.75767416, -0.092602134;
 -0.065972656, 0.75962859, 0.64700228, 2.1327388;
 0, 0, 0, 1]
Twc:
[0.99624068, 0.056143589, -0.065972656, -0.77209884;
 0.013660747, 0.6502136, 0.75962859, -1.5724663;
 0.085544594, -0.75767416, 0.64700228, -1.5288755;
 0, 0, 0, 1]
Ow:
[0.92146432;
 -0.092602134;
 2.1327388]
Keyframe: 98 Frame: 765 Frame from vFrameID : 766
Tcw:
[0.99465007, 0.0081613073, 0.10297858, 0.92371845;
 0.072277904, 0.65724158, -0.75020623, -0.084806919;
 -0.073804468, 0.75363576, 0.65313554, 2.1488414;
 0, 0, 0, 1]
Twc:
[0.99465007, 0.072277904, -0.073804468, -0.75405294;
 0.0081613073, 0.65724158, 0.75363576, -1.5712439;
 0.10297858, -0.75020623, 0.65313554, -1.5622306;
 0, 0, 0, 1]
Ow:
[0.92371845;
 -0.084806919;
 2.1488414]
Keyframe: 99 Frame: 774 Frame from vFrameID : 775
Tcw:
[0.99737728, -0.0087299859, 0.07184986, 0.93117344;
 0.059317384, 0.66742021, -0.74231511, -0.076423764;
 -0.041473649, 0.74463016, 0.66618758, 2.1715143;
 0, 0, 0, 1]
Twc:
[0.99737728, 0.059317384, -0.041473649, -0.83413738;
 -0.0087299859, 0.66742021, 0.74463016, -1.5578392;
 0.07184986, -0.74231511, 0.66618758, -1.570271;
 0, 0, 0, 1]
Ow:
[0.93117344;
 -0.076423764;
 2.1715143]
Keyframe: 100 Frame: 782 Frame from vFrameID : 783
Tcw:
[0.99799377, 0.0056870319, 0.063056782, 0.94012201;
 0.042519256, 0.67773825, -0.73407286, -0.086062908;
 -0.046910688, 0.73528123, 0.67613673, 2.1864822;
 0, 0, 0, 1]
Twc:
[0.99799377, 0.042519256, -0.046910688, -0.83200717;
 0.0056870319, 0.67773825, 0.73528123, -1.5546979;
 0.063056782, -0.73407286, 0.67613673, -1.6008184;
 0, 0, 0, 1]
Ow:
[0.94012201;
 -0.086062908;
 2.1864822]
Keyframe: 101 Frame: 789 Frame from vFrameID : 790
Tcw:
[0.99336815, 0.026065757, 0.11198328, 0.92375833;
 0.068071477, 0.65159297, -0.75550836, -0.07550776;
 -0.092660412, 0.75812083, 0.64549738, 2.2162955;
 0, 0, 0, 1]
Twc:
[0.99336815, 0.068071477, -0.092660412, -0.70712936;
 0.026065757, 0.65159297, 0.75812083, -1.6550978;
 0.11198328, -0.75550836, 0.64549738, -1.5911051;
 0, 0, 0, 1]
Ow:
[0.92375833;
 -0.07550776;
 2.2162955]
Keyframe: 102 Frame: 798 Frame from vFrameID : 799
Tcw:
[0.99271673, 0.011608685, 0.11991126, 0.93813103;
 0.081591606, 0.66752756, -0.74010122, -0.096474409;
 -0.088635676, 0.74449462, 0.66171861, 2.239572;
 0, 0, 0, 1]
Twc:
[0.99271673, 0.081591606, -0.088635676, -0.72492087;
 0.011608685, 0.66752756, 0.74449462, -1.6138405;
 0.11991126, -0.74010122, 0.66171861, -1.6658598;
 0, 0, 0, 1]
Ow:
[0.93813103;
 -0.096474409;
 2.239572]
Keyframe: 103 Frame: 807 Frame from vFrameID : 808
Tcw:
[0.99861169, -0.02698293, 0.045240171, 0.95500642;
 0.051803418, 0.65872723, -0.75059634, -0.082371354;
 -0.0095476443, 0.75189787, 0.6592105, 2.2637906;
 0, 0, 0, 1]
Twc:
[0.99861169, 0.051803418, -0.0095476443, -0.92779952;
 -0.02698293, 0.65872723, 0.75189787, -1.6221102;
 0.045240171, -0.75059634, 0.6592105, -1.5973468;
 0, 0, 0, 1]
Ow:
[0.95500642;
 -0.082371354;
 2.2637906]
Keyframe: 104 Frame: 815 Frame from vFrameID : 816
Tcw:
[0.99881428, -0.019592669, 0.044566557, 0.95668966;
 0.046088021, 0.67544442, -0.73596925, -0.087962031;
 -0.015682632, 0.73715055, 0.67554653, 2.2948177;
 0, 0, 0, 1]
Twc:
[0.99881428, 0.046088021, -0.015682632, -0.9155125;
 -0.019592669, 0.67544442, 0.73715055, -1.6134686;
 0.044566557, -0.73596925, 0.67554653, -1.6576297;
 0, 0, 0, 1]
Ow:
[0.95668966;
 -0.087962031;
 2.2948177]
Keyframe: 105 Frame: 822 Frame from vFrameID : 823
Tcw:
[0.99879104, 0.0027500747, 0.049080402, 0.97239107;
 0.034675941, 0.6682772, -0.74310374, -0.086065531;
 -0.034842905, 0.74390727, 0.66737396, 2.3204651;
 0, 0, 0, 1]
Twc:
[0.99879104, 0.034675941, -0.034842905, -0.88737935;
 0.0027500747, 0.6682772, 0.74390727, -1.6713693;
 0.049080402, -0.74310374, 0.66737396, -1.6602987;
 0, 0, 0, 1]
Ow:
[0.97239107;
 -0.086065531;
 2.3204651]
Keyframe: 106 Frame: 830 Frame from vFrameID : 831
Tcw:
[0.99388891, 0.018869497, 0.10876034, 0.98231542;
 0.06797003, 0.67172587, -0.73767501, -0.096559286;
 -0.086976692, 0.74055946, 0.66633832, 2.3451262;
 0, 0, 0, 1]
Twc:
[0.99388891, 0.06797003, -0.086976692, -0.76577795;
 0.018869497, 0.67172587, 0.74055946, -1.6903797;
 0.10876034, -0.73767501, 0.66633832, -1.7407138;
 0, 0, 0, 1]
Ow:
[0.98231542;
 -0.096559286;
 2.3451262]
Keyframe: 107 Frame: 838 Frame from vFrameID : 839
Tcw:
[0.99585927, 0.027819909, 0.086546764, 0.99713743;
 0.046518113, 0.66199803, -0.74806058, -0.096557736;
 -0.078104764, 0.74898911, 0.6579628, 2.3681509;
 0, 0, 0, 1]
Twc:
[0.99585927, 0.046518113, -0.078104764, -0.80355304;
 0.027819909, 0.66199803, 0.74898911, -1.7375383;
 0.086546764, -0.74806058, 0.6579628, -1.7166852;
 0, 0, 0, 1]
Ow:
[0.99713743;
 -0.096557736;
 2.3681509]
Keyframe: 108 Frame: 845 Frame from vFrameID : 846
Tcw:
[0.99763852, 0.022119056, 0.065024227, 1.0069079;
 0.034636024, 0.65551317, -0.75438905, -0.10012197;
 -0.059310611, 0.75485975, 0.65319902, 2.3799815;
 0, 0, 0, 1]
Twc:
[0.99763852, 0.034636024, -0.059310611, -0.85990423;
 0.022119056, 0.65551317, 0.75485975, -1.7531929;
 0.065024227, -0.75438905, 0.65319902, -1.6956061;
 0, 0, 0, 1]
Ow:
[1.0069079;
 -0.10012197;
 2.3799815]
Keyframe: 109 Frame: 852 Frame from vFrameID : 853
Tcw:
[0.99901325, 0.0033935013, 0.044283632, 1.0274194;
 0.030503202, 0.67229629, -0.73965347, -0.10175896;
 -0.032281738, 0.74027437, 0.67152941, 2.3993585;
 0, 0, 0, 1]
Twc:
[0.99901325, 0.030503202, -0.032281738, -0.94584614;
 0.0033935013, 0.67229629, 0.74027437, -1.7112579;
 0.044283632, -0.73965347, 0.67152941, -1.732004;
 0, 0, 0, 1]
Ow:
[1.0274194;
 -0.10175896;
 2.3993585]
Keyframe: 110 Frame: 860 Frame from vFrameID : 861
Tcw:
[0.99915981, 0.0048514893, 0.040695418, 1.0297527;
 0.027136743, 0.66579825, -0.74563813, -0.10806966;
 -0.030712394, 0.74611604, 0.66510725, 2.4192951;
 0, 0, 0, 1]
Twc:
[0.99915981, 0.027136743, -0.030712394, -0.95165259;
 0.0048514893, 0.66579825, 0.74611604, -1.7381179;
 0.040695418, -0.74563813, 0.66510725, -1.7315776;
 0, 0, 0, 1]
Ow:
[1.0297527;
 -0.10806966;
 2.4192951]
Keyframe: 111 Frame: 867 Frame from vFrameID : 868
Tcw:
[0.99686193, 0.0096220598, 0.07857269, 1.0311648;
 0.052181996, 0.66651642, -0.74366182, -0.10045898;
 -0.059525546, 0.74542826, 0.66392273, 2.4305634;
 0, 0, 0, 1]
Twc:
[0.99686193, 0.052181996, -0.059525546, -0.8780061;
 0.0096220598, 0.66651642, 0.74542826, -1.754775;
 0.07857269, -0.74366182, 0.66392273, -1.7694353;
 0, 0, 0, 1]
Ow:
[1.0311648;
 -0.10045898;
 2.4305634]
Keyframe: 112 Frame: 875 Frame from vFrameID : 876
Tcw:
[0.99490374, 0.013930807, 0.099862568, 1.043519;
 0.064835772, 0.67011315, -0.7394219, -0.096702099;
 -0.077219963, 0.74212825, 0.66579485, 2.4555237;
 0, 0, 0, 1]
Twc:
[0.99490374, 0.064835772, -0.077219963, -0.84231573;
 0.013930807, 0.67011315, 0.74212825, -1.7720492;
 0.099862568, -0.7394219, 0.66579485, -1.810587;
 0, 0, 0, 1]
Ow:
[1.043519;
 -0.096702099;
 2.4555237]
Keyframe: 113 Frame: 883 Frame from vFrameID : 884
Tcw:
[0.99889839, -0.014427402, 0.044652931, 1.0604129;
 0.043292321, 0.65047634, -0.75829172, -0.090872407;
 -0.018105496, 0.75938946, 0.65038437, 2.4713011;
 0, 0, 0, 1]
Twc:
[0.99889839, 0.043292321, -0.018105496, -1.0105666;
 -0.014427402, 0.65047634, 0.75938946, -1.8022707;
 0.044652931, -0.75829172, 0.65038437, -1.7235539;
 0, 0, 0, 1]
Ow:
[1.0604129;
 -0.090872407;
 2.4713011]
Keyframe: 114 Frame: 891 Frame from vFrameID : 892
Tcw:
[0.99890298, -0.043264445, 0.017918283, 1.0729672;
 0.041879371, 0.65415084, -0.75520378, -0.09893012;
 0.020952214, 0.7551257, 0.65524513, 2.4871707;
 0, 0, 0, 1]
Twc:
[0.99890298, 0.041879371, 0.020952214, -1.1197587;
 -0.043264445, 0.65415084, 0.7551257, -1.7669901;
 0.017918283, -0.75520378, 0.65524513, -1.7236446;
 0, 0, 0, 1]
Ow:
[1.0729672;
 -0.09893012;
 2.4871707]
Keyframe: 115 Frame: 899 Frame from vFrameID : 900
Tcw:
[0.99826211, -0.028115295, 0.051790837, 1.06582;
 0.057719871, 0.64368373, -0.76311183, -0.090013862;
 -0.011881804, 0.76477498, 0.64418787, 2.5104907;
 0, 0, 0, 1]
Twc:
[0.99826211, 0.057719871, -0.011881804, -1.0289428;
 -0.028115295, 0.64368373, 0.76477498, -1.8320541;
 0.051790837, -0.76311183, 0.64418787, -1.7411181;
 0, 0, 0, 1]
Ow:
[1.06582;
 -0.090013862;
 2.5104907]
Keyframe: 116 Frame: 908 Frame from vFrameID : 909
Tcw:
[0.99108714, -0.037444163, 0.12784456, 1.0681741;
 0.12164993, 0.64550835, -0.75400287, -0.10546231;
 -0.054291721, 0.76283479, 0.64431006, 2.5482392;
 0, 0, 0, 1]
Twc:
[0.99108714, 0.12164993, -0.054291721, -0.90747583;
 -0.037444163, 0.64550835, 0.76283479, -1.8358121;
 0.12784456, -0.75400287, 0.64431006, -1.8579354;
 0, 0, 0, 1]
Ow:
[1.0681741;
 -0.10546231;
 2.5482392]
Keyframe: 117 Frame: 916 Frame from vFrameID : 917
Tcw:
[0.99451935, -0.045158274, 0.094297588, 1.0328279;
 0.10134618, 0.63803506, -0.76330876, -0.067599177;
 -0.025695458, 0.768682, 0.6391148, 2.5675201;
 0, 0, 0, 1]
Twc:
[0.99451935, 0.10134618, -0.025695458, -0.95434266;
 -0.045158274, 0.63803506, 0.768682, -1.8838352;
 0.094297588, -0.76330876, 0.6391148, -1.7899325;
 0, 0, 0, 1]
Ow:
[1.0328279;
 -0.067599177;
 2.5675201]
Keyframe: 118 Frame: 923 Frame from vFrameID : 924
Tcw:
[0.99677879, -0.079609573, -0.0097173126, 1.1051344;
 0.046184201, 0.66883236, -0.74197733, -0.092367053;
 0.065567747, 0.73913842, 0.67035455, 2.5817003;
 0, 0, 0, 1]
Twc:
[0.99677879, 0.046184201, 0.065567747, -1.2665848;
 -0.079609573, 0.66883236, 0.73913842, -1.7584767;
 -0.0097173126, -0.74197733, 0.67035455, -1.78845;
 0, 0, 0, 1]
Ow:
[1.1051344;
 -0.092367053;
 2.5817003]
Keyframe: 119 Frame: 931 Frame from vFrameID : 932
Tcw:
[0.99819028, -0.058518235, 0.013848609, 1.1079478;
 0.04993137, 0.67820936, -0.73317045, -0.10451472;
 0.033511583, 0.73253506, 0.67990392, 2.5906734;
 0, 0, 0, 1]
Twc:
[0.99819028, 0.04993137, 0.033511583, -1.1875417;
 -0.058518235, 0.67820936, 0.73253506, -1.7620414;
 0.013848609, -0.73317045, 0.67990392, -1.8533796;
 0, 0, 0, 1]
Ow:
[1.1079478;
 -0.10451472;
 2.5906734]
Keyframe: 120 Frame: 939 Frame from vFrameID : 940
Tcw:
[0.99800318, -0.052652344, 0.034891721, 1.1237857;
 0.060925432, 0.6566698, -0.75171328, -0.10629582;
 0.016667126, 0.75233799, 0.65856642, 2.6133027;
 0, 0, 0, 1]
Twc:
[0.99800318, 0.060925432, 0.016667126, -1.1586218;
 -0.052652344, 0.6566698, 0.75233799, -1.8371156;
 0.034891721, -0.75171328, 0.65856642, -1.840148;
 0, 0, 0, 1]
Ow:
[1.1237857;
 -0.10629582;
 2.6133027]
Keyframe: 121 Frame: 947 Frame from vFrameID : 948
Tcw:
[0.99730182, -0.044583615, 0.058321659, 1.1143708;
 0.07310015, 0.67610389, -0.73317111, -0.11283219;
 -0.0067440826, 0.73545617, 0.67753869, 2.6341162;
 0, 0, 0, 1]
Twc:
[0.99730182, 0.07310015, -0.0067440826, -1.0853512;
 -0.044583615, 0.67610389, 0.73545617, -1.8113081;
 0.058321659, -0.73317111, 0.67753869, -1.9324331;
 0, 0, 0, 1]
Ow:
[1.1143708;
 -0.11283219;
 2.6341162]
Keyframe: 122 Frame: 954 Frame from vFrameID : 955
Tcw:
[0.99861687, -0.052526385, -0.0023113154, 1.1280724;
 0.03400119, 0.67870271, -0.73362559, -0.10789716;
 0.040103398, 0.73253232, 0.67954993, 2.6568146;
 0, 0, 0, 1]
Twc:
[0.99861687, 0.03400119, 0.040103398, -1.2293907;
 -0.052526385, 0.67870271, 0.73253232, -1.8137189;
 -0.0023113154, -0.73362559, 0.67954993, -1.8819871;
 0, 0, 0, 1]
Ow:
[1.1280724;
 -0.10789716;
 2.6568146]
Keyframe: 123 Frame: 961 Frame from vFrameID : 962
Tcw:
[0.99873924, -0.050092287, -0.0032701511, 1.1273452;
 0.031661805, 0.67914557, -0.73332042, -0.1157794;
 0.038954604, 0.73229235, 0.67987531, 2.6727715;
 0, 0, 0, 1]
Twc:
[0.99873924, 0.031661805, 0.038954604, -1.2263749;
 -0.050092287, 0.67914557, 0.73229235, -1.8221476;
 -0.0032701511, -0.73332042, 0.67987531, -1.8983681;
 0, 0, 0, 1]
Ow:
[1.1273452;
 -0.1157794;
 2.6727715]
Keyframe: 124 Frame: 969 Frame from vFrameID : 970
Tcw:
[0.99916172, -0.023387088, 0.033599351, 1.134083;
 0.040525038, 0.68126309, -0.73091608, -0.12392485;
 -0.005795998, 0.73166502, 0.68163973, 2.6893716;
 0, 0, 0, 1]
Twc:
[0.99916172, 0.040525038, -0.005795998, -1.1125227;
 -0.023387088, 0.68126309, 0.73166502, -1.8567706;
 0.033599351, -0.73091608, 0.68163973, -1.9618658;
 0, 0, 0, 1]
Ow:
[1.134083;
 -0.12392485;
 2.6893716]
Keyframe: 125 Frame: 978 Frame from vFrameID : 979
Tcw:
[0.99748677, -0.016025415, 0.069017239, 1.1372459;
 0.061901405, 0.67104095, -0.7388317, -0.12749863;
 -0.034473311, 0.74124706, 0.67034644, 2.7064281;
 0, 0, 0, 1]
Twc:
[0.99748677, 0.061901405, -0.034473311, -1.0331957;
 -0.016025415, 0.67104095, 0.74124706, -1.9023504;
 0.069017239, -0.7388317, 0.67034644, -1.9869342;
 0, 0, 0, 1]
Ow:
[1.1372459;
 -0.12749863;
 2.7064281]
Keyframe: 126 Frame: 985 Frame from vFrameID : 986
Tcw:
[0.99904418, -0.038294125, 0.021077311, 1.1496676;
 0.041014705, 0.65448546, -0.75496131, -0.10754442;
 0.015115789, 0.75510418, 0.65543056, 2.7201104;
 0, 0, 0, 1]
Twc:
[0.99904418, 0.041014705, 0.015115789, -1.1852746;
 -0.038294125, 0.65448546, 0.75510418, -1.939555;
 0.021077311, -0.75496131, 0.65543056, -1.8882672;
 0, 0, 0, 1]
Ow:
[1.1496676;
 -0.10754442;
 2.7201104]
Keyframe: 127 Frame: 993 Frame from vFrameID : 994
Tcw:
[0.99853301, -0.050633032, -0.019185286, 1.1503099;
 0.018717937, 0.65527278, -0.75516039, -0.10940301;
 0.050807659, 0.75369352, 0.65525925, 2.7334447;
 0, 0, 0, 1]
Twc:
[0.99853301, 0.018717937, 0.050807659, -1.2854546;
 -0.050633032, 0.65527278, 0.75369352, -1.9302471;
 -0.019185286, -0.75516039, 0.65525925, -1.8516629;
 0, 0, 0, 1]
Ow:
[1.1503099;
 -0.10940301;
 2.7334447]
Keyframe: 128 Frame: 1001 Frame from vFrameID : 1002
Tcw:
[0.99885923, -0.037490021, 0.02957515, 1.1521515;
 0.047162935, 0.67761916, -0.73389912, -0.12643743;
 0.0074732052, 0.73445678, 0.67861432, 2.7349422;
 0, 0, 0, 1]
Twc:
[0.99885923, 0.047162935, 0.0074732052, -1.1653128;
 -0.037490021, 0.67761916, 0.73445678, -1.8798263;
 0.02957515, -0.73389912, 0.67861432, -1.9828383;
 0, 0, 0, 1]
Ow:
[1.1521515;
 -0.12643743;
 2.7349422]
Keyframe: 129 Frame: 1009 Frame from vFrameID : 1010
Tcw:
[0.99535358, -0.033430863, 0.090297483, 1.1233838;
 0.090031177, 0.6556533, -0.74967539, -0.068383932;
 -0.034141544, 0.75432163, 0.65561664, 2.7692642;
 0, 0, 0, 1]
Twc:
[0.99535358, 0.090031177, -0.034141544, -1.0174605;
 -0.033430863, 0.6556533, 0.75432163, -2.0065241;
 0.090297483, -0.74967539, 0.65561664, -1.9682802;
 0, 0, 0, 1]
Ow:
[1.1233838;
 -0.068383932;
 2.7692642]
Keyframe: 130 Frame: 1016 Frame from vFrameID : 1017
Tcw:
[0.99766135, -0.013854711, 0.066931449, 1.1374707;
 0.059344023, 0.66143763, -0.74764872, -0.054305434;
 -0.033912521, 0.74987221, 0.66071296, 2.7699976;
 0, 0, 0, 1]
Twc:
[0.99766135, 0.059344023, -0.033912521, -1.0376503;
 -0.013854711, 0.66143763, 0.74987221, -2.0254653;
 0.066931449, -0.74764872, 0.66071296, -1.9469073;
 0, 0, 0, 1]
Ow:
[1.1374707;
 -0.054305434;
 2.7699976]
Keyframe: 131 Frame: 1024 Frame from vFrameID : 1025
Tcw:
[0.99956548, -0.02927893, 0.0033984424, 1.1472681;
 0.021720432, 0.65372407, -0.75642121, -0.038823128;
 0.019925561, 0.7561664, 0.65407598, 2.775543;
 0, 0, 0, 1]
Twc:
[0.99956548, 0.021720432, 0.019925561, -1.2012305;
 -0.02927893, 0.65372407, 0.7561664, -2.0398018;
 0.0033984424, -0.75642121, 0.65407598, -1.8486816;
 0, 0, 0, 1]
Ow:
[1.1472681;
 -0.038823128;
 2.775543]
Keyframe: 132 Frame: 1032 Frame from vFrameID : 1033
Tcw:
[0.99966168, -0.025491823, -0.0051650857, 1.1338691;
 0.013607184, 0.68180203, -0.73141015, -0.061089039;
 0.022166543, 0.73109245, 0.68191826, 2.8051088;
 0, 0, 0, 1]
Twc:
[0.99966168, 0.013607184, 0.022166543, -1.1948338;
 -0.025491823, 0.68180203, 0.73109245, -1.9802387;
 -0.0051650857, -0.73141015, 0.68191826, -1.9516795;
 0, 0, 0, 1]
Ow:
[1.1338691;
 -0.061089039;
 2.8051088]
Keyframe: 133 Frame: 1039 Frame from vFrameID : 1040
Tcw:
[0.99951077, -0.029890448, 0.0092077972, 1.137977;
 0.026851464, 0.66910541, -0.74268228, -0.067625642;
 0.016038118, 0.74256617, 0.66958064, 2.8156476;
 0, 0, 0, 1]
Twc:
[0.99951077, 0.026851464, 0.016038118, -1.1807621;
 -0.029890448, 0.66910541, 0.74256617, -2.0115414;
 0.0092077972, -0.74268228, 0.66958064, -1.9460058;
 0, 0, 0, 1]
Ow:
[1.137977;
 -0.067625642;
 2.8156476]
Keyframe: 134 Frame: 1046 Frame from vFrameID : 1047
Tcw:
[0.99840754, -0.02888176, 0.048458453, 1.1553667;
 0.055491507, 0.65740395, -0.75149232, -0.072383881;
 -0.010152356, 0.75298464, 0.65795976, 2.8358791;
 0, 0, 0, 1]
Twc:
[0.99840754, 0.055491507, -0.010152356, -1.1207192;
 -0.02888176, 0.65740395, 0.75298464, -2.054419;
 0.048458453, -0.75149232, 0.65795976, -1.9762776;
 0, 0, 0, 1]
Ow:
[1.1553667;
 -0.072383881;
 2.8358791]
Keyframe: 135 Frame: 1053 Frame from vFrameID : 1054
Tcw:
[0.99733669, -0.020978184, 0.069852851, 1.1430331;
 0.066053689, 0.66590083, -0.74311036, -0.085404515;
 -0.030925965, 0.7457453, 0.66551298, 2.8570962;
 0, 0, 0, 1]
Twc:
[0.99733669, 0.066053689, -0.030925965, -1.0459892;
 -0.020978184, 0.66590083, 0.7457453, -2.0498164;
 0.069852851, -0.74311036, 0.66551298, -2.0447438;
 0, 0, 0, 1]
Ow:
[1.1430331;
 -0.085404515;
 2.8570962]
Keyframe: 136 Frame: 1062 Frame from vFrameID : 1063
Tcw:
[0.99887663, -0.042868689, 0.02019204, 1.1717016;
 0.04335231, 0.65468681, -0.75465602, -0.067151785;
 0.019131651, 0.75468367, 0.65580982, 2.8747249;
 0, 0, 0, 1]
Twc:
[0.99887663, 0.04335231, 0.019131651, -1.2224723;
 -0.042868689, 0.65468681, 0.75468367, -2.0753152;
 0.02019204, -0.75465602, 0.65580982, -1.9596086;
 0, 0, 0, 1]
Ow:
[1.1717016;
 -0.067151785;
 2.8747249]
Keyframe: 137 Frame: 1070 Frame from vFrameID : 1071
Tcw:
[0.99954975, -0.026074253, 0.014847216, 1.1711928;
 0.028439902, 0.66556227, -0.74580026, -0.057857752;
 0.009564437, 0.74588668, 0.66600418, 2.8905792;
 0, 0, 0, 1]
Twc:
[0.99954975, 0.028439902, 0.009564437, -1.1966667;
 -0.026074253, 0.66556227, 0.74588668, -2.0869989;
 0.014847216, -0.74580026, 0.66600418, -1.9856771;
 0, 0, 0, 1]
Ow:
[1.1711928;
 -0.057857752;
 2.8905792]
Keyframe: 138 Frame: 1078 Frame from vFrameID : 1079
Tcw:
[0.99860018, -0.019484157, 0.049173813, 1.1745155;
 0.049786311, 0.66018099, -0.74945474, -0.085138679;
 -0.017861124, 0.75085378, 0.66022688, 2.9135697;
 0, 0, 0, 1]
Twc:
[0.99860018, 0.049786311, -0.017861124, -1.1165931;
 -0.019484157, 0.66018099, 0.75085378, -2.1085734;
 0.049173813, -0.74945474, 0.66022688, -2.0451801;
 0, 0, 0, 1]
Ow:
[1.1745155;
 -0.085138679;
 2.9135697]
Keyframe: 139 Frame: 1086 Frame from vFrameID : 1087
Tcw:
[0.99459529, -0.0014329441, 0.10381773, 1.1909618;
 0.079297811, 0.65594035, -0.7506358, -0.073061347;
 -0.067022622, 0.75481135, 0.65250885, 2.9320085;
 0, 0, 0, 1]
Twc:
[0.99459529, 0.079297811, -0.067022622, -0.98222065;
 -0.0014329441, 0.65594035, 0.75481135, -2.1634829;
 0.10381773, -0.7506358, 0.65250885, -2.0916469;
 0, 0, 0, 1]
Ow:
[1.1909618;
 -0.073061347;
 2.9320085]
Keyframe: 140 Frame: 1095 Frame from vFrameID : 1096
Tcw:
[0.99548066, -0.0047261459, 0.094847128, 1.1626393;
 0.076425754, 0.63270873, -0.77060932, -0.041170835;
 -0.056368597, 0.77437544, 0.63021052, 2.9401996;
 0, 0, 0, 1]
Twc:
[0.99548066, 0.076425754, -0.056368597, -0.9885034;
 -0.0047261459, 0.63270873, 0.77437544, -2.2452743;
 0.094847128, -0.77060932, 0.63021052, -1.9949443;
 0, 0, 0, 1]
Ow:
[1.1626393;
 -0.041170835;
 2.9401996]
Keyframe: 141 Frame: 1103 Frame from vFrameID : 1104
Tcw:
[0.99902958, 0.0031346846, 0.043932755, 1.1789029;
 0.032361396, 0.6243825, -0.78044808, -0.04325366;
 -0.029877303, 0.78111243, 0.62367517, 2.9598923;
 0, 0, 0, 1]
Twc:
[0.99902958, 0.032361396, -0.029877303, -1.0879254;
 0.0031346846, 0.6243825, 0.78111243, -2.2886975;
 0.043932755, -0.78044808, 0.62367517, -1.931561;
 0, 0, 0, 1]
Ow:
[1.1789029;
 -0.04325366;
 2.9598923]
Keyframe: 142 Frame: 1109 Frame from vFrameID : 1110
Tcw:
[0.99858099, 0.015163444, 0.051049702, 1.2065085;
 0.02968625, 0.6373474, -0.77000457, -0.074464321;
 -0.044212315, 0.77042741, 0.63599283, 2.9736125;
 0, 0, 0, 1]
Twc:
[0.99858099, 0.02968625, -0.044212315, -1.0711156;
 0.015163444, 0.6373474, 0.77042741, -2.2617877;
 0.051049702, -0.77000457, 0.63599283, -2.0101261;
 0, 0, 0, 1]
Ow:
[1.2065085;
 -0.074464321;
 2.9736125]
Keyframe: 143 Frame: 1117 Frame from vFrameID : 1118
Tcw:
[0.99323934, 0.047728289, 0.10581873, 1.1829453;
 0.053213123, 0.62295371, -0.78044671, -0.078326344;
 -0.10316955, 0.7808013, 0.61620235, 2.9979515;
 0, 0, 0, 1]
Twc:
[0.99323934, 0.053213123, -0.10316955, -0.86148238;
 0.047728289, 0.62295371, 0.7808013, -2.3484709;
 0.10581873, -0.78044671, 0.61620235, -2.0336523;
 0, 0, 0, 1]
Ow:
[1.1829453;
 -0.078326344;
 2.9979515]
Keyframe: 144 Frame: 1124 Frame from vFrameID : 1125
Tcw:
[0.99124694, 0.068568334, 0.11281814, 1.2140688;
 0.045491472, 0.62481433, -0.77944696, -0.05466938;
 -0.12393577, 0.77775663, 0.61622602, 3.0186656;
 0, 0, 0, 1]
Twc:
[0.99124694, 0.045491472, -0.12393577, -0.82683426;
 0.068568334, 0.62481433, 0.77775663, -2.3968759;
 0.11281814, -0.77944696, 0.61622602, -2.0397611;
 0, 0, 0, 1]
Ow:
[1.2140688;
 -0.05466938;
 3.0186656]
Keyframe: 145 Frame: 1132 Frame from vFrameID : 1133
Tcw:
[0.99791878, 0.0087026516, 0.06389375, 1.2045143;
 0.045785461, 0.60210186, -0.79710543, -0.07199657;
 -0.045407474, 0.79837185, 0.60045028, 3.0375166;
 0, 0, 0, 1]
Twc:
[0.99791878, 0.045785461, -0.045407474, -1.0607851;
 0.0087026516, 0.60210186, 0.79837185, -2.3922009;
 0.06389375, -0.79710543, 0.60045028, -1.9582274;
 0, 0, 0, 1]
Ow:
[1.2045143;
 -0.07199657;
 3.0375166]
Keyframe: 146 Frame: 1140 Frame from vFrameID : 1141
Tcw:
[0.99986219, 0.015789472, 0.0051236115, 1.2288892;
 -0.0057707275, 0.62001741, -0.78456682, -0.064995766;
 -0.015564624, 0.78442913, 0.62002313, 3.032351;
 0, 0, 0, 1]
Twc:
[0.99986219, -0.0057707275, -0.015564624, -1.1818975;
 0.015789472, 0.62001741, 0.78442913, -2.3577695;
 0.0051236115, -0.78456682, 0.62002313, -1.9374175;
 0, 0, 0, 1]
Ow:
[1.2288892;
 -0.064995766;
 3.032351]
Keyframe: 147 Frame: 1148 Frame from vFrameID : 1149
Tcw:
[0.99894321, 0.03557916, 0.029095298, 1.2311428;
 0.00076431467, 0.62009609, -0.78452551, -0.078555942;
 -0.045954637, 0.78371871, 0.61941355, 3.0336208;
 0, 0, 0, 1]
Twc:
[0.99894321, 0.00076431467, -0.045954637, -1.0903728;
 0.03557916, 0.62009609, 0.78371871, -2.3725963;
 0.029095298, -0.78452551, 0.61941355, -1.9765157;
 0, 0, 0, 1]
Ow:
[1.2311428;
 -0.078555942;
 3.0336208]
Keyframe: 148 Frame: 1157 Frame from vFrameID : 1158
Tcw:
[0.99932814, 0.025192775, 0.026619751, 1.2259538;
 0.0050896835, 0.62387782, -0.78150535, -0.066159606;
 -0.03629576, 0.78111571, 0.62333041, 3.03789;
 0, 0, 0, 1]
Twc:
[0.99932814, 0.0050896835, -0.03629576, -1.1145308;
 0.025192775, 0.62387782, 0.78111571, -2.3625534;
 0.026619751, -0.78150535, 0.62333041, -1.9779478;
 0, 0, 0, 1]
Ow:
[1.2259538;
 -0.066159606;
 3.03789]
Keyframe: 149 Frame: 1164 Frame from vFrameID : 1165
Tcw:
[0.9991191, 0.024282355, 0.034225009, 1.22523;
 0.011126725, 0.63309491, -0.77399421, -0.068571687;
 -0.04046208, 0.7736932, 0.63226706, 3.0399885;
 0, 0, 0, 1]
Twc:
[0.9991191, 0.011126725, -0.04046208, -1.1003834;
 0.024282355, 0.63309491, 0.7736932, -2.3383577;
 0.034225009, -0.77399421, 0.63226706, -2.0170922;
 0, 0, 0, 1]
Ow:
[1.22523;
 -0.068571687;
 3.0399885]
Keyframe: 150 Frame: 1171 Frame from vFrameID : 1172
Tcw:
[0.9990924, 0.028459108, 0.031692486, 1.226784;
 0.0063726497, 0.63579941, -0.771828, -0.069800258;
 -0.042115603, 0.77132946, 0.635041, 3.0396667;
 0, 0, 0, 1]
Twc:
[0.9990924, 0.0063726497, -0.042115603, -1.0972085;
 0.028459108, 0.63579941, 0.77132946, -2.3351188;
 0.031692486, -0.771828, 0.635041, -2.0230668;
 0, 0, 0, 1]
Ow:
[1.226784;
 -0.069800258;
 3.0396667]
