Keyframe: 0 Frame: 0 Frame from vFrameID : 72
Tcw:
[1, 0, 0, 0;
 0, 1, 0, 0;
 0, 0, 1, 0;
 0, 0, 0, 1]
Twc:
[1, 0, 0, 0;
 0, 1, 0, 0;
 0, 0, 1, 0;
 0, 0, 0, 1]
Ow:
[0;
 0;
 0]
Keyframe: 1 Frame: 366 Frame from vFrameID : 72
Tcw:
[0.99919951, -0.0096085817, 0.038833033, 0.0021892544;
 0.010560861, 0.99964666, -0.024392122, -0.0012285742;
 -0.03858494, 0.024782708, 0.99894798, 0.022602187;
 0, 0, 0, 1]
Twc:
[0.99919951, 0.010560861, -0.03858494, -0.0013024232;
 -0.0096085817, 0.99964666, 0.024782708, 0.00068903243;
 0.038833033, -0.024392122, 0.99894798, -0.022693392;
 0, 0, 0, 1]
Ow:
[0.0021892544;
 -0.0012285742;
 0.022602187]
Keyframe: 2 Frame: 370 Frame from vFrameID : 75
Tcw:
[0.99898577, -0.014969816, 0.042465847, 0.0011274561;
 0.015542208, 0.99979234, -0.01318089, 0.0015820935;
 -0.042259715, 0.013827534, 0.99901098, 0.032220382;
 0, 0, 0, 1]
Twc:
[0.99898577, 0.015542208, -0.042259715, 0.00021072222;
 -0.014969816, 0.99979234, 0.013827534, -0.0020104155;
 0.042465847, -0.01318089, 0.99901098, -0.032215539;
 0, 0, 0, 1]
Ow:
[0.0011274561;
 0.0015820935;
 0.032220382]
Keyframe: 3 Frame: 373 Frame from vFrameID : 77
Tcw:
[0.99921, -0.012659901, 0.037671041, 0.0025666002;
 0.012826397, 0.99990898, -0.0041813464, 0.0029851424;
 -0.037614677, 0.0046612266, 0.99928147, 0.042118989;
 0, 0, 0, 1]
Twc:
[0.99921, 0.012826397, -0.037614677, -0.0010185691;
 -0.012659901, 0.99990898, 0.0046612266, -0.0031487041;
 0.037671041, -0.0041813464, 0.99928147, -0.042172927;
 0, 0, 0, 1]
Ow:
[0.0025666002;
 0.0029851424;
 0.042118989]
Keyframe: 4 Frame: 377 Frame from vFrameID : 79
Tcw:
[0.99979502, -0.016650626, 0.011520348, 0.0063925213;
 0.016648464, 0.99986136, 0.00028356601, 0.0063918461;
 -0.011523472, -9.171178e-05, 0.9999336, 0.057782207;
 0, 0, 0, 1]
Twc:
[0.99979502, 0.016648464, -0.011523472, -0.0058317734;
 -0.016650626, 0.99986136, -9.171178e-05, -0.0062792213;
 0.011520348, 0.00028356601, 0.9999336, -0.057853825;
 0, 0, 0, 1]
Ow:
[0.0063925213;
 0.0063918461;
 0.057782207]
Keyframe: 5 Frame: 381 Frame from vFrameID : 81
Tcw:
[0.99990922, -0.0074076653, -0.011257273, 0.015246173;
 0.0072176149, 0.99983233, -0.01683034, 0.010365931;
 0.011380059, 0.01674756, 0.99979496, 0.074485935;
 0, 0, 0, 1]
Twc:
[0.99990922, 0.0072176149, 0.011380059, -0.016167261;
 -0.0074076653, 0.99983233, 0.01674756, -0.011498712;
 -0.011257273, -0.01683034, 0.99979496, -0.074124575;
 0, 0, 0, 1]
Ow:
[0.015246173;
 0.010365931;
 0.074485935]
Keyframe: 6 Frame: 385 Frame from vFrameID : 83
Tcw:
[0.99957472, -0.013073221, -0.026066666, 0.021471076;
 0.012473617, 0.99965686, -0.023034146, 0.0079848394;
 0.026358852, 0.022699205, 0.99939477, 0.090983361;
 0, 0, 0, 1]
Twc:
[0.99957472, 0.012473617, 0.026358852, -0.023959761;
 -0.013073221, 0.99965686, 0.022699205, -0.0097666532;
 -0.026066666, -0.023034146, 0.99939477, -0.090184696;
 0, 0, 0, 1]
Ow:
[0.021471076;
 0.0079848394;
 0.090983361]
Keyframe: 7 Frame: 390 Frame from vFrameID : 85
Tcw:
[0.99938554, -0.0022007027, -0.034981079, 0.028969783;
 0.0015119257, 0.99980474, -0.019704262, 0.013464914;
 0.035017613, 0.019639265, 0.99919373, 0.10138097;
 0, 0, 0, 1]
Twc:
[0.99938554, 0.0015119257, 0.035017613, -0.032522459;
 -0.0022007027, 0.99980474, 0.019639265, -0.015389577;
 -0.034981079, -0.019704262, 0.99919373, -0.10002051;
 0, 0, 0, 1]
Ow:
[0.028969783;
 0.013464914;
 0.10138097]
Keyframe: 8 Frame: 395 Frame from vFrameID : 88
Tcw:
[0.9996258, 0.010879952, -0.025098452, 0.033770099;
 -0.011146495, 0.9998827, -0.010504556, 0.016518785;
 0.024981219, 0.010780385, 0.9996298, 0.11900576;
 0, 0, 0, 1]
Twc:
[0.9996258, -0.011146495, 0.024981219, -0.036546245;
 0.010879952, 0.9998827, 0.010780385, -0.018167192;
 -0.025098452, -0.010504556, 0.9996298, -0.1179406;
 0, 0, 0, 1]
Ow:
[0.033770099;
 0.016518785;
 0.11900576]
Keyframe: 9 Frame: 400 Frame from vFrameID : 92
Tcw:
[0.99978369, 0.0046224101, -0.020279238, 0.037638791;
 -0.0046867169, 0.99998415, -0.0031247013, 0.017574202;
 0.020264473, 0.0032190685, 0.99978948, 0.13633607;
 0, 0, 0, 1]
Twc:
[0.99978369, -0.0046867169, 0.020264473, -0.040311065;
 0.0046224101, 0.99998415, 0.0032190685, -0.01818678;
 -0.020279238, -0.0031247013, 0.99978948, -0.13548917;
 0, 0, 0, 1]
Ow:
[0.037638791;
 0.017574202;
 0.13633607]
Keyframe: 10 Frame: 406 Frame from vFrameID : 95
Tcw:
[0.99988002, 0.00091953547, -0.0154649, 0.04696203;
 -0.0012596205, 0.99975729, -0.021995431, 0.021914937;
 0.01544092, 0.022012271, 0.99963844, 0.16073994;
 0, 0, 0, 1]
Twc:
[0.99988002, -0.0012596205, 0.01544092, -0.04941076;
 0.00091953547, 0.99975729, 0.022012271, -0.025491051;
 -0.0154649, -0.021995431, 0.99963844, -0.15947354;
 0, 0, 0, 1]
Ow:
[0.04696203;
 0.021914937;
 0.16073994]
Keyframe: 11 Frame: 411 Frame from vFrameID : 412
Tcw:
[0.99997628, 0.002039918, -0.0065747513, 0.048891675;
 -0.0021343811, 0.99989414, -0.014392695, 0.023527956;
 0.0065446957, 0.014406387, 0.99987483, 0.17386931;
 0, 0, 0, 1]
Twc:
[0.99997628, -0.0021343811, 0.0065446957, -0.049978223;
 0.002039918, 0.99989414, 0.014406387, -0.026130028;
 -0.0065747513, -0.014392695, 0.99987483, -0.17318746;
 0, 0, 0, 1]
Ow:
[0.048891675;
 0.023527956;
 0.17386931]
Keyframe: 12 Frame: 416 Frame from vFrameID : 417
Tcw:
[0.99991733, -0.00082094502, -0.012831651, 0.055812255;
 0.0005650394, 0.99980116, -0.019934228, 0.026638763;
 0.012845464, 0.01992533, 0.99971896, 0.19476701;
 0, 0, 0, 1]
Twc:
[0.99991733, 0.0005650394, 0.012845464, -0.058324564;
 -0.00082094502, 0.99980116, 0.01992533, -0.030468443;
 -0.012831651, -0.019934228, 0.99971896, -0.19346508;
 0, 0, 0, 1]
Ow:
[0.055812255;
 0.026638763;
 0.19476701]
Keyframe: 13 Frame: 422 Frame from vFrameID : 423
Tcw:
[0.99846679, 0.015392414, -0.053171124, 0.070653334;
 -0.016828354, 0.99950278, -0.026664685, 0.027649898;
 0.052734252, 0.027518583, 0.99822932, 0.21632904;
 0, 0, 0, 1]
Twc:
[0.99846679, -0.016828354, 0.052734252, -0.081487656;
 0.015392414, 0.99950278, 0.027518583, -0.034676742;
 -0.053171124, -0.026664685, 0.99822932, -0.21145199;
 0, 0, 0, 1]
Ow:
[0.070653334;
 0.027649898;
 0.21632904]
Keyframe: 14 Frame: 429 Frame from vFrameID : 430
Tcw:
[0.99823511, 0.025850357, -0.053463787, 0.081816077;
 -0.025881566, 0.99966502, 0.00010866195, 0.03098885;
 0.053448685, 0.0012752563, 0.99856979, 0.23746952;
 0, 0, 0, 1]
Twc:
[0.99823511, -0.025881566, 0.053448685, -0.093562081;
 0.025850357, 0.99966502, 0.0012752563, -0.033396278;
 -0.053463787, 0.00010866195, 0.99856979, -0.23275906;
 0, 0, 0, 1]
Ow:
[0.081816077;
 0.03098885;
 0.23746952]
Keyframe: 15 Frame: 436 Frame from vFrameID : 437
Tcw:
[0.99930876, 0.0044068843, -0.03691303, 0.087890327;
 -0.0052607441, 0.9997201, -0.023066571, 0.036864221;
 0.036801044, 0.023244817, 0.99905223, 0.26854938;
 0, 0, 0, 1]
Twc:
[0.99930876, -0.0052607441, 0.036801044, -0.097518533;
 0.0044068843, 0.9997201, 0.023244817, -0.043483607;
 -0.03691303, -0.023066571, 0.99905223, -0.26420024;
 0, 0, 0, 1]
Ow:
[0.087890327;
 0.036864221;
 0.26854938]
Keyframe: 16 Frame: 443 Frame from vFrameID : 444
Tcw:
[0.99999917, -0.00020529087, 0.0012855296, 0.090231404;
 0.00022355057, 0.99989885, -0.014220036, 0.041791223;
 -0.0012824803, 0.014220311, 0.99989808, 0.29313326;
 0, 0, 0, 1]
Twc:
[0.99999917, 0.00022355057, -0.0012824803, -0.089864731;
 -0.00020529087, 0.99989885, 0.014220311, -0.045936916;
 0.0012855296, -0.014220036, 0.99989808, -0.2926251;
 0, 0, 0, 1]
Ow:
[0.090231404;
 0.041791223;
 0.29313326]
Keyframe: 17 Frame: 451 Frame from vFrameID : 452
Tcw:
[0.99988681, -0.0046746843, -0.014301523, 0.099373445;
 0.00448643, 0.99990326, -0.01316712, 0.047339361;
 0.014361691, 0.013101466, 0.99981105, 0.32568133;
 0, 0, 0, 1]
Twc:
[0.99988681, 0.00448643, 0.014361691, -0.10425192;
 -0.0046746843, 0.99990326, 0.013101466, -0.051137146;
 -0.014301523, -0.01316712, 0.99981105, -0.32357526;
 0, 0, 0, 1]
Ow:
[0.099373445;
 0.047339361;
 0.32568133]
Keyframe: 18 Frame: 459 Frame from vFrameID : 460
Tcw:
[0.99832869, 0.013359929, -0.056226, 0.11053949;
 -0.014251341, 0.99977857, -0.015483079, 0.048395187;
 0.056006696, 0.016258497, 0.99829799, 0.35133559;
 0, 0, 0, 1]
Twc:
[0.99832869, -0.014251341, 0.056006696, -0.1293422;
 0.013359929, 0.99977857, 0.016258497, -0.055573456;
 -0.056226, -0.015483079, 0.99829799, -0.34377313;
 0, 0, 0, 1]
Ow:
[0.11053949;
 0.048395187;
 0.35133559]
Keyframe: 19 Frame: 466 Frame from vFrameID : 467
Tcw:
[0.99817061, 0.016242972, -0.05823756, 0.11775266;
 -0.0167713, 0.99982244, -0.0085946601, 0.049914621;
 0.058087613, 0.0095556565, 0.99826574, 0.37315789;
 0, 0, 0, 1]
Twc:
[0.99817061, -0.0167713, 0.058087613, -0.13837597;
 0.016242972, 0.99982244, 0.0095556565, -0.055384178;
 -0.05823756, -0.0085946601, 0.99826574, -0.36522412;
 0, 0, 0, 1]
Ow:
[0.11775266;
 0.049914621;
 0.37315789]
Keyframe: 20 Frame: 474 Frame from vFrameID : 475
Tcw:
[0.99902236, -0.00065900432, -0.044202358, 0.11886865;
 -0.00099225761, 0.99930269, -0.037324529, 0.052147686;
 0.044196133, 0.037331901, 0.99832511, 0.40389013;
 0, 0, 0, 1]
Twc:
[0.99902236, -0.00099225761, 0.044196133, -0.13655108;
 -0.00065900432, 0.99930269, 0.037331901, -0.067110978;
 -0.044202358, -0.037324529, 0.99832511, -0.39601299;
 0, 0, 0, 1]
Ow:
[0.11886865;
 0.052147686;
 0.40389013]
Keyframe: 21 Frame: 483 Frame from vFrameID : 484
Tcw:
[0.99918753, -0.0019812391, -0.04025339, 0.12772283;
 0.00049774436, 0.9993214, -0.036830552, 0.056317646;
 0.040299043, 0.036780592, 0.99851048, 0.43109065;
 0, 0, 0, 1]
Twc:
[0.99918753, 0.00049774436, 0.040299043, -0.14501962;
 -0.0019812391, 0.9993214, 0.036780592, -0.071882151;
 -0.04025339, -0.036830552, 0.99851048, -0.42323303;
 0, 0, 0, 1]
Ow:
[0.12772283;
 0.056317646;
 0.43109065]
Keyframe: 22 Frame: 491 Frame from vFrameID : 492
Tcw:
[0.99614263, 0.013133881, -0.086760595, 0.1406506;
 -0.016652171, 0.99906278, -0.039953228, 0.059563302;
 0.086154535, 0.041243862, 0.99542773, 0.45424676;
 0, 0, 0, 1]
Twc:
[0.99614263, -0.016652171, 0.086154535, -0.17825162;
 0.013133881, 0.99906278, 0.041243862, -0.080089658;
 -0.086760595, -0.039953228, 0.99542773, -0.43758714;
 0, 0, 0, 1]
Ow:
[0.1406506;
 0.059563302;
 0.45424676]
Keyframe: 23 Frame: 499 Frame from vFrameID : 500
Tcw:
[0.99492282, 0.015052568, -0.099509038, 0.150703;
 -0.015389059, 0.99987817, -0.0026147524, 0.064288907;
 0.099457555, 0.0041328273, 0.9950332, 0.48265016;
 0, 0, 0, 1]
Twc:
[0.99492282, -0.015389059, 0.099457555, -0.1969517;
 0.015052568, 0.99987817, 0.0041328273, -0.068544254;
 -0.099509038, -0.0026147524, 0.9950332, -0.46508855;
 0, 0, 0, 1]
Ow:
[0.150703;
 0.064288907;
 0.48265016]
Keyframe: 24 Frame: 506 Frame from vFrameID : 507
Tcw:
[0.99674225, 0.012052206, -0.079747379, 0.15438755;
 -0.014135261, 0.9995721, -0.02560789, 0.067480147;
 0.079404622, 0.026651716, 0.99648613, 0.50467014;
 0, 0, 0, 1]
Twc:
[0.99674225, -0.014135261, 0.079404622, -0.19300388;
 0.012052206, 0.9995721, 0.026651716, -0.082762308;
 -0.079747379, -0.02560789, 0.99648613, -0.48885673;
 0, 0, 0, 1]
Ow:
[0.15438755;
 0.067480147;
 0.50467014]
Keyframe: 25 Frame: 514 Frame from vFrameID : 515
Tcw:
[0.99942863, -0.0064150249, -0.033185866, 0.15463807;
 0.0065980479, 0.99996358, 0.005408518, 0.074049175;
 0.033149965, -0.0056243893, 0.99943459, 0.5287931;
 0, 0, 0, 1]
Twc:
[0.99942863, 0.0065980479, 0.033149965, -0.17256775;
 -0.0064150249, 0.99996358, -0.0056243893, -0.07008034;
 -0.033185866, 0.005408518, 0.99943459, -0.52376276;
 0, 0, 0, 1]
Ow:
[0.15463807;
 0.074049175;
 0.5287931]
Keyframe: 26 Frame: 521 Frame from vFrameID : 522
Tcw:
[0.99896288, -0.0044075209, -0.045318075, 0.15835205;
 0.0041367114, 0.99997306, -0.006067792, 0.074138366;
 0.045343596, 0.0058740312, 0.99895418, 0.54750139;
 0, 0, 0, 1]
Twc:
[0.99896288, 0.0041367114, 0.045343596, -0.18332019;
 -0.0044075209, 0.99997306, 0.0058740312, -0.076654464;
 -0.045318075, -0.006067792, 0.99895418, -0.53930277;
 0, 0, 0, 1]
Ow:
[0.15835205;
 0.074138366;
 0.54750139]
Keyframe: 27 Frame: 529 Frame from vFrameID : 530
Tcw:
[0.99677831, 0.0040586679, -0.080103464, 0.16833451;
 -0.0062857913, 0.99960011, -0.027570533, 0.07588549;
 0.079959534, 0.027985223, 0.99640518, 0.57053477;
 0, 0, 0, 1]
Twc:
[0.99677831, -0.0062857913, 0.079959534, -0.21293487;
 0.0040586679, 0.99960011, 0.027985223, -0.092504904;
 -0.080103464, -0.027570533, 0.99640518, -0.55290741;
 0, 0, 0, 1]
Ow:
[0.16833451;
 0.07588549;
 0.57053477]
Keyframe: 28 Frame: 537 Frame from vFrameID : 538
Tcw:
[0.99573845, 0.021531979, -0.089673631, 0.17730753;
 -0.021645995, 0.99976563, -0.00029904646, 0.07987421;
 0.089646183, 0.0022388471, 0.99597114, 0.59159821;
 0, 0, 0, 1]
Twc:
[0.99573845, -0.021645995, 0.089646183, -0.22785749;
 0.021531979, 0.99976563, 0.0022388471, -0.084997773;
 -0.089673631, -0.00029904646, 0.99597114, -0.57329106;
 0, 0, 0, 1]
Ow:
[0.17730753;
 0.07987421;
 0.59159821]
Keyframe: 29 Frame: 544 Frame from vFrameID : 545
Tcw:
[0.99737668, 0.0040483428, -0.072273195, 0.17767827;
 -0.0048541739, 0.99992794, -0.010977635, 0.083528854;
 0.072223544, 0.011299663, 0.99732447, 0.61794126;
 0, 0, 0, 1]
Twc:
[0.99737668, -0.0048541739, 0.072223544, -0.22143659;
 0.0040483428, 0.99992794, 0.011299663, -0.09122467;
 -0.072273195, -0.010977635, 0.99732447, -0.60252959;
 0, 0, 0, 1]
Ow:
[0.17767827;
 0.083528854;
 0.61794126]
Keyframe: 30 Frame: 552 Frame from vFrameID : 553
Tcw:
[0.99905032, -0.01304535, -0.041573208, 0.17990221;
 0.012376108, 0.99979031, -0.016314827, 0.085683316;
 0.041777324, 0.015784819, 0.99900228, 0.64106405;
 0, 0, 0, 1]
Twc:
[0.99905032, 0.012376108, 0.041777324, -0.20757371;
 -0.01304535, 0.99979031, 0.015784819, -0.093437545;
 -0.041573208, -0.016314827, 0.99900228, -0.63154733;
 0, 0, 0, 1]
Ow:
[0.17990221;
 0.085683316;
 0.64106405]
Keyframe: 31 Frame: 559 Frame from vFrameID : 560
Tcw:
[0.99932021, 0.0033903262, -0.036709789, 0.19169575;
 -0.0040556537, 0.99982858, -0.018064713, 0.089436539;
 0.03664225, 0.018201316, 0.99916267, 0.66616333;
 0, 0, 0, 1]
Twc:
[0.99932021, -0.0040556537, 0.03664225, -0.21561243;
 0.0033903262, 0.99982858, 0.018201316, -0.10219617;
 -0.036709789, -0.018064713, 0.99916267, -0.6569528;
 0, 0, 0, 1]
Ow:
[0.19169575;
 0.089436539;
 0.66616333]
Keyframe: 32 Frame: 566 Frame from vFrameID : 567
Tcw:
[0.9971087, -0.0046763108, -0.07584437, 0.19860762;
 0.0030486141, 0.99976283, -0.021562606, 0.09231893;
 0.075927213, 0.021269042, 0.99688649, 0.68408692;
 0, 0, 0, 1]
Twc:
[0.9971087, 0.0030486141, 0.075927213, -0.25025564;
 -0.0046763108, 0.99976283, 0.021269042, -0.10591816;
 -0.07584437, -0.021562606, 0.99688649, -0.6649031;
 0, 0, 0, 1]
Ow:
[0.19860762;
 0.09231893;
 0.68408692]
Keyframe: 33 Frame: 574 Frame from vFrameID : 575
Tcw:
[0.99800074, -0.0024235006, -0.06315583, 0.20772591;
 0.0038675712, 0.99973363, 0.022752987, 0.095778808;
 0.063083865, -0.022951758, 0.99774426, 0.70908713;
 0, 0, 0, 1]
Twc:
[0.99800074, 0.0038675712, 0.063083865, -0.252413;
 -0.0024235006, 0.99973363, -0.022951758, -0.078975081;
 -0.06315583, 0.022752987, 0.99774426, -0.69654781;
 0, 0, 0, 1]
Ow:
[0.20772591;
 0.095778808;
 0.70908713]
Keyframe: 34 Frame: 582 Frame from vFrameID : 583
Tcw:
[0.99978155, -0.015836535, -0.013639771, 0.21012554;
 0.015481763, 0.99954891, -0.025734374, 0.098332629;
 0.014041162, 0.025517585, 0.99957573, 0.73799086;
 0, 0, 0, 1]
Twc:
[0.99978155, 0.015481763, 0.014041162, -0.22196424;
 -0.015836535, 0.99954891, 0.025517585, -0.11379236;
 -0.013639771, -0.025734374, 0.99957573, -0.73228115;
 0, 0, 0, 1]
Ow:
[0.21012554;
 0.098332629;
 0.73799086]
Keyframe: 35 Frame: 589 Frame from vFrameID : 590
Tcw:
[0.99979532, -0.020068565, 0.0025581815, 0.21541908;
 0.020121228, 0.99954295, -0.022561423, 0.10232797;
 -0.0021042367, 0.02260828, 0.99974221, 0.75698239;
 0, 0, 0, 1]
Twc:
[0.99979532, 0.020121228, -0.0021042367, -0.2158411;
 -0.020068565, 0.99954295, 0.02260828, -0.11507212;
 0.0025581815, -0.022561423, 0.99974221, -0.75502968;
 0, 0, 0, 1]
Ow:
[0.21541908;
 0.10232797;
 0.75698239]
Keyframe: 36 Frame: 596 Frame from vFrameID : 597
Tcw:
[0.99926656, -0.011308376, -0.036584329, 0.22295949;
 0.0096573262, 0.99894047, -0.044996075, 0.10504571;
 0.037054397, 0.044609766, 0.99831706, 0.78187281;
 0, 0, 0, 1]
Twc:
[0.99926656, 0.0096573262, 0.037054397, -0.25278226;
 -0.011308376, 0.99894047, 0.044609766, -0.13729227;
 -0.036584329, -0.044996075, 0.99831706, -0.76767349;
 0, 0, 0, 1]
Ow:
[0.22295949;
 0.10504571;
 0.78187281]
Keyframe: 37 Frame: 603 Frame from vFrameID : 604
Tcw:
[0.99824893, -0.0035368183, -0.059046868, 0.23162432;
 0.0010508818, 0.99911374, -0.042079151, 0.10577606;
 0.059143361, 0.041943416, 0.99736792, 0.80041957;
 0, 0, 0, 1]
Twc:
[0.99824893, 0.0010508818, 0.059143361, -0.27866942;
 -0.0035368183, 0.99911374, 0.041943416, -0.13843544;
 -0.059046868, -0.042079151, 0.99736792, -0.78018516;
 0, 0, 0, 1]
Ow:
[0.23162432;
 0.10577606;
 0.80041957]
Keyframe: 38 Frame: 611 Frame from vFrameID : 612
Tcw:
[0.99900723, 0.00010499323, -0.044547755, 0.23631433;
 -0.0021147938, 0.99898154, -0.045070913, 0.1107728;
 0.044497654, 0.045120377, 0.99799001, 0.82385778;
 0, 0, 0, 1]
Twc:
[0.99900723, -0.0021147938, 0.044497654, -0.27250522;
 0.00010499323, 0.99898154, 0.045120377, -0.14785758;
 -0.044547755, -0.045070913, 0.99799001, -0.80668199;
 0, 0, 0, 1]
Ow:
[0.23631433;
 0.1107728;
 0.82385778]
Keyframe: 39 Frame: 619 Frame from vFrameID : 620
Tcw:
[0.99896485, -0.020627277, -0.040542994, 0.23731208;
 0.019036962, 0.99904895, -0.039227571, 0.11490215;
 0.041313592, 0.038415153, 0.99840748, 0.847085;
 0, 0, 0, 1]
Twc:
[0.99896485, 0.019036962, 0.041313592, -0.27424994;
 -0.020627277, 0.99904895, 0.038415153, -0.14243867;
 -0.040542994, -0.039227571, 0.99840748, -0.83160728;
 0, 0, 0, 1]
Ow:
[0.23731208;
 0.11490215;
 0.847085]
Keyframe: 40 Frame: 627 Frame from vFrameID : 628
Tcw:
[0.9980315, -0.017216081, -0.060304992, 0.2446174;
 0.016023833, 0.99966758, -0.020198448, 0.11884864;
 0.060632683, 0.01919237, 0.99797559, 0.8699404;
 0, 0, 0, 1]
Twc:
[0.9980315, 0.016023833, 0.060632683, -0.29878709;
 -0.017216081, 0.99966758, 0.01919237, -0.131294;
 -0.060304992, -0.020198448, 0.99797559, -0.85102713;
 0, 0, 0, 1]
Ow:
[0.2446174;
 0.11884864;
 0.8699404]
Keyframe: 41 Frame: 635 Frame from vFrameID : 636
Tcw:
[0.99593735, 0.012510341, -0.089175582, 0.26211739;
 -0.014584729, 0.99963713, -0.022648301, 0.1216589;
 0.088859886, 0.023856891, 0.99575841, 0.89301795;
 0, 0, 0, 1]
Twc:
[0.99593735, -0.014584729, 0.088859886, -0.3386316;
 0.012510341, 0.99963713, 0.023856891, -0.14619856;
 -0.089175582, -0.022648301, 0.99575841, -0.86310023;
 0, 0, 0, 1]
Ow:
[0.26211739;
 0.1216589;
 0.89301795]
Keyframe: 42 Frame: 643 Frame from vFrameID : 644
Tcw:
[0.99757302, 0.012007458, -0.068584628, 0.26856616;
 -0.012056786, 0.99992728, -0.00030531327, 0.12452675;
 0.068575971, 0.0011314824, 0.99764526, 0.91586936;
 0, 0, 0, 1]
Twc:
[0.99757302, -0.012056786, 0.068575971, -0.32921961;
 0.012007458, 0.99992728, 0.0011314824, -0.12877877;
 -0.068584628, -0.00030531327, 0.99764526, -0.89525521;
 0, 0, 0, 1]
Ow:
[0.26856616;
 0.12452675;
 0.91586936]
Keyframe: 43 Frame: 651 Frame from vFrameID : 652
Tcw:
[0.99848992, 0.017987028, -0.051907282, 0.27495599;
 -0.020190176, 0.99890363, -0.042236473, 0.12715323;
 0.051090665, 0.04322071, 0.99775833, 0.9371286;
 0, 0, 0, 1]
Twc:
[0.99848992, -0.020190176, 0.051090665, -0.31985205;
 0.017987028, 0.99890363, 0.04322071, -0.17246282;
 -0.051907282, -0.042236473, 0.99775833, -0.91538519;
 0, 0, 0, 1]
Ow:
[0.27495599;
 0.12715323;
 0.9371286]
Keyframe: 44 Frame: 659 Frame from vFrameID : 660
Tcw:
[0.99977171, -0.0020001496, -0.021272162, 0.27619347;
 0.0012537359, 0.999385, -0.03504438, 0.13043877;
 0.021329174, 0.035009712, 0.99915934, 0.9614839;
 0, 0, 0, 1]
Twc:
[0.99977171, 0.0012537359, 0.021329174, -0.29680163;
 -0.0020001496, 0.999385, 0.035009712, -0.16346739;
 -0.021272162, -0.03504438, 0.99915934, -0.95022923;
 0, 0, 0, 1]
Ow:
[0.27619347;
 0.13043877;
 0.9614839]
Keyframe: 45 Frame: 667 Frame from vFrameID : 668
Tcw:
[0.99836624, -0.012760741, -0.055696186, 0.28508437;
 0.0095744682, 0.99832231, -0.05710455, 0.13375384;
 0.056331441, 0.056477994, 0.99681342, 0.98188812;
 0, 0, 0, 1]
Twc:
[0.99836624, 0.0095744682, 0.056331441, -0.3412104;
 -0.012760741, 0.99832231, 0.056477994, -0.18534662;
 -0.055696186, -0.05710455, 0.99681342, -0.95524317;
 0, 0, 0, 1]
Ow:
[0.28508437;
 0.13375384;
 0.98188812]
Keyframe: 46 Frame: 675 Frame from vFrameID : 676
Tcw:
[0.99808508, -0.0045745708, -0.061686222, 0.29417875;
 0.0026699177, 0.99951816, -0.030923625, 0.1359296;
 0.061797962, 0.030699713, 0.99761641, 1.0012646;
 0, 0, 0, 1]
Twc:
[0.99808508, 0.0026699177, 0.061797962, -0.35585445;
 -0.0045745708, 0.99951816, 0.030699713, -0.16525692;
 -0.061686222, -0.030923625, 0.99761641, -0.97652775;
 0, 0, 0, 1]
Ow:
[0.29417875;
 0.1359296;
 1.0012646]
Keyframe: 47 Frame: 682 Frame from vFrameID : 683
Tcw:
[0.99886137, -0.0029686105, -0.047615122, 0.30014411;
 0.0027553674, 0.99998587, -0.0045434833, 0.13772286;
 0.047627937, 0.004407113, 0.99885541, 1.0207028;
 0, 0, 0, 1]
Twc:
[0.99886137, 0.0027553674, 0.047627937, -0.3487958;
 -0.0029686105, 0.99998587, 0.004407113, -0.14132826;
 -0.047615122, -0.0045434833, 0.99885541, -1.0046175;
 0, 0, 0, 1]
Ow:
[0.30014411;
 0.13772286;
 1.0207028]
Keyframe: 48 Frame: 690 Frame from vFrameID : 691
Tcw:
[0.99977577, -0.021021675, -0.0025391332, 0.30311656;
 0.020977296, 0.99964553, -0.016395537, 0.14027807;
 0.0028828946, 0.016338598, 0.99986237, 1.0437649;
 0, 0, 0, 1]
Twc:
[0.99977577, 0.020977296, 0.0028828946, -0.30900031;
 -0.021021675, 0.99964553, 0.016338598, -0.15090998;
 -0.0025391332, -0.016395537, 0.99986237, -1.0405517;
 0, 0, 0, 1]
Ow:
[0.30311656;
 0.14027807;
 1.0437649]
Keyframe: 49 Frame: 697 Frame from vFrameID : 698
Tcw:
[0.99945122, -0.016538691, 0.028701212, 0.30846408;
 0.016555492, 0.99986291, -0.00034778457, 0.14213771;
 -0.028691525, 0.00082275638, 0.99958795, 1.0602245;
 0, 0, 0, 1]
Twc:
[0.99945122, 0.016555492, -0.028691525, -0.2802285;
 -0.016538691, 0.99986291, 0.00082275638, -0.13788892;
 0.028701212, -0.00034778457, 0.99958795, -1.0685916;
 0, 0, 0, 1]
Ow:
[0.30846408;
 0.14213771;
 1.0602245]
Keyframe: 50 Frame: 704 Frame from vFrameID : 705
Tcw:
[0.99951714, -0.015105861, -0.027154131, 0.31825161;
 0.014366312, 0.99952602, -0.02722702, 0.14436811;
 0.027552549, 0.026823768, 0.99926043, 1.0781851;
 0, 0, 0, 1]
Twc:
[0.99951714, 0.014366312, 0.027552549, -0.3498787;
 -0.015105861, 0.99952602, 0.026823768, -0.16841322;
 -0.027154131, -0.02722702, 0.99926043, -1.064815;
 0, 0, 0, 1]
Ow:
[0.31825161;
 0.14436811;
 1.0781851]
Keyframe: 51 Frame: 712 Frame from vFrameID : 713
Tcw:
[0.99795616, -0.0079481564, -0.063406013, 0.32745749;
 0.0066738608, 0.99977201, -0.020283932, 0.14736095;
 0.063552774, 0.019819312, 0.99778163, 1.0960082;
 0, 0, 0, 1]
Twc:
[0.99795616, 0.0066738608, 0.063552774, -0.39742604;
 -0.0079481564, 0.99977201, 0.019819312, -0.16644681;
 -0.063406013, -0.020283932, 0.99778163, -1.0698251;
 0, 0, 0, 1]
Ow:
[0.32745749;
 0.14736095;
 1.0960082]
Keyframe: 52 Frame: 719 Frame from vFrameID : 720
Tcw:
[0.99793786, -0.0071254214, -0.063791059, 0.32798269;
 0.005616047, 0.99970073, -0.023809345, 0.14440586;
 0.06394162, 0.023401992, 0.99767923, 1.103389;
 0, 0, 0, 1]
Twc:
[0.99793786, 0.005616047, 0.06394162, -0.39866981;
 -0.0071254214, 0.99970073, 0.023401992, -0.16784714;
 -0.063791059, -0.023809345, 0.99767923, -1.0764678;
 0, 0, 0, 1]
Ow:
[0.32798269;
 0.14440586;
 1.103389]
Keyframe: 53 Frame: 727 Frame from vFrameID : 728
Tcw:
[0.99698377, -0.017993798, -0.075495772, 0.33519506;
 0.013152979, 0.99785459, -0.064134538, 0.14934994;
 0.076487832, 0.0629481, 0.99508148, 1.1346583;
 0, 0, 0, 1]
Twc:
[0.99698377, 0.013152979, 0.076487832, -0.42293599;
 -0.017993798, 0.99785459, 0.0629481, -0.21442267;
 -0.075495772, -0.064134538, 0.99508148, -1.0941932;
 0, 0, 0, 1]
Ow:
[0.33519506;
 0.14934994;
 1.1346583]
Keyframe: 54 Frame: 735 Frame from vFrameID : 736
Tcw:
[0.99792135, -0.034322262, -0.054543354, 0.33669764;
 0.031038366, 0.99771845, -0.059954233, 0.15463293;
 0.056476675, 0.058136672, 0.99670982, 1.1495135;
 0, 0, 0, 1]
Twc:
[0.99792135, 0.031038366, 0.056476675, -0.405718;
 -0.034322262, 0.99771845, 0.058136672, -0.20955278;
 -0.054543354, -0.059954233, 0.99670982, -1.1180959;
 0, 0, 0, 1]
Ow:
[0.33669764;
 0.15463293;
 1.1495135]
Keyframe: 55 Frame: 742 Frame from vFrameID : 743
Tcw:
[0.99254781, -0.027115865, -0.11880068, 0.34425575;
 0.020629391, 0.99824589, -0.055493318, 0.15817268;
 0.12009705, 0.052628987, 0.99136615, 1.1715902;
 0, 0, 0, 1]
Twc:
[0.99254781, 0.020629391, 0.12009705, -0.48565781;
 -0.027115865, 0.99824589, 0.052628987, -0.21022005;
 -0.11880068, -0.055493318, 0.99136615, -1.1117996;
 0, 0, 0, 1]
Ow:
[0.34425575;
 0.15817268;
 1.1715902]
Keyframe: 56 Frame: 749 Frame from vFrameID : 750
Tcw:
[0.98873776, -0.02359131, -0.1477872, 0.34971833;
 0.018349536, 0.99915665, -0.036732107, 0.15930249;
 0.14852913, 0.033606596, 0.98833686, 1.1848681;
 0, 0, 0, 1]
Twc:
[0.98873776, 0.018349536, 0.14852913, -0.52469027;
 -0.02359131, 0.99915665, 0.033606596, -0.19073722;
 -0.1477872, -0.036732107, 0.98833686, -1.1135134;
 0, 0, 0, 1]
Ow:
[0.34971833;
 0.15930249;
 1.1848681]
Keyframe: 57 Frame: 756 Frame from vFrameID : 757
Tcw:
[0.99075937, -0.017150832, -0.13454281, 0.3531813;
 0.014888303, 0.99973065, -0.017804645, 0.16248257;
 0.13481192, 0.015637005, 0.99074781, 1.2048583;
 0, 0, 0, 1]
Twc:
[0.99075937, 0.014888303, 0.13481192, -0.51476604;
 -0.017150832, 0.99973065, 0.015637005, -0.17522182;
 -0.13454281, -0.017804645, 0.99074781, -1.1432998;
 0, 0, 0, 1]
Ow:
[0.3531813;
 0.16248257;
 1.2048583]
Keyframe: 58 Frame: 763 Frame from vFrameID : 764
Tcw:
[0.99215239, -0.022290088, -0.12303174, 0.35342291;
 0.016415138, 0.99868536, -0.048560377, 0.16497821;
 0.12395241, 0.046159711, 0.99121392, 1.2235546;
 0, 0, 0, 1]
Twc:
[0.99215239, 0.016415138, 0.12395241, -0.50502002;
 -0.022290088, 0.99868536, 0.046159711, -0.21336241;
 -0.12303174, -0.048560377, 0.99121392, -1.1613108;
 0, 0, 0, 1]
Ow:
[0.35342291;
 0.16497821;
 1.2235546]
Keyframe: 59 Frame: 771 Frame from vFrameID : 772
Tcw:
[0.99744195, -0.029054256, -0.065310299, 0.35685182;
 0.026448915, 0.99883312, -0.04040857, 0.16860004;
 0.066408135, 0.038577817, 0.99704647, 1.2455602;
 0, 0, 0, 1]
Twc:
[0.99744195, 0.026448915, 0.066408135, -0.44311357;
 -0.029054256, 0.99883312, 0.038577817, -0.20608623;
 -0.065310299, -0.04040857, 0.99704647, -1.2117624;
 0, 0, 0, 1]
Ow:
[0.35685182;
 0.16860004;
 1.2455602]
Keyframe: 60 Frame: 779 Frame from vFrameID : 780
Tcw:
[0.99756306, -0.020103067, -0.066811733, 0.36313173;
 0.017212454, 0.99890244, -0.043562613, 0.17252585;
 0.067614138, 0.04230646, 0.99681419, 1.264944;
 0, 0, 0, 1]
Twc:
[0.99756306, 0.017212454, 0.067614138, -0.45074448;
 -0.020103067, 0.99890244, 0.04230646, -0.21855173;
 -0.066811733, -0.043562613, 0.99681419, -1.2291369;
 0, 0, 0, 1]
Ow:
[0.36313173;
 0.17252585;
 1.264944]
Keyframe: 61 Frame: 787 Frame from vFrameID : 788
Tcw:
[0.9963398, 0.010634842, -0.084817186, 0.3729862;
 -0.0125531, 0.99967664, -0.022115199, 0.17531168;
 0.084554568, 0.02309897, 0.99615109, 1.2870332;
 0, 0, 0, 1]
Twc:
[0.9963398, -0.0125531, 0.084554568, -0.47824481;
 0.010634842, 0.99967664, 0.02309897, -0.20895077;
 -0.084817186, -0.022115199, 0.99615109, -1.2465668;
 0, 0, 0, 1]
Ow:
[0.3729862;
 0.17531168;
 1.2870332]
Keyframe: 62 Frame: 794 Frame from vFrameID : 795
Tcw:
[0.99735057, -0.0021481444, -0.072713435, 0.37275255;
 0.001058856, 0.99988669, -0.015015799, 0.17876211;
 0.072737455, 0.014899022, 0.99723983, 1.3039294;
 0, 0, 0, 1]
Twc:
[0.99735057, 0.001058856, 0.072737455, -0.46679872;
 -0.0021481444, 0.99988669, 0.014899022, -0.1973684;
 -0.072713435, -0.015015799, 0.99723983, -1.270542;
 0, 0, 0, 1]
Ow:
[0.37275255;
 0.17876211;
 1.3039294]
Keyframe: 63 Frame: 802 Frame from vFrameID : 803
Tcw:
[0.9993118, -0.022324394, -0.029622413, 0.37329122;
 0.021037532, 0.99885076, -0.043064769, 0.18321425;
 0.030549765, 0.042411949, 0.99863303, 1.3295093;
 0, 0, 0, 1]
Twc:
[0.9993118, 0.021037532, 0.030549765, -0.41750491;
 -0.022324394, 0.99885076, 0.042411949, -0.23105727;
 -0.029622413, -0.043064769, 0.99863303, -1.308744;
 0, 0, 0, 1]
Ow:
[0.37329122;
 0.18321425;
 1.3295093]
Keyframe: 64 Frame: 809 Frame from vFrameID : 810
Tcw:
[0.99988741, -0.014286614, -0.0045953253, 0.37810135;
 0.014180343, 0.99964893, -0.022381866, 0.1848928;
 0.004913473, 0.022314182, 0.99973893, 1.3428727;
 0, 0, 0, 1]
Twc:
[0.99988741, 0.014180343, 0.004913473, -0.38727877;
 -0.014286614, 0.99964893, 0.022314182, -0.20939121;
 -0.0045953253, -0.022381866, 0.99973893, -1.3366464;
 0, 0, 0, 1]
Ow:
[0.37810135;
 0.1848928;
 1.3428727]
Keyframe: 65 Frame: 817 Frame from vFrameID : 818
Tcw:
[0.99629587, 0.0010287086, -0.085985377, 0.38856569;
 -0.0038365496, 0.99946451, -0.032495998, 0.18796328;
 0.085905902, 0.032705516, 0.99576628, 1.3637702;
 0, 0, 0, 1]
Twc:
[0.99629587, -0.0038365496, 0.085905902, -0.5035612;
 0.0010287086, 0.99946451, 0.032705516, -0.23286515;
 -0.085985377, -0.032495998, 0.99576628, -1.3184775;
 0, 0, 0, 1]
Ow:
[0.38856569;
 0.18796328;
 1.3637702]
Keyframe: 66 Frame: 824 Frame from vFrameID : 825
Tcw:
[0.99439514, -0.0038260492, -0.10565806, 0.39194685;
 0.0031307181, 0.99997234, -0.006746029, 0.1901089;
 0.10568095, 0.006377433, 0.99437964, 1.3772985;
 0, 0, 0, 1]
Twc:
[0.99439514, 0.0031307181, 0.10568095, -0.53589946;
 -0.0038260492, 0.99997234, 0.006377433, -0.19738765;
 -0.10565806, -0.006746029, 0.99437964, -1.3268628;
 0, 0, 0, 1]
Ow:
[0.39194685;
 0.1901089;
 1.3772985]
Keyframe: 67 Frame: 831 Frame from vFrameID : 832
Tcw:
[0.99483687, -0.016352529, -0.1001608, 0.39493001;
 0.015951773, 0.99986124, -0.0048007509, 0.19394515;
 0.1002254, 0.0031782219, 0.99495965, 1.3958647;
 0, 0, 0, 1]
Twc:
[0.99483687, 0.015951773, 0.1002254, -0.53588581;
 -0.016352529, 0.99986124, 0.0031782219, -0.1918965;
 -0.1001608, -0.0048007509, 0.99495965, -1.3483416;
 0, 0, 0, 1]
Ow:
[0.39493001;
 0.19394515;
 1.3958647]
Keyframe: 68 Frame: 838 Frame from vFrameID : 839
Tcw:
[0.99534196, -0.023274293, -0.093556046, 0.39993513;
 0.020208998, 0.9992317, -0.033579323, 0.1960448;
 0.094265699, 0.031532235, 0.99504757, 1.4138101;
 0, 0, 0, 1]
Twc:
[0.99534196, 0.020208998, 0.094265699, -0.53530788;
 -0.023274293, 0.9992317, 0.031532235, -0.23116659;
 -0.093556046, -0.033579323, 0.99504757, -1.3628091;
 0, 0, 0, 1]
Ow:
[0.39993513;
 0.1960448;
 1.4138101]
Keyframe: 69 Frame: 845 Frame from vFrameID : 846
Tcw:
[0.9977631, -0.026176628, -0.061511315, 0.40347803;
 0.024909701, 0.99946332, -0.021274105, 0.19836058;
 0.062035188, 0.019694287, 0.99787962, 1.4279866;
 0, 0, 0, 1]
Twc:
[0.9977631, 0.024909701, 0.062035188, -0.49610198;
 -0.026176628, 0.99946332, 0.019694287, -0.2158156;
 -0.061511315, -0.021274105, 0.99787962, -1.3959204;
 0, 0, 0, 1]
Ow:
[0.40347803;
 0.19836058;
 1.4279866]
Keyframe: 70 Frame: 852 Frame from vFrameID : 853
Tcw:
[0.99686825, -0.016649732, -0.0773075, 0.40851659;
 0.014753225, 0.99957764, -0.025038674, 0.2026249;
 0.077691734, 0.023819724, 0.99669284, 1.4446404;
 0, 0, 0, 1]
Twc:
[0.99686825, 0.014753225, 0.077691734, -0.5224632;
 -0.016649732, 0.99957764, 0.023819724, -0.23014855;
 -0.0773075, -0.025038674, 0.99669284, -1.4032078;
 0, 0, 0, 1]
Ow:
[0.40851659;
 0.2026249;
 1.4446404]
Keyframe: 71 Frame: 860 Frame from vFrameID : 861
Tcw:
[0.99552667, -0.0049430761, -0.094351433, 0.4181003;
 0.0031911368, 0.99981987, -0.01871009, 0.2034805;
 0.094426923, 0.018325306, 0.99536312, 1.4625924;
 0, 0, 0, 1]
Twc:
[0.99552667, 0.0031911368, 0.094426923, -0.55498743;
 -0.0049430761, 0.99981987, 0.018325306, -0.22817957;
 -0.094351433, -0.01871009, 0.99536312, -1.412555;
 0, 0, 0, 1]
Ow:
[0.4181003;
 0.2034805;
 1.4625924]
Keyframe: 72 Frame: 868 Frame from vFrameID : 869
Tcw:
[0.99731141, -0.0094735958, -0.072664887, 0.4221639;
 0.0069270683, 0.99935567, -0.035217114, 0.20723608;
 0.072951704, 0.034619074, 0.99673444, 1.4836015;
 0, 0, 0, 1]
Twc:
[0.99731141, 0.0069270683, 0.072951704, -0.53069568;
 -0.0094735958, 0.99935567, 0.034619074, -0.25446406;
 -0.072664887, -0.035217114, 0.99673444, -1.440782;
 0, 0, 0, 1]
Ow:
[0.4221639;
 0.20723608;
 1.4836015]
Keyframe: 73 Frame: 875 Frame from vFrameID : 876
Tcw:
[0.99886256, -0.010341519, -0.046547089, 0.42585123;
 0.0084424997, 0.9991312, -0.040811095, 0.20946389;
 0.0469287, 0.040371701, 0.9980821, 1.498378;
 0, 0, 0, 1]
Twc:
[0.99886256, 0.0084424997, 0.0469287, -0.49745217;
 -0.010341519, 0.9991312, 0.040371701, -0.26537004;
 -0.046547089, -0.040811095, 0.9980821, -1.4671336;
 0, 0, 0, 1]
Ow:
[0.42585123;
 0.20946389;
 1.498378]
Keyframe: 74 Frame: 883 Frame from vFrameID : 884
Tcw:
[0.99894834, -0.028818619, -0.035661392, 0.42800605;
 0.027684664, 0.99910778, -0.03189322, 0.21243012;
 0.036548696, 0.030872406, 0.99885488, 1.5189714;
 0, 0, 0, 1]
Twc:
[0.99894834, 0.027684664, 0.036548696, -0.48895338;
 -0.028818619, 0.99910778, 0.030872406, -0.24680036;
 -0.035661392, -0.03189322, 0.99885488, -1.4951937;
 0, 0, 0, 1]
Ow:
[0.42800605;
 0.21243012;
 1.5189714]
Keyframe: 75 Frame: 891 Frame from vFrameID : 892
Tcw:
[0.99733937, -0.013761682, -0.071587332, 0.43651745;
 0.0096432446, 0.99829543, -0.057560969, 0.2143558;
 0.072257437, 0.056717489, 0.99577206, 1.5378263;
 0, 0, 0, 1]
Twc:
[0.99733937, 0.0096432446, 0.072257437, -0.54854256;
 -0.013761682, 0.99829543, 0.056717489, -0.29520485;
 -0.071587332, -0.057560969, 0.99577206, -1.4877368;
 0, 0, 0, 1]
Ow:
[0.43651745;
 0.2143558;
 1.5378263]
Keyframe: 76 Frame: 901 Frame from vFrameID : 902
Tcw:
[0.99678296, -0.011846516, -0.079267628, 0.44032785;
 0.0096866582, 0.99957275, -0.027576949, 0.21856458;
 0.079560451, 0.026720395, 0.99647188, 1.5583832;
 0, 0, 0, 1]
Twc:
[0.99678296, 0.0096866582, 0.079560451, -0.56501418;
 -0.011846516, 0.99957275, 0.026720395, -0.25489545;
 -0.079267628, -0.027576949, 0.99647188, -1.5119539;
 0, 0, 0, 1]
Ow:
[0.44032785;
 0.21856458;
 1.5583832]
Keyframe: 77 Frame: 910 Frame from vFrameID : 911
Tcw:
[0.99752909, -0.025089817, -0.065621793, 0.44409472;
 0.022370424, 0.99887335, -0.041851964, 0.220112;
 0.066597916, 0.040280566, 0.99696648, 1.5811075;
 0, 0, 0, 1]
Twc:
[0.99752909, 0.022370424, 0.066597916, -0.55321985;
 -0.025089817, 0.99887335, 0.040280566, -0.27240965;
 -0.065621793, -0.041851964, 0.99696648, -1.5379567;
 0, 0, 0, 1]
Ow:
[0.44409472;
 0.220112;
 1.5811075]
Keyframe: 78 Frame: 918 Frame from vFrameID : 919
Tcw:
[0.99933153, -0.026608534, -0.025070095, 0.44650638;
 0.025968196, 0.99933672, -0.02553031, 0.22398651;
 0.025732791, 0.024862219, 0.99935967, 1.5981867;
 0, 0, 0, 1]
Twc:
[0.99933153, 0.025968196, 0.025732791, -0.4931502;
 -0.026608534, 0.99933672, 0.024862219, -0.25169155;
 -0.025070095, -0.02553031, 0.99935967, -1.5802509;
 0, 0, 0, 1]
Ow:
[0.44650638;
 0.22398651;
 1.5981867]
Keyframe: 79 Frame: 926 Frame from vFrameID : 927
Tcw:
[0.99936938, -0.0088122068, -0.034397971, 0.45297396;
 0.0075540277, 0.99930376, -0.036537256, 0.22755188;
 0.034695994, 0.036254369, 0.99874014, 1.6170076;
 0, 0, 0, 1]
Twc:
[0.99936938, 0.0075540277, 0.034695994, -0.51051092;
 -0.0088122068, 0.99930376, 0.036254369, -0.28202534;
 -0.034397971, -0.036537256, 0.99874014, -1.5910748;
 0, 0, 0, 1]
Ow:
[0.45297396;
 0.22755188;
 1.6170076]
Keyframe: 80 Frame: 934 Frame from vFrameID : 935
Tcw:
[0.99856496, -0.015064565, -0.051391806, 0.45536214;
 0.014590551, 0.99984759, -0.009586283, 0.22917688;
 0.051528387, 0.0088226916, 0.99863255, 1.6340615;
 0, 0, 0, 1]
Twc:
[0.99856496, 0.014590551, 0.051528387, -0.54225302;
 -0.015064565, 0.99984759, 0.0088226916, -0.23669894;
 -0.051391806, -0.009586283, 0.99863255, -1.6062281;
 0, 0, 0, 1]
Ow:
[0.45536214;
 0.22917688;
 1.6340615]
Keyframe: 81 Frame: 942 Frame from vFrameID : 943
Tcw:
[0.9997896, -0.020384187, -0.0022850174, 0.45630842;
 0.020249009, 0.99861133, -0.048634939, 0.23240228;
 0.003273228, 0.048578437, 0.99881399, 1.651877;
 0, 0, 0, 1]
Twc:
[0.9997896, 0.020249009, 0.003273228, -0.46632531;
 -0.020384187, 0.99861133, 0.048578437, -0.3030237;
 -0.0022850174, -0.048634939, 0.99881399, -1.6375724;
 0, 0, 0, 1]
Ow:
[0.45630842;
 0.23240228;
 1.651877]
Keyframe: 82 Frame: 950 Frame from vFrameID : 951
Tcw:
[0.99911785, -0.028855111, 0.030511614, 0.45583117;
 0.029623669, 0.99924731, -0.025044307, 0.23352112;
 -0.029765991, 0.02592608, 0.99922061, 1.6636631;
 0, 0, 0, 1]
Twc:
[0.99911785, 0.029623669, -0.029765991, -0.41282621;
 -0.028855111, 0.99924731, 0.02592608, -0.26332459;
 0.030511614, -0.025044307, 0.99922061, -1.6704262;
 0, 0, 0, 1]
Ow:
[0.45583117;
 0.23352112;
 1.6636631]
Keyframe: 83 Frame: 957 Frame from vFrameID : 958
Tcw:
[0.99829382, -0.039507464, 0.04299489, 0.45696425;
 0.040124536, 0.99910235, -0.013584786, 0.23526633;
 -0.042419598, 0.015286759, 0.99898291, 1.6739854;
 0, 0, 0, 1]
Twc:
[0.99829382, 0.040124536, -0.042419598, -0.39461479;
 -0.039507464, 0.99910235, 0.015286759, -0.24259144;
 0.04299489, -0.013584786, 0.99898291, -1.6887339;
 0, 0, 0, 1]
Ow:
[0.45696425;
 0.23526633;
 1.6739854]
Keyframe: 84 Frame: 965 Frame from vFrameID : 966
Tcw:
[0.99968117, -0.00096719805, 0.025231389, 0.46987587;
 0.0022948927, 0.99861068, -0.052645013, 0.23545268;
 -0.025145415, 0.052686132, 0.99829447, 1.6858886;
 0, 0, 0, 1]
Twc:
[0.99968117, 0.0022948927, -0.025145415, -0.42787403;
 -0.00096719805, 0.99861068, 0.052686132, -0.32349405;
 0.025231389, -0.052645013, 0.99829447, -1.6824735;
 0, 0, 0, 1]
Ow:
[0.46987587;
 0.23545268;
 1.6858886]
Keyframe: 85 Frame: 973 Frame from vFrameID : 974
Tcw:
[0.99985164, -0.010184178, 0.013889908, 0.47189251;
 0.010773924, 0.99901414, -0.043066405, 0.23620558;
 -0.013437618, 0.043209665, 0.99897563, 1.6944146;
 0, 0, 0, 1]
Twc:
[0.99985164, 0.010773924, -0.013437618, -0.4515985;
 -0.010184178, 0.99901414, 0.043209665, -0.30438194;
 0.013889908, -0.043066405, 0.99897563, -1.6890609;
 0, 0, 0, 1]
Ow:
[0.47189251;
 0.23620558;
 1.6944146]
Keyframe: 86 Frame: 980 Frame from vFrameID : 981
Tcw:
[0.99987519, 0.00031660817, 0.015797293, 0.47585189;
 -8.8350816e-06, 0.99981028, -0.019478915, 0.23841965;
 -0.015800463, 0.019476343, 0.99968547, 1.7041583;
 0, 0, 0, 1]
Twc:
[0.99987519, -8.8350816e-06, -0.015800463, -0.44886386;
 0.00031660817, 0.99981028, 0.019476343, -0.27171585;
 0.015797293, -0.019478915, 0.99968547, -1.7064953;
 0, 0, 0, 1]
Ow:
[0.47585189;
 0.23841965;
 1.7041583]
Keyframe: 87 Frame: 988 Frame from vFrameID : 989
Tcw:
[0.99996787, -0.0061695846, -0.0051201792, 0.47697425;
 0.0058412012, 0.99806869, -0.061844654, 0.24089211;
 0.0054918462, 0.061812758, 0.99807262, 1.7186744;
 0, 0, 0, 1]
Twc:
[0.99996787, 0.0058412012, 0.0054918462, -0.48780471;
 -0.0061695846, 0.99806869, 0.061812758, -0.34372014;
 -0.0051201792, -0.061844654, 0.99807262, -1.698022;
 0, 0, 0, 1]
Ow:
[0.47697425;
 0.24089211;
 1.7186744]
Keyframe: 88 Frame: 998 Frame from vFrameID : 999
Tcw:
[0.99977368, -0.0027016152, 0.021101806, 0.48148695;
 0.0033020622, 0.99958915, -0.028471952, 0.24075963;
 -0.021016216, 0.028535189, 0.99937183, 1.7350982;
 0, 0, 0, 1]
Twc:
[0.99977368, 0.0033020622, -0.021016216, -0.4457078;
 -0.0027016152, 0.99958915, 0.028535189, -0.28887126;
 0.021101806, -0.028471952, 0.99937183, -1.7373137;
 0, 0, 0, 1]
Ow:
[0.48148695;
 0.24075963;
 1.7350982]
Keyframe: 89 Frame: 1006 Frame from vFrameID : 1007
Tcw:
[0.99789685, 0.015751133, -0.062878855, 0.49006259;
 -0.018790733, 0.99866837, -0.048045628, 0.24274689;
 0.062038351, 0.049126122, 0.99686402, 1.7456281;
 0, 0, 0, 1]
Twc:
[0.99789685, -0.018790733, 0.062038351, -0.5927664;
 0.015751133, 0.99866837, 0.049126122, -0.33589864;
 -0.062878855, -0.048045628, 0.99686402, -1.6976763;
 0, 0, 0, 1]
Ow:
[0.49006259;
 0.24274689;
 1.7456281]
Keyframe: 90 Frame: 1014 Frame from vFrameID : 1015
Tcw:
[0.99447, 0.0046572881, -0.10491793, 0.494324;
 -0.00928389, 0.99900365, -0.043652233, 0.24316549;
 0.10461009, 0.044384882, 0.99352235, 1.7587141;
 0, 0, 0, 1]
Twc:
[0.99447, -0.00928389, 0.10461009, -0.67331213;
 0.0046572881, 0.99900365, 0.044384882, -0.32328573;
 -0.10491793, -0.043652233, 0.99352235, -1.6848437;
 0, 0, 0, 1]
Ow:
[0.494324;
 0.24316549;
 1.7587141]
Keyframe: 91 Frame: 1022 Frame from vFrameID : 1023
Tcw:
[0.99531788, 0.0027372132, -0.096616827, 0.49739844;
 -0.0064161997, 0.99926519, -0.037787996, 0.2456065;
 0.096442394, 0.038230982, 0.99460405, 1.7716101;
 0, 0, 0, 1]
Twc:
[0.99531788, -0.0064161997, 0.096442394, -0.664352;
 0.0027372132, 0.99926519, 0.038230982, -0.31451792;
 -0.096616827, -0.037787996, 0.99460405, -1.7047126;
 0, 0, 0, 1]
Ow:
[0.49739844;
 0.2456065;
 1.7716101]
Keyframe: 92 Frame: 1029 Frame from vFrameID : 1030
Tcw:
[0.99712944, -0.020987652, -0.072748847, 0.49827147;
 0.019460371, 0.99957645, -0.021639587, 0.24728104;
 0.073172197, 0.02016175, 0.99711549, 1.7825521;
 0, 0, 0, 1]
Twc:
[0.99712944, 0.019460371, 0.073172197, -0.63208658;
 -0.020987652, 0.99957645, 0.02016175, -0.27265811;
 -0.072748847, -0.021639587, 0.99711549, -1.7358106;
 0, 0, 0, 1]
Ow:
[0.49827147;
 0.24728104;
 1.7825521]
Keyframe: 93 Frame: 1036 Frame from vFrameID : 1037
Tcw:
[0.9979676, -0.019976182, -0.060511019, 0.50159991;
 0.019949872, 0.99980044, -0.0010389955, 0.24969938;
 0.060519699, -0.00017030322, 0.99816698, 1.7929026;
 0, 0, 0, 1]
Twc:
[0.9979676, 0.019949872, 0.060519699, -0.61406785;
 -0.019976182, 0.99980044, -0.00017030322, -0.23932417;
 -0.060511019, -0.0010389955, 0.99816698, -1.7590044;
 0, 0, 0, 1]
Ow:
[0.50159991;
 0.24969938;
 1.7929026]
Keyframe: 94 Frame: 1043 Frame from vFrameID : 1044
Tcw:
[0.995341, -0.010423229, -0.095852502, 0.50743926;
 0.0091769118, 0.99986762, -0.013434108, 0.2507748;
 0.09597984, 0.012491888, 0.99530488, 1.8050381;
 0, 0, 0, 1]
Twc:
[0.995341, 0.0091769118, 0.09597984, -0.68062371;
 -0.010423229, 0.99986762, 0.012491888, -0.26800078;
 -0.095852502, -0.013434108, 0.99530488, -1.744555;
 0, 0, 0, 1]
Ow:
[0.50743926;
 0.2507748;
 1.8050381]
Keyframe: 95 Frame: 1051 Frame from vFrameID : 1052
Tcw:
[0.99477506, -0.017439326, -0.10059074, 0.51161569;
 0.015833158, 0.99973446, -0.016743744, 0.25122595;
 0.10085602, 0.01506359, 0.99478698, 1.8167074;
 0, 0, 0, 1]
Twc:
[0.99477506, 0.015833158, 0.10085602, -0.69614607;
 -0.017439326, 0.99973446, 0.01506359, -0.26960313;
 -0.10059074, -0.016743744, 0.99478698, -1.7515666;
 0, 0, 0, 1]
Ow:
[0.51161569;
 0.25122595;
 1.8167074]
Keyframe: 96 Frame: 1059 Frame from vFrameID : 1060
Tcw:
[0.99749601, -0.0063484586, -0.070436895, 0.51530123;
 0.00331846, 0.99906737, -0.043051116, 0.25337932;
 0.070644505, 0.042709578, 0.9965868, 1.8302186;
 0, 0, 0, 1]
Twc:
[0.99749601, 0.00331846, 0.070644505, -0.64414668;
 -0.0063484586, 0.99906737, 0.042709578, -0.3280395;
 -0.070436895, -0.043051116, 0.9965868, -1.7767671;
 0, 0, 0, 1]
Ow:
[0.51530123;
 0.25337932;
 1.8302186]
Keyframe: 97 Frame: 1068 Frame from vFrameID : 1069
Tcw:
[0.99891055, -0.018033635, -0.0430401, 0.52003628;
 0.017200455, 0.99965894, -0.019650685, 0.25472131;
 0.043379795, 0.018888967, 0.99888009, 1.843441;
 0, 0, 0, 1]
Twc:
[0.99891055, 0.017200455, 0.043379795, -0.60381919;
 -0.018033635, 0.99965894, 0.018888967, -0.28007698;
 -0.0430401, -0.019650685, 0.99888009, -1.8139887;
 0, 0, 0, 1]
Ow:
[0.52003628;
 0.25472131;
 1.843441]
Keyframe: 98 Frame: 1076 Frame from vFrameID : 1077
Tcw:
[0.99806881, -0.021898923, -0.058130018, 0.52519923;
 0.019123072, 0.99866968, -0.047886621, 0.25667319;
 0.059101354, 0.046682518, 0.99715984, 1.8564291;
 0, 0, 0, 1]
Twc:
[0.99806881, 0.019123072, 0.059101354, -0.63881081;
 -0.021898923, 0.99866968, 0.046682518, -0.33149323;
 -0.058130018, -0.047886621, 0.99715984, -1.8083355;
 0, 0, 0, 1]
Ow:
[0.52519923;
 0.25667319;
 1.8564291]
Keyframe: 99 Frame: 1083 Frame from vFrameID : 1084
Tcw:
[0.99536753, -0.020108912, -0.09401688, 0.52849096;
 0.016211968, 0.99898475, -0.042031068, 0.25696272;
 0.094766632, 0.040312164, 0.99468297, 1.8662829;
 0, 0, 0, 1]
Twc:
[0.99536753, 0.016211968, 0.094766632, -0.70706987;
 -0.020108912, 0.99898475, 0.040312164, -0.32130837;
 -0.09401688, -0.042031068, 0.99468297, -1.7958723;
 0, 0, 0, 1]
Ow:
[0.52849096;
 0.25696272;
 1.8662829]
Keyframe: 100 Frame: 1090 Frame from vFrameID : 1091
Tcw:
[0.9947899, -0.014780613, -0.10086911, 0.5310697;
 0.011783306, 0.99947304, -0.030246215, 0.25839126;
 0.10126302, 0.028900059, 0.99443984, 1.8768554;
 0, 0, 0, 1]
Twc:
[0.9947899, 0.011783306, 0.10126302, -0.72140354;
 -0.014780613, 0.99947304, 0.028900059, -0.30464679;
 -0.10086911, -0.030246215, 0.99443984, -1.8050358;
 0, 0, 0, 1]
Ow:
[0.5310697;
 0.25839126;
 1.8768554]
Keyframe: 101 Frame: 1098 Frame from vFrameID : 1099
Tcw:
[0.99846536, -0.022526955, -0.050590634, 0.53337586;
 0.019956481, 0.99851185, -0.050752018, 0.25973648;
 0.051658638, 0.049664523, 0.99742913, 1.8914337;
 0, 0, 0, 1]
Twc:
[0.99846536, 0.019956481, 0.051658638, -0.63544965;
 -0.022526955, 0.99851185, 0.049664523, -0.34127179;
 -0.050590634, -0.050752018, 0.99742913, -1.846405;
 0, 0, 0, 1]
Ow:
[0.53337586;
 0.25973648;
 1.8914337]
Keyframe: 102 Frame: 1105 Frame from vFrameID : 1106
Tcw:
[0.99938232, -0.031449553, -0.015682345, 0.53420907;
 0.030743886, 0.99858582, -0.043372471, 0.26077184;
 0.017024213, 0.042863544, 0.99893588, 1.9013475;
 0, 0, 0, 1]
Twc:
[0.99938232, 0.030743886, 0.017024213, -0.57426518;
 -0.031449553, 0.99858582, 0.042863544, -0.32510093;
 -0.015682345, -0.043372471, 0.99893588, -1.8796363;
 0, 0, 0, 1]
Ow:
[0.53420907;
 0.26077184;
 1.9013475]
Keyframe: 103 Frame: 1112 Frame from vFrameID : 1113
Tcw:
[0.99836099, -0.019313725, -0.053873014, 0.53923017;
 0.016081316, 0.99808073, -0.059801694, 0.262164;
 0.054924611, 0.058837328, 0.99675548, 1.9113514;
 0, 0, 0, 1]
Twc:
[0.99836099, 0.016081316, 0.054924611, -0.64754254;
 -0.019313725, 0.99808073, 0.058837328, -0.3637051;
 -0.053873014, -0.059801694, 0.99675548, -1.8604221;
 0, 0, 0, 1]
Ow:
[0.53923017;
 0.262164;
 1.9113514]
Keyframe: 104 Frame: 1120 Frame from vFrameID : 1121
Tcw:
[0.99635196, -0.021001607, -0.082714595, 0.54339015;
 0.017315025, 0.99883521, -0.045037854, 0.26351333;
 0.083564118, 0.043441348, 0.99555504, 1.9210768;
 0, 0, 0, 1]
Twc:
[0.99635196, 0.017315025, 0.083564118, -0.70650369;
 -0.021001607, 0.99883521, 0.043441348, -0.3352485;
 -0.082714595, -0.045037854, 0.99555504, -1.8557234;
 0, 0, 0, 1]
Ow:
[0.54339015;
 0.26351333;
 1.9210768]
Keyframe: 105 Frame: 1130 Frame from vFrameID : 1131
Tcw:
[0.99648434, -0.025755974, -0.079721928, 0.54543829;
 0.022942061, 0.99908793, -0.036013637, 0.26506114;
 0.080576785, 0.034058038, 0.99616635, 1.9356587;
 0, 0, 0, 1]
Twc:
[0.99648434, 0.022942061, 0.080576785, -0.70557094;
 -0.025755974, 0.99908793, 0.034058038, -0.31669584;
 -0.079721928, -0.036013637, 0.99616635, -1.875209;
 0, 0, 0, 1]
Ow:
[0.54543829;
 0.26506114;
 1.9356587]
Keyframe: 106 Frame: 1138 Frame from vFrameID : 1139
Tcw:
[0.99759251, -0.039120466, -0.05726099, 0.54627645;
 0.037130997, 0.99868304, -0.035405256, 0.26616955;
 0.058570649, 0.03319386, 0.99773127, 1.9449999;
 0, 0, 0, 1]
Twc:
[0.99759251, 0.037130997, 0.058570649, -0.66876435;
 -0.039120466, 0.99868304, 0.03319386, -0.30901045;
 -0.05726099, -0.035405256, 0.99773127, -1.8998832;
 0, 0, 0, 1]
Ow:
[0.54627645;
 0.26616955;
 1.9449999]
Keyframe: 107 Frame: 1145 Frame from vFrameID : 1146
Tcw:
[0.99874467, -0.040871061, -0.028958853, 0.54789621;
 0.040244464, 0.99894983, -0.021899985, 0.26760265;
 0.029823517, 0.02070706, 0.99934065, 1.9534787;
 0, 0, 0, 1]
Twc:
[0.99874467, 0.040244464, 0.029823517, -0.61623758;
 -0.040871061, 0.99894983, 0.02070706, -0.28537932;
 -0.028958853, -0.021899985, 0.99934065, -1.9304638;
 0, 0, 0, 1]
Ow:
[0.54789621;
 0.26760265;
 1.9534787]
Keyframe: 108 Frame: 1152 Frame from vFrameID : 1153
Tcw:
[0.99690026, -0.039177768, -0.068227611, 0.55255777;
 0.037227932, 0.99886775, -0.02961961, 0.26911873;
 0.069310792, 0.026987825, 0.99722999, 1.9637456;
 0, 0, 0, 1]
Twc:
[0.99690026, 0.037227932, 0.069310792, -0.69697243;
 -0.039177768, 0.99886775, 0.026987825, -0.30016324;
 -0.068227611, -0.02961961, 0.99722999, -1.9126352;
 0, 0, 0, 1]
Ow:
[0.55255777;
 0.26911873;
 1.9637456]
Keyframe: 109 Frame: 1159 Frame from vFrameID : 1160
Tcw:
[0.99549395, -0.033009581, -0.088894337, 0.55681956;
 0.032063685, 0.99941319, -0.012048101, 0.26965225;
 0.08923988, 0.0091435304, 0.99596816, 1.9729919;
 0, 0, 0, 1]
Twc:
[0.99549395, 0.032063685, 0.08923988, -0.73902613;
 -0.033009581, 0.99941319, 0.0091435304, -0.26915374;
 -0.088894337, -0.012048101, 0.99596816, -1.9122905;
 0, 0, 0, 1]
Ow:
[0.55681956;
 0.26965225;
 1.9729919]
Keyframe: 110 Frame: 1166 Frame from vFrameID : 1167
Tcw:
[0.99672139, -0.027188554, -0.076205097, 0.5597918;
 0.02843619, 0.99947798, 0.015334905, 0.27120596;
 0.075748384, -0.01745161, 0.99697423, 1.9835247;
 0, 0, 0, 1]
Twc:
[0.99672139, 0.02843619, 0.075748384, -0.71591735;
 -0.027188554, 0.99947798, -0.01745161, -0.22122875;
 -0.076205097, 0.015334905, 0.99697423, -1.9390229;
 0, 0, 0, 1]
Ow:
[0.5597918;
 0.27120596;
 1.9835247]
Keyframe: 111 Frame: 1173 Frame from vFrameID : 1174
Tcw:
[0.99744844, -0.027775684, -0.065765843, 0.56169623;
 0.027758632, 0.99961394, -0.0011732358, 0.2727381;
 0.06577304, -0.00065532757, 0.99783438, 1.9945027;
 0, 0, 0, 1]
Twc:
[0.99744844, 0.027758632, 0.06577304, -0.69901836;
 -0.027775684, 0.99961394, -0.00065532757, -0.25572428;
 -0.065765843, -0.0011732358, 0.99783438, -1.9529229;
 0, 0, 0, 1]
Ow:
[0.56169623;
 0.2727381;
 1.9945027]
Keyframe: 112 Frame: 1180 Frame from vFrameID : 1181
Tcw:
[0.99652392, -0.049131535, -0.067277126, 0.56256235;
 0.049470019, 0.99876994, 0.0033734476, 0.27315801;
 0.067028627, -0.006689922, 0.99772865, 2.0025737;
 0, 0, 0, 1]
Twc:
[0.99652392, 0.049470019, 0.067028627, -0.70834965;
 -0.049131535, 0.99876994, -0.006689922, -0.23178539;
 -0.067277126, 0.0033734476, 0.99772865, -1.961099;
 0, 0, 0, 1]
Ow:
[0.56256235;
 0.27315801;
 2.0025737]
Keyframe: 113 Frame: 1187 Frame from vFrameID : 1188
Tcw:
[0.99536687, -0.036818802, -0.088820875, 0.56718844;
 0.037872538, 0.99923044, 0.010207099, 0.27511263;
 0.088376708, -0.01352368, 0.99599534, 2.013618;
 0, 0, 0, 1]
Twc:
[0.99536687, 0.037872538, 0.088376708, -0.75293678;
 -0.036818802, 0.99923044, -0.01352368, -0.22678617;
 -0.088820875, 0.010207099, 0.99599534, -1.957984;
 0, 0, 0, 1]
Ow:
[0.56718844;
 0.27511263;
 2.013618]
Keyframe: 114 Frame: 1195 Frame from vFrameID : 1196
Tcw:
[0.99295378, -0.020351324, -0.11674178, 0.57182765;
 0.019561402, 0.99977738, -0.0079082726, 0.27648148;
 0.11687673, 0.0055689164, 0.9931308, 2.0251837;
 0, 0, 0, 1]
Twc:
[0.99295378, 0.019561402, 0.11687673, -0.80990368;
 -0.020351324, 0.99977738, 0.0055689164, -0.27606055;
 -0.11674178, -0.0079082726, 0.9931308, -1.9423298;
 0, 0, 0, 1]
Ow:
[0.57182765;
 0.27648148;
 2.0251837]
Keyframe: 115 Frame: 1202 Frame from vFrameID : 1203
Tcw:
[0.99422342, -0.026295848, -0.10405907, 0.57459313;
 0.026680592, 0.99964136, 0.0023068991, 0.27753004;
 0.10396109, -0.0050699306, 0.99456847, 2.036247;
 0, 0, 0, 1]
Twc:
[0.99422342, 0.026680592, 0.10396109, -0.79036909;
 -0.026295848, 0.99964136, -0.0050699306, -0.25199747;
 -0.10405907, 0.0023068991, 0.99456847, -1.9660356;
 0, 0, 0, 1]
Ow:
[0.57459313;
 0.27753004;
 2.036247]
Keyframe: 116 Frame: 1210 Frame from vFrameID : 1211
Tcw:
[0.99547857, -0.045960374, -0.083126813, 0.57646924;
 0.044908509, 0.99888617, -0.014480607, 0.27833971;
 0.083699755, 0.010682032, 0.99643373, 2.0468338;
 0, 0, 0, 1]
Twc:
[0.99547857, 0.044908509, 0.083699755, -0.75768209;
 -0.045960374, 0.99888617, 0.010682032, -0.27339926;
 -0.083126813, -0.014480607, 0.99643373, -1.9875839;
 0, 0, 0, 1]
Ow:
[0.57646924;
 0.27833971;
 2.0468338]
Keyframe: 117 Frame: 1217 Frame from vFrameID : 1218
Tcw:
[0.99673748, -0.040740281, -0.069675535, 0.57969034;
 0.040018998, 0.99913019, -0.011717357, 0.27964509;
 0.070092298, 0.0088907825, 0.9975009, 2.0585315;
 0, 0, 0, 1]
Twc:
[0.99673748, 0.040018998, 0.070092298, -0.73327744;
 -0.040740281, 0.99913019, 0.0088907825, -0.27408707;
 -0.069675535, -0.011717357, 0.9975009, -2.0097201;
 0, 0, 0, 1]
Ow:
[0.57969034;
 0.27964509;
 2.0585315]
Keyframe: 118 Frame: 1224 Frame from vFrameID : 1225
Tcw:
[0.99351335, -0.01831498, -0.11223081, 0.58659774;
 0.014955714, 0.99941671, -0.030700965, 0.28073484;
 0.11272764, 0.028823327, 0.99320775, 2.0682576;
 0, 0, 0, 1]
Twc:
[0.99351335, 0.014955714, 0.11272764, -0.82014108;
 -0.01831498, 0.99941671, 0.028823327, -0.32944164;
 -0.11223081, -0.030700965, 0.99320775, -1.9797564;
 0, 0, 0, 1]
Ow:
[0.58659774;
 0.28073484;
 2.0682576]
Keyframe: 119 Frame: 1231 Frame from vFrameID : 1232
Tcw:
[0.99418813, -0.011371517, -0.10705417, 0.58909202;
 0.0097194826, 0.99982572, -0.015940897, 0.28172782;
 0.10721678, 0.01480774, 0.99412537, 2.075979;
 0, 0, 0, 1]
Twc:
[0.99418813, 0.0097194826, 0.10721678, -0.81098634;
 -0.011371517, 0.99982572, 0.01480774, -0.30572042;
 -0.10705417, -0.015940897, 0.99412537, -1.9962276;
 0, 0, 0, 1]
Ow:
[0.58909202;
 0.28172782;
 2.075979]
Keyframe: 120 Frame: 1238 Frame from vFrameID : 1239
Tcw:
[0.9945159, -0.029524194, -0.10033191, 0.59070486;
 0.027692381, 0.99942428, -0.019601779, 0.28354314;
 0.10085287, 0.016715851, 0.99476093, 2.0866976;
 0, 0, 0, 1]
Twc:
[0.9945159, 0.027692381, 0.10085287, -0.80576682;
 -0.029524194, 0.99942428, 0.016715851, -0.30082074;
 -0.10033191, -0.019601779, 0.99476093, -2.0109408;
 0, 0, 0, 1]
Ow:
[0.59070486;
 0.28354314;
 2.0866976]
Keyframe: 121 Frame: 1247 Frame from vFrameID : 1248
Tcw:
[0.99599755, -0.040410198, -0.079723544, 0.59262395;
 0.039479628, 0.99913299, -0.013215013, 0.28511339;
 0.080188446, 0.010014665, 0.99672943, 2.0969737;
 0, 0, 0, 1]
Twc:
[0.99599755, 0.039479628, 0.080188446, -0.76966131;
 -0.040410198, 0.99913299, 0.010014665, -0.28191864;
 -0.079723544, -0.013215013, 0.99672943, -2.0391014;
 0, 0, 0, 1]
Ow:
[0.59262395;
 0.28511339;
 2.0969737]
Keyframe: 122 Frame: 1255 Frame from vFrameID : 1256
Tcw:
[0.99526894, -0.034806427, -0.090709679, 0.59607947;
 0.033782214, 0.99934721, -0.012802556, 0.28629118;
 0.091096081, 0.0096776122, 0.99579507, 2.1081045;
 0, 0, 0, 1]
Twc:
[0.99526894, 0.033782214, 0.091096081, -0.79497099;
 -0.034806427, 0.99934721, 0.0096776122, -0.28575832;
 -0.090709679, -0.012802556, 0.99579507, -2.0415049;
 0, 0, 0, 1]
Ow:
[0.59607947;
 0.28629118;
 2.1081045]
Keyframe: 123 Frame: 1265 Frame from vFrameID : 1266
Tcw:
[0.989344, -0.018043147, -0.14447446, 0.60141003;
 0.016813504, 0.99981129, -0.0097276941, 0.28654674;
 0.14462271, 0.0071949144, 0.98946071, 2.1200104;
 0, 0, 0, 1]
Twc:
[0.989344, 0.016813504, 0.14462271, -0.90642095;
 -0.018043147, 0.99981129, 0.0071949144, -0.29089466;
 -0.14447446, -0.0097276941, 0.98946071, -2.0079913;
 0, 0, 0, 1]
Ow:
[0.60141003;
 0.28654674;
 2.1200104]
Keyframe: 124 Frame: 1274 Frame from vFrameID : 1275
Tcw:
[0.99128491, -0.037657838, -0.12623817, 0.60257959;
 0.034688611, 0.99906927, -0.025637971, 0.28791785;
 0.12708615, 0.021035507, 0.99166858, 2.1304805;
 0, 0, 0, 1]
Twc:
[0.99128491, 0.034688611, 0.12708615, -0.87807012;
 -0.037657838, 0.99906927, 0.021035507, -0.30977377;
 -0.12623817, -0.025637971, 0.99166858, -2.0292804;
 0, 0, 0, 1]
Ow:
[0.60257959;
 0.28791785;
 2.1304805]
Keyframe: 125 Frame: 1281 Frame from vFrameID : 1282
Tcw:
[0.9935897, -0.051265966, -0.100754, 0.60224611;
 0.052250713, 0.99860835, 0.0071574971, 0.28902018;
 0.10024685, -0.012376083, 0.99488562, 2.1395743;
 0, 0, 0, 1]
Twc:
[0.9935897, 0.052250713, 0.10024685, -0.82797259;
 -0.051265966, 0.99860835, -0.012376083, -0.2312637;
 -0.100754, 0.0071574971, 0.99488562, -2.0700219;
 0, 0, 0, 1]
Ow:
[0.60224611;
 0.28902018;
 2.1395743]
Keyframe: 126 Frame: 1290 Frame from vFrameID : 1291
Tcw:
[0.99112576, -0.048490334, -0.1237677, 0.6049915;
 0.050115835, 0.99869281, 0.010052245, 0.29061258;
 0.12311848, -0.016165761, 0.99226028, 2.1496141;
 0, 0, 0, 1]
Twc:
[0.99112576, 0.050115835, 0.12311848, -0.87884414;
 -0.048490334, 0.99869281, -0.016165761, -0.2261463;
 -0.1237677, 0.010052245, 0.99226028, -2.0610197;
 0, 0, 0, 1]
Ow:
[0.6049915;
 0.29061258;
 2.1496141]
Keyframe: 127 Frame: 1298 Frame from vFrameID : 1299
Tcw:
[0.9884038, -0.037674811, -0.14710045, 0.60918927;
 0.035140704, 0.99918646, -0.019788874, 0.29133269;
 0.14772633, 0.014390185, 0.98892361, 2.1584721;
 0, 0, 0, 1]
Twc:
[0.9884038, 0.035140704, 0.14772633, -0.93122572;
 -0.037674811, 0.99918646, 0.014390185, -0.29920539;
 -0.14710045, -0.019788874, 0.98892361, -2.0391867;
 0, 0, 0, 1]
Ow:
[0.60918927;
 0.29133269;
 2.1584721]
Keyframe: 128 Frame: 1307 Frame from vFrameID : 1308
Tcw:
[0.99191022, -0.03792328, -0.12114445, 0.61184025;
 0.038217824, 0.99926943, 0.0001079425, 0.29282779;
 0.12105185, -0.0047369469, 0.99263489, 2.1703672;
 0, 0, 0, 1]
Twc:
[0.99191022, 0.038217824, 0.12105185, -0.88080883;
 -0.03792328, 0.99926943, -0.0047369469, -0.25912994;
 -0.12114445, 0.0001079425, 0.99263489, -2.0802927;
 0, 0, 0, 1]
Ow:
[0.61184025;
 0.29282779;
 2.1703672]
Keyframe: 129 Frame: 1316 Frame from vFrameID : 1317
Tcw:
[0.99736017, -0.061561294, -0.038508292, 0.61284053;
 0.06207842, 0.99799448, 0.012379386, 0.29423079;
 0.037668969, -0.014737241, 0.99918157, 2.1813223;
 0, 0, 0, 1]
Twc:
[0.99736017, 0.06207842, 0.037668969, -0.71165627;
 -0.061561294, 0.99799448, -0.014737241, -0.22376679;
 -0.038508292, 0.012379386, 0.99918157, -2.15958;
 0, 0, 0, 1]
Ow:
[0.61284053;
 0.29423079;
 2.1813223]
Keyframe: 130 Frame: 1324 Frame from vFrameID : 1325
Tcw:
[0.9968496, -0.068657413, -0.039711833, 0.6142261;
 0.069589995, 0.9973197, 0.02259689, 0.2959072;
 0.038053948, -0.025289247, 0.99895561, 2.1890109;
 0, 0, 0, 1]
Twc:
[0.9968496, 0.069589995, 0.038053948, -0.71618378;
 -0.068657413, 0.9973197, -0.025289247, -0.19758448;
 -0.039711833, 0.02259689, 0.99895561, -2.1690192;
 0, 0, 0, 1]
Ow:
[0.6142261;
 0.2959072;
 2.1890109]
Keyframe: 131 Frame: 1331 Frame from vFrameID : 1332
Tcw:
[0.99598342, -0.045846824, -0.076909646, 0.61946356;
 0.045432638, 0.99894196, -0.0071273493, 0.29662281;
 0.077155039, 0.0036045136, 0.99701262, 2.1976433;
 0, 0, 0, 1]
Twc:
[0.99598342, 0.045432638, 0.077155039, -0.80001104;
 -0.045846824, 0.99894196, 0.0036045136, -0.27583;
 -0.076909646, -0.0071273493, 0.99701262, -2.1413212;
 0, 0, 0, 1]
Ow:
[0.61946356;
 0.29662281;
 2.1976433]
Keyframe: 132 Frame: 1340 Frame from vFrameID : 1341
Tcw:
[0.99687225, -0.035777785, -0.070467204, 0.622293;
 0.036828708, 0.99922806, 0.013670885, 0.29731703;
 0.069923699, -0.016223343, 0.99742043, 2.2074676;
 0, 0, 0, 1]
Twc:
[0.99687225, 0.036828708, 0.069923699, -0.78565079;
 -0.035777785, 0.99922806, -0.016223343, -0.23901075;
 -0.070467204, 0.013670885, 0.99742043, -2.1619866;
 0, 0, 0, 1]
Ow:
[0.622293;
 0.29731703;
 2.2074676]
Keyframe: 133 Frame: 1348 Frame from vFrameID : 1349
Tcw:
[0.9979623, -0.051081445, -0.038234964, 0.62350857;
 0.050510626, 0.99859935, -0.015749848, 0.29852498;
 0.038985934, 0.013786483, 0.99914467, 2.2179277;
 0, 0, 0, 1]
Twc:
[0.9979623, 0.050510626, 0.038985934, -0.72378474;
 -0.051081445, 0.99859935, 0.013786483, -0.29683453;
 -0.038234964, -0.015749848, 0.99914467, -2.187489;
 0, 0, 0, 1]
Ow:
[0.62350857;
 0.29852498;
 2.2179277]
Keyframe: 134 Frame: 1355 Frame from vFrameID : 1356
Tcw:
[0.99768919, -0.067893602, -0.0025903163, 0.62363583;
 0.067845806, 0.99757624, -0.015448037, 0.29971156;
 0.0036328607, 0.015236597, 0.99987733, 2.2240181;
 0, 0, 0, 1]
Twc:
[0.99768919, 0.067845806, 0.0036328607, -0.65060842;
 -0.067893602, 0.99757624, 0.015236597, -0.29053068;
 -0.0025903163, -0.015448037, 0.99987733, -2.2175;
 0, 0, 0, 1]
Ow:
[0.62363583;
 0.29971156;
 2.2240181]
Keyframe: 135 Frame: 1364 Frame from vFrameID : 1365
Tcw:
[0.99871993, -0.045705751, -0.021667644, 0.62797523;
 0.04589057, 0.99891353, 0.0081103444, 0.30119139;
 0.021273414, -0.0090943025, 0.99973232, 2.235141;
 0, 0, 0, 1]
Twc:
[0.99871993, 0.04589057, 0.021273414, -0.68854231;
 -0.045705751, 0.99891353, -0.0090943025, -0.25183505;
 -0.021667644, 0.0081103444, 0.99973232, -2.2233787;
 0, 0, 0, 1]
Ow:
[0.62797523;
 0.30119139;
 2.235141]
Keyframe: 136 Frame: 1373 Frame from vFrameID : 1374
Tcw:
[0.99774629, -0.029858075, -0.060090523, 0.63316017;
 0.030952321, 0.99937004, 0.017362088, 0.3016142;
 0.05953427, -0.0191829, 0.99804193, 2.2444336;
 0, 0, 0, 1]
Twc:
[0.99774629, 0.030952321, 0.05953427, -0.77468956;
 -0.029858075, 0.99937004, -0.0191829, -0.23946454;
 -0.060090523, 0.017362088, 0.99804193, -2.2072284;
 0, 0, 0, 1]
Ow:
[0.63316017;
 0.3016142;
 2.2444336]
Keyframe: 137 Frame: 1380 Frame from vFrameID : 1381
Tcw:
[0.99714577, -0.033326667, -0.067747094, 0.6353277;
 0.0358629, 0.99868733, 0.036571573, 0.30331364;
 0.06643936, -0.038896799, 0.99703205, 2.2523391;
 0, 0, 0, 1]
Twc:
[0.99714577, 0.0358629, 0.06643936, -0.79403597;
 -0.033326667, 0.99868733, -0.038896799, -0.19413337;
 -0.067747094, 0.036571573, 0.99703205, -2.2137051;
 0, 0, 0, 1]
Ow:
[0.6353277;
 0.30331364;
 2.2523391]
Keyframe: 138 Frame: 1388 Frame from vFrameID : 1389
Tcw:
[0.99896109, -0.044783186, -0.0084400978, 0.63677746;
 0.044767562, 0.99899536, -0.0020310956, 0.30308852;
 0.0085225776, 0.0016511428, 0.99996233, 2.263473;
 0, 0, 0, 1]
Twc:
[0.99896109, 0.044767562, 0.0085225776, -0.66897506;
 -0.044783186, 0.99899536, 0.0016511428, -0.27800444;
 -0.0084400978, -0.0020310956, 0.99996233, -2.2573977;
 0, 0, 0, 1]
Ow:
[0.63677746;
 0.30308852;
 2.263473]
Keyframe: 139 Frame: 1397 Frame from vFrameID : 1398
Tcw:
[0.99878263, -0.045436244, 0.01920319, 0.63819408;
 0.045013554, 0.99874634, 0.021898624, 0.30521724;
 -0.020174107, -0.021007562, 0.99957573, 2.2725368;
 0, 0, 0, 1]
Twc:
[0.99878263, 0.045013554, -0.020174107, -0.60530972;
 -0.045436244, 0.99874634, -0.021007562, -0.22809698;
 0.01920319, 0.021898624, 0.99957573, -2.2905118;
 0, 0, 0, 1]
Ow:
[0.63819408;
 0.30521724;
 2.2725368]
Keyframe: 140 Frame: 1406 Frame from vFrameID : 1407
Tcw:
[0.99897283, -0.034521405, -0.02935184, 0.64216578;
 0.034381285, 0.99939489, -0.0052652694, 0.30608621;
 0.029515844, 0.0042507071, 0.99955529, 2.2809718;
 0, 0, 0, 1]
Twc:
[0.99897283, 0.034381285, 0.029515844, -0.71935469;
 -0.034521405, 0.99939489, 0.0042507071, -0.29342827;
 -0.02935184, -0.0052652694, 0.99955529, -2.2594972;
 0, 0, 0, 1]
Ow:
[0.64216578;
 0.30608621;
 2.2809718]
Keyframe: 141 Frame: 1415 Frame from vFrameID : 1416
Tcw:
[0.99740583, -0.031749118, -0.064603604, 0.64572495;
 0.03255114, 0.99940509, 0.011399776, 0.30738127;
 0.064203233, -0.013473123, 0.99784589, 2.2905953;
 0, 0, 0, 1]
Twc:
[0.99740583, 0.03255114, 0.064203233, -0.80111909;
 -0.031749118, 0.99940509, -0.013473123, -0.25583574;
 -0.064603604, 0.011399776, 0.99784589, -2.2474492;
 0, 0, 0, 1]
Ow:
[0.64572495;
 0.30738127;
 2.2905953]
Keyframe: 142 Frame: 1422 Frame from vFrameID : 1423
Tcw:
[0.99859965, -0.033525448, -0.040923614, 0.64708304;
 0.033426069, 0.99943638, -0.0031104339, 0.30841064;
 0.041004829, 0.0017381627, 0.99915743, 2.2984946;
 0, 0, 0, 1]
Twc:
[0.99859965, 0.033426069, 0.041004829, -0.75073522;
 -0.033525448, 0.99943638, 0.0017381627, -0.29053822;
 -0.040923614, -0.0031104339, 0.99915743, -2.2691176;
 0, 0, 0, 1]
Ow:
[0.64708304;
 0.30841064;
 2.2984946]
Keyframe: 143 Frame: 1431 Frame from vFrameID : 1432
Tcw:
[0.99889016, -0.047030933, 0.0025649657, 0.64869273;
 0.04698411, 0.99876767, 0.015988639, 0.30986273;
 -0.0033137654, -0.01585038, 0.99986887, 2.3080535;
 0, 0, 0, 1]
Twc:
[0.99889016, 0.04698411, -0.0033137654, -0.65488303;
 -0.047030933, 0.99876767, -0.01585038, -0.24238874;
 0.0025649657, 0.015988639, 0.99986887, -2.314369;
 0, 0, 0, 1]
Ow:
[0.64869273;
 0.30986273;
 2.3080535]
Keyframe: 144 Frame: 1440 Frame from vFrameID : 1441
Tcw:
[0.99809372, -0.046735171, -0.040308587, 0.65313417;
 0.047342319, 0.99877721, 0.014241332, 0.31107312;
 0.039593726, -0.016122486, 0.99908578, 2.31902;
 0, 0, 0, 1]
Twc:
[0.99809372, 0.047342319, 0.039593726, -0.75843459;
 -0.046735171, 0.99877721, -0.016122486, -0.24278003;
 -0.040308587, 0.014241332, 0.99908578, -2.2950032;
 0, 0, 0, 1]
Ow:
[0.65313417;
 0.31107312;
 2.31902]
Keyframe: 145 Frame: 1447 Frame from vFrameID : 1448
Tcw:
[0.99688905, -0.046318956, -0.063770831, 0.65572655;
 0.047044307, 0.99884355, 0.0099193575, 0.31260297;
 0.06323763, -0.012888554, 0.99791527, 2.325738;
 0, 0, 0, 1]
Twc:
[0.99688905, 0.047044307, 0.06323763, -0.815467;
 -0.046318956, 0.99884355, -0.012888554, -0.25189349;
 -0.063770831, 0.0099193575, 0.99791527, -2.2821739;
 0, 0, 0, 1]
Ow:
[0.65572655;
 0.31260297;
 2.325738]
Keyframe: 146 Frame: 1455 Frame from vFrameID : 1456
Tcw:
[0.99851161, -0.044035912, -0.032177839, 0.65803826;
 0.04456839, 0.99887782, 0.016022164, 0.31410664;
 0.031436183, -0.017432433, 0.99935371, 2.3352063;
 0, 0, 0, 1]
Twc:
[0.99851161, 0.04456839, 0.031436183, -0.74446803;
 -0.044035912, 0.99887782, -0.017432433, -0.24406853;
 -0.032177839, 0.016022164, 0.99935371, -2.3175554;
 0, 0, 0, 1]
Ow:
[0.65803826;
 0.31410664;
 2.3352063]
Keyframe: 147 Frame: 1461 Frame from vFrameID : 1462
Tcw:
[0.9965077, -0.07934422, -0.026017379, 0.65741152;
 0.079432085, 0.9968375, 0.0023597721, 0.31437328;
 0.025747864, -0.0044181459, 0.9996587, 2.3416538;
 0, 0, 0, 1]
Twc:
[0.9965077, 0.079432085, 0.025747864, -0.74037957;
 -0.07934422, 0.9968375, -0.0044181459, -0.25087151;
 -0.026017379, 0.0023597721, 0.9996587, -2.3244925;
 0, 0, 0, 1]
Ow:
[0.65741152;
 0.31437328;
 2.3416538]
Keyframe: 148 Frame: 1467 Frame from vFrameID : 1468
Tcw:
[0.99734586, -0.070849888, -0.016779417, 0.65920758;
 0.07112065, 0.99733728, 0.0161296, 0.31493741;
 0.015591958, -0.017280154, 0.9997291, 2.3463371;
 0, 0, 0, 1]
Twc:
[0.99734586, 0.07112065, 0.015591958, -0.71644044;
 -0.070849888, 0.99733728, -0.017280154, -0.22684899;
 -0.016779417, 0.0161296, 0.9997291, -2.3397202;
 0, 0, 0, 1]
Ow:
[0.65920758;
 0.31493741;
 2.3463371]
Keyframe: 149 Frame: 1473 Frame from vFrameID : 1474
Tcw:
[0.99613523, -0.070857987, -0.051901788, 0.66156125;
 0.071301207, 0.99743211, 0.0067360322, 0.31630635;
 0.051291209, -0.010410659, 0.99862945, 2.3533661;
 0, 0, 0, 1]
Twc:
[0.99613523, 0.071301207, 0.051291209, -0.80226445;
 -0.070857987, 0.99743211, -0.010410659, -0.24411711;
 -0.051901788, 0.0067360322, 0.99862945, -2.3179355;
 0, 0, 0, 1]
Ow:
[0.66156125;
 0.31630635;
 2.3533661]
Keyframe: 150 Frame: 1480 Frame from vFrameID : 1481
Tcw:
[0.99502951, -0.065249227, -0.075224906, 0.66487741;
 0.065688841, 0.99783444, 0.0033821058, 0.31717086;
 0.074841321, -0.0083067324, 0.99716085, 2.3603044;
 0, 0, 0, 1]
Twc:
[0.99502951, 0.065688841, 0.074841321, -0.85905552;
 -0.065249227, 0.99783444, -0.0083067324, -0.25349483;
 -0.075224906, 0.0033821058, 0.99716085, -2.3046603;
 0, 0, 0, 1]
Ow:
[0.66487741;
 0.31717086;
 2.3603044]
Keyframe: 151 Frame: 1488 Frame from vFrameID : 1489
Tcw:
[0.99651855, -0.048014283, -0.068157092, 0.66797107;
 0.048580103, 0.99879706, 0.0066677094, 0.31795567;
 0.067754954, -0.0099555748, 0.99765229, 2.3675871;
 0, 0, 0, 1]
Twc:
[0.99651855, 0.048580103, 0.067754954, -0.84150767;
 -0.048014283, 0.99879706, -0.0099555748, -0.26193035;
 -0.068157092, 0.0066677094, 0.99765229, -2.3186219;
 0, 0, 0, 1]
Ow:
[0.66797107;
 0.31795567;
 2.3675871]
Keyframe: 152 Frame: 1495 Frame from vFrameID : 1496
Tcw:
[0.9972229, -0.050160594, -0.055049144, 0.67015266;
 0.048523899, 0.9983508, -0.030676702, 0.3192831;
 0.056497123, 0.027920311, 0.9980123, 2.3770354;
 0, 0, 0, 1]
Twc:
[0.9972229, 0.048523899, 0.056497123, -0.81808007;
 -0.050160594, 0.9983508, 0.027920311, -0.35150889;
 -0.055049144, -0.030676702, 0.9980123, -2.3256247;
 0, 0, 0, 1]
Ow:
[0.67015266;
 0.3192831;
 2.3770354]
Keyframe: 153 Frame: 1503 Frame from vFrameID : 1504
Tcw:
[0.99769032, -0.063099548, -0.025150076, 0.67197162;
 0.062761024, 0.99792993, -0.014030505, 0.31978095;
 0.025983334, 0.012419654, 0.99958521, 2.3846138;
 0, 0, 0, 1]
Twc:
[0.99769032, 0.062761024, 0.025983334, -0.75244951;
 -0.063099548, 0.99792993, 0.012419654, -0.30633399;
 -0.025150076, -0.014030505, 0.99958521, -2.3622379;
 0, 0, 0, 1]
Ow:
[0.67197162;
 0.31978095;
 2.3846138]
Keyframe: 154 Frame: 1513 Frame from vFrameID : 1514
Tcw:
[0.99515414, -0.045691103, -0.087066352, 0.67798698;
 0.04476935, 0.99891901, -0.012511252, 0.32100058;
 0.087543882, 0.0085527208, 0.99612397, 2.3957791;
 0, 0, 0, 1]
Twc:
[0.99515414, 0.04476935, 0.087543882, -0.89880836;
 -0.045691103, 0.99891901, 0.0085527208, -0.31016603;
 -0.087066352, -0.012511252, 0.99612397, -2.323447;
 0, 0, 0, 1]
Ow:
[0.67798698;
 0.32100058;
 2.3957791]
Keyframe: 155 Frame: 1522 Frame from vFrameID : 1523
Tcw:
[0.99434745, -0.036971495, -0.099530429, 0.68278337;
 0.035859112, 0.99927306, -0.012942782, 0.32202831;
 0.09993659, 0.0093005486, 0.99495035, 2.4049752;
 0, 0, 0, 1]
Twc:
[0.99434745, 0.035859112, 0.09993659, -0.93081653;
 -0.036971495, 0.99927306, 0.0093005486, -0.31891829;
 -0.099530429, -0.012942782, 0.99495035, -2.3207052;
 0, 0, 0, 1]
Ow:
[0.68278337;
 0.32202831;
 2.4049752]
Keyframe: 156 Frame: 1531 Frame from vFrameID : 1532
Tcw:
[0.99859935, -0.037386823, -0.037437014, 0.68463326;
 0.03556297, 0.99820185, -0.048252635, 0.32350022;
 0.039173711, 0.04685368, 0.99813336, 2.4160929;
 0, 0, 0, 1]
Twc:
[0.99859935, 0.03556297, 0.039173711, -0.78982633;
 -0.037386823, 0.99820185, 0.04685368, -0.41052508;
 -0.037437014, -0.048252635, 0.99813336, -2.3703425;
 0, 0, 0, 1]
Ow:
[0.68463326;
 0.32350022;
 2.4160929]
Keyframe: 157 Frame: 1539 Frame from vFrameID : 1540
Tcw:
[0.99861991, -0.051071256, -0.012246152, 0.6842171;
 0.0506755, 0.99824315, -0.0307009, 0.32471365;
 0.013792572, 0.030037951, 0.9994536, 2.4236746;
 0, 0, 0, 1]
Twc:
[0.99861991, 0.0506755, 0.013792572, -0.73315662;
 -0.051071256, 0.99824315, 0.030037951, -0.3620016;
 -0.012246152, -0.0307009, 0.9994536, -2.4040022;
 0, 0, 0, 1]
Ow:
[0.6842171;
 0.32471365;
 2.4236746]
Keyframe: 158 Frame: 1548 Frame from vFrameID : 1549
Tcw:
[0.99829024, -0.029661605, -0.050366361, 0.6882152;
 0.027678167, 0.99883097, -0.039631285, 0.32582182;
 0.051483009, 0.038169473, 0.99794418, 2.4325168;
 0, 0, 0, 1]
Twc:
[0.99829024, 0.027678167, 0.051483009, -0.82128996;
 -0.029661605, 0.99883097, 0.038169473, -0.39787522;
 -0.050366361, -0.039631285, 0.99794418, -2.3799405;
 0, 0, 0, 1]
Ow:
[0.6882152;
 0.32582182;
 2.4325168]
Keyframe: 159 Frame: 1557 Frame from vFrameID : 1558
Tcw:
[0.99611717, -0.035672266, -0.080486558, 0.69133258;
 0.03138892, 0.9980545, -0.053870149, 0.32653138;
 0.082251638, 0.051134594, 0.99529892, 2.4411883;
 0, 0, 0, 1]
Twc:
[0.99611717, 0.03138892, 0.082251638, -0.89968938;
 -0.035672266, 0.9980545, 0.051134594, -0.42606387;
 -0.080486558, -0.053870149, 0.99529892, -2.3564787;
 0, 0, 0, 1]
Ow:
[0.69133258;
 0.32653138;
 2.4411883]
Keyframe: 160 Frame: 1566 Frame from vFrameID : 1567
Tcw:
[0.99915409, -0.025207283, -0.032490615, 0.69269943;
 0.024092827, 0.99912292, -0.034247659, 0.32710466;
 0.033325408, 0.0334359, 0.9988851, 2.4480286;
 0, 0, 0, 1]
Twc:
[0.99915409, 0.024092827, 0.033325408, -0.78157592;
 -0.025207283, 0.99912292, 0.0334359, -0.39120871;
 -0.032490615, -0.034247659, 0.9988851, -2.4115906;
 0, 0, 0, 1]
Ow:
[0.69269943;
 0.32710466;
 2.4480286]
Keyframe: 161 Frame: 1575 Frame from vFrameID : 1576
Tcw:
[0.99971431, -0.02387253, -0.0011631915, 0.69295335;
 0.023749942, 0.99768531, -0.063717455, 0.32812932;
 0.002681596, 0.063671626, 0.9979673, 2.4534917;
 0, 0, 0, 1]
Twc:
[0.99971431, 0.023749942, 0.002681596, -0.70712769;
 -0.02387253, 0.99768531, 0.063671626, -0.46704507;
 -0.0011631915, -0.063717455, 0.9979673, -2.4267907;
 0, 0, 0, 1]
Ow:
[0.69295335;
 0.32812932;
 2.4534917]
Keyframe: 162 Frame: 1582 Frame from vFrameID : 1583
Tcw:
[0.99886793, -0.029694894, -0.037162419, 0.69296831;
 0.028074155, 0.99866325, -0.043399423, 0.32850432;
 0.038401484, 0.042306989, 0.99836642, 2.4555731;
 0, 0, 0, 1]
Twc:
[0.99886793, 0.028074155, 0.038401484, -0.79570395;
 -0.029694894, 0.99866325, 0.042306989, -0.41137549;
 -0.037162419, -0.043399423, 0.99836642, -2.4115522;
 0, 0, 0, 1]
Ow:
[0.69296831;
 0.32850432;
 2.4555731]
Keyframe: 163 Frame: 1589 Frame from vFrameID : 1590
Tcw:
[0.99838465, -0.033761594, -0.045697745, 0.69384944;
 0.029769544, 0.99590331, -0.085383385, 0.32780528;
 0.048393216, 0.083885059, 0.99529964, 2.4572041;
 0, 0, 0, 1]
Twc:
[0.99838465, 0.029769544, 0.048393216, -0.82139921;
 -0.033761594, 0.99590331, 0.083885059, -0.50915962;
 -0.045697745, -0.085383385, 0.99529964, -2.385958;
 0, 0, 0, 1]
Ow:
[0.69384944;
 0.32780528;
 2.4572041]
Keyframe: 164 Frame: 1595 Frame from vFrameID : 1596
Tcw:
[0.99575436, -0.056657135, -0.07254824, 0.69415176;
 0.048202951, 0.99237925, -0.11340138, 0.32795656;
 0.078420371, 0.10942287, 0.990897, 2.456881;
 0, 0, 0, 1]
Twc:
[0.99575436, 0.048202951, 0.078420371, -0.89968258;
 -0.056657135, 0.99237925, 0.10942287, -0.55496764;
 -0.07254824, -0.11340138, 0.990897, -2.346966;
 0, 0, 0, 1]
Ow:
[0.69415176;
 0.32795656;
 2.456881]
Keyframe: 165 Frame: 1601 Frame from vFrameID : 1602
Tcw:
[0.99947596, -0.023639577, -0.022114247, 0.69512039;
 0.021521717, 0.99556863, -0.091542058, 0.32822275;
 0.024180265, 0.091018148, 0.99555564, 2.4574575;
 0, 0, 0, 1]
Twc:
[0.99947596, 0.021521717, 0.024180265, -0.76124197;
 -0.023639577, 0.99556863, 0.091018148, -0.5340091;
 -0.022114247, -0.091542058, 0.99555564, -2.4011173;
 0, 0, 0, 1]
Ow:
[0.69512039;
 0.32822275;
 2.4574575]
Keyframe: 166 Frame: 1607 Frame from vFrameID : 1608
Tcw:
[0.99761641, -0.058885224, -0.035972688, 0.69385892;
 0.055991635, 0.99547732, -0.076745182, 0.32811499;
 0.040329155, 0.074548088, 0.99640161, 2.4561219;
 0, 0, 0, 1]
Twc:
[0.99761641, 0.055991635, 0.040329155, -0.80963004;
 -0.058885224, 0.99547732, 0.074548088, -0.46887216;
 -0.035972688, -0.076745182, 0.99640161, -2.3971424;
 0, 0, 0, 1]
Ow:
[0.69385892;
 0.32811499;
 2.4561219]
