Keyframe: 0 Frame: 0 Frame from vFrameID : 18
Tcw:
[0.93158913, 0.11032171, 0.34636799, 0.013643941;
 0.25409991, 0.48375326, -0.83750582, -0.057383947;
 -0.25995171, 0.86822343, 0.42262655, -0.0081988424;
 0, 0, 0, 1]
Twc:
[0.93158913, 0.25409991, -0.25995171, -0.00026059337;
 0.11032171, 0.48375326, 0.86822343, 0.033372875;
 0.34636799, -0.83750582, 0.42262655, -0.049320169;
 0, 0, 0, 1]
Ow:
[0.013643941;
 -0.057383947;
 -0.0081988424]
Keyframe: 1 Frame: 17 Frame from vFrameID : 18
Tcw:
[0.93499023, 0.12544318, 0.3317489, 0.010732303;
 0.23815687, 0.47106984, -0.8493377, -0.045891698;
 -0.26282054, 0.87313068, 0.41057053, -0.0084416457;
 0, 0, 0, 1]
Twc:
[0.93499023, 0.23815687, -0.26282054, -0.0013238137;
 0.12544318, 0.47106984, 0.87313068, 0.027642561;
 0.3317489, -0.8493377, 0.41057053, -0.039072085;
 0, 0, 0, 1]
Ow:
[0.010732303;
 -0.045891698;
 -0.0084416457]
Keyframe: 2 Frame: 20 Frame from vFrameID : 21
Tcw:
[0.93633896, 0.12227584, 0.329117, 0.010926941;
 0.2356555, 0.4759964, -0.84728622, -0.045928959;
 -0.26026115, 0.87090528, 0.41687903, -0.0085504055;
 0, 0, 0, 1]
Twc:
[0.93633896, 0.2356555, -0.26026115, -0.0016332474;
 0.12227584, 0.4759964, 0.87090528, 0.027972512;
 0.329117, -0.84728622, 0.41687903, -0.038946729;
 0, 0, 0, 1]
Ow:
[0.010926941;
 -0.045928959;
 -0.0085504055]
Keyframe: 3 Frame: 23 Frame from vFrameID : 24
Tcw:
[0.93310922, 0.11095891, 0.34204572, 0.010572242;
 0.25649223, 0.46129888, -0.8493616, -0.046244867;
 -0.25202954, 0.88027918, 0.40198216, -0.0081489049;
 0, 0, 0, 1]
Twc:
[0.93310922, 0.25649223, -0.25202954, -5.7372621e-05;
 0.11095891, 0.46129888, 0.88027918, 0.027332934;
 0.34204572, -0.8493616, 0.40198216, -0.039619088;
 0, 0, 0, 1]
Ow:
[0.010572242;
 -0.046244867;
 -0.0081489049]
Keyframe: 4 Frame: 24 Frame from vFrameID : 25
Tcw:
[0.93320012, 0.11107957, 0.34175846, 0.010768548;
 0.25617504, 0.46131822, -0.84944677, -0.045888547;
 -0.25201559, 0.88025385, 0.40204641, -0.0082972553;
 0, 0, 0, 1]
Twc:
[0.93320012, 0.25617504, -0.25201559, -0.0003847467;
 0.11107957, 0.46131822, 0.88025385, 0.027276749;
 0.34175846, -0.84944677, 0.40204641, -0.039324239;
 0, 0, 0, 1]
Ow:
[0.010768548;
 -0.045888547;
 -0.0082972553]
Keyframe: 5 Frame: 25 Frame from vFrameID : 26
Tcw:
[0.93257964, 0.10681724, 0.34479743, 0.010702937;
 0.26182586, 0.45737225, -0.84985757, -0.045889381;
 -0.24848022, 0.88283676, 0.39856854, -0.0080488119;
 0, 0, 0, 1]
Twc:
[0.93257964, 0.26182586, -0.24848022, 3.3714452e-05;
 0.10681724, 0.45737225, 0.88283676, 0.026951058;
 0.34479743, -0.84985757, 0.39856854, -0.039481778;
 0, 0, 0, 1]
Ow:
[0.010702937;
 -0.045889381;
 -0.0080488119]
Keyframe: 6 Frame: 27 Frame from vFrameID : 28
Tcw:
[0.93203712, 0.11680971, 0.34301946, 0.011173587;
 0.25362778, 0.46579671, -0.84776551, -0.046249781;
 -0.25880459, 0.87714815, 0.4045136, -0.0083590075;
 0, 0, 0, 1]
Twc:
[0.93203712, 0.25362778, -0.25880459, -0.00084731879;
 0.11680971, 0.46579671, 0.87714815, 0.027569901;
 0.34301946, -0.84776551, 0.4045136, -0.039660394;
 0, 0, 0, 1]
Ow:
[0.011173587;
 -0.046249781;
 -0.0083590075]
Keyframe: 7 Frame: 30 Frame from vFrameID : 31
Tcw:
[0.93586135, 0.1164182, 0.33258125, 0.01105617;
 0.2448485, 0.46390668, -0.85137522, -0.046352994;
 -0.25340223, 0.87820125, 0.40564752, -0.0079969298;
 0, 0, 0, 1]
Twc:
[0.93586135, 0.2448485, -0.25340223, -0.0010240207;
 0.1164182, 0.46390668, 0.87820125, 0.027239237;
 0.33258125, -0.85137522, 0.40564752, -0.039896931;
 0, 0, 0, 1]
Ow:
[0.01105617;
 -0.046352994;
 -0.0079969298]
Keyframe: 8 Frame: 32 Frame from vFrameID : 33
Tcw:
[0.93925756, 0.11417287, 0.3236661, 0.011510121;
 0.24070889, 0.45309457, -0.85834992, -0.046440128;
 -0.24465162, 0.88412094, 0.39809006, -0.0078809317;
 0, 0, 0, 1]
Twc:
[0.93925756, 0.24070889, -0.24465162, -0.0015604979;
 0.11417287, 0.45309457, 0.88412094, 0.026695322;
 0.3236661, -0.85834992, 0.39809006, -0.040449996;
 0, 0, 0, 1]
Ow:
[0.011510121;
 -0.046440128;
 -0.0078809317]
Keyframe: 9 Frame: 34 Frame from vFrameID : 35
Tcw:
[0.94014305, 0.11139044, 0.32206097, 0.010359135;
 0.23883608, 0.45875156, -0.85586464, -0.046230651;
 -0.24308112, 0.88155496, 0.40468803, -0.0082055014;
 0, 0, 0, 1]
Twc:
[0.94014305, 0.23883608, -0.24308112, -0.00069212448;
 0.11139044, 0.45875156, 0.88155496, 0.027288077;
 0.32206097, -0.85586464, 0.40468803, -0.039582785;
 0, 0, 0, 1]
Ow:
[0.010359135;
 -0.046230651;
 -0.0082055014]
Keyframe: 10 Frame: 36 Frame from vFrameID : 37
Tcw:
[0.94320178, 0.10641076, 0.31471765, 0.011397282;
 0.23049599, 0.47261772, -0.85059047, -0.045924354;
 -0.2392531, 0.87481958, 0.42124659, -0.0080789346;
 0, 0, 0, 1]
Twc:
[0.94320178, 0.23049599, -0.2392531, -0.0020974679;
 0.10641076, 0.47261772, 0.87481958, 0.027559478;
 0.31471765, -0.85059047, 0.42124659, -0.039246518;
 0, 0, 0, 1]
Ow:
[0.011397282;
 -0.045924354;
 -0.0080789346]
Keyframe: 11 Frame: 38 Frame from vFrameID : 39
Tcw:
[0.94564247, 0.10722857, 0.30702171, 0.011077618;
 0.22262168, 0.47475591, -0.85149658, -0.046819553;
 -0.23706512, 0.87356102, 0.42507794, -0.0073658358;
 0, 0, 0, 1]
Twc:
[0.94564247, 0.22262168, -0.23706512, -0.0017986021;
 0.10722857, 0.47475591, 0.87356102, 0.027474528;
 0.30702171, -0.85149658, 0.42507794, -0.040136702;
 0, 0, 0, 1]
Ow:
[0.011077618;
 -0.046819553;
 -0.0073658358]
Keyframe: 12 Frame: 41 Frame from vFrameID : 42
Tcw:
[0.94605917, 0.10600892, 0.30616033, 0.011334141;
 0.22481926, 0.46564361, -0.85593945, -0.047187928;
 -0.23329882, 0.87860012, 0.41669354, -0.007298585;
 0, 0, 0, 1]
Twc:
[0.94605917, 0.22481926, -0.23329882, -0.001816764;
 0.10600892, 0.46564361, 0.87860012, 0.027183773;
 0.30616033, -0.85593945, 0.41669354, -0.040818799;
 0, 0, 0, 1]
Ow:
[0.011334141;
 -0.047187928;
 -0.007298585]
Keyframe: 13 Frame: 43 Frame from vFrameID : 44
Tcw:
[0.94394404, 0.10154784, 0.3140983, 0.011269863;
 0.23413514, 0.46479264, -0.85390192, -0.046712942;
 -0.23270248, 0.8795771, 0.41496232, -0.0073291641;
 0, 0, 0, 1]
Twc:
[0.94394404, 0.23413514, -0.23270248, -0.0014064923;
 0.10154784, 0.46479264, 0.8795771, 0.027013967;
 0.3140983, -0.85390192, 0.41496232, -0.040386792;
 0, 0, 0, 1]
Ow:
[0.011269863;
 -0.046712942;
 -0.0073291641]
Keyframe: 14 Frame: 46 Frame from vFrameID : 47
Tcw:
[0.94510418, 0.097330831, 0.31193724, 0.011347543;
 0.23348975, 0.46669203, -0.85304224, -0.047130335;
 -0.22860594, 0.87904793, 0.41834682, -0.0071093291;
 0, 0, 0, 1]
Twc:
[0.94510418, 0.23348975, -0.22860594, -0.0013453955;
 0.097330831, 0.46669203, 0.87904793, 0.027140327;
 0.31193724, -0.85304224, 0.41834682, -0.040769722;
 0, 0, 0, 1]
Ow:
[0.011347543;
 -0.047130335;
 -0.0071093291]
Keyframe: 15 Frame: 49 Frame from vFrameID : 50
Tcw:
[0.94899905, 0.090132564, 0.3021208, 0.012085623;
 0.22725621, 0.46864802, -0.85365313, -0.047452211;
 -0.21853025, 0.87877482, 0.42426333, -0.0071126483;
 0, 0, 0, 1]
Twc:
[0.94899905, 0.22725621, -0.21853025, -0.0022397626;
 0.090132564, 0.46864802, 0.87877482, 0.027399493;
 0.3021208, -0.85365313, 0.42426333, -0.041141413;
 0, 0, 0, 1]
Ow:
[0.012085623;
 -0.047452211;
 -0.0071126483]
Keyframe: 16 Frame: 52 Frame from vFrameID : 53
Tcw:
[0.95654362, 0.072036192, 0.28255102, 0.012582513;
 0.21571119, 0.47717792, -0.85192132, -0.048260611;
 -0.19619629, 0.87584931, 0.44090247, -0.0068484992;
 0, 0, 0, 1]
Twc:
[0.95654362, 0.21571119, -0.19619629, -0.0029690186;
 0.072036192, 0.47717792, 0.87584931, 0.028120754;
 0.28255102, -0.85192132, 0.44090247, -0.041649923;
 0, 0, 0, 1]
Ow:
[0.012582513;
 -0.048260611;
 -0.0068484992]
Keyframe: 17 Frame: 55 Frame from vFrameID : 56
Tcw:
[0.96086138, 0.061257318, 0.27017206, 0.012823877;
 0.2099064, 0.4754568, -0.85433024, -0.051639378;
 -0.18078913, 0.87760377, 0.44398978, -0.005493246;
 0, 0, 0, 1]
Twc:
[0.96086138, 0.2099064, -0.18078913, -0.0024756521;
 0.061257318, 0.4754568, 0.87760377, 0.02858763;
 0.27017206, -0.85433024, 0.44398978, -0.045142788;
 0, 0, 0, 1]
Ow:
[0.012823877;
 -0.051639378;
 -0.005493246]
Keyframe: 18 Frame: 62 Frame from vFrameID : 63
Tcw:
[0.95852047, 0.076958202, 0.27443752, 0.012921947;
 0.20714495, 0.47328401, -0.85620862, -0.049354143;
 -0.19577916, 0.87754184, 0.43771088, -0.0061876085;
 0, 0, 0, 1]
Twc:
[0.95852047, 0.20714495, -0.19577916, -0.0033738932;
 0.076958202, 0.47328401, 0.87754184, 0.027793961;
 0.27443752, -0.85620862, 0.43771088, -0.043095328;
 0, 0, 0, 1]
Ow:
[0.012921947;
 -0.049354143;
 -0.0061876085]
Keyframe: 19 Frame: 65 Frame from vFrameID : 66
Tcw:
[0.95442462, 0.099677458, 0.28131494, 0.012335383;
 0.20207347, 0.4778372, -0.85489058, -0.04985261;
 -0.21963607, 0.8727749, 0.43591741, -0.0065249112;
 0, 0, 0, 1]
Twc:
[0.95442462, 0.20207347, -0.21963607, -0.0031324094;
 0.099677458, 0.4778372, 0.8727749, 0.028286651;
 0.28131494, -0.85489058, 0.43591741, -0.043244332;
 0, 0, 0, 1]
Ow:
[0.012335383;
 -0.04985261;
 -0.0065249112]
Keyframe: 20 Frame: 69 Frame from vFrameID : 70
Tcw:
[0.94748807, 0.12445734, 0.29457897, 0.011695025;
 0.19885957, 0.49209812, -0.84752244, -0.048039097;
 -0.25044215, 0.86159724, 0.44150755, -0.0074718632;
 0, 0, 0, 1]
Twc:
[0.94748807, 0.19885957, -0.25044215, -0.0033991314;
 0.12445734, 0.49209812, 0.86159724, 0.028622156;
 0.29457897, -0.84752244, 0.44150755, -0.040860441;
 0, 0, 0, 1]
Ow:
[0.011695025;
 -0.048039097;
 -0.0074718632]
Keyframe: 21 Frame: 73 Frame from vFrameID : 74
Tcw:
[0.94338524, 0.13028683, 0.30504045, 0.012267442;
 0.20284809, 0.50101566, -0.84132987, -0.046822447;
 -0.26244426, 0.85557503, 0.44622236, -0.0078322776;
 0, 0, 0, 1]
Twc:
[0.94338524, 0.20284809, -0.26244426, -0.0041306163;
 0.13028683, 0.50101566, 0.85557503, 0.028561598;
 0.30504045, -0.84132987, 0.44622236, -0.039640252;
 0, 0, 0, 1]
Ow:
[0.012267442;
 -0.046822447;
 -0.0078322776]
Keyframe: 22 Frame: 77 Frame from vFrameID : 78
Tcw:
[0.93647927, 0.13751428, 0.32263973, 0.011268074;
 0.21284299, 0.50832832, -0.83444601, -0.046096306;
 -0.27875516, 0.85011303, 0.44676998, -0.0081089847;
 0, 0, 0, 1]
Twc:
[0.93647927, 0.21284299, -0.27875516, -0.0030014629;
 0.13751428, 0.50832832, 0.85011303, 0.028776089;
 0.32263973, -0.83444601, 0.44676998, -0.038477559;
 0, 0, 0, 1]
Ow:
[0.011268074;
 -0.046096306;
 -0.0081089847]
Keyframe: 23 Frame: 82 Frame from vFrameID : 83
Tcw:
[0.93486077, 0.13255815, 0.32933825, 0.011761622;
 0.22254473, 0.5039652, -0.83456153, -0.046476744;
 -0.27660295, 0.85349131, 0.44163716, -0.007798668;
 0, 0, 0, 1]
Twc:
[0.93486077, 0.22254473, -0.27660295, -0.0028094591;
 0.13255815, 0.5039652, 0.85349131, 0.028519655;
 0.32933825, -0.83456153, 0.44163716, -0.03921707;
 0, 0, 0, 1]
Ow:
[0.011761622;
 -0.046476744;
 -0.007798668]
Keyframe: 24 Frame: 87 Frame from vFrameID : 88
Tcw:
[0.94109136, 0.1093256, 0.3199921, 0.012552665;
 0.22558194, 0.50198823, -0.83493745, -0.046643361;
 -0.2519123, 0.85793692, 0.44775495, -0.0078861006;
 0, 0, 0, 1]
Twc:
[0.94109136, 0.22558194, -0.2519123, -0.0032779102;
 0.1093256, 0.50198823, 0.85793692, 0.028807869;
 0.3199921, -0.83493745, 0.44775495, -0.039430004;
 0, 0, 0, 1]
Ow:
[0.012552665;
 -0.046643361;
 -0.0078861006]
Keyframe: 25 Frame: 92 Frame from vFrameID : 93
Tcw:
[0.94793975, 0.083120793, 0.30741036, 0.011869968;
 0.22758284, 0.4983986, -0.83654344, -0.04761418;
 -0.22274704, 0.86295408, 0.45353499, -0.0068218317;
 0, 0, 0, 1]
Twc:
[0.94793975, 0.22758284, -0.22274704, -0.0019353871;
 0.083120793, 0.4983986, 0.86295408, 0.028631127;
 0.30741036, -0.83654344, 0.45353499, -0.040386338;
 0, 0, 0, 1]
Ow:
[0.011869968;
 -0.04761418;
 -0.0068218317]
Keyframe: 26 Frame: 96 Frame from vFrameID : 97
Tcw:
[0.95574653, 0.06800209, 0.28622416, 0.012054464;
 0.21820265, 0.4887068, -0.84472084, -0.047739618;
 -0.19732247, 0.86979389, 0.4522416, -0.0067257918;
 0, 0, 0, 1]
Twc:
[0.95574653, 0.21820265, -0.19732247, -0.0024312518;
 0.06800209, 0.4887068, 0.86979389, 0.028360996;
 0.28622416, -0.84472084, 0.4522416, -0.040735245;
 0, 0, 0, 1]
Ow:
[0.012054464;
 -0.047739618;
 -0.0067257918]
Keyframe: 27 Frame: 101 Frame from vFrameID : 102
Tcw:
[0.95988572, 0.067923926, 0.27203995, 0.012170997;
 0.20739271, 0.48095101, -0.85186523, -0.04777379;
 -0.18869992, 0.87411237, 0.4475711, -0.0065499377;
 0, 0, 0, 1]
Twc:
[0.95988572, 0.20739271, -0.18869992, -0.0030108034;
 0.067923926, 0.48095101, 0.87411237, 0.027875533;
 0.27203995, -0.85186523, 0.4475711, -0.041076265;
 0, 0, 0, 1]
Ow:
[0.012170997;
 -0.04777379;
 -0.0065499377]
Keyframe: 28 Frame: 105 Frame from vFrameID : 106
Tcw:
[0.95540231, 0.078816622, 0.28459498, 0.011867421;
 0.21375494, 0.48036554, -0.850622, -0.048146561;
 -0.20375277, 0.87351984, 0.44209492, -0.0064124092;
 0, 0, 0, 1]
Twc:
[0.95540231, 0.21375494, -0.20375277, -0.0023531427;
 0.078816622, 0.48036554, 0.87351984, 0.027793966;
 0.28459498, -0.850622, 0.44209492, -0.041497041;
 0, 0, 0, 1]
Ow:
[0.011867421;
 -0.048146561;
 -0.0064124092]
Keyframe: 29 Frame: 110 Frame from vFrameID : 111
Tcw:
[0.94571543, 0.097650565, 0.30997854, 0.011697445;
 0.22640806, 0.48630488, -0.84394723, -0.04979936;
 -0.23315601, 0.86831558, 0.43779716, -0.0059992559;
 0, 0, 0, 1]
Twc:
[0.94571543, 0.22640806, -0.23315601, -0.0011862395;
 0.097650565, 0.48630488, 0.86831558, 0.02828466;
 0.30997854, -0.84394723, 0.43779716, -0.043027535;
 0, 0, 0, 1]
Ow:
[0.011697445;
 -0.04979936;
 -0.0059992559]
Keyframe: 30 Frame: 114 Frame from vFrameID : 115
Tcw:
[0.93701625, 0.1143584, 0.33003446, 0.01381216;
 0.23351696, 0.49757141, -0.83539963, -0.051565599;
 -0.25975066, 0.85985166, 0.43952787, -0.0037261583;
 0, 0, 0, 1]
Twc:
[0.93701625, 0.23351696, -0.25975066, -0.001868648;
 0.1143584, 0.49757141, 0.85985166, 0.027281972;
 0.33003446, -0.83539963, 0.43952787, -0.045998618;
 0, 0, 0, 1]
Ow:
[0.01381216;
 -0.051565599;
 -0.0037261583]
Keyframe: 31 Frame: 125 Frame from vFrameID : 126
Tcw:
[0.9407841, 0.1550446, 0.30147386, 0.029809017;
 0.1989771, 0.46745002, -0.86133534, -0.068760999;
 -0.27446938, 0.87031698, 0.40891922, 0.0089299902;
 0, 0, 0, 1]
Twc:
[0.9407841, 0.1989771, -0.27446938, -0.011910976;
 0.1550446, 0.46745002, 0.87031698, 0.019748684;
 0.30147386, -0.86133534, 0.40891922, -0.071864568;
 0, 0, 0, 1]
Ow:
[0.029809017;
 -0.068760999;
 0.0089299902]
Keyframe: 32 Frame: 136 Frame from vFrameID : 137
Tcw:
[0.9531725, 0.15828599, 0.25769684, 0.060391549;
 0.16568771, 0.43952313, -0.88281763, -0.07647486;
 -0.25300139, 0.88417476, 0.39271533, 0.036278062;
 0, 0, 0, 1]
Twc:
[0.9531725, 0.16568771, -0.25300139, -0.035714224;
 0.15828599, 0.43952313, 0.88417476, -0.0080228113;
 0.25769684, -0.88281763, 0.39271533, -0.097323023;
 0, 0, 0, 1]
Ow:
[0.060391549;
 -0.07647486;
 0.036278062]
Keyframe: 33 Frame: 147 Frame from vFrameID : 148
Tcw:
[0.93484026, 0.17424573, 0.30937377, 0.06709215;
 0.2032501, 0.45182779, -0.86864322, -0.094594568;
 -0.29114103, 0.87492287, 0.38697135, 0.066451967;
 0, 0, 0, 1]
Twc:
[0.93484026, 0.2032501, -0.29114103, -0.024147192;
 0.17424573, 0.45182779, 0.87492287, -0.027090412;
 0.30937377, -0.86864322, 0.38697135, -0.12864049;
 0, 0, 0, 1]
Ow:
[0.06709215;
 -0.094594568;
 0.066451967]
Keyframe: 34 Frame: 158 Frame from vFrameID : 159
Tcw:
[0.91982239, 0.18231837, 0.34739995, 0.083720863;
 0.22778159, 0.47278693, -0.8512274, -0.10310077;
 -0.31944054, 0.86210936, 0.39335126, 0.083154067;
 0, 0, 0, 1]
Twc:
[0.91982239, 0.22778159, -0.31944054, -0.026961094;
 0.18231837, 0.47278693, 0.86210936, -0.03820705;
 0.34739995, -0.8512274, 0.39335126, -0.14955558;
 0, 0, 0, 1]
Ow:
[0.083720863;
 -0.10310077;
 0.083154067]
Keyframe: 35 Frame: 170 Frame from vFrameID : 171
Tcw:
[0.95568109, 0.14492431, 0.25626266, 0.095707282;
 0.17108575, 0.43499172, -0.88403159, -0.099005319;
 -0.23958981, 0.88869518, 0.39091888, 0.1350171;
 0, 0, 0, 1]
Twc:
[0.95568109, 0.17108575, -0.23958981, -0.042178519;
 0.14492431, 0.43499172, 0.88869518, -0.090792865;
 0.25626266, -0.88403159, 0.39091888, -0.16483077;
 0, 0, 0, 1]
Ow:
[0.095707282;
 -0.099005319;
 0.1350171]
Keyframe: 36 Frame: 180 Frame from vFrameID : 181
Tcw:
[0.93795902, 0.16653508, 0.30413643, 0.10661457;
 0.20711106, 0.43439049, -0.87658995, -0.12014654;
 -0.27809694, 0.88519543, 0.37294921, 0.17217168;
 0, 0, 0, 1]
Twc:
[0.93795902, 0.20711106, -0.27809694, -0.027236002;
 0.16653508, 0.43439049, 0.88519543, -0.11797014;
 0.30413643, -0.87658995, 0.37294921, -0.2019559;
 0, 0, 0, 1]
Ow:
[0.10661457;
 -0.12014654;
 0.17217168]
Keyframe: 37 Frame: 190 Frame from vFrameID : 191
Tcw:
[0.90076286, 0.203539, 0.38366413, 0.12063394;
 0.25181711, 0.47498056, -0.84319729, -0.16991669;
 -0.35385653, 0.85613394, 0.37659025, 0.2092182;
 0, 0, 0, 1]
Twc:
[0.90076286, 0.25181711, -0.35385653, 0.008158572;
 0.203539, 0.47498056, 0.85613394, -0.12296539;
 0.38366413, -0.84319729, 0.37659025, -0.26834574;
 0, 0, 0, 1]
Ow:
[0.12063394;
 -0.16991669;
 0.2092182]
Keyframe: 38 Frame: 200 Frame from vFrameID : 201
Tcw:
[0.93908125, 0.17204152, 0.29753682, 0.1433093;
 0.20823601, 0.40391308, -0.8907817, -0.14267534;
 -0.27343044, 0.89847422, 0.34348196, 0.29746062;
 0, 0, 0, 1]
Twc:
[0.93908125, 0.20823601, -0.27343044, -0.02353414;
 0.17204152, 0.40391308, 0.89847422, -0.23428741;
 0.29753682, -0.8907817, 0.34348196, -0.27190471;
 0, 0, 0, 1]
Ow:
[0.1433093;
 -0.14267534;
 0.29746062]
Keyframe: 39 Frame: 211 Frame from vFrameID : 212
Tcw:
[0.94429839, 0.12181158, 0.30571637, 0.17749718;
 0.23016587, 0.41950563, -0.87808812, -0.14506431;
 -0.23521104, 0.89954263, 0.36810163, 0.35609397;
 0, 0, 0, 1]
Twc:
[0.94429839, 0.23016587, -0.23521104, -0.050464217;
 0.12181158, 0.41950563, 0.89954263, -0.28108764;
 0.30571637, -0.87808812, 0.36810163, -0.31272179;
 0, 0, 0, 1]
Ow:
[0.17749718;
 -0.14506431;
 0.35609397]
Keyframe: 40 Frame: 221 Frame from vFrameID : 222
Tcw:
[0.89512974, 0.14657241, 0.42102167, 0.10132793;
 0.32340249, 0.43653098, -0.83955437, -0.24058725;
 -0.3068445, 0.88766956, 0.34334999, 0.50692999;
 0, 0, 0, 1]
Twc:
[0.89512974, 0.32340249, -0.3068445, 0.14265355;
 0.14657241, 0.43653098, 0.88766956, -0.35981441;
 0.42102167, -0.83955437, 0.34334999, -0.41870174;
 0, 0, 0, 1]
Ow:
[0.10132793;
 -0.24058725;
 0.50692999]
Keyframe: 41 Frame: 232 Frame from vFrameID : 233
Tcw:
[0.90347546, 0.14533478, 0.40324911, 0.032256186;
 0.32144371, 0.39262334, -0.86169648, -0.28622767;
 -0.2835595, 0.90814358, 0.30800861, 0.63308537;
 0, 0, 0, 1]
Twc:
[0.90347546, 0.32144371, -0.2835595, 0.24238078;
 0.14533478, 0.39262334, 0.90814358, -0.46724066;
 0.40324911, -0.86169648, 0.30800861, -0.45464441;
 0, 0, 0, 1]
Ow:
[0.032256186;
 -0.28622767;
 0.63308537]
Keyframe: 42 Frame: 242 Frame from vFrameID : 243
Tcw:
[0.9195866, 0.11825919, 0.37466684, 0.094369203;
 0.30369633, 0.39104214, -0.86882365, -0.29672074;
 -0.24925691, 0.91274357, 0.32368225, 0.64669883;
 0, 0, 0, 1]
Twc:
[0.9195866, 0.30369633, -0.24925691, 0.16452649;
 0.11825919, 0.39104214, 0.91274357, -0.48539987;
 0.37466684, -0.86882365, 0.32368225, -0.50247991;
 0, 0, 0, 1]
Ow:
[0.094369203;
 -0.29672074;
 0.64669883]
Keyframe: 43 Frame: 252 Frame from vFrameID : 253
Tcw:
[0.91887754, 0.11052272, 0.37874633, 0.10473621;
 0.31975427, 0.35375249, -0.878986, -0.28070259;
 -0.23113039, 0.92878622, 0.28971511, 0.70998693;
 0, 0, 0, 1]
Twc:
[0.91887754, 0.31975427, -0.23113039, 0.15761565;
 0.11052272, 0.35375249, 0.92878622, -0.57170254;
 0.37874633, -0.878986, 0.28971511, -0.49209604;
 0, 0, 0, 1]
Ow:
[0.10473621;
 -0.28070259;
 0.70998693]
Keyframe: 44 Frame: 263 Frame from vFrameID : 264
Tcw:
[0.90615809, 0.13045555, 0.40231681, -0.089962482;
 0.32899249, 0.38036248, -0.86434269, -0.15962102;
 -0.26578453, 0.91559041, 0.30174965, 0.80629843;
 0, 0, 0, 1]
Twc:
[0.90615809, 0.32899249, -0.26578453, 0.34833601;
 0.13045555, 0.38036248, 0.91559041, -0.66578913;
 0.40231681, -0.86434269, 0.30174965, -0.34507412;
 0, 0, 0, 1]
Ow:
[-0.089962482;
 -0.15962102;
 0.80629843]
Keyframe: 45 Frame: 271 Frame from vFrameID : 272
Tcw:
[0.91606307, 0.13620821, 0.37719464, 0.0078369379;
 0.29898623, 0.3948831, -0.86872005, -0.25793207;
 -0.26727459, 0.9085784, 0.32101345, 0.80879259;
 0, 0, 0, 1]
Twc:
[0.91606307, 0.29898623, -0.26727459, 0.28610873;
 0.13620821, 0.3948831, 0.9085784, -0.63406587;
 0.37719464, -0.86872005, 0.32101345, -0.48666009;
 0, 0, 0, 1]
Ow:
[0.0078369379;
 -0.25793207;
 0.80879259]
Keyframe: 46 Frame: 280 Frame from vFrameID : 281
Tcw:
[0.91233933, 0.15293285, 0.37980056, -0.019115284;
 0.28891557, 0.41681215, -0.8618558, -0.25270391;
 -0.29011154, 0.89603525, 0.33608943, 0.88266021;
 0, 0, 0, 1]
Twc:
[0.91233933, 0.28891557, -0.29011154, 0.34651965;
 0.15293285, 0.41681215, 0.89603525, -0.68264127;
 0.37980056, -0.8618558, 0.33608943, -0.50718713;
 0, 0, 0, 1]
Ow:
[-0.019115284;
 -0.25270391;
 0.88266021]
Keyframe: 47 Frame: 288 Frame from vFrameID : 289
Tcw:
[0.89165622, 0.18069471, 0.41508865, 0.028862253;
 0.29839879, 0.45494372, -0.83903778, -0.28233284;
 -0.34045166, 0.87199521, 0.35173431, 0.86585611;
 0, 0, 0, 1]
Twc:
[0.89165622, 0.29839879, -0.34045166, 0.35329473;
 0.18069471, 0.45494372, 0.87199521, -0.63179207;
 0.41508865, -0.83903778, 0.35173431, -0.55341959;
 0, 0, 0, 1]
Ow:
[0.028862253;
 -0.28233284;
 0.86585611]
Keyframe: 48 Frame: 295 Frame from vFrameID : 296
Tcw:
[0.90319282, 0.1799131, 0.38971013, 0.046840757;
 0.26409742, 0.48279774, -0.8349604, -0.32032275;
 -0.33837149, 0.85705167, 0.38854489, 0.89619851;
 0, 0, 0, 1]
Twc:
[0.90319282, 0.26409742, -0.33837149, 0.3455382;
 0.1799131, 0.48279774, 0.85705167, -0.62186462;
 0.38971013, -0.8349604, 0.38854489, -0.63392448;
 0, 0, 0, 1]
Ow:
[0.046840757;
 -0.32032275;
 0.89619851]
Keyframe: 49 Frame: 301 Frame from vFrameID : 302
Tcw:
[0.92174393, 0.15045252, 0.35742435, 0.057521403;
 0.25028726, 0.47321287, -0.84464538, -0.34645557;
 -0.29621685, 0.86800551, 0.39852473, 0.94583011;
 0, 0, 0, 1]
Twc:
[0.92174393, 0.25028726, -0.29621685, 0.31386423;
 0.15045252, 0.47321287, 0.86800551, -0.66569281;
 0.35742435, -0.84464538, 0.39852473, -0.69012839;
 0, 0, 0, 1]
Ow:
[0.057521403;
 -0.34645557;
 0.94583011]
Keyframe: 50 Frame: 307 Frame from vFrameID : 308
Tcw:
[0.92629081, 0.1137271, 0.3592374, 0.029905289;
 0.27054033, 0.46288288, -0.84412521, -0.33828631;
 -0.26228476, 0.87909365, 0.39799637, 1.0095406;
 0, 0, 0, 1]
Twc:
[0.92629081, 0.27054033, -0.26228476, 0.32860619;
 0.1137271, 0.46288288, 0.87909365, -0.73429477;
 0.3592374, -0.84412521, 0.39799637, -0.69809258;
 0, 0, 0, 1]
Ow:
[0.029905289;
 -0.33828631;
 1.0095406]
Keyframe: 51 Frame: 314 Frame from vFrameID : 315
Tcw:
[0.91788536, 0.14590429, 0.36905068, 0.046099588;
 0.26554024, 0.46528769, -0.84439075, -0.35908404;
 -0.29491496, 0.8730517, 0.38833728, 1.0277045;
 0, 0, 0, 1]
Twc:
[0.91788536, 0.26554024, -0.29491496, 0.35612258;
 0.14590429, 0.46528769, 0.8730517, -0.73688793;
 0.36905068, -0.84439075, 0.38833728, -0.7193163;
 0, 0, 0, 1]
Ow:
[0.046099588;
 -0.35908404;
 1.0277045]
Keyframe: 52 Frame: 322 Frame from vFrameID : 323
Tcw:
[0.90597188, 0.16656145, 0.38919437, -0.058993936;
 0.27002349, 0.48068812, -0.83428186, -0.2483741;
 -0.3260403, 0.86092752, 0.3905144, 1.096504;
 0, 0, 0, 1]
Twc:
[0.90597188, 0.27002349, -0.3260403, 0.47801819;
 0.16656145, 0.48068812, 0.86092752, -0.81479383;
 0.38919437, -0.83428186, 0.3905144, -0.61245453;
 0, 0, 0, 1]
Ow:
[-0.058993936;
 -0.2483741;
 1.096504]
Keyframe: 53 Frame: 330 Frame from vFrameID : 331
Tcw:
[0.91450644, 0.14956909, 0.37590837, -0.16076155;
 0.26204988, 0.48891029, -0.83204365, -0.28005105;
 -0.30823347, 0.85941595, 0.40791705, 1.1736534;
 0, 0, 0, 1]
Twc:
[0.91450644, 0.26204988, -0.30823347, 0.58216411;
 0.14956909, 0.48891029, 0.85941595, -0.84769171;
 0.37590837, -0.83204365, 0.40791705, -0.65133625;
 0, 0, 0, 1]
Ow:
[-0.16076155;
 -0.28005105;
 1.1736534]
Keyframe: 54 Frame: 337 Frame from vFrameID : 338
Tcw:
[0.9295463, 0.11889855, 0.34900832, -0.067995965;
 0.26546943, 0.44107065, -0.85731131, -0.27885914;
 -0.2558704, 0.88956159, 0.37843165, 1.2273133;
 0, 0, 0, 1]
Twc:
[0.9295463, 0.26546943, -0.2558704, 0.45126709;
 0.11889855, 0.44107065, 0.88956159, -0.96068954;
 0.34900832, -0.85731131, 0.37843165, -0.67979211;
 0, 0, 0, 1]
Ow:
[-0.067995965;
 -0.27885914;
 1.2273133]
Keyframe: 55 Frame: 343 Frame from vFrameID : 344
Tcw:
[0.91265976, 0.13329521, 0.38637355, -0.054916382;
 0.28995442, 0.45509672, -0.84191054, -0.32681227;
 -0.28805998, 0.88040864, 0.37669894, 1.2237897;
 0, 0, 0, 1]
Twc:
[0.91265976, 0.28995442, -0.28805998, 0.4974055;
 0.13329521, 0.45509672, 0.88040864, -0.9213838;
 0.38637355, -0.84191054, 0.37669894, -0.71492875;
 0, 0, 0, 1]
Ow:
[-0.054916382;
 -0.32681227;
 1.2237897]
Keyframe: 56 Frame: 349 Frame from vFrameID : 350
Tcw:
[0.91617644, 0.14025812, 0.37543091, -0.023435503;
 0.27620441, 0.45780107, -0.84506172, -0.3253063;
 -0.29039943, 0.87792128, 0.38068667, 1.2530376;
 0, 0, 0, 1]
Twc:
[0.91617644, 0.27620441, -0.29039943, 0.47520354;
 0.14025812, 0.45780107, 0.87792128, -0.94785589;
 0.37543091, -0.84506172, 0.38068667, -0.74312019;
 0, 0, 0, 1]
Ow:
[-0.023435503;
 -0.3253063;
 1.2530376]
Keyframe: 57 Frame: 357 Frame from vFrameID : 358
Tcw:
[0.94299787, 0.10392038, 0.31615752, 0.026068866;
 0.24229722, 0.4368498, -0.86628765, -0.3209396;
 -0.22813828, 0.89351153, 0.38676882, 1.2867506;
 0, 0, 0, 1]
Twc:
[0.94299787, 0.24229722, -0.22813828, 0.34673697;
 0.10392038, 0.4368498, 0.89351153, -1.012233;
 0.31615752, -0.86628765, 0.38676882, -0.78394288;
 0, 0, 0, 1]
Ow:
[0.026068866;
 -0.3209396;
 1.2867506]
Keyframe: 58 Frame: 363 Frame from vFrameID : 364
Tcw:
[0.92787915, 0.099947847, 0.35923636, -0.037223816;
 0.28596681, 0.42753026, -0.85757846, -0.30919302;
 -0.23929754, 0.89845884, 0.36811465, 1.3624079;
 0, 0, 0, 1]
Twc:
[0.92787915, 0.28596681, -0.23929754, 0.44897902;
 0.099947847, 0.42753026, 0.89845884, -1.0881577;
 0.35923636, -0.85757846, 0.36811465, -0.75330746;
 0, 0, 0, 1]
Ow:
[-0.037223816;
 -0.30919302;
 1.3624079]
Keyframe: 59 Frame: 370 Frame from vFrameID : 371
Tcw:
[0.94208193, 0.10228737, 0.31940398, -0.061852694;
 0.2465442, 0.43443048, -0.86630601, -0.16935259;
 -0.22737098, 0.89487845, 0.38405076, 1.344947;
 0, 0, 0, 1]
Twc:
[0.94208193, 0.2465442, -0.22737098, 0.40582517;
 0.10228737, 0.43443048, 0.89487845, -1.1236655;
 0.31940398, -0.86630601, 0.38405076, -0.6434831;
 0, 0, 0, 1]
Ow:
[-0.061852694;
 -0.16935259;
 1.344947]
Keyframe: 60 Frame: 376 Frame from vFrameID : 377
Tcw:
[0.92364019, 0.14575648, 0.35446268, -0.089147508;
 0.2628288, 0.43224218, -0.86260515, -0.22012377;
 -0.27894402, 0.88989985, 0.36092728, 1.464498;
 0, 0, 0, 1]
Twc:
[0.92364019, 0.2628288, -0.27894402, 0.54870808;
 0.14575648, 0.43224218, 0.88989985, -1.1951159;
 0.35446268, -0.86260515, 0.36092728, -0.6868577;
 0, 0, 0, 1]
Ow:
[-0.089147508;
 -0.22012377;
 1.464498]
Keyframe: 61 Frame: 383 Frame from vFrameID : 384
Tcw:
[0.93494189, 0.11684012, 0.3350105, -0.083820552;
 0.25731504, 0.42680314, -0.86696488, -0.24179703;
 -0.24427982, 0.89676499, 0.36897141, 1.4702284;
 0, 0, 0, 1]
Twc:
[0.93494189, 0.25731504, -0.24427982, 0.49973249;
 0.11684012, 0.42680314, 0.89676499, -1.2054561;
 0.3350105, -0.86696488, 0.36897141, -0.72402102;
 0, 0, 0, 1]
Ow:
[-0.083820552;
 -0.24179703;
 1.4702284]
Keyframe: 62 Frame: 389 Frame from vFrameID : 390
Tcw:
[0.9526509, 0.090947933, 0.29014614, -0.043670207;
 0.22906883, 0.41284972, -0.88152289, -0.27176434;
 -0.19995944, 0.90624696, 0.37246829, 1.4895716;
 0, 0, 0, 1]
Twc:
[0.9526509, 0.22906883, -0.19995944, 0.40170908;
 0.090947933, 0.41284972, 0.90624696, -1.2337502;
 0.29014614, -0.88152289, 0.37246829, -0.78171396;
 0, 0, 0, 1]
Ow:
[-0.043670207;
 -0.27176434;
 1.4895716]
Keyframe: 63 Frame: 394 Frame from vFrameID : 395
Tcw:
[0.95477408, 0.093850434, 0.28213209, -0.024000332;
 0.21890387, 0.4202652, -0.88060105, -0.28437489;
 -0.20121509, 0.9025349, 0.38071412, 1.5027611;
 0, 0, 0, 1]
Twc:
[0.95477408, 0.21890387, -0.20121509, 0.38754389;
 0.093850434, 0.4202652, 0.9025349, -1.2345291;
 0.28213209, -0.88060105, 0.38071412, -0.815772;
 0, 0, 0, 1]
Ow:
[-0.024000332;
 -0.28437489;
 1.5027611]
Keyframe: 64 Frame: 400 Frame from vFrameID : 401
Tcw:
[0.94820958, 0.095090434, 0.3030782, -0.0070622861;
 0.23543295, 0.43012929, -0.87152743, -0.29970631;
 -0.21323673, 0.89774531, 0.38546529, 1.5209868;
 0, 0, 0, 1]
Twc:
[0.94820958, 0.23543295, -0.21323673, 0.40158755;
 0.095090434, 0.43012929, 0.89774531, -1.2358748;
 0.3030782, -0.87152743, 0.38546529, -0.84534949;
 0, 0, 0, 1]
Ow:
[-0.0070622861;
 -0.29970631;
 1.5209868]
Keyframe: 65 Frame: 405 Frame from vFrameID : 406
Tcw:
[0.9418782, 0.13249481, 0.30872416, 0.0027499199;
 0.22369473, 0.43827754, -0.87055928, -0.31275314;
 -0.25065145, 0.88902074, 0.38316569, 1.5478234;
 0, 0, 0, 1]
Twc:
[0.9418782, 0.22369473, -0.25065145, 0.45533535;
 0.13249481, 0.43827754, 0.88902074, -1.2393389;
 0.30872416, -0.87055928, 0.38316569, -0.86619192;
 0, 0, 0, 1]
Ow:
[0.0027499199;
 -0.31275314;
 1.5478234]
Keyframe: 66 Frame: 412 Frame from vFrameID : 413
Tcw:
[0.92812687, 0.12139178, 0.35191551, 0.011552364;
 0.26162454, 0.45980579, -0.84860545, -0.34589434;
 -0.26482651, 0.87968326, 0.39499906, 1.5656134;
 0, 0, 0, 1]
Twc:
[0.92812687, 0.26162454, -0.26482651, 0.49438834;
 0.12139178, 0.45980579, 0.87968326, -1.2196021;
 0.35191551, -0.84860545, 0.39499906, -0.91600913;
 0, 0, 0, 1]
Ow:
[0.011552364;
 -0.34589434;
 1.5656134]
Keyframe: 67 Frame: 415 Frame from vFrameID : 416
Tcw:
[0.92954934, 0.12433514, 0.3471005, 0.026122361;
 0.25779235, 0.45387331, -0.85296077, -0.34520218;
 -0.26359266, 0.88234901, 0.38984501, 1.5759456;
 0, 0, 0, 1]
Twc:
[0.92954934, 0.25779235, -0.26359266, 0.48011613;
 0.12433514, 0.45387331, 0.88234901, -1.2371038;
 0.3471005, -0.85296077, 0.38984501, -0.91788548;
 0, 0, 0, 1]
Ow:
[0.026122361;
 -0.34520218;
 1.5759456]
Keyframe: 68 Frame: 421 Frame from vFrameID : 422
Tcw:
[0.93751281, 0.11447652, 0.32858002, 0.029580384;
 0.24597634, 0.449862, -0.85855681, -0.34855381;
 -0.24610026, 0.88573092, 0.39359289, 1.6118873;
 0, 0, 0, 1]
Twc:
[0.93751281, 0.24597634, -0.24610026, 0.45468992;
 0.11447652, 0.449862, 0.88573092, -1.2742838;
 0.32858002, -0.85855681, 0.39359289, -0.9434002;
 0, 0, 0, 1]
Ow:
[0.029580384;
 -0.34855381;
 1.6118873]
Keyframe: 69 Frame: 427 Frame from vFrameID : 428
Tcw:
[0.93809909, 0.10017294, 0.33156517, 0.05918619;
 0.24880309, 0.47109318, -0.84626722, -0.36585748;
 -0.24097118, 0.87637699, 0.41700873, 1.6337208;
 0, 0, 0, 1]
Twc:
[0.93809909, 0.24880309, -0.24097118, 0.42918357;
 0.10017294, 0.47109318, 0.87637699, -1.2653311;
 0.33156517, -0.84626722, 0.41700873, -1.0105132;
 0, 0, 0, 1]
Ow:
[0.05918619;
 -0.36585748;
 1.6337208]
Keyframe: 70 Frame: 432 Frame from vFrameID : 433
Tcw:
[0.94234681, 0.092129387, 0.32170579, 0.073633283;
 0.24265376, 0.47388238, -0.84649551, -0.37320274;
 -0.23043782, 0.87575549, 0.42420602, 1.6561888;
 0, 0, 0, 1]
Twc:
[0.94234681, 0.24265376, -0.23043782, 0.40281951;
 0.092129387, 0.47388238, 0.87575549, -1.280346;
 0.32170579, -0.84649551, 0.42420602, -1.042168;
 0, 0, 0, 1]
Ow:
[0.073633283;
 -0.37320274;
 1.6561888]
Keyframe: 71 Frame: 438 Frame from vFrameID : 439
Tcw:
[0.94056243, 0.11033314, 0.32119921, 0.097005516;
 0.23773085, 0.46152669, -0.85467958, -0.38541323;
 -0.24254149, 0.88023841, 0.40786508, 1.6747659;
 0, 0, 0, 1]
Twc:
[0.94056243, 0.23773085, -0.24254149, 0.40658513;
 0.11033314, 0.46152669, 0.88023841, -1.3070178;
 0.32119921, -0.85467958, 0.40786508, -1.0436414;
 0, 0, 0, 1]
Ow:
[0.097005516;
 -0.38541323;
 1.6747659]
Keyframe: 72 Frame: 444 Frame from vFrameID : 445
Tcw:
[0.90809411, 0.13778839, 0.39544845, -0.037170231;
 0.29198489, 0.46857899, -0.83377367, -0.35789764;
 -0.30018318, 0.87260991, 0.38528168, 1.785549;
 0, 0, 0, 1]
Twc:
[0.90809411, 0.29198489, -0.30018318, 0.67424655;
 0.13778839, 0.46857899, 0.87260991, -1.3852628;
 0.39544845, -0.83377367, 0.38528168, -0.97164607;
 0, 0, 0, 1]
Ow:
[-0.037170231;
 -0.35789764;
 1.785549]
Keyframe: 73 Frame: 450 Frame from vFrameID : 451
Tcw:
[0.90691334, 0.1523222, 0.39281824, -0.010894746;
 0.28324196, 0.46979505, -0.83610201, -0.38418868;
 -0.31190097, 0.86953467, 0.38291934, 1.8364639;
 0, 0, 0, 1]
Twc:
[0.90691334, 0.28324196, -0.31190097, 0.69149381;
 0.1523222, 0.46979505, 0.86953467, -1.4147196;
 0.39281824, -0.83610201, 0.38291934, -1.0201589;
 0, 0, 0, 1]
Ow:
[-0.010894746;
 -0.38418868;
 1.8364639]
Keyframe: 74 Frame: 456 Frame from vFrameID : 457
Tcw:
[0.92904931, 0.13608521, 0.34401777, 0.0060112774;
 0.25092065, 0.45153031, -0.85624719, -0.38429612;
 -0.27185705, 0.88181698, 0.38534734, 1.8447256;
 0, 0, 0, 1]
Twc:
[0.92904931, 0.25092065, -0.27185705, 0.59234464;
 0.13608521, 0.45153031, 0.88181698, -1.4540071;
 0.34401777, -0.85624719, 0.38534734, -1.0419805;
 0, 0, 0, 1]
Ow:
[0.0060112774;
 -0.38429612;
 1.8447256]
Keyframe: 75 Frame: 463 Frame from vFrameID : 464
Tcw:
[0.93399483, 0.11600233, 0.33793068, -0.032619953;
 0.25267708, 0.45424196, -0.85429418, -0.40210557;
 -0.25260243, 0.88329369, 0.39494851, 1.8929875;
 0, 0, 0, 1]
Twc:
[0.93399483, 0.25267708, -0.25260243, 0.61024296;
 0.11600233, 0.45424196, 0.88329369, -1.4856267;
 0.33793068, -0.85429418, 0.39494851, -1.0801258;
 0, 0, 0, 1]
Ow:
[-0.032619953;
 -0.40210557;
 1.8929875]
Keyframe: 76 Frame: 470 Frame from vFrameID : 471
Tcw:
[0.92698169, 0.12308142, 0.35433877, -0.10395116;
 0.26416406, 0.45645323, -0.84962803, -0.42227808;
 -0.26631251, 0.88119316, 0.39061007, 1.9532051;
 0, 0, 0, 1]
Twc:
[0.92698169, 0.26416406, -0.26631251, 0.72807443;
 0.12308142, 0.45645323, 0.88119316, -1.5156064;
 0.35433877, -0.84962803, 0.39061007, -1.084887;
 0, 0, 0, 1]
Ow:
[-0.10395116;
 -0.42227808;
 1.9532051]
Keyframe: 77 Frame: 477 Frame from vFrameID : 478
Tcw:
[0.90898502, 0.12234778, 0.39846861, -0.099704474;
 0.29683942, 0.48111466, -0.82487273, -0.41978991;
 -0.29263043, 0.86807817, 0.40100837, 1.9641391;
 0, 0, 0, 1]
Twc:
[0.90898502, 0.29683942, -0.29263043, 0.79000694;
 0.12234778, 0.48111466, 0.86807817, -1.4908606;
 0.39846861, -0.82487273, 0.40100837, -1.0941805;
 0, 0, 0, 1]
Ow:
[-0.099704474;
 -0.41978991;
 1.9641391]
Keyframe: 78 Frame: 484 Frame from vFrameID : 485
Tcw:
[0.91520721, 0.13516571, 0.3796393, -0.082398117;
 0.27283823, 0.48547509, -0.83058608, -0.41984081;
 -0.29657218, 0.86373848, 0.40743193, 1.975843;
 0, 0, 0, 1]
Twc:
[0.91520721, 0.27283823, -0.29657218, 0.77594;
 0.13516571, 0.48547509, 0.86373848, -1.491652;
 0.3796393, -0.83058608, 0.40743193, -1.1224539;
 0, 0, 0, 1]
Ow:
[-0.082398117;
 -0.41984081;
 1.975843]
Keyframe: 79 Frame: 491 Frame from vFrameID : 492
Tcw:
[0.92835557, 0.13158116, 0.34762388, -0.072817981;
 0.24802658, 0.47727016, -0.84302789, -0.42201596;
 -0.27683708, 0.86884958, 0.4104408, 1.9839226;
 0, 0, 0, 1]
Twc:
[0.92835557, 0.24802658, -0.27683708, 0.72149551;
 0.13158116, 0.47727016, 0.86884958, -1.5127332;
 0.34762388, -0.84302789, 0.4104408, -1.1447407;
 0, 0, 0, 1]
Ow:
[-0.072817981;
 -0.42201596;
 1.9839226]
Keyframe: 80 Frame: 500 Frame from vFrameID : 501
Tcw:
[0.94382119, 0.076663546, 0.32144099, -0.037134469;
 0.25230053, 0.46102592, -0.8507641, -0.41467083;
 -0.21341522, 0.88406891, 0.41578376, 2.0393851;
 0, 0, 0, 1]
Twc:
[0.94382119, 0.25230053, -0.21341522, 0.57490575;
 0.076663546, 0.46102592, 0.88406891, -1.6089361;
 0.32144099, -0.8507641, 0.41578376, -1.1887938;
 0, 0, 0, 1]
Ow:
[-0.037134469;
 -0.41467083;
 2.0393851]
Keyframe: 81 Frame: 507 Frame from vFrameID : 508
Tcw:
[0.92516869, 0.096341267, 0.3671256, -0.037835926;
 0.29684326, 0.41911143, -0.85803825, -0.4170177;
 -0.23653103, 0.9028089, 0.35915053, 2.1230307;
 0, 0, 0, 1]
Twc:
[0.92516869, 0.29684326, -0.23653103, 0.6609562;
 0.096341267, 0.41911143, 0.9028089, -1.738269;
 0.3671256, -0.85803825, 0.35915053, -1.1064142;
 0, 0, 0, 1]
Ow:
[-0.037835926;
 -0.4170177;
 2.1230307]
Keyframe: 82 Frame: 513 Frame from vFrameID : 514
Tcw:
[0.90213406, 0.12109882, 0.41411257, -0.13808659;
 0.33064586, 0.42255604, -0.84387183, -0.37484607;
 -0.27717763, 0.89821017, 0.34116137, 2.1999617;
 0, 0, 0, 1]
Twc:
[0.90213406, 0.33064586, -0.27717763, 0.85829407;
 0.12109882, 0.42255604, 0.89821017, -1.8009123;
 0.41411257, -0.84387183, 0.34116137, -1.0096806;
 0, 0, 0, 1]
Ow:
[-0.13808659;
 -0.37484607;
 2.1999617]
Keyframe: 83 Frame: 519 Frame from vFrameID : 520
Tcw:
[0.93053269, 0.13989498, 0.33843514, -0.096431822;
 0.24970609, 0.43361464, -0.86580902, -0.4070698;
 -0.26787275, 0.8901729, 0.36855996, 2.2006309;
 0, 0, 0, 1]
Twc:
[0.93053269, 0.24970609, -0.26787275, 0.78086984;
 0.13989498, 0.43361464, 0.8901729, -1.7689401;
 0.33843514, -0.86580902, 0.36855996, -1.1308732;
 0, 0, 0, 1]
Ow:
[-0.096431822;
 -0.4070698;
 2.2006309]
Keyframe: 84 Frame: 526 Frame from vFrameID : 527
Tcw:
[0.9350509, 0.10189008, 0.33955592, -0.06979093;
 0.26220196, 0.44587445, -0.85583067, -0.40309924;
 -0.23859996, 0.88927746, 0.39019951, 2.2250745;
 0, 0, 0, 1]
Twc:
[0.9350509, 0.26220196, -0.23859996, 0.70185417;
 0.10189008, 0.44587445, 0.88927746, -1.7918661;
 0.33955592, -0.85583067, 0.39019951, -1.1895097;
 0, 0, 0, 1]
Ow:
[-0.06979093;
 -0.40309924;
 2.2250745]
Keyframe: 85 Frame: 532 Frame from vFrameID : 533
Tcw:
[0.9224332, 0.078153536, 0.37816539, -0.055676937;
 0.30527702, 0.4521338, -0.83808172, -0.40822327;
 -0.2364804, 0.88851959, 0.39320472, 2.2337916;
 0, 0, 0, 1]
Twc:
[0.9224332, 0.30527702, -0.2364804, 0.70422739;
 0.078153536, 0.4521338, 0.88851959, -1.7958448;
 0.37816539, -0.83808172, 0.39320472, -1.1994069;
 0, 0, 0, 1]
Ow:
[-0.055676937;
 -0.40822327;
 2.2337916]
Keyframe: 86 Frame: 538 Frame from vFrameID : 539
Tcw:
[0.90137291, 0.11400463, 0.41776764, -0.047570199;
 0.32503128, 0.4593665, -0.82664204, -0.42112255;
 -0.28614947, 0.88090032, 0.37700543, 2.2475786;
 0, 0, 0, 1]
Twc:
[0.90137291, 0.32503128, -0.28614947, 0.8229;
 0.11400463, 0.4593665, 0.88090032, -1.7810198;
 0.41776764, -0.82664204, 0.37700543, -1.1755937;
 0, 0, 0, 1]
Ow:
[-0.047570199;
 -0.42112255;
 2.2475786]
Keyframe: 87 Frame: 546 Frame from vFrameID : 547
Tcw:
[0.88719827, 0.14855252, 0.43681955, -0.095531225;
 0.31596071, 0.49430826, -0.80983216, -0.40263021;
 -0.33622614, 0.85649955, 0.39161271, 2.3202271;
 0, 0, 0, 1]
Twc:
[0.88719827, 0.31596071, -0.33622614, 0.99209148;
 0.14855252, 0.49430826, 0.85649955, -1.7740587;
 0.43681955, -0.80983216, 0.39161271, -1.1929634;
 0, 0, 0, 1]
Ow:
[-0.095531225;
 -0.40263021;
 2.3202271]
Keyframe: 88 Frame: 553 Frame from vFrameID : 554
Tcw:
[0.93617481, 0.18855277, 0.29668942, -0.046160042;
 0.18288064, 0.4595525, -0.86911803, -0.36461163;
 -0.30021897, 0.86790514, 0.39573881, 2.3377261;
 0, 0, 0, 1]
Twc:
[0.93617481, 0.18288064, -0.30021897, 0.81172401;
 0.18855277, 0.4595525, 0.86790514, -1.8526628;
 0.29668942, -0.86911803, 0.39573881, -1.2283244;
 0, 0, 0, 1]
Ow:
[-0.046160042;
 -0.36461163;
 2.3377261]
Keyframe: 89 Frame: 562 Frame from vFrameID : 563
Tcw:
[0.95176643, 0.13752361, 0.27427697, -0.033739328;
 0.17622793, 0.48674527, -0.85558331, -0.38320339;
 -0.25116593, 0.86265075, 0.43903232, 2.3537655;
 0, 0, 0, 1]
Twc:
[0.95176643, 0.17622793, -0.25116593, 0.6908288;
 0.13752361, 0.48674527, 0.86265075, -1.8393152;
 0.27427697, -0.85558331, 0.43903232, -1.3519876;
 0, 0, 0, 1]
Ow:
[-0.033739328;
 -0.38320339;
 2.3537655]
Keyframe: 90 Frame: 571 Frame from vFrameID : 572
Tcw:
[0.94019389, 0.16091928, 0.30023396, -0.015720218;
 0.19818391, 0.45845079, -0.86634058, -0.38752347;
 -0.27705339, 0.87402964, 0.39914104, 2.3877492;
 0, 0, 0, 1]
Twc:
[0.94019389, 0.19818391, -0.27705339, 0.753115;
 0.16091928, 0.45845079, 0.87402964, -1.9067734;
 0.30023396, -0.86634058, 0.39914104, -1.2840562;
 0, 0, 0, 1]
Ow:
[-0.015720218;
 -0.38752347;
 2.3877492]
Keyframe: 91 Frame: 579 Frame from vFrameID : 580
Tcw:
[0.93286616, 0.16681249, 0.31927156, 0.011585265;
 0.20528151, 0.48213392, -0.85170794, -0.3933686;
 -0.29600716, 0.86007005, 0.4155229, 2.404037;
 0, 0, 0, 1]
Twc:
[0.93286616, 0.20528151, -0.29600716, 0.78155595;
 0.16681249, 0.48213392, 0.86007005, -1.8799164;
 0.31927156, -0.85170794, 0.4155229, -1.3376664;
 0, 0, 0, 1]
Ow:
[0.011585265;
 -0.3933686;
 2.404037]
Keyframe: 92 Frame: 588 Frame from vFrameID : 589
Tcw:
[0.95619899, 0.10986338, 0.27131817, -0.0099434555;
 0.18375987, 0.49619535, -0.84854138, -0.44489497;
 -0.22785044, 0.8612318, 0.45427302, 2.4484615;
 0, 0, 0, 1]
Twc:
[0.95619899, 0.18375987, -0.22785044, 0.64914477;
 0.10986338, 0.49619535, 0.8612318, -1.8868457;
 0.27131817, -0.84854138, 0.45427302, -1.4870839;
 0, 0, 0, 1]
Ow:
[-0.0099434555;
 -0.44489497;
 2.4484615]
Keyframe: 93 Frame: 596 Frame from vFrameID : 597
Tcw:
[0.95290655, 0.13082881, 0.27359265, -0.0043025017;
 0.18056856, 0.48004279, -0.85846019, -0.44582403;
 -0.2436475, 0.86743456, 0.43381232, 2.4762602;
 0, 0, 0, 1]
Twc:
[0.95290655, 0.18056856, -0.2436475, 0.68793631;
 0.13082881, 0.48004279, 0.86743456, -1.9334162;
 0.27359265, -0.85846019, 0.43381232, -1.4557773;
 0, 0, 0, 1]
Ow:
[-0.0043025017;
 -0.44582403;
 2.4762602]
Keyframe: 94 Frame: 605 Frame from vFrameID : 606
Tcw:
[0.93089283, 0.13269858, 0.34033754, -0.10971001;
 0.23533766, 0.49471176, -0.83658618, -0.42184436;
 -0.27938277, 0.85886633, 0.42929465, 2.5920527;
 0, 0, 0, 1]
Twc:
[0.93089283, 0.23533766, -0.27938277, 0.92557901;
 0.13269858, 0.49471176, 0.85886633, -2.0029771;
 0.34033754, -0.83658618, 0.42929465, -1.4283252;
 0, 0, 0, 1]
Ow:
[-0.10971001;
 -0.42184436;
 2.5920527]
Keyframe: 95 Frame: 614 Frame from vFrameID : 615
Tcw:
[0.95202631, 0.12659836, 0.27860135, -0.077713728;
 0.19531499, 0.44948661, -0.87167299, -0.44505584;
 -0.23557997, 0.88427067, 0.40319654, 2.6290374;
 0, 0, 0, 1]
Twc:
[0.95202631, 0.19531499, -0.23557997, 0.78026015;
 0.12659836, 0.44948661, 0.88427067, -2.1148958;
 0.27860135, -0.87167299, 0.40319654, -1.4263109;
 0, 0, 0, 1]
Ow:
[-0.077713728;
 -0.44505584;
 2.6290374]
Keyframe: 96 Frame: 623 Frame from vFrameID : 624
Tcw:
[0.95707297, 0.095212676, 0.27376252, -0.059852511;
 0.19825126, 0.47397405, -0.85793066, -0.46120358;
 -0.2114422, 0.87537599, 0.43475172, 2.6634798;
 0, 0, 0, 1]
Twc:
[0.95707297, 0.19825126, -0.2114422, 0.71188945;
 0.095212676, 0.47397405, 0.87537599, -2.107249;
 0.27376252, -0.85793066, 0.43475172, -1.5372478;
 0, 0, 0, 1]
Ow:
[-0.059852511;
 -0.46120358;
 2.6634798]
Keyframe: 97 Frame: 630 Frame from vFrameID : 631
Tcw:
[0.94251573, 0.099764198, 0.31892186, -0.061117172;
 0.24544567, 0.44096464, -0.86331141, -0.4778052;
 -0.22676083, 0.89196259, 0.39112943, 2.7021091;
 0, 0, 0, 1]
Twc:
[0.94251573, 0.24544567, -0.22676083, 0.78761166;
 0.099764198, 0.44096464, 0.89196259, -2.1933877;
 0.31892186, -0.86331141, 0.39112943, -1.4498775;
 0, 0, 0, 1]
Ow:
[-0.061117172;
 -0.4778052;
 2.7021091]
Keyframe: 98 Frame: 639 Frame from vFrameID : 640
Tcw:
[0.92773736, 0.13259715, 0.34888601, -0.086553991;
 0.24829443, 0.47865123, -0.84216559, -0.46096247;
 -0.27866349, 0.86793488, 0.41113949, 2.7547889;
 0, 0, 0, 1]
Twc:
[0.92773736, 0.24829443, -0.27866349, 0.96241283;
 0.13259715, 0.47865123, 0.86793488, -2.1588604;
 0.34888601, -0.84216559, 0.41113949, -1.4906117;
 0, 0, 0, 1]
Ow:
[-0.086553991;
 -0.46096247;
 2.7547889]
Keyframe: 99 Frame: 648 Frame from vFrameID : 649
Tcw:
[0.94748902, 0.098635614, 0.30419651, -0.068681687;
 0.22392234, 0.47448272, -0.85130781, -0.46516442;
 -0.22830525, 0.87472117, 0.42748046, 2.7915349;
 0, 0, 0, 1]
Twc:
[0.94748902, 0.22392234, -0.22830525, 0.80655789;
 0.098635614, 0.47448272, 0.87472117, -2.2143278;
 0.30419651, -0.85130781, 0.42748046, -1.5684319;
 0, 0, 0, 1]
Ow:
[-0.068681687;
 -0.46516442;
 2.7915349]
Keyframe: 100 Frame: 655 Frame from vFrameID : 656
Tcw:
[0.95095307, 0.082903095, 0.29801902, -0.077967793;
 0.22216512, 0.48733914, -0.84447807, -0.48498034;
 -0.21524617, 0.86926848, 0.44501847, 2.8137276;
 0, 0, 0, 1]
Twc:
[0.95095307, 0.22216512, -0.21524617, 0.78753358;
 0.082903095, 0.48733914, 0.86926848, -2.2030711;
 0.29801902, -0.84447807, 0.44501847, -1.6384802;
 0, 0, 0, 1]
Ow:
[-0.077967793;
 -0.48498034;
 2.8137276]
Keyframe: 101 Frame: 660 Frame from vFrameID : 661
Tcw:
[0.93980068, 0.12388673, 0.3184756, -0.093325496;
 0.22277886, 0.48457578, -0.84590536, -0.48257267;
 -0.25912201, 0.86593211, 0.42780533, 2.8421311;
 0, 0, 0, 1]
Twc:
[0.93980068, 0.22277886, -0.25912201, 0.93167305;
 0.12388673, 0.48457578, 0.86593211, -2.2156878;
 0.3184756, -0.84590536, 0.42780533, -1.5943677;
 0, 0, 0, 1]
Ow:
[-0.093325496;
 -0.48257267;
 2.8421311]
Keyframe: 102 Frame: 667 Frame from vFrameID : 668
Tcw:
[0.91419715, 0.1587811, 0.37287015, -0.10870689;
 0.24403608, 0.51887345, -0.81927818, -0.47923416;
 -0.32355833, 0.83997554, 0.43560433, 2.8520625;
 0, 0, 0, 1]
Twc:
[0.91419715, 0.24403608, -0.32355833, 1.1391385;
 0.1587811, 0.51887345, 0.83997554, -2.1297402;
 0.37287015, -0.81927818, 0.43560433, -1.5944632;
 0, 0, 0, 1]
Ow:
[-0.10870689;
 -0.47923416;
 2.8520625]
Keyframe: 103 Frame: 674 Frame from vFrameID : 675
Tcw:
[0.92345661, 0.13806516, 0.35800263, -0.147686;
 0.25335112, 0.48131862, -0.8391338, -0.47005391;
 -0.28816849, 0.86560404, 0.40949792, 2.9008942;
 0, 0, 0, 1]
Twc:
[0.92345661, 0.25335112, -0.28816849, 1.0914165;
 0.13806516, 0.48131862, 0.86560404, -2.2643895;
 0.35800263, -0.8391338, 0.40949792, -1.5294763;
 0, 0, 0, 1]
Ow:
[-0.147686;
 -0.47005391;
 2.9008942]
Keyframe: 104 Frame: 680 Frame from vFrameID : 681
Tcw:
[0.95950305, 0.08227618, 0.2694152, -0.10548618;
 0.20142949, 0.46819767, -0.86035872, -0.45094937;
 -0.19692661, 0.87978494, 0.43266425, 2.9129906;
 0, 0, 0, 1]
Twc:
[0.95950305, 0.20142949, -0.19692661, 0.76569414;
 0.08227618, 0.46819767, 0.87978494, -2.3429928;
 0.2694152, -0.86035872, 0.43266425, -1.6199055;
 0, 0, 0, 1]
Ow:
[-0.10548618;
 -0.45094937;
 2.9129906]
Keyframe: 105 Frame: 688 Frame from vFrameID : 689
Tcw:
[0.95997202, 0.045732338, 0.27633715, -0.1007874;
 0.2224092, 0.47524199, -0.85128093, -0.47443867;
 -0.17025809, 0.8786658, 0.44604772, 2.9252863;
 0, 0, 0, 1]
Twc:
[0.95997202, 0.2224092, -0.17025809, 0.70032626;
 0.045732338, 0.47524199, 0.8786658, -2.3402667;
 0.27633715, -0.85128093, 0.44604772, -1.6808466;
 0, 0, 0, 1]
Ow:
[-0.1007874;
 -0.47443867;
 2.9252863]
Keyframe: 106 Frame: 695 Frame from vFrameID : 696
Tcw:
[0.95266509, 0.076924339, 0.29412898, -0.093767524;
 0.22454284, 0.47420368, -0.85129982, -0.46751034;
 -0.20496272, 0.87704819, 0.43448448, 2.92852;
 0, 0, 0, 1]
Twc:
[0.95266509, 0.22454284, -0.20496272, 0.79454255;
 0.076924339, 0.47420368, 0.87704819, -2.339545;
 0.29412898, -0.85129982, 0.43448448, -1.6428082;
 0, 0, 0, 1]
Ow:
[-0.093767524;
 -0.46751034;
 2.92852]
Keyframe: 107 Frame: 702 Frame from vFrameID : 703
Tcw:
[0.92862648, 0.11110584, 0.35398921, -0.10047483;
 0.25725648, 0.49467692, -0.83012885, -0.48499501;
 -0.26734245, 0.86194563, 0.43078738, 2.9600785;
 0, 0, 0, 1]
Twc:
[0.92862648, 0.25725648, -0.26734245, 1.0094262;
 0.11110584, 0.49467692, 0.86194563, -2.3003476;
 0.35398921, -0.83012885, 0.43078738, -1.6422057;
 0, 0, 0, 1]
Ow:
[-0.10047483;
 -0.48499501;
 2.9600785]
Keyframe: 108 Frame: 710 Frame from vFrameID : 711
Tcw:
[0.94731593, 0.096139692, 0.30553174, -0.08189407;
 0.22763653, 0.46898046, -0.85336918, -0.47444111;
 -0.22533107, 0.87796038, 0.42238778, 2.9731219;
 0, 0, 0, 1]
Twc:
[0.94731593, 0.22763653, -0.22533107, 0.85551643;
 0.096139692, 0.46898046, 0.87796038, -2.3799064;
 0.30553174, -0.85336918, 0.42238778, -1.6356626;
 0, 0, 0, 1]
Ow:
[-0.08189407;
 -0.47444111;
 2.9731219]
Keyframe: 109 Frame: 717 Frame from vFrameID : 718
Tcw:
[0.95703435, 0.058436934, 0.2840254, -0.074576139;
 0.22113043, 0.48653919, -0.84521061, -0.48168731;
 -0.187581, 0.87170219, 0.45271251, 2.977422;
 0, 0, 0, 1]
Twc:
[0.95703435, 0.22113043, -0.187581, 0.73639548;
 0.058436934, 0.48653919, 0.87170219, -2.3567078;
 0.2840254, -0.84521061, 0.45271251, -1.733862;
 0, 0, 0, 1]
Ow:
[-0.074576139;
 -0.48168731;
 2.977422]
Keyframe: 110 Frame: 724 Frame from vFrameID : 725
Tcw:
[0.9526155, 0.054294359, 0.29929227, -0.065834582;
 0.23496172, 0.49353051, -0.83738917, -0.48394036;
 -0.19317538, 0.8680321, 0.45738772, 2.9921002;
 0, 0, 0, 1]
Twc:
[0.9526155, 0.23496172, -0.19317538, 0.75442255;
 0.054294359, 0.49353051, 0.8680321, -2.354825;
 0.29929227, -0.83738917, 0.45738772, -1.7540925;
 0, 0, 0, 1]
Ow:
[-0.065834582;
 -0.48394036;
 2.9921002]
Keyframe: 111 Frame: 732 Frame from vFrameID : 733
Tcw:
[0.91578078, 0.1187065, 0.38373727, -0.13947541;
 0.28208503, 0.4900575, -0.82478583, -0.48426878;
 -0.28596076, 0.86356956, 0.41529992, 3.0931258;
 0, 0, 0, 1]
Twc:
[0.91578078, 0.28208503, -0.28596076, 1.1488465;
 0.1187065, 0.4900575, 0.86356956, -2.4172533;
 0.38373727, -0.82478583, 0.41529992, -1.6304711;
 0, 0, 0, 1]
Ow:
[-0.13947541;
 -0.48426878;
 3.0931258]
Keyframe: 112 Frame: 739 Frame from vFrameID : 740
Tcw:
[0.92661846, 0.14601675, 0.34649289, -0.11072749;
 0.2434102, 0.46941504, -0.84876442, -0.47934425;
 -0.2865828, 0.87082064, 0.39942667, 3.1440573;
 0, 0, 0, 1]
Twc:
[0.92661846, 0.2434102, -0.2865828, 1.1203121;
 0.14601675, 0.46941504, 0.87082064, -2.4967306;
 0.34649289, -0.84876442, 0.39942667, -1.6243044;
 0, 0, 0, 1]
Ow:
[-0.11072749;
 -0.47934425;
 3.1440573]
Keyframe: 113 Frame: 744 Frame from vFrameID : 745
Tcw:
[0.94180202, 0.14023191, 0.30552241, -0.10584921;
 0.21218097, 0.45696107, -0.86380887, -0.49657297;
 -0.26074544, 0.87836301, 0.40061232, 3.1509557;
 0, 0, 0, 1]
Twc:
[0.94180202, 0.21218097, -0.26074544, 1.0266496;
 0.14023191, 0.45696107, 0.87836301, -2.5259249;
 0.30552241, -0.86380887, 0.40061232, -1.6589165;
 0, 0, 0, 1]
Ow:
[-0.10584921;
 -0.49657297;
 3.1509557]
Keyframe: 114 Frame: 748 Frame from vFrameID : 749
Tcw:
[0.95920855, 0.10998875, 0.26042539, -0.089110613;
 0.18408574, 0.45611998, -0.87067044, -0.50161731;
 -0.21454918, 0.88309515, 0.41726682, 3.1549072;
 0, 0, 0, 1]
Twc:
[0.95920855, 0.18408574, -0.21454918, 0.85469908;
 0.10998875, 0.45611998, 0.88309515, -2.5474846;
 0.26042539, -0.87067044, 0.41726682, -1.729975;
 0, 0, 0, 1]
Ow:
[-0.089110613;
 -0.50161731;
 3.1549072]
Keyframe: 115 Frame: 751 Frame from vFrameID : 752
Tcw:
[0.96024948, 0.093825549, 0.26290256, -0.089334309;
 0.19101152, 0.46593839, -0.86395371, -0.50754416;
 -0.20355731, 0.87982851, 0.4294953, 3.156183;
 0, 0, 0, 1]
Twc:
[0.96024948, 0.19101152, -0.20355731, 0.82519412;
 0.093825549, 0.46593839, 0.87982851, -2.5320337;
 0.26290256, -0.86395371, 0.4294953, -1.7705742;
 0, 0, 0, 1]
Ow:
[-0.089334309;
 -0.50754416;
 3.156183]
Keyframe: 116 Frame: 756 Frame from vFrameID : 757
Tcw:
[0.96317023, 0.072598219, 0.25890651, -0.082299739;
 0.19680142, 0.46578294, -0.86273718, -0.50886822;
 -0.18322742, 0.88191599, 0.43434083, 3.1624625;
 0, 0, 0, 1]
Twc:
[0.96317023, 0.19680142, -0.18322742, 0.75886446;
 0.072598219, 0.46578294, 0.88191599, -2.5460291;
 0.25890651, -0.86273718, 0.43434083, -1.7912982;
 0, 0, 0, 1]
Ow:
[-0.082299739;
 -0.50886822;
 3.1624625]
Keyframe: 117 Frame: 762 Frame from vFrameID : 763
Tcw:
[0.95479876, 0.087044619, 0.28422272, -0.083714038;
 0.21681166, 0.45018476, -0.8662138, -0.52295572;
 -0.20335199, 0.88868266, 0.41096357, 3.1860256;
 0, 0, 0, 1]
Twc:
[0.95479876, 0.21681166, -0.20335199, 0.84119767;
 0.087044619, 0.45018476, 0.88868266, -2.5886524;
 0.28422272, -0.8662138, 0.41096357, -1.7385386;
 0, 0, 0, 1]
Ow:
[-0.083714038;
 -0.52295572;
 3.1860256]
Keyframe: 118 Frame: 767 Frame from vFrameID : 768
Tcw:
[0.94245827, 0.10588948, 0.31711176, -0.079893827;
 0.23583873, 0.46172932, -0.85509419, -0.52297431;
 -0.23696528, 0.88067782, 0.41018778, 3.1844933;
 0, 0, 0, 1]
Twc:
[0.94245827, 0.23583873, -0.23696528, 0.9532485;
 0.10588948, 0.46172932, 0.88067782, -2.5545802;
 0.31711176, -0.85509419, 0.41018778, -1.7280972;
 0, 0, 0, 1]
Ow:
[-0.079893827;
 -0.52297431;
 3.1844933]
Keyframe: 119 Frame: 773 Frame from vFrameID : 774
Tcw:
[0.92797554, 0.12242496, 0.3519567, -0.076568782;
 0.25626361, 0.47604251, -0.8412565, -0.52847767;
 -0.27053714, 0.87085915, 0.41038275, 3.1937299;
 0, 0, 0, 1]
Twc:
[0.92797554, 0.25626361, -0.27053714, 1.0705062;
 0.12242496, 0.47604251, 0.87085915, -2.5203373;
 0.3519567, -0.8412565, 0.41038275, -1.7282881;
 0, 0, 0, 1]
Ow:
[-0.076568782;
 -0.52847767;
 3.1937299]
Keyframe: 120 Frame: 778 Frame from vFrameID : 779
Tcw:
[0.95109594, 0.11612258, 0.28623781, -0.064755023;
 0.20621549, 0.45122504, -0.86825752, -0.52829176;
 -0.22998197, 0.88482285, 0.40521204, 3.2045045;
 0, 0, 0, 1]
Twc:
[0.95109594, 0.20621549, -0.22998197, 0.90750843;
 0.11612258, 0.45122504, 0.88482285, -2.5895207;
 0.28623781, -0.86825752, 0.40521204, -1.7386616;
 0, 0, 0, 1]
Ow:
[-0.064755023;
 -0.52829176;
 3.2045045]
Keyframe: 121 Frame: 784 Frame from vFrameID : 785
Tcw:
[0.96926564, 0.061723024, 0.23814774, -0.047248483;
 0.18668602, 0.4459185, -0.8753885, -0.52019083;
 -0.16022611, 0.89294285, 0.42069066, 3.2183027;
 0, 0, 0, 1]
Twc:
[0.96926564, 0.18668602, -0.16022611, 0.65856481;
 0.061723024, 0.4459185, 0.89294285, -2.6388814;
 0.23814774, -0.8753885, 0.42069066, -1.7980269;
 0, 0, 0, 1]
Ow:
[-0.047248483;
 -0.52019083;
 3.2183027]
Keyframe: 122 Frame: 791 Frame from vFrameID : 792
Tcw:
[0.97267902, 0.035634048, 0.22940312, -0.03628397;
 0.18904543, 0.45197639, -0.87176782, -0.52301288;
 -0.13474941, 0.8913179, 0.43289149, 3.2427852;
 0, 0, 0, 1]
Twc:
[0.97267902, 0.18904543, -0.13474941, 0.57112926;
 0.035634048, 0.45197639, 0.8913179, -2.6526699;
 0.22940312, -0.87176782, 0.43289149, -1.8513962;
 0, 0, 0, 1]
Ow:
[-0.03628397;
 -0.52301288;
 3.2427852]
Keyframe: 123 Frame: 797 Frame from vFrameID : 798
Tcw:
[0.96000391, 0.066163391, 0.27205688, -0.032589555;
 0.21774289, 0.4344182, -0.8739959, -0.53002834;
 -0.17601299, 0.89827794, 0.40263656, 3.2538915;
 0, 0, 0, 1]
Twc:
[0.96000391, 0.21774289, -0.17601299, 0.71942312;
 0.066163391, 0.4344182, 0.89827794, -2.6904886;
 0.27205688, -0.8739959, 0.40263656, -1.7645121;
 0, 0, 0, 1]
Ow:
[-0.032589555;
 -0.53002834;
 3.2538915]
Keyframe: 124 Frame: 802 Frame from vFrameID : 803
Tcw:
[0.93938863, 0.10146621, 0.32749602, -0.025756121;
 0.25287127, 0.44000128, -0.86165828, -0.54188913;
 -0.23152786, 0.89224631, 0.3876743, 3.2631481;
 0, 0, 0, 1]
Twc:
[0.93938863, 0.25287127, -0.23152786, 0.91673291;
 0.10146621, 0.44000128, 0.89224631, -2.6704865;
 0.32749602, -0.86165828, 0.3876743, -1.7235268;
 0, 0, 0, 1]
Ow:
[-0.025756121;
 -0.54188913;
 3.2631481]
Keyframe: 125 Frame: 810 Frame from vFrameID : 811
Tcw:
[0.92361218, 0.1169175, 0.36506274, -0.12325937;
 0.28317881, 0.43377021, -0.85536724, -0.54406106;
 -0.25836074, 0.89340568, 0.36752689, 3.365443;
 0, 0, 0, 1]
Twc:
[0.92361218, 0.28317881, -0.25836074, 1.1374087;
 0.1169175, 0.43377021, 0.89340568, -2.7562971;
 0.36506274, -0.85536724, 0.36752689, -1.6572654;
 0, 0, 0, 1]
Ow:
[-0.12325937;
 -0.54406106;
 3.365443]
Keyframe: 126 Frame: 816 Frame from vFrameID : 817
Tcw:
[0.95056814, 0.082331657, 0.29940233, -0.094280005;
 0.24036142, 0.41534445, -0.87733424, -0.56013936;
 -0.19658747, 0.9059307, 0.37502384, 3.3872483;
 0, 0, 0, 1]
Twc:
[0.95056814, 0.24036142, -0.19658747, 0.89014602;
 0.082331657, 0.41534445, 0.9059307, -2.8281994;
 0.29940233, -0.87733424, 0.37502384, -1.7335007;
 0, 0, 0, 1]
Ow:
[-0.094280005;
 -0.56013936;
 3.3872483]
Keyframe: 127 Frame: 823 Frame from vFrameID : 824
Tcw:
[0.95554501, 0.054080959, 0.28984308, -0.097252548;
 0.23766057, 0.44052953, -0.86570847, -0.56629574;
 -0.17450279, 0.89610767, 0.40809289, 3.3885229;
 0, 0, 0, 1]
Twc:
[0.95554501, 0.23766057, -0.17450279, 0.81882203;
 0.054080959, 0.44052953, 0.89610767, -2.7817519;
 0.28984308, -0.86570847, 0.40809289, -1.8448911;
 0, 0, 0, 1]
Ow:
[-0.097252548;
 -0.56629574;
 3.3885229]
Keyframe: 128 Frame: 830 Frame from vFrameID : 831
Tcw:
[0.94999707, 0.06299264, 0.30583891, -0.082871616;
 0.24653743, 0.44978598, -0.85843569, -0.57346165;
 -0.19163719, 0.89091218, 0.41176534, 3.3957982;
 0, 0, 0, 1]
Twc:
[0.94999707, 0.24653743, -0.19163719, 0.87086886;
 0.06299264, 0.44978598, 0.89091218, -2.7622027;
 0.30583891, -0.85843569, 0.41176534, -1.8652066;
 0, 0, 0, 1]
Ow:
[-0.082871616;
 -0.57346165;
 3.3957982]
Keyframe: 129 Frame: 837 Frame from vFrameID : 838
Tcw:
[0.90714949, 0.14898117, 0.39355361, -0.15817857;
 0.27451938, 0.49930504, -0.82178682, -0.56455982;
 -0.31893405, 0.85352159, 0.41204607, 3.4255695;
 0, 0, 0, 1]
Twc:
[0.90714949, 0.27451938, -0.31893405, 1.391005;
 0.14898117, 0.49930504, 0.85352159, -2.6183443;
 0.39355361, -0.82178682, 0.41204607, -1.8131886;
 0, 0, 0, 1]
Ow:
[-0.15817857;
 -0.56455982;
 3.4255695]
Keyframe: 130 Frame: 844 Frame from vFrameID : 845
Tcw:
[0.91207552, 0.19472572, 0.36083263, -0.14553899;
 0.21834512, 0.51420861, -0.82940638, -0.55196285;
 -0.34704998, 0.83526725, 0.42647967, 3.4567573;
 0, 0, 0, 1]
Twc:
[0.91207552, 0.21834512, -0.34704998, 1.4529287;
 0.19472572, 0.51420861, 0.83526725, -2.5751522;
 0.36083263, -0.82940638, 0.42647967, -1.879523;
 0, 0, 0, 1]
Ow:
[-0.14553899;
 -0.55196285;
 3.4567573]
Keyframe: 131 Frame: 852 Frame from vFrameID : 853
Tcw:
[0.95353234, 0.16555355, 0.25173017, -0.115742;
 0.15056586, 0.46186078, -0.87407923, -0.54683411;
 -0.26097122, 0.87136483, 0.41547248, 3.4895477;
 0, 0, 0, 1]
Twc:
[0.95353234, 0.15056586, -0.26097122, 1.10337;
 0.16555355, 0.46186078, 0.87136483, -2.7689464;
 0.25173017, -0.87407923, 0.41547248, -1.8986517;
 0, 0, 0, 1]
Ow:
[-0.115742;
 -0.54683411;
 3.4895477]
Keyframe: 132 Frame: 860 Frame from vFrameID : 861
Tcw:
[0.95790654, 0.10980217, 0.26525182, -0.1091094;
 0.17915729, 0.49331346, -0.85120177, -0.56074393;
 -0.22431611, 0.86289358, 0.45287633, 3.4981089;
 0, 0, 0, 1]
Twc:
[0.95790654, 0.17915729, -0.22431611, 0.98966002;
 0.10980217, 0.49331346, 0.86289358, -2.7298925;
 0.26525182, -0.85120177, 0.45287633, -2.0325754;
 0, 0, 0, 1]
Ow:
[-0.1091094;
 -0.56074393;
 3.4981089]
Keyframe: 133 Frame: 868 Frame from vFrameID : 869
Tcw:
[0.93473393, 0.14901562, 0.32259387, -0.10066128;
 0.20090884, 0.52717704, -0.82566339, -0.57839572;
 -0.2931008, 0.83658755, 0.46283171, 3.4963999;
 0, 0, 0, 1]
Twc:
[0.93473393, 0.20090884, -0.2931008, 1.235094;
 0.14901562, 0.52717704, 0.83658755, -2.6051276;
 0.32259387, -0.82566339, 0.46283171, -2.0633321;
 0, 0, 0, 1]
Ow:
[-0.10066128;
 -0.57839572;
 3.4963999]
Keyframe: 134 Frame: 876 Frame from vFrameID : 877
Tcw:
[0.91884577, 0.17544781, 0.35346922, -0.091231108;
 0.20881356, 0.54387611, -0.81277037, -0.58412421;
 -0.33484223, 0.82061982, 0.46310237, 3.5058565;
 0, 0, 0, 1]
Twc:
[0.91884577, 0.20881356, -0.33484223, 1.3797092;
 0.17544781, 0.54387611, 0.82061982, -2.5432777;
 0.35346922, -0.81277037, 0.46310237, -2.066082;
 0, 0, 0, 1]
Ow:
[-0.091231108;
 -0.58412421;
 3.5058565]
Keyframe: 135 Frame: 885 Frame from vFrameID : 886
Tcw:
[0.95521146, 0.080571957, 0.28474411, -0.099945366;
 0.21902834, 0.45453995, -0.86337709, -0.54984593;
 -0.19899157, 0.88707471, 0.41653425, 3.5725818;
 0, 0, 0, 1]
Twc:
[0.95521146, 0.21902834, -0.19899157, 0.92681444;
 0.080571957, 0.45453995, 0.88707471, -2.9111674;
 0.28474411, -0.86337709, 0.41653425, -1.9343683;
 0, 0, 0, 1]
Ow:
[-0.099945366;
 -0.54984593;
 3.5725818]
Keyframe: 136 Frame: 892 Frame from vFrameID : 893
Tcw:
[0.97042441, 0.075331047, 0.22935046, -0.075738847;
 0.16680624, 0.47753134, -0.8626352, -0.56712794;
 -0.17450525, 0.87537938, 0.45084241, 3.5713682;
 0, 0, 0, 1]
Twc:
[0.97042441, 0.16680624, -0.17450525, 0.79132181;
 0.075331047, 0.47753134, 0.87537938, -2.8497751;
 0.22935046, -0.8626352, 0.45084241, -2.0819778;
 0, 0, 0, 1]
Ow:
[-0.075738847;
 -0.56712794;
 3.5713682]
Keyframe: 137 Frame: 899 Frame from vFrameID : 900
Tcw:
[0.95434296, 0.088000238, 0.28545666, -0.076354325;
 0.20769328, 0.49135, -0.8458361, -0.57223916;
 -0.21469291, 0.86650515, 0.45063937, 3.5751657;
 0, 0, 0, 1]
Twc:
[0.95434296, 0.20769328, -0.21469291, 0.95928109;
 0.088000238, 0.49135, 0.86650515, -2.8100107;
 0.28545666, -0.8458361, 0.45063937, -2.0733349;
 0, 0, 0, 1]
Ow:
[-0.076354325;
 -0.57223916;
 3.5751657]
Keyframe: 138 Frame: 907 Frame from vFrameID : 908
Tcw:
[0.92633426, 0.14807583, 0.34637889, -0.12769127;
 0.23406088, 0.49421939, -0.83723515, -0.57357621;
 -0.29516146, 0.85663337, 0.42315361, 3.6345758;
 0, 0, 0, 1]
Twc:
[0.92633426, 0.23406088, -0.29516146, 1.3253232;
 0.14807583, 0.49421939, 0.85663337, -2.8111186;
 0.34637889, -0.83723515, 0.42315361, -1.9739726;
 0, 0, 0, 1]
Ow:
[-0.12769127;
 -0.57357621;
 3.6345758]
Keyframe: 139 Frame: 915 Frame from vFrameID : 916
Tcw:
[0.94331187, 0.10938759, 0.31336409, -0.14583611;
 0.23213115, 0.45738137, -0.85843891, -0.58906519;
 -0.23722947, 0.88251722, 0.40606102, 3.6871057;
 0, 0, 0, 1]
Twc:
[0.94331187, 0.23213115, -0.23722947, 1.1489995;
 0.10938759, 0.45738137, 0.88251722, -2.968554;
 0.31336409, -0.85843891, 0.40606102, -1.9571666;
 0, 0, 0, 1]
Ow:
[-0.14583611;
 -0.58906519;
 3.6871057]
Keyframe: 140 Frame: 923 Frame from vFrameID : 924
Tcw:
[0.96225268, 0.063934192, 0.2645416, -0.14443445;
 0.20618117, 0.46322644, -0.86192262, -0.60094106;
 -0.17764899, 0.8839308, 0.43255886, 3.703675;
 0, 0, 0, 1]
Twc:
[0.96225268, 0.20618117, -0.17764899, 0.92083925;
 0.063934192, 0.46322644, 0.8839308, -2.9861865;
 0.2645416, -0.86192262, 0.43255886, -2.0818131;
 0, 0, 0, 1]
Ow:
[-0.14443445;
 -0.60094106;
 3.703675]
Keyframe: 141 Frame: 930 Frame from vFrameID : 931
Tcw:
[0.95270604, 0.072273985, 0.29517391, -0.14150256;
 0.22812638, 0.47162271, -0.85178071, -0.5956316;
 -0.2007723, 0.87883359, 0.43283018, 3.7085037;
 0, 0, 0, 1]
Twc:
[0.95270604, 0.22812638, -0.2007723, 1.0152545;
 0.072273985, 0.47162271, 0.87883359, -2.9680176;
 0.29517391, -0.85178071, 0.43283018, -2.0707321;
 0, 0, 0, 1]
Ow:
[-0.14150256;
 -0.5956316;
 3.7085037]
Keyframe: 142 Frame: 938 Frame from vFrameID : 939
Tcw:
[0.91183156, 0.1314481, 0.38895321, -0.15247327;
 0.27516225, 0.50745279, -0.81656438, -0.6187408;
 -0.30471122, 0.85159439, 0.42654192, 3.7295959;
 0, 0, 0, 1]
Twc:
[0.91183156, 0.27516225, -0.30471122, 1.4457339;
 0.1314481, 0.50745279, 0.85159439, -2.8420792;
 0.38895321, -0.81656438, 0.42654192, -2.0367658;
 0, 0, 0, 1]
Ow:
[-0.15247327;
 -0.6187408;
 3.7295959]
Keyframe: 143 Frame: 947 Frame from vFrameID : 948
Tcw:
[0.92544967, 0.11610994, 0.3606402, -0.14935297;
 0.27515626, 0.44837153, -0.85044223, -0.60659099;
 -0.26044559, 0.88627392, 0.38299692, 3.7732975;
 0, 0, 0, 1]
Twc:
[0.92544967, 0.27515626, -0.26044559, 1.2878647;
 0.11610994, 0.44837153, 0.88627392, -3.0548558;
 0.3606402, -0.85044223, 0.38299692, -1.9071692;
 0, 0, 0, 1]
Ow:
[-0.14935297;
 -0.60659099;
 3.7732975]
Keyframe: 144 Frame: 956 Frame from vFrameID : 957
Tcw:
[0.95190859, 0.07394176, 0.29732585, -0.13189542;
 0.22862752, 0.47459576, -0.84999311, -0.62189698;
 -0.20395957, 0.87709266, 0.43486664, 3.7855024;
 0, 0, 0, 1]
Twc:
[0.95190859, 0.22862752, -0.20395957, 1.0398246;
 0.07394176, 0.47459576, 0.87709266, -3.0153339;
 0.29732585, -0.84999311, 0.43486664, -2.135581;
 0, 0, 0, 1]
Ow:
[-0.13189542;
 -0.62189698;
 3.7855024]
Keyframe: 145 Frame: 965 Frame from vFrameID : 966
Tcw:
[0.93489945, 0.089150064, 0.34353358, -0.14218903;
 0.26953292, 0.45138231, -0.85065037, -0.62770593;
 -0.23090051, 0.88786614, 0.3979682, 3.8205299;
 0, 0, 0, 1]
Twc:
[0.93489945, 0.26953292, -0.23090051, 1.1842821;
 0.089150064, 0.45138231, 0.88786614, -3.0961075;
 0.34353358, -0.85065037, 0.3979682, -2.0055609;
 0, 0, 0, 1]
Ow:
[-0.14218903;
 -0.62770593;
 3.8205299]
Keyframe: 146 Frame: 974 Frame from vFrameID : 975
Tcw:
[0.89518845, 0.17013286, 0.41193739, -0.17999721;
 0.28052256, 0.50314009, -0.8174088, -0.61996222;
 -0.34633031, 0.84729266, 0.40267912, 3.8617249;
 0, 0, 0, 1]
Twc:
[0.89518845, 0.28052256, -0.34633031, 1.6724771;
 0.17013286, 0.50314009, 0.84729266, -2.9294598;
 0.41193739, -0.8174088, 0.40267912, -1.9876509;
 0, 0, 0, 1]
Ow:
[-0.17999721;
 -0.61996222;
 3.8617249]
Keyframe: 147 Frame: 983 Frame from vFrameID : 984
Tcw:
[0.93252575, 0.10210361, 0.34636772, -0.15307957;
 0.26379222, 0.46240759, -0.8465181, -0.66244483;
 -0.24659561, 0.88076901, 0.40427285, 3.8866899;
 0, 0, 0, 1]
Twc:
[0.93252575, 0.26379222, -0.24659561, 1.2759391;
 0.10210361, 0.46240759, 0.88076901, -3.1013265;
 0.34636772, -0.8465181, 0.40427285, -2.0790329;
 0, 0, 0, 1]
Ow:
[-0.15307957;
 -0.66244483;
 3.8866899]
Keyframe: 148 Frame: 992 Frame from vFrameID : 993
Tcw:
[0.95160544, 0.083939679, 0.29563704, -0.14317393;
 0.22273171, 0.47444171, -0.85164291, -0.66074026;
 -0.21174917, 0.87627578, 0.43278527, 3.9056561;
 0, 0, 0, 1]
Twc:
[0.95160544, 0.22273171, -0.21174917, 1.1104323;
 0.083939679, 0.47444171, 0.87627578, -3.096931;
 0.29563704, -0.85164291, 0.43278527, -2.2106977;
 0, 0, 0, 1]
Ow:
[-0.14317393;
 -0.66074026;
 3.9056561]
Keyframe: 149 Frame: 1001 Frame from vFrameID : 1002
Tcw:
[0.92609942, 0.12781051, 0.35497096, -0.15819418;
 0.25071499, 0.49458635, -0.83218169, -0.64832747;
 -0.28192535, 0.85967946, 0.4259921, 3.9246607;
 0, 0, 0, 1]
Twc:
[0.92609942, 0.25071499, -0.28192535, 1.4155103;
 0.12781051, 0.49458635, 0.85967946, -3.0330777;
 0.35497096, -0.83218169, 0.4259921, -2.1552465;
 0, 0, 0, 1]
Ow:
[-0.15819418;
 -0.64832747;
 3.9246607]
Keyframe: 150 Frame: 1008 Frame from vFrameID : 1009
Tcw:
[0.89965582, 0.14903991, 0.41037363, -0.15307069;
 0.27959543, 0.52523983, -0.80370986, -0.67097354;
 -0.33532941, 0.83780086, 0.43086416, 3.9457054;
 0, 0, 0, 1]
Twc:
[0.89965582, 0.27959543, -0.33532941, 1.6484232;
 0.14903991, 0.52523983, 0.83780086, -2.9304798;
 0.41037363, -0.80370986, 0.43086416, -2.1765151;
 0, 0, 0, 1]
Ow:
[-0.15307069;
 -0.67097354;
 3.9457054]
Keyframe: 151 Frame: 1015 Frame from vFrameID : 1016
Tcw:
[0.93328089, 0.12182403, 0.3378545, -0.14084059;
 0.23866135, 0.49259588, -0.83689308, -0.67315054;
 -0.26837942, 0.86168915, 0.43065566, 3.9522431;
 0, 0, 0, 1]
Twc:
[0.93328089, 0.23866135, -0.26837942, 1.3527997;
 0.12182403, 0.49259588, 0.86168915, -3.0568562;
 0.3378545, -0.83689308, 0.43065566, -2.2178273;
 0, 0, 0, 1]
Ow:
[-0.14084059;
 -0.67315054;
 3.9522431]
Keyframe: 152 Frame: 1023 Frame from vFrameID : 1024
Tcw:
[0.94244397, 0.13291672, 0.30681023, -0.14817256;
 0.20575793, 0.49273837, -0.84550136, -0.65243733;
 -0.26355845, 0.85996634, 0.43702963, 3.9774873;
 0, 0, 0, 1]
Twc:
[0.94244397, 0.20575793, -0.26355845, 1.3221889;
 0.13291672, 0.49273837, 0.85996634, -3.0793295;
 0.30681023, -0.84550136, 0.43702963, -2.2444556;
 0, 0, 0, 1]
Ow:
[-0.14817256;
 -0.65243733;
 3.9774873]
Keyframe: 153 Frame: 1029 Frame from vFrameID : 1030
Tcw:
[0.93467385, 0.12748605, 0.3318615, -0.14224851;
 0.23318195, 0.48478219, -0.8429783, -0.64364743;
 -0.26834852, 0.86529392, 0.4233858, 3.9813206;
 0, 0, 0, 1]
Twc:
[0.93467385, 0.23318195, -0.26834852, 1.3514243;
 0.12748605, 0.48478219, 0.86529392, -3.1148489;
 0.3318615, -0.8429783, 0.4233858, -2.1810086;
 0, 0, 0, 1]
Ow:
[-0.14224851;
 -0.64364743;
 3.9813206]
Keyframe: 154 Frame: 1036 Frame from vFrameID : 1037
Tcw:
[0.90580344, 0.14189313, 0.39923236, -0.14028174;
 0.2726056, 0.52615744, -0.80550885, -0.67984283;
 -0.32435527, 0.83846569, 0.43791434, 4.0132017;
 0, 0, 0, 1]
Twc:
[0.90580344, 0.2726056, -0.32435527, 1.6140997;
 0.14189313, 0.52615744, 0.83846569, -2.9873226;
 0.39923236, -0.80550885, 0.43791434, -2.2490532;
 0, 0, 0, 1]
Ow:
[-0.14028174;
 -0.67984283;
 4.0132017]
Keyframe: 155 Frame: 1042 Frame from vFrameID : 1043
Tcw:
[0.90493983, 0.14859541, 0.39875212, -0.18117553;
 0.26752281, 0.53006226, -0.80465245, -0.64333272;
 -0.3309311, 0.83483738, 0.43992177, 4.0436912;
 0, 0, 0, 1]
Twc:
[0.90493983, 0.26752281, -0.3309311, 1.6742424;
 0.14859541, 0.53006226, 0.83483738, -3.0078962;
 0.39875212, -0.80465245, 0.43992177, -2.224323;
 0, 0, 0, 1]
Ow:
[-0.18117553;
 -0.64333272;
 4.0436912]
Keyframe: 156 Frame: 1049 Frame from vFrameID : 1050
Tcw:
[0.95077318, 0.10573363, 0.29129156, -0.18670613;
 0.20956592, 0.47307029, -0.85573745, -0.5627197;
 -0.22828162, 0.87465703, 0.42762437, 4.0666857;
 0, 0, 0, 1]
Twc:
[0.95077318, 0.20956592, -0.22828162, 1.2237916;
 0.10573363, 0.47307029, 0.87465703, -3.271008;
 0.29129156, -0.85573745, 0.42762437, -2.1661685;
 0, 0, 0, 1]
Ow:
[-0.18670613;
 -0.5627197;
 4.0666857]
Keyframe: 157 Frame: 1054 Frame from vFrameID : 1055
Tcw:
[0.95503002, 0.10902775, 0.27573642, -0.17093194;
 0.19050519, 0.48698288, -0.85238224, -0.59055197;
 -0.22721224, 0.86657983, 0.44431293, 4.0718913;
 0, 0, 0, 1]
Twc:
[0.95503002, 0.19050519, -0.22721224, 1.2009319;
 0.10902775, 0.48698288, 0.86657983, -3.222394;
 0.27573642, -0.85238224, 0.44431293, -2.2654378;
 0, 0, 0, 1]
Ow:
[-0.17093194;
 -0.59055197;
 4.0718913]
Keyframe: 158 Frame: 1059 Frame from vFrameID : 1060
Tcw:
[0.94814444, 0.12605433, 0.29177463, -0.16760188;
 0.19423485, 0.49683753, -0.84582818, -0.59613597;
 -0.25158489, 0.85864007, 0.44658959, 4.0742927;
 0, 0, 0, 1]
Twc:
[0.94814444, 0.19423485, -0.25158489, 1.2997316;
 0.12605433, 0.49683753, 0.85864007, -3.1810412;
 0.29177463, -0.84582818, 0.44658959, -2.2748632;
 0, 0, 0, 1]
Ow:
[-0.16760188;
 -0.59613597;
 4.0742927]
Keyframe: 159 Frame: 1065 Frame from vFrameID : 1066
Tcw:
[0.93443972, 0.16102692, 0.31763622, -0.16711879;
 0.19596994, 0.51222938, -0.83619189, -0.59767818;
 -0.29735202, 0.84361804, 0.44709104, 4.0789413;
 0, 0, 0, 1]
Twc:
[0.93443972, 0.19596994, -0.29735202, 1.4861709;
 0.16102692, 0.51222938, 0.84361804, -3.1080098;
 0.31763622, -0.83619189, 0.44709104, -2.2703488;
 0, 0, 0, 1]
Ow:
[-0.16711879;
 -0.59767818;
 4.0789413]
Keyframe: 160 Frame: 1071 Frame from vFrameID : 1072
Tcw:
[0.91180974, 0.18135609, 0.36839238, -0.15562946;
 0.22753464, 0.5236733, -0.82097155, -0.61864972;
 -0.34180546, 0.83239186, 0.43622565, 4.0920653;
 0, 0, 0, 1]
Twc:
[0.91180974, 0.22753464, -0.34180546, 1.6813588;
 0.18135609, 0.5236733, 0.83239186, -3.0540073;
 0.36839238, -0.82097155, 0.43622565, -2.2356248;
 0, 0, 0, 1]
Ow:
[-0.15562946;
 -0.61864972;
 4.0920653]
Keyframe: 161 Frame: 1077 Frame from vFrameID : 1078
Tcw:
[0.92136127, 0.18418263, 0.34230137, -0.1504277;
 0.20869006, 0.50854909, -0.83535999, -0.64284647;
 -0.32793584, 0.8411032, 0.43012035, 4.1154761;
 0, 0, 0, 1]
Twc:
[0.92136127, 0.20869006, -0.32793584, 1.622366;
 0.18418263, 0.50854909, 0.8411032, -3.106915;
 0.34230137, -0.83535999, 0.43012035, -2.2556665;
 0, 0, 0, 1]
Ow:
[-0.1504277;
 -0.64284647;
 4.1154761]
Keyframe: 162 Frame: 1082 Frame from vFrameID : 1083
Tcw:
[0.94074285, 0.16777304, 0.29471198, -0.1470623;
 0.17116997, 0.51530486, -0.83973908, -0.64397025;
 -0.29275209, 0.84042436, 0.45605162, 4.1193657;
 0, 0, 0, 1]
Twc:
[0.94074285, 0.17116997, -0.29275209, 1.454529;
 0.16777304, 0.51530486, 0.84042436, -3.1055009;
 0.29471198, -0.83973908, 0.45605162, -2.3760693;
 0, 0, 0, 1]
Ow:
[-0.1470623;
 -0.64397025;
 4.1193657]
Keyframe: 163 Frame: 1087 Frame from vFrameID : 1088
Tcw:
[0.93997186, 0.14780311, 0.3075828, -0.15722108;
 0.19519648, 0.50645018, -0.83988482, -0.67349529;
 -0.27991295, 0.84950715, 0.44719827, 4.1525722;
 0, 0, 0, 1]
Twc:
[0.93997186, 0.19519648, -0.27991295, 1.441606;
 0.14780311, 0.50645018, 0.84950715, -3.1633103;
 0.3075828, -0.83988482, 0.44719827, -2.3743231;
 0, 0, 0, 1]
Ow:
[-0.15722108;
 -0.67349529;
 4.1525722]
Keyframe: 164 Frame: 1092 Frame from vFrameID : 1093
Tcw:
[0.93795711, 0.14185272, 0.31640843, -0.15487713;
 0.19914559, 0.52662551, -0.82644212, -0.67986369;
 -0.28386182, 0.83817863, 0.46570277, 4.1628408;
 0, 0, 0, 1]
Twc:
[0.93795711, 0.19914559, -0.28386182, 1.4623315;
 0.14185272, 0.52662551, 0.83817863, -3.1092007;
 0.31640843, -0.82644212, 0.46570277, -2.4515102;
 0, 0, 0, 1]
Ow:
[-0.15487713;
 -0.67986369;
 4.1628408]
Keyframe: 165 Frame: 1097 Frame from vFrameID : 1098
Tcw:
[0.92479843, 0.14513452, 0.35168719, -0.15090209;
 0.22756585, 0.52977729, -0.81703722, -0.68628323;
 -0.30489621, 0.83562672, 0.45690954, 4.1641607;
 0, 0, 0, 1]
Twc:
[0.92479843, 0.22756585, -0.30489621, 1.5653654;
 0.14513452, 0.52977729, 0.83562672, -3.0942056;
 0.35168719, -0.81703722, 0.45690954, -2.4102933;
 0, 0, 0, 1]
Ow:
[-0.15090209;
 -0.68628323;
 4.1641607]
Keyframe: 166 Frame: 1103 Frame from vFrameID : 1104
Tcw:
[0.90714639, 0.16036169, 0.38906237, -0.17381155;
 0.25409433, 0.52824485, -0.81018114, -0.68775332;
 -0.33544222, 0.83381146, 0.4384484, 4.2016373;
 0, 0, 0, 1]
Twc:
[0.90714639, 0.25409433, -0.33544222, 1.7418333;
 0.16036169, 0.52824485, 0.83381146, -3.1121984;
 0.38906237, -0.81018114, 0.4384484, -2.3317823;
 0, 0, 0, 1]
Ow:
[-0.17381155;
 -0.68775332;
 4.2016373]
Keyframe: 167 Frame: 1109 Frame from vFrameID : 1110
Tcw:
[0.9037829, 0.15532535, 0.3988114, -0.18740982;
 0.26289955, 0.53382343, -0.80368924, -0.67802203;
 -0.33772817, 0.83120793, 0.44162551, 4.2046719;
 0, 0, 0, 1]
Twc:
[0.9037829, 0.26289955, -0.33772817, 1.7676657;
 0.15532535, 0.53382343, 0.83120793, -3.1039031;
 0.3988114, -0.80368924, 0.44162551, -2.3270681;
 0, 0, 0, 1]
Ow:
[-0.18740982;
 -0.67802203;
 4.2046719]
Keyframe: 168 Frame: 1116 Frame from vFrameID : 1117
Tcw:
[0.93567443, 0.098395564, 0.3388682, -0.18980843;
 0.24674048, 0.50407988, -0.82766092, -0.67292511;
 -0.25225481, 0.85803366, 0.44737649, 4.2381816;
 0, 0, 0, 1]
Twc:
[0.93567443, 0.24674048, -0.25225481, 1.4127384;
 0.098395564, 0.50407988, 0.85803366, -3.2786183;
 0.3388682, -0.82766092, 0.44737649, -2.3886967;
 0, 0, 0, 1]
Ow:
[-0.18980843;
 -0.67292511;
 4.2381816]
Keyframe: 169 Frame: 1123 Frame from vFrameID : 1124
Tcw:
[0.94734251, 0.06740129, 0.31304821, -0.18310308;
 0.23526581, 0.51670069, -0.82320738, -0.6807245;
 -0.21723747, 0.85350889, 0.47363532, 4.2453027;
 0, 0, 0, 1]
Twc:
[0.94734251, 0.23526581, -0.21723747, 1.2558514;
 0.06740129, 0.51670069, 0.85350889, -3.2593317;
 0.31304821, -0.82320738, 0.47363532, -2.5137827;
 0, 0, 0, 1]
Ow:
[-0.18310308;
 -0.6807245;
 4.2453027]
Keyframe: 170 Frame: 1129 Frame from vFrameID : 1130
Tcw:
[0.94622344, 0.078363419, 0.31387958, -0.18027914;
 0.23470628, 0.50145406, -0.83274055, -0.6909256;
 -0.22265258, 0.86162812, 0.45609522, 4.2618246;
 0, 0, 0, 1]
Twc:
[0.94622344, 0.23470628, -0.22265258, 1.2816551;
 0.078363419, 0.50145406, 0.86162812, -3.3115129;
 0.31387958, -0.83274055, 0.45609522, -2.4625733;
 0, 0, 0, 1]
Ow:
[-0.18027914;
 -0.6909256;
 4.2618246]
Keyframe: 171 Frame: 1135 Frame from vFrameID : 1136
Tcw:
[0.93781543, 0.125723, 0.32356751, -0.17566198;
 0.21775211, 0.5128594, -0.83039707, -0.69368291;
 -0.27034464, 0.8492167, 0.45359102, 4.2633071;
 0, 0, 0, 1]
Twc:
[0.93781543, 0.21775211, -0.27034464, 1.4683516;
 0.125723, 0.5128594, 0.8492167, -3.2426248;
 0.32356751, -0.83039707, 0.45359102, -2.4529912;
 0, 0, 0, 1]
Ow:
[-0.17566198;
 -0.69368291;
 4.2633071]
Keyframe: 172 Frame: 1142 Frame from vFrameID : 1143
Tcw:
[0.92577553, 0.12449408, 0.35698864, -0.17283762;
 0.23797792, 0.54182303, -0.80609822, -0.70130622;
 -0.2937791, 0.8312214, 0.47197968, 4.2699456;
 0, 0, 0, 1]
Twc:
[0.92577553, 0.23797792, -0.2937791, 1.5813251;
 0.12449408, 0.54182303, 0.8312214, -3.147769;
 0.35698864, -0.80609822, 0.47197968, -2.5189481;
 0, 0, 0, 1]
Ow:
[-0.17283762;
 -0.70130622;
 4.2699456]
Keyframe: 173 Frame: 1151 Frame from vFrameID : 1152
Tcw:
[0.94669873, 0.1092304, 0.30303499, -0.16919762;
 0.2040581, 0.52454793, -0.82656503, -0.70450783;
 -0.24924241, 0.84434479, 0.47429955, 4.2763891;
 0, 0, 0, 1]
Twc:
[0.94669873, 0.2040581, -0.24924241, 1.3697973;
 0.1092304, 0.52454793, 0.84434479, -3.2227175;
 0.30303499, -0.82656503, 0.47429955, -2.5593381;
 0, 0, 0, 1]
Ow:
[-0.16919762;
 -0.70450783;
 4.2763891]
Keyframe: 174 Frame: 1159 Frame from vFrameID : 1160
Tcw:
[0.95260912, 0.055750243, 0.29904485, -0.16805089;
 0.22995463, 0.51157808, -0.82789415, -0.72125494;
 -0.19914009, 0.85742623, 0.47451392, 4.3146696;
 0, 0, 0, 1]
Twc:
[0.95260912, 0.22995463, -0.19914009, 1.1851664;
 0.055750243, 0.51157808, 0.85742623, -3.3211639;
 0.29904485, -0.82789415, 0.47451392, -2.5942388;
 0, 0, 0, 1]
Ow:
[-0.16805089;
 -0.72125494;
 4.3146696]
Keyframe: 175 Frame: 1167 Frame from vFrameID : 1168
Tcw:
[0.94361848, 0.09087044, 0.31831867, -0.16473025;
 0.23054719, 0.50964761, -0.82891935, -0.7193507;
 -0.23755461, 0.85557109, 0.45996299, 4.3190012;
 0, 0, 0, 1]
Twc:
[0.94361848, 0.23054719, -0.23755461, 1.3472853;
 0.09087044, 0.50964761, 0.85557109, -3.3136277;
 0.31831867, -0.82891935, 0.45996299, -2.5304275;
 0, 0, 0, 1]
Ow:
[-0.16473025;
 -0.7193507;
 4.3190012]
Keyframe: 176 Frame: 1177 Frame from vFrameID : 1178
Tcw:
[0.90330374, 0.13832362, 0.40608975, -0.19167095;
 0.28405508, 0.51651764, -0.80778849, -0.70722282;
 -0.32148877, 0.84503025, 0.42728081, 4.3240056;
 0, 0, 0, 1]
Twc:
[0.90330374, 0.28405508, -0.32148877, 1.7641464;
 0.13832362, 0.51651764, 0.84503025, -3.2621095;
 0.40608975, -0.80778849, 0.42728081, -2.3410153;
 0, 0, 0, 1]
Ow:
[-0.19167095;
 -0.70722282;
 4.3240056]
Keyframe: 177 Frame: 1185 Frame from vFrameID : 1186
Tcw:
[0.91251439, 0.14851153, 0.38113227, -0.17089945;
 0.26020941, 0.50816673, -0.82101011, -0.71963155;
 -0.31560823, 0.84835774, 0.42506537, 4.3225889;
 0, 0, 0, 1]
Twc:
[0.91251439, 0.26020941, -0.31560823, 1.7074478;
 0.14851153, 0.50816673, 0.84835774, -3.2760286;
 0.38113227, -0.82101011, 0.42506537, -2.3630724;
 0, 0, 0, 1]
Ow:
[-0.17089945;
 -0.71963155;
 4.3225889]
