Keyframe: 0 Frame: 0 Frame from vFrameID : 43
Tcw:
[0.99973553, -0.016605107, -0.015911384, 0.052485231;
 -0.0090244235, 0.35312071, -0.93553424, 0.0081993043;
 0.021153284, 0.93543041, 0.35287747, -0.10796199;
 0, 0, 0, 1]
Twc:
[0.99973553, -0.0090244235, 0.021153284, -0.050113603;
 -0.016605107, 0.35312071, 0.93543041, 0.098967105;
 -0.015911384, -0.93553424, 0.35287747, 0.046603195;
 0, 0, 0, 1]
Ow:
[0.052485231;
 0.0081993043;
 -0.10796199]
Keyframe: 1 Frame: 42 Frame from vFrameID : 43
Tcw:
[0.99976236, -0.015538405, -0.015291386, 0.052508354;
 -0.0088790664, 0.35038388, -0.93656409, 0.0082619973;
 0.019910567, 0.9364773, 0.35016263, -0.10798661;
 0, 0, 0, 1]
Twc:
[0.99976236, -0.0088790664, 0.019910567, -0.050272442;
 -0.015538405, 0.35038388, 0.9364773, 0.099048041;
 -0.015291386, -0.93656409, 0.35016263, 0.046353698;
 0, 0, 0, 1]
Ow:
[0.052508354;
 0.0082619973;
 -0.10798661]
Keyframe: 2 Frame: 45 Frame from vFrameID : 46
Tcw:
[0.99979752, -0.012924635, -0.015423182, 0.0531509;
 -0.009808775, 0.35621244, -0.93435353, 0.0089925788;
 0.017570108, 0.93431562, 0.35601354, -0.10802285;
 0, 0, 0, 1]
Twc:
[0.99979752, -0.009808775, 0.017570108, -0.051153954;
 -0.012924635, 0.35621244, 0.93431562, 0.09841112;
 -0.015423182, -0.93435353, 0.35601354, 0.047679599;
 0, 0, 0, 1]
Ow:
[0.0531509;
 0.0089925788;
 -0.10802285]
Keyframe: 3 Frame: 47 Frame from vFrameID : 48
Tcw:
[0.99973446, -0.015899697, -0.016677897, 0.053212192;
 -0.0098766945, 0.35824567, -0.93357509, 0.0090645887;
 0.020818345, 0.93349195, 0.35799351, -0.1080232;
 0, 0, 0, 1]
Twc:
[0.99973446, -0.0098766945, 0.020818345, -0.050859671;
 -0.015899697, 0.35824567, 0.93349195, 0.098437503;
 -0.016677897, -0.93357509, 0.35799351, 0.048021551;
 0, 0, 0, 1]
Ow:
[0.053212192;
 0.0090645887;
 -0.1080232]
Keyframe: 4 Frame: 48 Frame from vFrameID : 49
Tcw:
[0.99967778, -0.020840246, -0.014493107, 0.052789252;
 -0.0060103829, 0.3603844, -0.9327845, 0.0093968846;
 0.024662549, 0.93257105, 0.36014304, -0.10876509;
 0, 0, 0, 1]
Twc:
[0.99967778, -0.0060103829, 0.024662549, -0.050033338;
 -0.020840246, 0.3603844, 0.93257105, 0.099144824;
 -0.014493107, -0.9327845, 0.36014304, 0.048701338;
 0, 0, 0, 1]
Ow:
[0.052789252;
 0.0093968846;
 -0.10876509]
Keyframe: 5 Frame: 50 Frame from vFrameID : 51
Tcw:
[0.99959058, -0.025113109, -0.013710828, 0.052542306;
 -0.0036045455, 0.36485019, -0.93105924, 0.010360792;
 0.02838419, 0.93072748, 0.36461031, -0.10847835;
 0, 0, 0, 1]
Twc:
[0.99959058, -0.0036045455, 0.02838419, -0.049404383;
 -0.025113109, 0.36485019, 0.93072748, 0.09850315;
 -0.013710828, -0.93105924, 0.36461031, 0.049919236;
 0, 0, 0, 1]
Ow:
[0.052542306;
 0.010360792;
 -0.10847835]
Keyframe: 6 Frame: 53 Frame from vFrameID : 54
Tcw:
[0.99941802, -0.030766273, -0.01473204, 0.051702641;
 -0.0022287732, 0.37205976, -0.92820609, 0.0098030567;
 0.034038641, 0.92769873, 0.37177467, -0.10919217;
 0, 0, 0, 1]
Twc:
[0.99941802, -0.0022287732, 0.034038641, -0.047933947;
 -0.030766273, 0.37205976, 0.92769873, 0.09924081;
 -0.01473204, -0.92820609, 0.37177467, 0.050455824;
 0, 0, 0, 1]
Ow:
[0.051702641;
 0.0098030567;
 -0.10919217]
Keyframe: 7 Frame: 56 Frame from vFrameID : 57
Tcw:
[0.99906868, -0.038823444, -0.018828133, 0.050801501;
 -0.0033155361, 0.36599568, -0.93061066, 0.0089758821;
 0.043020528, 0.92980635, 0.36552611, -0.10906277;
 0, 0, 0, 1]
Twc:
[0.99906868, -0.0033155361, 0.043020528, -0.046032492;
 -0.038823444, 0.36599568, 0.92980635, 0.10009442;
 -0.018828133, -0.93061066, 0.36552611, 0.049174838;
 0, 0, 0, 1]
Ow:
[0.050801501;
 0.0089758821;
 -0.10906277]
Keyframe: 8 Frame: 58 Frame from vFrameID : 59
Tcw:
[0.99891466, -0.039086331, -0.025332283, 0.051207669;
 -0.010091691, 0.34933415, -0.93694389, 0.0089632161;
 0.045471128, 0.93618262, 0.34856054, -0.10879117;
 0, 0, 0, 1]
Twc:
[0.99891466, -0.010091691, 0.045471128, -0.04611478;
 -0.039086331, 0.34933415, 0.93618262, 0.10071877;
 -0.025332283, -0.93694389, 0.34856054, 0.047615547;
 0, 0, 0, 1]
Ow:
[0.051207669;
 0.0089632161;
 -0.10879117]
Keyframe: 9 Frame: 61 Frame from vFrameID : 62
Tcw:
[0.99916124, -0.035234284, -0.020865109, 0.049242515;
 -0.0077194893, 0.33833352, -0.94099462, 0.008428745;
 0.040214635, 0.94036639, 0.33777776, -0.10961067;
 0, 0, 0, 1]
Twc:
[0.99916124, -0.0077194893, 0.040214635, -0.044728197;
 -0.035234284, 0.33833352, 0.94036639, 0.10195749;
 -0.020865109, -0.94099462, 0.33777776, 0.045982894;
 0, 0, 0, 1]
Ow:
[0.049242515;
 0.008428745;
 -0.10961067]
Keyframe: 10 Frame: 65 Frame from vFrameID : 66
Tcw:
[0.99937677, -0.0311908, -0.016527284, 0.047731325;
 -0.005360703, 0.32867038, -0.94442946, 0.0086300597;
 0.034889538, 0.94392949, 0.32829836, -0.10975469;
 0, 0, 0, 1]
Twc:
[0.99937677, -0.005360703, 0.034889538, -0.043826025;
 -0.0311908, 0.32867038, 0.94392949, 0.10225302;
 -0.016527284, -0.94442946, 0.32829836, 0.044971637;
 0, 0, 0, 1]
Ow:
[0.047731325;
 0.0086300597;
 -0.10975469]
Keyframe: 11 Frame: 71 Frame from vFrameID : 72
Tcw:
[0.99990088, -0.013775354, -0.0029074408, 0.047541887;
 0.0019253454, 0.33836475, -0.94101304, 0.010692399;
 0.013946564, 0.94091421, 0.33835775, -0.11026014;
 0, 0, 0, 1]
Twc:
[0.99990088, 0.0019253454, 0.013946564, -0.046020012;
 -0.013775354, 0.33836475, 0.94091421, 0.10078231;
 -0.0029074408, -0.94101304, 0.33835775, 0.047507282;
 0, 0, 0, 1]
Ow:
[0.047541887;
 0.010692399;
 -0.11026014]
Keyframe: 12 Frame: 76 Frame from vFrameID : 77
Tcw:
[0.99997032, -0.0065177465, -0.004116111, 0.048231773;
 -0.0016616876, 0.33915257, -0.94072992, 0.010688033;
 0.0075274287, 0.94070882, 0.33913165, -0.1110677;
 0, 0, 0, 1]
Twc:
[0.99997032, -0.0016616876, 0.0075274287, -0.047376521;
 -0.0065177465, 0.33915257, 0.94070882, 0.10117185;
 -0.004116111, -0.94072992, 0.33913165, 0.047919657;
 0, 0, 0, 1]
Ow:
[0.048231773;
 0.010688033;
 -0.1110677]
Keyframe: 13 Frame: 81 Frame from vFrameID : 82
Tcw:
[0.99988168, 0.0016171865, -0.015297665, 0.049671039;
 -0.014969061, 0.33140749, -0.94336897, 0.012747522;
 0.0035441571, 0.94348633, 0.3313925, -0.11353616;
 0, 0, 0, 1]
Twc:
[0.99988168, -0.014969061, 0.0035441571, -0.049071956;
 0.0016171865, 0.33140749, 0.94348633, 0.10281487;
 -0.015297665, -0.94336897, 0.3313925, 0.050410498;
 0, 0, 0, 1]
Ow:
[0.049671039;
 0.012747522;
 -0.11353616]
Keyframe: 14 Frame: 87 Frame from vFrameID : 88
Tcw:
[0.99955875, -0.012769398, -0.026819801, 0.050255179;
 -0.020755172, 0.34568575, -0.93812078, 0.017498747;
 0.02125046, 0.93826348, 0.34526816, -0.11537853;
 0, 0, 0, 1]
Twc:
[0.99955875, -0.020755172, 0.02125046, -0.047417965;
 -0.012769398, 0.34568575, 0.93826348, 0.10284812;
 -0.026819801, -0.93812078, 0.34526816, 0.057600308;
 0, 0, 0, 1]
Ow:
[0.050255179;
 0.017498747;
 -0.11537853]
Keyframe: 15 Frame: 93 Frame from vFrameID : 94
Tcw:
[0.99919695, -0.029390948, -0.027232962, 0.049743101;
 -0.014994495, 0.3559978, -0.93436646, 0.018953934;
 0.03715679, 0.93402451, 0.35527122, -0.11893392;
 0, 0, 0, 1]
Twc:
[0.99919695, -0.014994495, 0.03715679, -0.044999748;
 -0.029390948, 0.3559978, 0.93402451, 0.10580163;
 -0.027232962, -0.93436646, 0.35527122, 0.061318371;
 0, 0, 0, 1]
Ow:
[0.049743101;
 0.018953934;
 -0.11893392]
Keyframe: 16 Frame: 99 Frame from vFrameID : 100
Tcw:
[0.9995333, -0.026858682, -0.014553937, 0.04713897;
 -0.0044703539, 0.34269157, -0.93943733, 0.019226905;
 0.03021956, 0.93906397, 0.34241158, -0.11825266;
 0, 0, 0, 1]
Twc:
[0.9995333, -0.0044703539, 0.03021956, -0.043457475;
 -0.026858682, 0.34269157, 0.93906397, 0.10572401;
 -0.014553937, -0.93943733, 0.34241158, 0.059239611;
 0, 0, 0, 1]
Ow:
[0.04713897;
 0.019226905;
 -0.11825266]
Keyframe: 17 Frame: 106 Frame from vFrameID : 107
Tcw:
[0.99958962, -0.028521869, -0.0026701374, 0.043409776;
 0.0071968967, 0.34025431, -0.94030589, 0.021719884;
 0.027727809, 0.93990082, 0.34031993, -0.12014463;
 0, 0, 0, 1]
Twc:
[0.99958962, 0.0071968967, 0.027727809, -0.04021693;
 -0.028521869, 0.34025431, 0.93990082, 0.10677187;
 -0.0026701374, -0.94030589, 0.34031993, 0.061426859;
 0, 0, 0, 1]
Ow:
[0.043409776;
 0.021719884;
 -0.12014463]
Keyframe: 18 Frame: 112 Frame from vFrameID : 113
Tcw:
[0.99986655, -0.016281396, 0.0013307291, 0.043490775;
 0.0069594211, 0.35085392, -0.93640435, 0.024474833;
 0.014779079, 0.93628865, 0.35092041, -0.1213934;
 0, 0, 0, 1]
Twc:
[0.99986655, 0.0069594211, 0.014779079, -0.041861221;
 -0.016281396, 0.35085392, 0.93628865, 0.10578026;
 0.0013307291, -0.93640435, 0.35092041, 0.065459885;
 0, 0, 0, 1]
Ow:
[0.043490775;
 0.024474833;
 -0.1213934]
Keyframe: 19 Frame: 119 Frame from vFrameID : 120
Tcw:
[0.99996132, 0.0065071606, 0.0059151286, 0.036498193;
 0.0032709739, 0.34915167, -0.93706053, 0.026193477;
 -0.0081628803, 0.93704361, 0.34911689, -0.13064773;
 0, 0, 0, 1]
Twc:
[0.99996132, 0.0032709739, -0.0081628803, -0.03764892;
 0.0065071606, 0.34915167, 0.93704361, 0.11303964;
 0.0059151286, -0.93706053, 0.34911689, 0.069940314;
 0, 0, 0, 1]
Ow:
[0.036498193;
 0.026193477;
 -0.13064773]
Keyframe: 20 Frame: 128 Frame from vFrameID : 129
Tcw:
[0.99997604, 0.0069186026, -0.00016186932, 0.033004485;
 -0.002674011, 0.36470187, -0.93112051, 0.030129604;
 -0.0063830186, 0.93109864, 0.36471164, -0.15674672;
 0, 0, 0, 1]
Twc:
[0.99997604, -0.002674011, -0.0063830186, -0.033923645;
 0.0069186026, 0.36470187, 0.93109864, 0.13473;
 -0.00016186932, -0.93112051, 0.36471164, 0.08522699;
 0, 0, 0, 1]
Ow:
[0.033004485;
 0.030129604;
 -0.15674672]
Keyframe: 21 Frame: 138 Frame from vFrameID : 139
Tcw:
[0.99986577, -0.01371804, -0.008959746, 0.024795471;
 -0.0028063841, 0.39536867, -0.91851825, 0.028463691;
 0.016142672, 0.91842008, 0.39527708, -0.18819803;
 0, 0, 0, 1]
Twc:
[0.99986577, -0.0028063841, 0.016142672, -0.021674242;
 -0.01371804, 0.39536867, 0.91842008, 0.16193134;
 -0.008959746, -0.91851825, 0.39527708, 0.10075695;
 0, 0, 0, 1]
Ow:
[0.024795471;
 0.028463691;
 -0.18819803]
Keyframe: 22 Frame: 146 Frame from vFrameID : 147
Tcw:
[0.99947453, -0.018017972, -0.026945824, 0.029499002;
 -0.018276915, 0.37328815, -0.92753541, 0.027802587;
 0.026770862, 0.92754048, 0.37276268, -0.16539821;
 0, 0, 0, 1]
Twc:
[0.99947453, -0.018276915, 0.026770862, -0.024547501;
 -0.018017972, 0.37328815, 0.92754048, 0.14356667;
 -0.026945824, -0.92753541, 0.37276268, 0.088237032;
 0, 0, 0, 1]
Ow:
[0.029499002;
 0.027802587;
 -0.16539821]
Keyframe: 23 Frame: 155 Frame from vFrameID : 156
Tcw:
[0.99979782, -0.012652792, -0.015625883, 0.033547945;
 -0.010388254, 0.34032658, -0.94024992, 0.020362459;
 0.017214689, 0.94022214, 0.34012634, -0.14442644;
 0, 0, 0, 1]
Twc:
[0.99979782, -0.010388254, 0.017214689, -0.030843379;
 -0.012652792, 0.34032658, 0.94022214, 0.12928753;
 -0.015625883, -0.94024992, 0.34012634, 0.068793252;
 0, 0, 0, 1]
Ow:
[0.033547945;
 0.020362459;
 -0.14442644]
Keyframe: 24 Frame: 164 Frame from vFrameID : 165
Tcw:
[0.9999907, -0.0043044942, -0.00030062627, 0.045781534;
 0.001113072, 0.32463866, -0.94583744, 0.014980633;
 0.0041689468, 0.94582832, 0.32464045, -0.11651238;
 0, 0, 0, 1]
Twc:
[0.9999907, 0.001113072, 0.0041689468, -0.045312047;
 -0.0043044942, 0.32463866, 0.94582832, 0.10553448;
 -0.00030062627, -0.94583744, 0.32464045, 0.052007634;
 0, 0, 0, 1]
Ow:
[0.045781534;
 0.014980633;
 -0.11651238]
Keyframe: 25 Frame: 172 Frame from vFrameID : 173
Tcw:
[0.99979144, -0.011578996, -0.016824137, 0.051314019;
 -0.01230816, 0.31577629, -0.94875383, 0.008856155;
 0.016298281, 0.94876301, 0.31556791, -0.10918906;
 0, 0, 0, 1]
Twc:
[0.99979144, -0.01230816, 0.016298281, -0.049414717;
 -0.011578996, 0.31577629, 0.94876301, 0.10139214;
 -0.016824137, -0.94875383, 0.31556791, 0.04372219;
 0, 0, 0, 1]
Ow:
[0.051314019;
 0.008856155;
 -0.10918906]
Keyframe: 26 Frame: 179 Frame from vFrameID : 180
Tcw:
[0.99959117, 0.0031288685, -0.028420981, 0.05486634;
 -0.027949436, 0.31657925, -0.94815421, 0.0019536763;
 0.0060308427, 0.94856089, 0.31653726, -0.1021574;
 0, 0, 0, 1]
Twc:
[0.99959117, -0.027949436, 0.0060308427, -0.054173209;
 0.0031288685, 0.31657925, 0.94856089, 0.096112356;
 -0.028420981, -0.94815421, 0.31653726, 0.035748366;
 0, 0, 0, 1]
Ow:
[0.05486634;
 0.0019536763;
 -0.1021574]
Keyframe: 27 Frame: 188 Frame from vFrameID : 189
Tcw:
[0.99961895, 0.0275822, -0.0010842666, 0.060770862;
 -0.0090849278, 0.29165131, -0.95648158, -0.010824935;
 -0.026065638, 0.95612693, 0.29179075, -0.068661474;
 0, 0, 0, 1]
Twc:
[0.99961895, -0.0090849278, -0.026065638, -0.06263575;
 0.0275822, 0.29165131, 0.95612693, 0.067129999;
 -0.0010842666, -0.95648158, 0.29179075, 0.0097468253;
 0, 0, 0, 1]
Ow:
[0.060770862;
 -0.010824935;
 -0.068661474]
Keyframe: 28 Frame: 196 Frame from vFrameID : 197
Tcw:
[0.99865699, 0.036492743, 0.036776699, 0.076767832;
 0.025109993, 0.27998549, -0.95967579, -0.0089828521;
 -0.045318142, 0.95931035, 0.27869314, -0.012810869;
 0, 0, 0, 1]
Twc:
[0.99865699, 0.025109993, -0.045318142, -0.077019729;
 0.036492743, 0.27998549, 0.95931035, 0.0120032;
 0.036776699, -0.95967579, 0.27869314, -0.007873592;
 0, 0, 0, 1]
Ow:
[0.076767832;
 -0.0089828521;
 -0.012810869]
Keyframe: 29 Frame: 204 Frame from vFrameID : 205
Tcw:
[0.99949509, 0.027275199, 0.016296977, 0.087105714;
 0.0087563321, 0.2565982, -0.96647847, -0.0021014959;
 -0.030542668, 0.96613324, 0.25622982, 0.038971618;
 0, 0, 0, 1]
Twc:
[0.99949509, 0.0087563321, -0.030542668, -0.085853033;
 0.027275199, 0.2565982, 0.96613324, -0.03948836;
 0.016296977, -0.96647847, 0.25622982, -0.013436302;
 0, 0, 0, 1]
Ow:
[0.087105714;
 -0.0021014959;
 0.038971618]
Keyframe: 30 Frame: 213 Frame from vFrameID : 214
Tcw:
[0.99899203, 0.037902132, 0.024047902, 0.10297024;
 0.013025476, 0.26790959, -0.96335602, -0.036711484;
 -0.042955909, 0.96269822, 0.26714584, 0.067573942;
 0, 0, 0, 1]
Twc:
[0.99899203, 0.013025476, -0.042955909, -0.099485569;
 0.037902132, 0.26790959, 0.96269822, -0.059120748;
 0.024047902, -0.96335602, 0.26714584, -0.055894546;
 0, 0, 0, 1]
Ow:
[0.10297024;
 -0.036711484;
 0.067573942]
Keyframe: 31 Frame: 220 Frame from vFrameID : 221
Tcw:
[0.99703389, 0.048865423, 0.059460528, 0.10381563;
 0.044043209, 0.27131122, -0.96148342, -0.052046835;
 -0.063115604, 0.96125042, 0.2683543, 0.095690049;
 0, 0, 0, 1]
Twc:
[0.99703389, 0.044043209, -0.063115604, -0.095175855;
 0.048865423, 0.27131122, 0.96125042, -0.082934208;
 0.059460528, -0.96148342, 0.2683543, -0.081893943;
 0, 0, 0, 1]
Ow:
[0.10381563;
 -0.052046835;
 0.095690049]
Keyframe: 32 Frame: 229 Frame from vFrameID : 230
Tcw:
[0.99749595, 0.05299776, 0.046830833, 0.11696062;
 0.031457379, 0.26058245, -0.964939, -0.04822972;
 -0.063342899, 0.96399587, 0.25826278, 0.13591281;
 0, 0, 0, 1]
Twc:
[0.99749595, 0.031457379, -0.063342899, -0.10654145;
 0.05299776, 0.26058245, 0.96399587, -0.12465021;
 0.046830833, -0.964939, 0.25826278, -0.087117307;
 0, 0, 0, 1]
Ow:
[0.11696062;
 -0.04822972;
 0.13591281]
Keyframe: 33 Frame: 236 Frame from vFrameID : 237
Tcw:
[0.99953884, 0.026061459, 0.015586745, 0.14270692;
 0.0086644404, 0.24718542, -0.96892947, -0.059034672;
 -0.029104531, 0.96861768, 0.24684562, 0.16740459;
 0, 0, 0, 1]
Twc:
[0.99953884, 0.0086644404, -0.029104531, -0.13725737;
 0.026061459, 0.24718542, 0.96861768, -0.15127768;
 0.015586745, -0.96892947, 0.24684562, -0.10074785;
 0, 0, 0, 1]
Ow:
[0.14270692;
 -0.059034672;
 0.16740459]
Keyframe: 34 Frame: 245 Frame from vFrameID : 246
Tcw:
[0.9994753, 0.031486113, -0.0076011149, 0.15173177;
 -0.015563022, 0.26100963, -0.96521074, -0.07302244;
 -0.028406769, 0.96482259, 0.2613627, 0.19716491;
 0, 0, 0, 1]
Twc:
[0.9994753, -0.015563022, -0.028406769, -0.14718778;
 0.031486113, 0.26100963, 0.96482259, -0.17594704;
 -0.0076011149, -0.96521074, 0.2613627, -0.12086026;
 0, 0, 0, 1]
Ow:
[0.15173177;
 -0.07302244;
 0.19716491]
Keyframe: 35 Frame: 253 Frame from vFrameID : 254
Tcw:
[0.99857152, 0.036715683, 0.038818862, 0.16140297;
 0.028342634, 0.25190297, -0.96733737, -0.10083934;
 -0.045295037, 0.96705574, 0.2505025, 0.22450991;
 0, 0, 0, 1]
Twc:
[0.99857152, 0.028342634, -0.045295037, -0.14814518;
 0.036715683, 0.25190297, 0.96705574, -0.1976379;
 0.038818862, -0.96733737, 0.2505025, -0.16005144;
 0, 0, 0, 1]
Ow:
[0.16140297;
 -0.10083934;
 0.22450991]
Keyframe: 36 Frame: 260 Frame from vFrameID : 261
Tcw:
[0.99904066, 0.037485704, 0.022641085, 0.18614684;
 0.012651235, 0.2479158, -0.96869898, -0.11756136;
 -0.041925445, 0.96805608, 0.24720372, 0.25382018;
 0, 0, 0, 1]
Twc:
[0.99904066, 0.012651235, -0.041925445, -0.17383943;
 0.037485704, 0.2479158, 0.96805608, -0.2235447;
 0.022641085, -0.96869898, 0.24720372, -0.18084143;
 0, 0, 0, 1]
Ow:
[0.18614684;
 -0.11756136;
 0.25382018]
Keyframe: 37 Frame: 269 Frame from vFrameID : 270
Tcw:
[0.99943852, 0.021626852, -0.02559172, 0.22242939;
 -0.030089622, 0.24330951, -0.96948189, -0.13594678;
 -0.014740133, 0.96970755, 0.24382363, 0.31007686;
 0, 0, 0, 1]
Twc:
[0.99943852, -0.030089622, -0.014740133, -0.2218245;
 0.021626852, 0.24330951, 0.96970755, -0.27241719;
 -0.02559172, -0.96948189, 0.24382363, -0.20170966;
 0, 0, 0, 1]
Ow:
[0.22242939;
 -0.13594678;
 0.31007686]
Keyframe: 38 Frame: 277 Frame from vFrameID : 278
Tcw:
[0.99918872, 0.037823994, 0.013829001, 0.2207109;
 0.0042052753, 0.24351521, -0.96988797, -0.15210901;
 -0.040052608, 0.96915925, 0.24315859, 0.35294199;
 0, 0, 0, 1]
Twc:
[0.99918872, 0.0042052753, -0.040052608, -0.20575593;
 0.037823994, 0.24351521, 0.96915925, -0.3133643;
 0.013829001, -0.96988797, 0.24315859, -0.23640178;
 0, 0, 0, 1]
Ow:
[0.2207109;
 -0.15210901;
 0.35294199]
Keyframe: 39 Frame: 284 Frame from vFrameID : 285
Tcw:
[0.99764812, 0.044580434, 0.052065413, 0.24924651;
 0.039923094, 0.23952013, -0.97007024, -0.16878404;
 -0.055716865, 0.96986735, 0.23717701, 0.38897288;
 0, 0, 0, 1]
Twc:
[0.99764812, 0.039923094, -0.055716865, -0.22024958;
 0.044580434, 0.23952013, 0.96986735, -0.34793645;
 0.052065413, -0.97007024, 0.23717701, -0.26896492;
 0, 0, 0, 1]
Ow:
[0.24924651;
 -0.16878404;
 0.38897288]
Keyframe: 40 Frame: 290 Frame from vFrameID : 291
Tcw:
[0.99939877, 0.028381566, 0.019914931, 0.27788046;
 0.012577225, 0.23849839, -0.97106147, -0.19182962;
 -0.032309923, 0.9707281, 0.23799804, 0.42177403;
 0, 0, 0, 1]
Twc:
[0.99939877, 0.012577225, -0.032309923, -0.26167321;
 0.028381566, 0.23849839, 0.9707281, -0.37156352;
 0.019914931, -0.97106147, 0.23799804, -0.29219371;
 0, 0, 0, 1]
Ow:
[0.27788046;
 -0.19182962;
 0.42177403]
Keyframe: 41 Frame: 298 Frame from vFrameID : 299
Tcw:
[0.99933022, 0.021360515, -0.029712215, 0.29797751;
 -0.03387171, 0.23265734, -0.97196877, -0.21730244;
 -0.013848988, 0.97232419, 0.23322503, 0.46366844;
 0, 0, 0, 1]
Twc:
[0.99933022, -0.03387171, -0.013848988, -0.29871699;
 0.021360515, 0.23265734, 0.97232419, -0.40664396;
 -0.029712215, -0.97196877, 0.23322503, -0.31049669;
 0, 0, 0, 1]
Ow:
[0.29797751;
 -0.21730244;
 0.46366844]
Keyframe: 42 Frame: 304 Frame from vFrameID : 305
Tcw:
[0.99921757, 0.024883028, -0.030742234, 0.30772066;
 -0.035826609, 0.24018829, -0.97006494, -0.2407431;
 -0.01675423, 0.97040737, 0.24089183, 0.49417943;
 0, 0, 0, 1]
Twc:
[0.99921757, -0.035826609, -0.01675423, -0.30782533;
 0.024883028, 0.24018829, 0.97040737, -0.4293887;
 -0.030742234, -0.97006494, 0.24089183, -0.34312025;
 0, 0, 0, 1]
Ow:
[0.30772066;
 -0.2407431;
 0.49417943]
Keyframe: 43 Frame: 310 Frame from vFrameID : 311
Tcw:
[0.99968088, 0.025192585, -0.0018636737, 0.3100768;
 -0.007556452, 0.22782223, -0.9736734, -0.26062322;
 -0.024104765, 0.97337681, 0.2279399, 0.51875871;
 0, 0, 0, 1]
Twc:
[0.99968088, -0.007556452, -0.024104765, -0.29944268;
 0.025192585, 0.22782223, 0.97337681, -0.45338354;
 -0.0018636737, -0.9736734, 0.2279399, -0.3714298;
 0, 0, 0, 1]
Ow:
[0.3100768;
 -0.26062322;
 0.51875871]
Keyframe: 44 Frame: 316 Frame from vFrameID : 317
Tcw:
[0.99876577, 0.039015356, 0.030737152, 0.3414149;
 0.020441502, 0.24111977, -0.97028005, -0.27291656;
 -0.045267157, 0.96971083, 0.24002464, 0.55155128;
 0, 0, 0, 1]
Twc:
[0.99876577, 0.020441502, -0.045267157, -0.31044751;
 0.039015356, 0.24111977, 0.96971083, -0.48236006;
 0.030737152, -0.97028005, 0.24002464, -0.40768552;
 0, 0, 0, 1]
Ow:
[0.3414149;
 -0.27291656;
 0.55155128]
Keyframe: 45 Frame: 321 Frame from vFrameID : 322
Tcw:
[0.99951708, 0.030861067, -0.003633237, 0.36004901;
 -0.010072528, 0.21115725, -0.97740018, -0.28047332;
 -0.029396428, 0.97696477, 0.21136613, 0.60948932;
 0, 0, 0, 1]
Twc:
[0.99951708, -0.010072528, -0.029396428, -0.3447834;
 0.030861067, 0.21115725, 0.97696477, -0.54733717;
 -0.003633237, -0.97740018, 0.21136613, -0.40165195;
 0, 0, 0, 1]
Ow:
[0.36004901;
 -0.28047332;
 0.60948932]
Keyframe: 46 Frame: 328 Frame from vFrameID : 329
Tcw:
[0.99859506, 0.032643333, -0.041740593, 0.39394689;
 -0.048161305, 0.23061068, -0.97185349, -0.31270558;
 -0.022098709, 0.97249842, 0.23185883, 0.63218302;
 0, 0, 0, 1]
Twc:
[0.99859506, -0.048161305, -0.022098709, -0.3944833;
 0.032643333, 0.23061068, 0.97249842, -0.55554348;
 -0.041740593, -0.97185349, 0.23185883, -0.43403769;
 0, 0, 0, 1]
Ow:
[0.39394689;
 -0.31270558;
 0.63218302]
Keyframe: 47 Frame: 335 Frame from vFrameID : 336
Tcw:
[0.99917305, 0.040248781, -0.0057625421, 0.39257374;
 -0.014915407, 0.2309891, -0.97284198, -0.35561433;
 -0.03782462, 0.9721235, 0.23139842, 0.66298586;
 0, 0, 0, 1]
Twc:
[0.99917305, -0.014915407, -0.03782462, -0.37247604;
 0.040248781, 0.2309891, 0.9721235, -0.57816166;
 -0.0057625421, -0.97284198, 0.23139842, -0.49710822;
 0, 0, 0, 1]
Ow:
[0.39257374;
 -0.35561433;
 0.66298586]
Keyframe: 48 Frame: 342 Frame from vFrameID : 343
Tcw:
[0.99829042, 0.044729464, 0.037623968, 0.41131595;
 0.026435805, 0.22857065, -0.97316831, -0.35877872;
 -0.052129034, 0.97249919, 0.22699744, 0.70330429;
 0, 0, 0, 1]
Twc:
[0.99829042, 0.026435805, -0.052129034, -0.36446556;
 0.044729464, 0.22857065, 0.97249919, -0.62035453;
 0.037623968, -0.97316831, 0.22699744, -0.52427566;
 0, 0, 0, 1]
Ow:
[0.41131595;
 -0.35877872;
 0.70330429]
Keyframe: 49 Frame: 350 Frame from vFrameID : 351
Tcw:
[0.99922651, 0.035205457, 0.017518871, 0.44129932;
 0.0086441468, 0.23796037, -0.97123641, -0.36212516;
 -0.03836162, 0.97063661, 0.237472, 0.75286716;
 0, 0, 0, 1]
Twc:
[0.99922651, 0.0086441468, -0.03836162, -0.40894654;
 0.035205457, 0.23796037, 0.97063661, -0.66012508;
 0.017518871, -0.97123641, 0.237472, -0.53822505;
 0, 0, 0, 1]
Ow:
[0.44129932;
 -0.36212516;
 0.75286716]
Keyframe: 50 Frame: 358 Frame from vFrameID : 359
Tcw:
[0.99911398, 0.037467912, -0.019169023, 0.47145528;
 -0.027058618, 0.2230055, -0.97444159, -0.38496649;
 -0.032235492, 0.97409683, 0.22382174, 0.7928952;
 0, 0, 0, 1]
Twc:
[0.99911398, -0.027058618, -0.032235492, -0.45589483;
 0.037467912, 0.2230055, 0.97409683, -0.70417154;
 -0.019169023, -0.97444159, 0.22382174, -0.54355723;
 0, 0, 0, 1]
Ow:
[0.47145528;
 -0.38496649;
 0.7928952]
Keyframe: 51 Frame: 366 Frame from vFrameID : 367
Tcw:
[0.99921489, 0.02918379, -0.026794819, 0.49747717;
 -0.032651257, 0.22352971, -0.97415006, -0.38999742;
 -0.022439953, 0.97426009, 0.2243071, 0.8541404;
 0, 0, 0, 1]
Twc:
[0.99921489, -0.032651257, -0.022439953, -0.49065363;
 0.02918379, 0.22352971, 0.97426009, -0.75949717;
 -0.026794819, -0.97415006, 0.2243071, -0.55817592;
 0, 0, 0, 1]
Ow:
[0.49747717;
 -0.38999742;
 0.8541404]
Keyframe: 52 Frame: 374 Frame from vFrameID : 375
Tcw:
[0.99994361, 0.010593164, -0.00073764101, 0.52152073;
 -0.0028162817, 0.19758278, -0.98028219, -0.40261617;
 -0.010238544, 0.98022896, 0.19760147, 0.89710748;
 0, 0, 0, 1]
Twc:
[0.99994361, -0.0028162817, -0.010238544, -0.51344013;
 0.010593164, 0.19758278, 0.98022896, -0.8053453;
 -0.00073764101, -0.98028219, 0.19760147, -0.57156253;
 0, 0, 0, 1]
Ow:
[0.52152073;
 -0.40261617;
 0.89710748]
Keyframe: 53 Frame: 382 Frame from vFrameID : 383
Tcw:
[0.99968231, 0.018967768, -0.016597068, 0.54508281;
 -0.020437045, 0.22466071, -0.97422272, -0.4181298;
 -0.014750122, 0.9742524, 0.22497699, 0.94611424;
 0, 0, 0, 1]
Twc:
[0.99968231, -0.020437045, -0.014750122, -0.53949976;
 0.018967768, 0.22466071, 0.9742524, -0.83815581;
 -0.016597068, -0.97422272, 0.22497699, -0.61115867;
 0, 0, 0, 1]
Ow:
[0.54508281;
 -0.4181298;
 0.94611424]
Keyframe: 54 Frame: 391 Frame from vFrameID : 392
Tcw:
[0.99753636, -0.00027017182, -0.07015118, 0.58327848;
 -0.068058908, 0.23870644, -0.96870387, -0.42460588;
 0.017007256, 0.97109175, 0.23809996, 1.00432;
 0, 0, 0, 1]
Twc:
[0.99753636, -0.068058908, 0.017007256, -0.62782043;
 -0.00027017182, 0.23870644, 0.97109175, -0.87377316;
 -0.07015118, -0.96870387, 0.23809996, -0.60952824;
 0, 0, 0, 1]
Ow:
[0.58327848;
 -0.42460588;
 1.00432]
Keyframe: 55 Frame: 399 Frame from vFrameID : 400
Tcw:
[0.99855453, 0.001861481, -0.053715762, 0.59316105;
 -0.052745659, 0.22604755, -0.97268718, -0.45983487;
 0.010331677, 0.97411448, 0.22581899, 1.0479933;
 0, 0, 0, 1]
Twc:
[0.99855453, -0.052745659, 0.010331677, -0.6273855;
 0.001861481, 0.22604755, 0.97411448, -0.91802502;
 -0.053715762, -0.97268718, 0.22581899, -0.65207016;
 0, 0, 0, 1]
Ow:
[0.59316105;
 -0.45983487;
 1.0479933]
Keyframe: 56 Frame: 408 Frame from vFrameID : 409
Tcw:
[0.99972683, 0.013452019, -0.019114245, 0.5952943;
 -0.021691626, 0.22939071, -0.97309268, -0.47585744;
 -0.0087054307, 0.97324145, 0.22961985, 1.0796052;
 0, 0, 0, 1]
Twc:
[0.99972683, -0.021691626, -0.0087054307, -0.59605539;
 0.013452019, 0.22939071, 0.97324145, -0.94956726;
 -0.019114245, -0.97309268, 0.22961985, -0.69957364;
 0, 0, 0, 1]
Ow:
[0.5952943;
 -0.47585744;
 1.0796052]
Keyframe: 57 Frame: 416 Frame from vFrameID : 417
Tcw:
[0.99915355, 0.0062667024, -0.040655669, 0.61311775;
 -0.040979087, 0.23782429, -0.97044337, -0.48891318;
 0.0035874259, 0.97128797, 0.23787978, 1.1100705;
 0, 0, 0, 1]
Twc:
[0.99915355, -0.040979087, 0.0035874259, -0.63661635;
 0.0062667024, 0.23782429, 0.97128797, -0.96576494;
 -0.040655669, -0.97044337, 0.23787978, -0.71359915;
 0, 0, 0, 1]
Ow:
[0.61311775;
 -0.48891318;
 1.1100705]
Keyframe: 58 Frame: 423 Frame from vFrameID : 424
Tcw:
[0.9982537, 0.012798617, -0.057669394, 0.63933879;
 -0.058990609, 0.26737642, -0.96178478, -0.51571393;
 0.0031099215, 0.96350718, 0.26766449, 1.1369052;
 0, 0, 0, 1]
Twc:
[0.9982537, -0.058990609, 0.0031099215, -0.67218029;
 0.012798617, 0.26737642, 0.96350718, -0.96570915;
 -0.057669394, -0.96178478, 0.26766449, -0.76344472;
 0, 0, 0, 1]
Ow:
[0.63933879;
 -0.51571393;
 1.1369052]
Keyframe: 59 Frame: 431 Frame from vFrameID : 432
Tcw:
[0.99776644, 0.032513887, -0.058351915, 0.66675264;
 -0.064579859, 0.24623354, -0.96705663, -0.52981055;
 -0.017074572, 0.968665, 0.2477833, 1.1665454;
 0, 0, 0, 1]
Twc:
[0.99776644, -0.064579859, -0.017074572, -0.67956024;
 0.032513887, 0.24623354, 0.968665, -1.0212133;
 -0.058351915, -0.96705663, 0.2477833, -0.762501;
 0, 0, 0, 1]
Ow:
[0.66675264;
 -0.52981055;
 1.1665454]
Keyframe: 60 Frame: 438 Frame from vFrameID : 439
Tcw:
[0.99932545, 0.036336832, -0.0053222855, 0.66486472;
 -0.015037546, 0.27265427, -0.96199453, -0.51140773;
 -0.033504691, 0.96142566, 0.27301675, 1.1947181;
 0, 0, 0, 1]
Twc:
[0.99932545, -0.015037546, -0.033504691, -0.63207781;
 0.036336832, 0.27265427, 0.96142566, -1.0333543;
 -0.0053222855, -0.96199453, 0.27301675, -0.81461096;
 0, 0, 0, 1]
Ow:
[0.66486472;
 -0.51140773;
 1.1947181]
Keyframe: 61 Frame: 445 Frame from vFrameID : 446
Tcw:
[0.99941999, 0.021369601, -0.026515694, 0.69563514;
 -0.031041324, 0.25140733, -0.9673835, -0.51669663;
 -0.014006359, 0.96764547, 0.25192484, 1.240999;
 0, 0, 0, 1]
Twc:
[0.99941999, -0.031041324, -0.014006359, -0.69388866;
 0.021369601, 0.25140733, 0.96764547, -1.0858111;
 -0.026515694, -0.9673835, 0.25192484, -0.79403698;
 0, 0, 0, 1]
Ow:
[0.69563514;
 -0.51669663;
 1.240999]
Keyframe: 62 Frame: 453 Frame from vFrameID : 454
Tcw:
[0.99835157, 0.021118993, -0.053367328, 0.67718637;
 -0.057145473, 0.27931017, -0.95849895, -0.498712;
 -0.0053364956, 0.95996863, 0.2800566, 1.2677299;
 0, 0, 0, 1]
Twc:
[0.99835157, -0.057145473, -0.0053364956, -0.69780397;
 0.021118993, 0.27931017, 0.95996863, -1.0919871;
 -0.053367328, -0.95849895, 0.2800566, -0.79691142;
 0, 0, 0, 1]
Ow:
[0.67718637;
 -0.498712;
 1.2677299]
Keyframe: 63 Frame: 460 Frame from vFrameID : 461
Tcw:
[0.99808097, 0.032513708, -0.05269913, 0.68740642;
 -0.059452716, 0.26522899, -0.96235073, -0.47912014;
 -0.017312253, 0.96363711, 0.26665303, 1.2939686;
 0, 0, 0, 1]
Twc:
[0.99808097, -0.059452716, -0.017312253, -0.6921708;
 0.032513708, 0.26522899, 0.96363711, -1.1421897;
 -0.05269913, -0.96235073, 0.26665303, -0.76989657;
 0, 0, 0, 1]
Ow:
[0.68740642;
 -0.47912014;
 1.2939686]
Keyframe: 64 Frame: 468 Frame from vFrameID : 469
Tcw:
[0.99887878, 0.033512056, -0.033438683, 0.71507567;
 -0.041849304, 0.29484549, -0.95462805, -0.47937119;
 -0.022132305, 0.95495713, 0.29591736, 1.3191028;
 0, 0, 0, 1]
Twc:
[0.99887878, -0.041849304, -0.022132305, -0.70514047;
 0.033512056, 0.29484549, 0.95495713, -1.1423098;
 -0.033438683, -0.95462805, 0.29591736, -0.82405543;
 0, 0, 0, 1]
Ow:
[0.71507567;
 -0.47937119;
 1.3191028]
Keyframe: 65 Frame: 476 Frame from vFrameID : 477
Tcw:
[0.99659008, 0.010901767, -0.081788756, 0.7403053;
 -0.081222132, 0.30420452, -0.94913781, -0.47578353;
 0.01453323, 0.95254439, 0.30405265, 1.3409212;
 0, 0, 0, 1]
Twc:
[0.99659008, -0.081222132, 0.01453323, -0.79591298;
 0.010901767, 0.30420452, 0.95254439, -1.1406219;
 -0.081788756, -0.94913781, 0.30405265, -0.79874611;
 0, 0, 0, 1]
Ow:
[0.7403053;
 -0.47578353;
 1.3409212]
Keyframe: 66 Frame: 484 Frame from vFrameID : 485
Tcw:
[0.99305391, -0.013137644, -0.11692456, 0.7544539;
 -0.10641206, 0.32373476, -0.94014484, -0.48371488;
 0.050203834, 0.94605666, 0.32008806, 1.3724465;
 0, 0, 0, 1]
Twc:
[0.99305391, -0.10641206, 0.050203834, -0.86958855;
 -0.013137644, 0.32373476, 0.94605666, -1.1319051;
 -0.11692456, -0.94014484, 0.32008806, -0.80585158;
 0, 0, 0, 1]
Ow:
[0.7544539;
 -0.48371488;
 1.3724465]
Keyframe: 67 Frame: 492 Frame from vFrameID : 493
Tcw:
[0.99607426, -0.020041026, -0.08622282, 0.7679407;
 -0.075902961, 0.30783573, -0.94840705, -0.49107069;
 0.045549516, 0.95122844, 0.30510607, 1.4122293;
 0, 0, 0, 1]
Twc:
[0.99607426, -0.075902961, 0.045549516, -0.86652607;
 -0.020041026, 0.30783573, 0.95122844, -1.1767932;
 -0.08622282, -0.94840705, 0.30510607, -0.83040059;
 0, 0, 0, 1]
Ow:
[0.7679407;
 -0.49107069;
 1.4122293]
Keyframe: 68 Frame: 500 Frame from vFrameID : 501
Tcw:
[0.99825048, 0.0047863512, -0.058932565, 0.78393102;
 -0.057429124, 0.31560469, -0.9471513, -0.50716579;
 0.014065995, 0.94887871, 0.31532741, 1.4426323;
 0, 0, 0, 1]
Twc:
[0.99825048, -0.057429124, 0.014065995, -0.83197767;
 0.0047863512, 0.31560469, 0.94887871, -1.2125714;
 -0.058932565, -0.9471513, 0.31532741, -0.88906521;
 0, 0, 0, 1]
Ow:
[0.78393102;
 -0.50716579;
 1.4426323]
Keyframe: 69 Frame: 508 Frame from vFrameID : 509
Tcw:
[0.99660778, -0.0033825152, -0.082228325, 0.84331995;
 -0.077082783, 0.31165409, -0.94706386, -0.50429094;
 0.028830253, 0.95018959, 0.31033617, 1.4759004;
 0, 0, 0, 1]
Twc:
[0.99660778, -0.077082783, 0.028830253, -0.92188191;
 -0.0033825152, 0.31165409, 0.95018959, -1.2423683;
 -0.082228325, -0.94706386, 0.31033617, -0.8662762;
 0, 0, 0, 1]
Ow:
[0.84331995;
 -0.50429094;
 1.4759004]
Keyframe: 70 Frame: 517 Frame from vFrameID : 518
Tcw:
[0.99635464, -0.0050487402, -0.085158266, 0.84083587;
 -0.07901796, 0.32158351, -0.94357842, -0.50289398;
 0.032149374, 0.94686776, 0.32001227, 1.5279624;
 0, 0, 0, 1]
Twc:
[0.99635464, -0.07901796, 0.032149374, -0.92663145;
 -0.0050487402, 0.32158351, 0.94686776, -1.2808107;
 -0.085158266, -0.94357842, 0.32001227, -0.89188248;
 0, 0, 0, 1]
Ow:
[0.84083587;
 -0.50289398;
 1.5279624]
Keyframe: 71 Frame: 526 Frame from vFrameID : 527
Tcw:
[0.99589062, 0.0033992012, -0.090500146, 0.86270845;
 -0.086842366, 0.31936604, -0.94364387, -0.52975947;
 0.025695037, 0.94762534, 0.31834882, 1.5907806;
 0, 0, 0, 1]
Twc:
[0.99589062, -0.086842366, 0.025695037, -0.94604403;
 0.0033992012, 0.31936604, 0.94762534, -1.3412093;
 -0.090500146, -0.94364387, 0.31834882, -0.92825216;
 0, 0, 0, 1]
Ow:
[0.86270845;
 -0.52975947;
 1.5907806]
Keyframe: 72 Frame: 534 Frame from vFrameID : 535
Tcw:
[0.99739575, 0.0055617727, -0.071908213, 0.88918012;
 -0.070143819, 0.30676925, -0.94919568, -0.53587258;
 0.016780017, 0.95176768, 0.30636045, 1.629081;
 0, 0, 0, 1]
Twc:
[0.99739575, -0.070143819, 0.016780017, -0.9517886;
 0.0055617727, 0.30676925, 0.95176768, -1.3910627;
 -0.071908213, -0.94919568, 0.30636045, -0.94379461;
 0, 0, 0, 1]
Ow:
[0.88918012;
 -0.53587258;
 1.629081]
Keyframe: 73 Frame: 540 Frame from vFrameID : 541
Tcw:
[0.99654686, 0.007613759, -0.082682326, 0.90882045;
 -0.080983952, 0.3089366, -0.9476285, -0.53835994;
 0.018328583, 0.95105219, 0.3084864, 1.6678274;
 0, 0, 0, 1]
Twc:
[0.99654686, -0.080983952, 0.018328583, -0.97984964;
 0.007613759, 0.3089366, 0.95105219, -1.4267912;
 -0.082682326, -0.9476285, 0.3084864, -0.94952381;
 0, 0, 0, 1]
Ow:
[0.90882045;
 -0.53835994;
 1.6678274]
Keyframe: 74 Frame: 546 Frame from vFrameID : 547
Tcw:
[0.99123091, -0.025258757, -0.12970452, 0.92311329;
 -0.11646318, 0.29674986, -0.94782692, -0.53306693;
 0.062430728, 0.95462114, 0.29120591, 1.7234762;
 0, 0, 0, 1]
Twc:
[0.99123091, -0.11646318, 0.062430728, -1.084699;
 -0.025258757, 0.29674986, 0.95462114, -1.4637626;
 -0.12970452, -0.94782692, 0.29120591, -0.88740969;
 0, 0, 0, 1]
Ow:
[0.92311329;
 -0.53306693;
 1.7234762]
Keyframe: 75 Frame: 553 Frame from vFrameID : 554
Tcw:
[0.99035782, -0.022438481, -0.1367036, 0.9265331;
 -0.12363319, 0.30203795, -0.94524491, -0.5457173;
 0.062499534, 0.95303178, 0.29635152, 1.7669282;
 0, 0, 0, 1]
Twc:
[0.99035782, -0.12363319, 0.062499534, -1.0955002;
 -0.022438481, 0.30203795, 0.95303178, -1.4983215;
 -0.1367036, -0.94524491, 0.29635152, -0.91280794;
 0, 0, 0, 1]
Ow:
[0.9265331;
 -0.5457173;
 1.7669282]
Keyframe: 76 Frame: 559 Frame from vFrameID : 560
Tcw:
[0.99507314, -0.0094566513, -0.098691732, 0.93147963;
 -0.092004888, 0.28281558, -0.95475149, -0.54598051;
 0.036940314, 0.95912766, 0.28055212, 1.8143591;
 0, 0, 0, 1]
Twc:
[0.99507314, -0.092004888, 0.036940314, -1.0441462;
 -0.0094566513, 0.28281558, 0.95912766, -1.5769815;
 -0.098691732, -0.95475149, 0.28055212, -0.93836868;
 0, 0, 0, 1]
Ow:
[0.93147963;
 -0.54598051;
 1.8143591]
Keyframe: 77 Frame: 565 Frame from vFrameID : 566
Tcw:
[0.99713534, -0.0028242734, -0.07558506, 0.93036205;
 -0.071433902, 0.29334733, -0.95333338, -0.57014215;
 0.02486515, 0.95600176, 0.29230526, 1.8484831;
 0, 0, 0, 1]
Twc:
[0.99713534, -0.071433902, 0.02486515, -1.0143871;
 -0.0028242734, 0.29334733, 0.95600176, -1.5972759;
 -0.07558506, -0.95333338, 0.29230526, -1.0135354;
 0, 0, 0, 1]
Ow:
[0.93036205;
 -0.57014215;
 1.8484831]
Keyframe: 78 Frame: 572 Frame from vFrameID : 573
Tcw:
[0.99399555, -0.02400603, -0.10675453, 0.96013749;
 -0.095214374, 0.29098302, -0.9519785, -0.55403554;
 0.05391698, 0.95642698, 0.28695011, 1.8912778;
 0, 0, 0, 1]
Twc:
[0.99399555, -0.095214374, 0.05391698, -1.1090965;
 -0.02400603, 0.29098302, 0.95642698, -1.6246052;
 -0.10675453, -0.9519785, 0.28695011, -0.96763331;
 0, 0, 0, 1]
Ow:
[0.96013749;
 -0.55403554;
 1.8912778]
Keyframe: 79 Frame: 578 Frame from vFrameID : 579
Tcw:
[0.99147475, -0.029965803, -0.12680633, 0.97026587;
 -0.11394541, 0.27263856, -0.95534533, -0.57041812;
 0.063199982, 0.96164978, 0.26689976, 1.9179109;
 0, 0, 0, 1]
Twc:
[0.99147475, -0.11394541, 0.063199982, -1.1482027;
 -0.029965803, 0.27263856, 0.96164978, -1.6597658;
 -0.12680633, -0.95534533, 0.26689976, -0.93380046;
 0, 0, 0, 1]
Ow:
[0.97026587;
 -0.57041812;
 1.9179109]
Keyframe: 80 Frame: 585 Frame from vFrameID : 586
Tcw:
[0.99185282, -0.032996647, -0.12304144, 0.97731102;
 -0.10781729, 0.29698971, -0.94877422, -0.56821901;
 0.067848414, 0.95431042, 0.29101247, 1.9571736;
 0, 0, 0, 1]
Twc:
[0.99185282, -0.10781729, 0.067848414, -1.1634036;
 -0.032996647, 0.29698971, 0.95431042, -1.6667478;
 -0.12304144, -0.94877422, 0.29101247, -0.98842371;
 0, 0, 0, 1]
Ow:
[0.97731102;
 -0.56821901;
 1.9571736]
Keyframe: 81 Frame: 592 Frame from vFrameID : 593
Tcw:
[0.99295491, -0.042547844, -0.11059034, 0.9912101;
 -0.093586951, 0.29084086, -0.95218331, -0.57926178;
 0.072677538, 0.95582491, 0.28480995, 1.989241;
 0, 0, 0, 1]
Twc:
[0.99295491, -0.093586951, 0.072677538, -1.1830114;
 -0.042547844, 0.29084086, 0.95582491, -1.6907192;
 -0.11059034, -0.95218331, 0.28480995, -1.0085008;
 0, 0, 0, 1]
Ow:
[0.9912101;
 -0.57926178;
 1.989241]
Keyframe: 82 Frame: 599 Frame from vFrameID : 600
Tcw:
[0.99633199, -0.02988511, -0.080183648, 0.99987102;
 -0.067523584, 0.30103275, -0.95122021, -0.57470381;
 0.052565224, 0.95314538, 0.29791063, 2.0394053;
 0, 0, 0, 1]
Twc:
[0.99633199, -0.067523584, 0.052565224, -1.1422113;
 -0.02988511, 0.30103275, 0.95314538, -1.7409638;
 -0.080183648, -0.95122021, 0.29791063, -1.074057;
 0, 0, 0, 1]
Ow:
[0.99987102;
 -0.57470381;
 2.0394053]
Keyframe: 83 Frame: 607 Frame from vFrameID : 608
Tcw:
[0.99416345, -0.04499637, -0.098052613, 1.0129728;
 -0.079402603, 0.31011003, -0.94737899, -0.58957094;
 0.073035717, 0.94963527, 0.30472723, 2.0577664;
 0, 0, 0, 1]
Twc:
[0.99416345, -0.079402603, 0.073035717, -1.2041644;
 -0.04499637, 0.31011003, 0.94963527, -1.7257156;
 -0.098052613, -0.94737899, 0.30472723, -1.08628;
 0, 0, 0, 1]
Ow:
[1.0129728;
 -0.58957094;
 2.0577664]
Keyframe: 84 Frame: 615 Frame from vFrameID : 616
Tcw:
[0.99143302, -0.051428448, -0.12006544, 1.0247715;
 -0.097778685, 0.31724527, -0.94328934, -0.60396194;
 0.086602099, 0.94694799, 0.30949882, 2.1012182;
 0, 0, 0, 1]
Twc:
[0.99143302, -0.097778685, 0.086602099, -1.2570168;
 -0.051428448, 0.31724527, 0.94694799, -1.745438;
 -0.12006544, -0.94328934, 0.30949882, -1.0969958;
 0, 0, 0, 1]
Ow:
[1.0247715;
 -0.60396194;
 2.1012182]
Keyframe: 85 Frame: 623 Frame from vFrameID : 624
Tcw:
[0.9931587, -0.047964912, -0.1064666, 1.020815;
 -0.087423161, 0.29902756, -0.95023137, -0.5826245;
 0.077414215, 0.95303822, 0.29278857, 2.1789892;
 0, 0, 0, 1]
Twc:
[0.9931587, -0.087423161, 0.077414215, -1.2334511;
 -0.047964912, 0.29902756, 0.95303822, -1.853476;
 -0.1064666, -0.95023137, 0.29278857, -1.0829285;
 0, 0, 0, 1]
Ow:
[1.020815;
 -0.5826245;
 2.1789892]
Keyframe: 86 Frame: 631 Frame from vFrameID : 632
Tcw:
[0.99160832, -0.062497515, -0.11316796, 1.0518023;
 -0.087914236, 0.3158156, -0.94473892, -0.62055469;
 0.094784044, 0.94676006, 0.30767095, 2.2015214;
 0, 0, 0, 1]
Twc:
[0.99160832, -0.087914236, 0.094784044, -1.3062006;
 -0.062497515, 0.3158156, 0.94676006, -1.8225967;
 -0.11316796, -0.94473892, 0.30767095, -1.1445761;
 0, 0, 0, 1]
Ow:
[1.0518023;
 -0.62055469;
 2.2015214]
Keyframe: 87 Frame: 640 Frame from vFrameID : 641
Tcw:
[0.98773438, -0.081747659, -0.13303427, 1.0460223;
 -0.099575989, 0.32648951, -0.93994105, -0.61204052;
 0.12027228, 0.94165915, 0.31434482, 2.2046278;
 0, 0, 0, 1]
Twc:
[0.98773438, -0.099575989, 0.12027228, -1.3592923;
 -0.081747659, 0.32648951, 0.94165915, -1.7906731;
 -0.13303427, -0.93994105, 0.31434482, -1.1291385;
 0, 0, 0, 1]
Ow:
[1.0460223;
 -0.61204052;
 2.2046278]
Keyframe: 88 Frame: 648 Frame from vFrameID : 649
Tcw:
[0.990435, -0.063606918, -0.12244459, 1.0666279;
 -0.095100403, 0.32827476, -0.93978274, -0.62109381;
 0.099972151, 0.94243824, 0.31908578, 2.250901;
 0, 0, 0, 1]
Twc:
[0.990435, -0.095100403, 0.099972151, -1.3405192;
 -0.063606918, 0.32827476, 0.94243824, -1.8496008;
 -0.12244459, -0.93978274, 0.31908578, -1.1713209;
 0, 0, 0, 1]
Ow:
[1.0666279;
 -0.62109381;
 2.250901]
Keyframe: 89 Frame: 655 Frame from vFrameID : 656
Tcw:
[0.99860227, -0.0035540136, -0.052733615, 1.049769;
 -0.049342476, 0.29488158, -0.95425898, -0.60153592;
 0.01894162, 0.95552719, 0.29429406, 2.3288732;
 0, 0, 0, 1]
Twc:
[0.99860227, -0.049342476, 0.01894162, -1.1220958;
 -0.0035540136, 0.29488158, 0.95552719, -2.044189;
 -0.052733615, -0.95425898, 0.29429406, -1.2040365;
 0, 0, 0, 1]
Ow:
[1.049769;
 -0.60153592;
 2.3288732]
Keyframe: 90 Frame: 663 Frame from vFrameID : 664
Tcw:
[0.99971652, 0.0076212767, -0.022557586, 1.0314783;
 -0.023808848, 0.3096526, -0.95055163, -0.57900417;
 -0.00025940174, 0.95081919, 0.30974627, 2.3804452;
 0, 0, 0, 1]
Twc:
[0.99971652, -0.023808848, -0.00025940174, -1.0443537;
 0.0076212767, 0.3096526, 0.95081919, -2.0919442;
 -0.022557586, -0.95055163, 0.30974627, -1.2644397;
 0, 0, 0, 1]
Ow:
[1.0314783;
 -0.57900417;
 2.3804452]
Keyframe: 91 Frame: 671 Frame from vFrameID : 672
Tcw:
[0.99687946, -0.040484898, -0.067766264, 1.0192504;
 -0.05126984, 0.32069126, -0.94579518, -0.58181804;
 0.060022466, 0.94631815, 0.31761488, 2.4164033;
 0, 0, 0, 1]
Twc:
[0.99687946, -0.05126984, 0.060022466, -1.190938;
 -0.040484898, 0.32069126, 0.94631815, -2.0588381;
 -0.067766264, -0.94579518, 0.31761488, -1.2486956;
 0, 0, 0, 1]
Ow:
[1.0192504;
 -0.58181804;
 2.4164033]
Keyframe: 92 Frame: 678 Frame from vFrameID : 679
Tcw:
[0.99686646, -0.034049958, -0.071399063, 1.0341401;
 -0.055465531, 0.34266397, -0.93781924, -0.58985502;
 0.056398593, 0.93884081, 0.33970162, 2.4394834;
 0, 0, 0, 1]
Twc:
[0.99686646, -0.055465531, 0.056398593, -1.2011997;
 -0.034049958, 0.34266397, 0.93884081, -2.0529521;
 -0.071399063, -0.93781924, 0.33970162, -1.3080373;
 0, 0, 0, 1]
Ow:
[1.0341401;
 -0.58985502;
 2.4394834]
Keyframe: 93 Frame: 686 Frame from vFrameID : 687
Tcw:
[0.99714923, -0.038465861, -0.064913593, 1.0611428;
 -0.048752457, 0.32817096, -0.94335943, -0.46890742;
 0.057589889, 0.94383484, 0.32536012, 2.5089631;
 0, 0, 0, 1]
Twc:
[0.99714923, -0.048752457, 0.057589889, -1.2254691;
 -0.038465861, 0.32817096, 0.94383484, -2.1733475;
 -0.064913593, -0.94335943, 0.32536012, -1.1897823;
 0, 0, 0, 1]
Ow:
[1.0611428;
 -0.46890742;
 2.5089631]
Keyframe: 94 Frame: 694 Frame from vFrameID : 695
Tcw:
[0.9969191, -0.022743732, -0.075066537, 1.0620477;
 -0.064971358, 0.29672155, -0.95275128, -0.43697703;
 0.043942977, 0.95469314, 0.2943297, 2.6153085;
 0, 0, 0, 1]
Twc:
[0.9969191, -0.064971358, 0.043942977, -1.2020911;
 -0.022743732, 0.29672155, 0.95469314, -2.3430016;
 -0.075066537, -0.95275128, 0.2943297, -1.1063691;
 0, 0, 0, 1]
Ow:
[1.0620477;
 -0.43697703;
 2.6153085]
Keyframe: 95 Frame: 701 Frame from vFrameID : 702
Tcw:
[0.99199688, -0.036440481, -0.1208897, 1.0892863;
 -0.10396799, 0.30753019, -0.94584131, -0.47660673;
 0.071644142, 0.95084029, 0.30128035, 2.6502814;
 0, 0, 0, 1]
Twc:
[0.99199688, -0.10396799, 0.071644142, -1.3199975;
 -0.036440481, 0.30753019, 0.95084029, -2.3337293;
 -0.1208897, -0.94584131, 0.30128035, -1.1175885;
 0, 0, 0, 1]
Ow:
[1.0892863;
 -0.47660673;
 2.6502814]
Keyframe: 96 Frame: 706 Frame from vFrameID : 707
Tcw:
[0.9930377, -0.027681032, -0.11449867, 1.0990458;
 -0.10072793, 0.30441239, -0.94719952, -0.5103597;
 0.061074276, 0.95213807, 0.29950473, 2.6721942;
 0, 0, 0, 1]
Twc:
[0.9930377, -0.10072793, 0.061074276, -1.3060037;
 -0.027681032, 0.30441239, 0.95213807, -2.3585153;
 -0.11449867, -0.94719952, 0.29950473, -1.157908;
 0, 0, 0, 1]
Ow:
[1.0990458;
 -0.5103597;
 2.6721942]
Keyframe: 97 Frame: 710 Frame from vFrameID : 711
Tcw:
[0.99777991, -0.022406958, -0.06271489, 1.0461066;
 -0.052793346, 0.30792207, -0.94994569, -0.53656512;
 0.04059669, 0.95114768, 0.30605552, 2.6684277;
 0, 0, 0, 1]
Twc:
[0.99777991, -0.052793346, 0.04059669, -1.1804405;
 -0.022406958, 0.30792207, 0.95114768, -2.3494086;
 -0.06271489, -0.94994569, 0.30605552, -1.2607883;
 0, 0, 0, 1]
Ow:
[1.0461066;
 -0.53656512;
 2.6684277]
Keyframe: 98 Frame: 714 Frame from vFrameID : 715
Tcw:
[0.99928594, 0.0026511261, -0.037690002, 1.0423814;
 -0.036951121, 0.27676004, -0.96022832, -0.54257083;
 0.0078854011, 0.96093541, 0.27666038, 2.7057281;
 0, 0, 0, 1]
Twc:
[0.99928594, -0.036951121, 0.0078854011, -1.0830214;
 0.0026511261, 0.27676004, 0.96093541, -2.4526315;
 -0.037690002, -0.96022832, 0.27666038, -1.2302724;
 0, 0, 0, 1]
Ow:
[1.0423814;
 -0.54257083;
 2.7057281]
Keyframe: 99 Frame: 719 Frame from vFrameID : 720
Tcw:
[0.99875891, 0.012956837, -0.04809133, 1.0776983;
 -0.049755603, 0.30306229, -0.95167094, -0.52098298;
 0.0022440222, 0.95288265, 0.30333084, 2.7392721;
 0, 0, 0, 1]
Twc:
[0.99875891, -0.049755603, 0.0022440222, -1.1084297;
 0.012956837, 0.30306229, 0.95288265, -2.4662781;
 -0.04809133, -0.95167094, 0.30333084, -1.2748821;
 0, 0, 0, 1]
Ow:
[1.0776983;
 -0.52098298;
 2.7392721]
Keyframe: 100 Frame: 723 Frame from vFrameID : 724
Tcw:
[0.99820095, -0.00089990773, -0.059950091, 1.0884585;
 -0.056866039, 0.30268282, -0.95139337, -0.51531941;
 0.01900203, 0.95309091, 0.3020871, 2.7614486;
 0, 0, 0, 1]
Twc:
[0.99820095, -0.056866039, 0.01900203, -1.1682776;
 -0.00089990773, 0.30268282, 0.95309091, -2.4749539;
 -0.059950091, -0.95139337, 0.3020871, -1.2592163;
 0, 0, 0, 1]
Ow:
[1.0884585;
 -0.51531941;
 2.7614486]
Keyframe: 101 Frame: 729 Frame from vFrameID : 730
Tcw:
[0.99728638, -0.019382928, -0.071022697, 1.1002949;
 -0.063692272, 0.25666249, -0.96440017, -0.52398574;
 0.036921762, 0.96630675, 0.25473145, 2.7964129;
 0, 0, 0, 1]
Twc:
[0.99728638, -0.063692272, 0.036921762, -1.2339314;
 -0.019382928, 0.25666249, 0.96630675, -2.5463781;
 -0.071022697, -0.96440017, 0.25473145, -1.1395203;
 0, 0, 0, 1]
Ow:
[1.1002949;
 -0.52398574;
 2.7964129]
Keyframe: 102 Frame: 734 Frame from vFrameID : 735
Tcw:
[0.99697798, -0.0001655587, -0.077684157, 1.10409;
 -0.074625932, 0.27578792, -0.95831728, -0.53733826;
 0.02158301, 0.96121848, 0.27494213, 2.819222;
 0, 0, 0, 1]
Twc:
[0.99697798, -0.074625932, 0.02158301, -1.2017001;
 -0.0001655587, 0.27578792, 0.96121848, -2.5615141;
 -0.077684157, -0.95831728, 0.27494213, -1.2042931;
 0, 0, 0, 1]
Ow:
[1.10409;
 -0.53733826;
 2.819222]
Keyframe: 103 Frame: 740 Frame from vFrameID : 741
Tcw:
[0.99524629, 0.021978524, -0.094877698, 1.1198447;
 -0.097248852, 0.27672657, -0.95601517, -0.55978137;
 0.0052433782, 0.96069729, 0.27754849, 2.8412342;
 0, 0, 0, 1]
Twc:
[0.99524629, -0.097248852, 0.0052433782, -1.1838571;
 0.021978524, 0.27672657, 0.96069729, -2.5992723;
 -0.094877698, -0.95601517, 0.27754849, -1.2174915;
 0, 0, 0, 1]
Ow:
[1.1198447;
 -0.55978137;
 2.8412342]
Keyframe: 104 Frame: 747 Frame from vFrameID : 748
Tcw:
[0.99858361, 0.023185657, -0.047886841, 1.1017398;
 -0.052110378, 0.24462046, -0.96821761, -0.5457288;
 -0.010734661, 0.96934164, 0.24548221, 2.8833914;
 0, 0, 0, 1]
Twc:
[0.99858361, -0.052110378, -0.010734661, -1.0976652;
 0.023185657, 0.24462046, 0.96934164, -2.6870396;
 -0.047886841, -0.96821761, 0.24548221, -1.1834468;
 0, 0, 0, 1]
Ow:
[1.1017398;
 -0.5457288;
 2.8833914]
Keyframe: 105 Frame: 753 Frame from vFrameID : 754
Tcw:
[0.99959034, 0.009020376, -0.027162589, 1.0809795;
 -0.028592654, 0.2723394, -0.96177632, -0.58017123;
 -0.0012781403, 0.96215898, 0.27248576, 2.9112473;
 0, 0, 0, 1]
Twc:
[0.99959034, -0.028592654, -0.0012781403, -1.0934043;
 0.009020376, 0.2723394, 0.96215898, -2.6528301;
 -0.027162589, -0.96177632, 0.27248576, -1.3219062;
 0, 0, 0, 1]
Ow:
[1.0809795;
 -0.58017123;
 2.9112473]
Keyframe: 106 Frame: 760 Frame from vFrameID : 761
Tcw:
[0.99760014, -0.0078950953, -0.068787076, 1.1021242;
 -0.064640701, 0.24980016, -0.96613741, -0.58567888;
 0.024810769, 0.96826524, 0.24869032, 2.9696422;
 0, 0, 0, 1]
Twc:
[0.99760014, -0.064640701, 0.024810769, -1.2110171;
 -0.0078950953, 0.24980016, 0.96826524, -2.7203972;
 -0.068787076, -0.96613741, 0.24869032, -1.2285557;
 0, 0, 0, 1]
Ow:
[1.1021242;
 -0.58567888;
 2.9696422]
Keyframe: 107 Frame: 766 Frame from vFrameID : 767
Tcw:
[0.99635261, -0.014566122, -0.084079258, 1.0774459;
 -0.076801747, 0.27633891, -0.95798659, -0.60093254;
 0.037188519, 0.96094984, 0.2742123, 2.9800687;
 0, 0, 0, 1]
Twc:
[0.99635261, -0.076801747, 0.037188519, -1.2304929;
 -0.014566122, 0.27633891, 0.96094984, -2.6819413;
 -0.084079258, -0.95798659, 0.2742123, -1.3022659;
 0, 0, 0, 1]
Ow:
[1.0774459;
 -0.60093254;
 2.9800687]
Keyframe: 108 Frame: 772 Frame from vFrameID : 773
Tcw:
[0.99583739, -0.013753017, -0.090103969, 1.0631475;
 -0.082652383, 0.2804842, -0.95629346, -0.61900389;
 0.03842466, 0.95976013, 0.27817991, 2.9997694;
 0, 0, 0, 1]
Twc:
[0.99583739, -0.082652383, 0.03842466, -1.2251493;
 -0.013753017, 0.2804842, 0.95976013, -2.6908166;
 -0.090103969, -0.95629346, 0.27817991, -1.3306313;
 0, 0, 0, 1]
Ow:
[1.0631475;
 -0.61900389;
 2.9997694]
Keyframe: 109 Frame: 779 Frame from vFrameID : 780
Tcw:
[0.99879247, 0.0012451352, -0.049112484, 1.0819921;
 -0.047573406, 0.27402481, -0.96054524, -0.63048995;
 0.01226203, 0.96172184, 0.27375314, 3.0378296;
 0, 0, 0, 1]
Twc:
[0.99879247, -0.047573406, 0.01226203, -1.1479301;
 0.0012451352, 0.27402481, 0.96172184, -2.7501242;
 -0.049112484, -0.96054524, 0.27375314, -1.3840902;
 0, 0, 0, 1]
Ow:
[1.0819921;
 -0.63048995;
 3.0378296]
Keyframe: 110 Frame: 786 Frame from vFrameID : 787
Tcw:
[0.99948877, 0.011985505, -0.029639628, 1.105814;
 -0.031843055, 0.29025814, -0.95641845, -0.65291005;
 -0.0028600148, 0.9568733, 0.2904914, 3.0707765;
 0, 0, 0, 1]
Twc:
[0.99948877, -0.031843055, -0.0028600148, -1.1172568;
 0.011985505, 0.29025814, 0.9568733, -2.7620854;
 -0.029639628, -0.95641845, 0.2904914, -1.4837135;
 0, 0, 0, 1]
Ow:
[1.105814;
 -0.65291005;
 3.0707765]
Keyframe: 111 Frame: 794 Frame from vFrameID : 795
Tcw:
[0.99647802, -0.0092919059, -0.083338104, 1.1276672;
 -0.077898063, 0.26530734, -0.96101195, -0.65372181;
 0.031039843, 0.96411914, 0.26364911, 3.1177993;
 0, 0, 0, 1]
Twc:
[0.99647802, -0.077898063, 0.031039843, -1.2713952;
 -0.0092919059, 0.26530734, 0.96411914, -2.8220146;
 -0.083338104, -0.96101195, 0.26364911, -1.3562617;
 0, 0, 0, 1]
Ow:
[1.1276672;
 -0.65372181;
 3.1177993]
Keyframe: 112 Frame: 802 Frame from vFrameID : 803
Tcw:
[0.99549621, -0.020172061, -0.092630096, 1.1460544;
 -0.0829041, 0.2886661, -0.95383376, -0.67670983;
 0.045979962, 0.95721734, 0.28569368, 3.1450622;
 0, 0, 0, 1]
Twc:
[0.99549621, -0.0829041, 0.045979962, -1.3416047;
 -0.020172061, 0.2886661, 0.95721734, -2.7920465;
 -0.092630096, -0.95383376, 0.28569368, -1.4378339;
 0, 0, 0, 1]
Ow:
[1.1460544;
 -0.67670983;
 3.1450622]
Keyframe: 113 Frame: 810 Frame from vFrameID : 811
Tcw:
[0.99928457, -0.00013745094, -0.037819784, 1.1407175;
 -0.036525715, 0.25586504, -0.96602225, -0.70834351;
 0.0098095415, 0.96671247, 0.25567695, 3.1776521;
 0, 0, 0, 1]
Twc:
[0.99928457, -0.036525715, 0.0098095415, -1.1969454;
 -0.00013745094, 0.25586504, 0.96671247, -2.8904791;
 -0.037819784, -0.96602225, 0.25567695, -1.4535863;
 0, 0, 0, 1]
Ow:
[1.1407175;
 -0.70834351;
 3.1776521]
Keyframe: 114 Frame: 818 Frame from vFrameID : 819
Tcw:
[0.99971002, 0.022276664, 0.0091431038, 1.1463633;
 0.0024529966, 0.28350937, -0.95896631, -0.72603995;
 -0.023954727, 0.95871067, 0.28337252, 3.2054706;
 0, 0, 0, 1]
Twc:
[0.99971002, 0.0024529966, -0.023954727, -1.0674638;
 0.022276664, 0.28350937, 0.95871067, -2.892817;
 0.0091431038, -0.95896631, 0.28337252, -1.6150715;
 0, 0, 0, 1]
Ow:
[1.1463633;
 -0.72603995;
 3.2054706]
Keyframe: 115 Frame: 827 Frame from vFrameID : 828
Tcw:
[0.99769616, -0.017886054, -0.065440632, 1.1858982;
 -0.05796865, 0.27634344, -0.9593091, -0.72624749;
 0.035242341, 0.9608925, 0.27466995, 3.2434733;
 0, 0, 0, 1]
Twc:
[0.99769616, -0.05796865, 0.035242341, -1.3395733;
 -0.017886054, 0.27634344, 0.9608925, -2.8947244;
 -0.065440632, -0.9593091, 0.27466995, -1.5099746;
 0, 0, 0, 1]
Ow:
[1.1858982;
 -0.72624749;
 3.2434733]
Keyframe: 116 Frame: 836 Frame from vFrameID : 837
Tcw:
[0.99661952, -0.015329776, -0.080712564, 1.1991676;
 -0.072257981, 0.30393046, -0.94995004, -0.74026704;
 0.039093528, 0.95257086, 0.30179533, 3.2737229;
 0, 0, 0, 1]
Twc:
[0.99661952, -0.072257981, 0.039093528, -1.3765855;
 -0.015329776, 0.30393046, 0.95257086, -2.8750803;
 -0.080712564, -0.94995004, 0.30179533, -1.5944231;
 0, 0, 0, 1]
Ow:
[1.1991676;
 -0.74026704;
 3.2737229]
Keyframe: 117 Frame: 844 Frame from vFrameID : 845
Tcw:
[0.99972093, -0.012575271, -0.019998048, 1.2188849;
 -0.015312257, 0.29967651, -0.95391798, -0.75607461;
 0.017988723, 0.95395797, 0.29940033, 3.2993741;
 0, 0, 0, 1]
Twc:
[0.99972093, -0.015312257, 0.017988723, -1.2894737;
 -0.012575271, 0.29967651, 0.95395797, -2.9055588;
 -0.019998048, -0.95391798, 0.29940033, -1.6846915;
 0, 0, 0, 1]
Ow:
[1.2188849;
 -0.75607461;
 3.2993741]
Keyframe: 118 Frame: 852 Frame from vFrameID : 853
Tcw:
[0.9999308, 0.0071216933, -0.0093662124, 1.2365003;
 -0.011151574, 0.31968698, -0.94745761, -0.75892729;
 -0.0037532463, 0.94749647, 0.31974426, 3.3181858;
 0, 0, 0, 1]
Twc:
[0.9999308, -0.011151574, -0.0037532463, -1.2324238;
 0.0071216933, 0.31968698, 0.94749647, -2.910156;
 -0.0093662124, -0.94745761, 0.31974426, -1.768441;
 0, 0, 0, 1]
Ow:
[1.2365003;
 -0.75892729;
 3.3181858]
Keyframe: 119 Frame: 861 Frame from vFrameID : 862
Tcw:
[0.99652779, -0.033963211, -0.076018669, 1.2574253;
 -0.061589725, 0.31368759, -0.94752669, -0.76141971;
 0.056027163, 0.94891864, 0.31050664, 3.3407815;
 0, 0, 0, 1]
Twc:
[0.99652779, -0.061589725, 0.056027163, -1.4871294;
 -0.033963211, 0.31368759, 0.94891864, -2.8885756;
 -0.076018669, -0.94752669, 0.31050664, -1.6632124;
 0, 0, 0, 1]
Ow:
[1.2574253;
 -0.76141971;
 3.3407815]
Keyframe: 120 Frame: 869 Frame from vFrameID : 870
Tcw:
[0.99390799, -0.045047138, -0.10058651, 1.2616416;
 -0.080097921, 0.33166343, -0.93999135, -0.76564491;
 0.075704783, 0.94232166, 0.32603475, 3.3621361;
 0, 0, 0, 1]
Twc:
[0.99390799, -0.080097921, 0.075704783, -1.5698121;
 -0.045047138, 0.33166343, 0.94232166, -2.8574438;
 -0.10058651, -0.93999135, 0.32603475, -1.6889685;
 0, 0, 0, 1]
Ow:
[1.2616416;
 -0.76564491;
 3.3621361]
Keyframe: 121 Frame: 877 Frame from vFrameID : 878
Tcw:
[0.9972868, -0.0051651071, -0.073432341, 1.2625955;
 -0.068287432, 0.3076317, -0.94905192, -0.76882708;
 0.027492072, 0.95149148, 0.30644432, 3.392957;
 0, 0, 0, 1]
Twc:
[0.9972868, -0.068287432, 0.027492072, -1.4049506;
 -0.0051651071, 0.3076317, 0.95149148, -2.9853327;
 -0.073432341, -0.94905192, 0.30644432, -1.6766939;
 0, 0, 0, 1]
Ow:
[1.2625955;
 -0.76882708;
 3.392957]
Keyframe: 122 Frame: 885 Frame from vFrameID : 886
Tcw:
[0.99916571, 0.011863446, -0.039078161, 1.2698567;
 -0.040795911, 0.33401135, -0.9416858, -0.77939761;
 0.001880912, 0.94249439, 0.33421668, 3.4090624;
 0, 0, 0, 1]
Twc:
[0.99916571, -0.040795911, 0.001880912, -1.3070056;
 0.011863446, 0.33401135, 0.94249439, -2.9677596;
 -0.039078161, -0.9416858, 0.33421668, -1.8236895;
 0, 0, 0, 1]
Ow:
[1.2698567;
 -0.77939761;
 3.4090624]
Keyframe: 123 Frame: 894 Frame from vFrameID : 895
Tcw:
[0.99377275, -0.042665754, -0.10293366, 1.292347;
 -0.084339783, 0.31568423, -0.94510859, -0.72567993;
 0.072818302, 0.94790459, 0.31011996, 3.4593663;
 0, 0, 0, 1]
Twc:
[0.99377275, -0.084339783, 0.072818302, -1.5974081;
 -0.042665754, 0.31568423, 0.94790459, -2.9949245;
 -0.10293366, -0.94510859, 0.31011996, -1.625639;
 0, 0, 0, 1]
Ow:
[1.292347;
 -0.72567993;
 3.4593663]
Keyframe: 124 Frame: 902 Frame from vFrameID : 903
Tcw:
[0.99356204, -0.031625103, -0.10878588, 1.2892853;
 -0.091783814, 0.33818582, -0.93659282, -0.74169362;
 0.066409685, 0.94054782, 0.33310589, 3.4865661;
 0, 0, 0, 1]
Twc:
[0.99356204, -0.091783814, 0.066409685, -1.580602;
 -0.031625103, 0.33818582, 0.94054782, -2.9876781;
 -0.10878588, -0.93659282, 0.33310589, -1.7158047;
 0, 0, 0, 1]
Ow:
[1.2892853;
 -0.74169362;
 3.4865661]
Keyframe: 125 Frame: 910 Frame from vFrameID : 911
Tcw:
[0.99919653, 0.0085591944, -0.039153662, 1.2946366;
 -0.039751448, 0.33616009, -0.94096559, -0.74981463;
 0.0051079914, 0.94176596, 0.33623025, 3.509634;
 0, 0, 0, 1]
Twc:
[0.99919653, -0.039751448, 0.0051079914, -1.3413299;
 0.0085591944, 0.33616009, 0.94176596, -3.0642774;
 -0.039153662, -0.94096559, 0.33623025, -1.8349051;
 0, 0, 0, 1]
Ow:
[1.2946366;
 -0.74981463;
 3.509634]
Keyframe: 126 Frame: 918 Frame from vFrameID : 919
Tcw:
[0.99936545, 0.034296762, -0.0096145682, 1.2943132;
 -0.021399064, 0.36232489, -0.93180621, -0.75535762;
 -0.028474338, 0.93142062, 0.36282888, 3.5340691;
 0, 0, 0, 1]
Twc:
[0.99936545, -0.021399064, -0.028474338, -1.2090256;
 0.034296762, 0.36232489, 0.93142062, -3.0624108;
 -0.0096145682, -0.93180621, 0.36282888, -1.973665;
 0, 0, 0, 1]
Ow:
[1.2943132;
 -0.75535762;
 3.5340691]
Keyframe: 127 Frame: 926 Frame from vFrameID : 927
Tcw:
[0.99645245, -0.016157093, -0.082591832, 1.3153719;
 -0.072119854, 0.34184647, -0.93698436, -0.74182564;
 0.043372668, 0.93961692, 0.33946851, 3.5618758;
 0, 0, 0, 1]
Twc:
[0.99645245, -0.072119854, 0.043372668, -1.518694;
 -0.016157093, 0.34184647, 0.93961692, -3.0719557;
 -0.082591832, -0.93698436, 0.33946851, -1.7955847;
 0, 0, 0, 1]
Ow:
[1.3153719;
 -0.74182564;
 3.5618758]
Keyframe: 128 Frame: 935 Frame from vFrameID : 936
Tcw:
[0.99450839, -0.029740863, -0.10034225, 1.3228309;
 -0.082987659, 0.36007011, -0.92922688, -0.7331602;
 0.063766256, 0.93245107, 0.35562462, 3.6102087;
 0, 0, 0, 1]
Twc:
[0.99450839, -0.082987659, 0.063766256, -1.6066191;
 -0.029740863, 0.36007011, 0.93245107, -3.0630119;
 -0.10034225, -0.92922688, 0.35562462, -1.8324155;
 0, 0, 0, 1]
Ow:
[1.3228309;
 -0.7331602;
 3.6102087]
Keyframe: 129 Frame: 943 Frame from vFrameID : 944
Tcw:
[0.99738365, -0.038167056, -0.061393417, 1.335547;
 -0.045175437, 0.33393735, -0.94151211, -0.74406564;
 0.0564363, 0.94182223, 0.33133945, 3.6394782;
 0, 0, 0, 1]
Twc:
[0.99738365, -0.045175437, 0.0564363, -1.5710648;
 -0.038167056, 0.33393735, 0.94182223, -3.1282964;
 -0.061393417, -0.94151211, 0.33133945, -1.8244556;
 0, 0, 0, 1]
Ow:
[1.335547;
 -0.74406564;
 3.6394782]
Keyframe: 130 Frame: 952 Frame from vFrameID : 953
Tcw:
[0.99784678, -0.039094679, -0.052663457, 1.3446491;
 -0.03642555, 0.33740959, -0.94065297, -0.74973714;
 0.054543678, 0.9405458, 0.33525902, 3.6796069;
 0, 0, 0, 1]
Twc:
[0.99784678, -0.03642555, 0.054543678, -1.5697626;
 -0.039094679, 0.33740959, 0.9405458, -3.1553016;
 -0.052663457, -0.94065297, 0.33525902, -1.8680499;
 0, 0, 0, 1]
Ow:
[1.3446491;
 -0.74973714;
 3.6796069]
Keyframe: 131 Frame: 961 Frame from vFrameID : 962
Tcw:
[0.99116629, -0.079655252, -0.10603946, 1.3806694;
 -0.073836505, 0.33275229, -0.94011921, -0.74612093;
 0.1101703, 0.93964404, 0.3239314, 3.7218184;
 0, 0, 0, 1]
Twc:
[0.99116629, -0.073836505, 0.1101703, -1.8335978;
 -0.079655252, 0.33275229, 0.93964404, -3.1389337;
 -0.10603946, -0.94011921, 0.3239314, -1.760651;
 0, 0, 0, 1]
Ow:
[1.3806694;
 -0.74612093;
 3.7218184]
Keyframe: 132 Frame: 971 Frame from vFrameID : 972
Tcw:
[0.99435747, -0.063163064, -0.085226826, 1.3676115;
 -0.059983842, 0.32785508, -0.9428218, -0.74775231;
 0.087493569, 0.9426142, 0.32221639, 3.7762718;
 0, 0, 0, 1]
Twc:
[0.99435747, -0.059983842, 0.087493569, -1.7351474;
 -0.063163064, 0.32785508, 0.9426142, -3.2280302;
 -0.085226826, -0.9428218, 0.32221639, -1.8052167;
 0, 0, 0, 1]
Ow:
[1.3676115;
 -0.74775231;
 3.7762718]
Keyframe: 133 Frame: 981 Frame from vFrameID : 982
Tcw:
[0.99789268, -0.050481901, -0.040764716, 1.3610802;
 -0.021645373, 0.33327401, -0.94258153, -0.76273167;
 0.061169125, 0.94147754, 0.33147901, 3.8035166;
 0, 0, 0, 1]
Twc:
[0.99789268, -0.021645373, 0.061169125, -1.6073793;
 -0.050481901, 0.33327401, 0.94147754, -3.2580171;
 -0.040764716, -0.94258153, 0.33147901, -1.9242387;
 0, 0, 0, 1]
Ow:
[1.3610802;
 -0.76273167;
 3.8035166]
Keyframe: 134 Frame: 991 Frame from vFrameID : 992
Tcw:
[0.99587703, -0.054746792, -0.072330922, 1.361207;
 -0.050060485, 0.33327153, -0.94150096, -0.76912415;
 0.075649992, 0.94124007, 0.32915682, 3.8351533;
 0, 0, 0, 1]
Twc:
[0.99587703, -0.050060485, 0.075649992, -1.6842268;
 -0.054746792, 0.33327153, 0.94124007, -3.2789509;
 -0.072330922, -0.94150096, 0.32915682, -1.8880405;
 0, 0, 0, 1]
Ow:
[1.361207;
 -0.76912415;
 3.8351533]
Keyframe: 135 Frame: 1001 Frame from vFrameID : 1002
Tcw:
[0.99639934, -0.061340977, -0.058528677, 1.3524727;
 -0.033268731, 0.35208708, -0.93537581, -0.77007425;
 0.077984057, 0.93395501, 0.34877861, 3.8914144;
 0, 0, 0, 1]
Twc:
[0.99639934, -0.033268731, 0.077984057, -1.6766906;
 -0.061340977, 0.35208708, 0.93395501, -3.2803109;
 -0.058528677, -0.93537581, 0.34877861, -1.9983925;
 0, 0, 0, 1]
Ow:
[1.3524727;
 -0.77007425;
 3.8914144]
Keyframe: 136 Frame: 1011 Frame from vFrameID : 1012
Tcw:
[0.99941403, -0.033838693, -0.0051564146, 1.3666321;
 0.0071144532, 0.35270789, -0.93570644, -0.78521872;
 0.033481792, 0.93512142, 0.35274196, 3.9200547;
 0, 0, 0, 1]
Twc:
[0.99941403, 0.0071144532, 0.033481792, -1.4914953;
 -0.033838693, 0.35270789, 0.93512142, -3.3425293;
 -0.0051564146, -0.93570644, 0.35274196, -2.110455;
 0, 0, 0, 1]
Ow:
[1.3666321;
 -0.78521872;
 3.9200547]
Keyframe: 137 Frame: 1019 Frame from vFrameID : 1020
Tcw:
[0.99758697, -0.050020315, -0.04814776, 1.3840052;
 -0.028346028, 0.33961836, -0.94013608, -0.77481878;
 0.063377768, 0.93923229, 0.33738098, 3.9662461;
 0, 0, 0, 1]
Twc:
[0.99758697, -0.028346028, 0.063377768, -1.6540004;
 -0.050020315, 0.33961836, 0.93923229, -3.3928554;
 -0.04814776, -0.94013608, 0.33738098, -1.9999343;
 0, 0, 0, 1]
Ow:
[1.3840052;
 -0.77481878;
 3.9662461]
Keyframe: 138 Frame: 1029 Frame from vFrameID : 1030
Tcw:
[0.99518305, -0.059309572, -0.078057997, 1.4025453;
 -0.054099087, 0.33177, -0.94180781, -0.78068423;
 0.081755519, 0.94149405, 0.32696331, 4.0176764;
 0, 0, 0, 1]
Twc:
[0.99518305, -0.054099087, 0.081755519, -1.7664908;
 -0.059309572, 0.33177, 0.94149405, -3.4404261;
 -0.078057997, -0.94180781, 0.32696331, -1.9394071;
 0, 0, 0, 1]
Ow:
[1.4025453;
 -0.78068423;
 4.0176764]
Keyframe: 139 Frame: 1038 Frame from vFrameID : 1039
Tcw:
[0.99882716, -0.046990871, -0.011667052, 1.3828771;
 0.0028507656, 0.29762596, -0.9546783, -0.78754902;
 0.048333585, 0.95352536, 0.29741088, 4.0856471;
 0, 0, 0, 1]
Twc:
[0.99882716, 0.0028507656, 0.048333585, -1.5764841;
 -0.046990871, 0.29762596, 0.95352536, -3.5963907;
 -0.011667052, -0.9546783, 0.29741088, -1.9508377;
 0, 0, 0, 1]
Ow:
[1.3828771;
 -0.78754902;
 4.0856471]
Keyframe: 140 Frame: 1046 Frame from vFrameID : 1047
Tcw:
[0.99965477, -0.025167199, -0.0075505879, 1.3954275;
 0.0010118461, 0.32402188, -0.94604903, -0.78134477;
 0.02625596, 0.94571477, 0.32393548, 4.1277728;
 0, 0, 0, 1]
Twc:
[0.99965477, 0.0010118461, 0.02625596, -1.5025337;
 -0.025167199, 0.32402188, 0.94571477, -3.6154039;
 -0.0075505879, -0.94604903, 0.32393548, -2.0657861;
 0, 0, 0, 1]
Ow:
[1.3954275;
 -0.78134477;
 4.1277728]
Keyframe: 141 Frame: 1054 Frame from vFrameID : 1055
Tcw:
[0.99815255, -0.044883907, -0.040950574, 1.4196318;
 -0.025116371, 0.30889443, -0.95076466, -0.76391494;
 0.055323437, 0.95003664, 0.30719644, 4.1655526;
 0, 0, 0, 1]
Twc:
[0.99815255, -0.025116371, 0.055323437, -1.6666485;
 -0.044883907, 0.30889443, 0.95003664, -3.6577399;
 -0.040950574, -0.95076466, 0.30719644, -1.9478114;
 0, 0, 0, 1]
Ow:
[1.4196318;
 -0.76391494;
 4.1655526]
Keyframe: 142 Frame: 1062 Frame from vFrameID : 1063
Tcw:
[0.99827909, -0.034403343, -0.047489312, 1.4251447;
 -0.034042064, 0.31941721, -0.94700253, -0.78093541;
 0.047748957, 0.94698948, 0.31769636, 4.2042866;
 0, 0, 0, 1]
Twc:
[0.99827909, -0.034042064, 0.047748957, -1.6500272;
 -0.034403343, 0.31941721, 0.94698948, -3.6829412;
 -0.047489312, -0.94700253, 0.31769636, -2.0075552;
 0, 0, 0, 1]
Ow:
[1.4251447;
 -0.78093541;
 4.2042866]
Keyframe: 143 Frame: 1072 Frame from vFrameID : 1073
Tcw:
[0.99915892, -0.03262518, -0.024840996, 1.4389709;
 -0.013534178, 0.30946583, -0.95081425, -0.78134847;
 0.038707923, 0.9503507, 0.30876398, 4.2335954;
 0, 0, 0, 1]
Twc:
[0.99915892, -0.013534178, 0.038707923, -1.6122092;
 -0.03262518, 0.30946583, 0.9503507, -3.7346532;
 -0.024840996, -0.95081425, 0.30876398, -2.0143535;
 0, 0, 0, 1]
Ow:
[1.4389709;
 -0.78134847;
 4.2335954]
Keyframe: 144 Frame: 1081 Frame from vFrameID : 1082
Tcw:
[0.99681324, -0.03396393, -0.072178811, 1.4606757;
 -0.058138512, 0.31021807, -0.94888604, -0.75114679;
 0.054619066, 0.95005852, 0.30725485, 4.270093;
 0, 0, 0, 1]
Twc:
[0.99681324, -0.058138512, 0.054619066, -1.7329199;
 -0.03396393, 0.31021807, 0.95005852, -3.7742085;
 -0.072178811, -0.94888604, 0.30725485, -1.9193296;
 0, 0, 0, 1]
Ow:
[1.4606757;
 -0.75114679;
 4.270093]
Keyframe: 145 Frame: 1089 Frame from vFrameID : 1090
Tcw:
[0.99389726, -0.053423747, -0.096509971, 1.4725183;
 -0.074961595, 0.31474352, -0.94621205, -0.77363658;
 0.080926083, 0.94767213, 0.30881798, 4.2921524;
 0, 0, 0, 1]
Twc:
[0.99389726, -0.074961595, 0.080926083, -1.8688719;
 -0.053423747, 0.31474352, 0.94767213, -3.7453883;
 -0.096509971, -0.94621205, 0.30881798, -1.9154053;
 0, 0, 0, 1]
Ow:
[1.4725183;
 -0.77363658;
 4.2921524]
Keyframe: 146 Frame: 1097 Frame from vFrameID : 1098
Tcw:
[0.9980213, -0.028170174, -0.056213658, 1.4692779;
 -0.045173779, 0.3006278, -0.95267111, -0.78117681;
 0.043736301, 0.95332545, 0.29876038, 4.3150558;
 0, 0, 0, 1]
Twc:
[0.9980213, -0.045173779, 0.043736301, -1.6903838;
 -0.028170174, 0.3006278, 0.95332545, -3.837419;
 -0.056213658, -0.95267111, 0.29876038, -1.9507787;
 0, 0, 0, 1]
Ow:
[1.4692779;
 -0.78117681;
 4.3150558]
Keyframe: 147 Frame: 1105 Frame from vFrameID : 1106
Tcw:
[0.99984384, -0.011618929, -0.013314197, 1.4764955;
 -0.0088795116, 0.32107708, -0.94701141, -0.76881397;
 0.015278142, 0.94698179, 0.32092378, 4.3438158;
 0, 0, 0, 1]
Twc:
[0.99984384, -0.0088795116, 0.015278142, -1.5494572;
 -0.011618929, 0.32107708, 0.94698179, -3.8495104;
 -0.013314197, -0.94701141, 0.32092378, -2.1024511;
 0, 0, 0, 1]
Ow:
[1.4764955;
 -0.76881397;
 4.3438158]
Keyframe: 148 Frame: 1113 Frame from vFrameID : 1114
Tcw:
[0.99662352, -0.052461032, -0.063161999, 1.4923493;
 -0.044676811, 0.2989257, -0.95322996, -0.76367998;
 0.068888173, 0.95283329, 0.29557261, 4.3690081;
 0, 0, 0, 1]
Twc:
[0.99662352, -0.044676811, 0.068888173, -1.8224021;
 -0.052461032, 0.2989257, 0.95283329, -3.8563626;
 -0.063161999, -0.95322996, 0.29557261, -1.9250619;
 0, 0, 0, 1]
Ow:
[1.4923493;
 -0.76367998;
 4.3690081]
Keyframe: 149 Frame: 1122 Frame from vFrameID : 1123
Tcw:
[0.99230474, -0.060501084, -0.10803216, 1.4981291;
 -0.082597733, 0.32655451, -0.94156241, -0.76411307;
 0.09224394, 0.94324005, 0.31904432, 4.3894243;
 0, 0, 0, 1]
Twc:
[0.99230474, -0.082597733, 0.09224394, -1.9546123;
 -0.060501084, 0.32655451, 0.94324005, -3.8001177;
 -0.10803216, -0.94156241, 0.31904432, -1.9580349;
 0, 0, 0, 1]
Ow:
[1.4981291;
 -0.76411307;
 4.3894243]
Keyframe: 150 Frame: 1131 Frame from vFrameID : 1132
Tcw:
[0.99747765, -0.041275162, -0.057746563, 1.5141131;
 -0.041920397, 0.31395668, -0.94851142, -0.78350449;
 0.057279885, 0.94853967, 0.31143451, 4.4108596;
 0, 0, 0, 1]
Twc:
[0.99747765, -0.041920397, 0.057279885, -1.7957923;
 -0.041275162, 0.31395668, 0.94853967, -3.8753939;
 -0.057746563, -0.94851142, 0.31143451, -2.029422;
 0, 0, 0, 1]
Ow:
[1.5141131;
 -0.78350449;
 4.4108596]
Keyframe: 151 Frame: 1140 Frame from vFrameID : 1141
Tcw:
[0.99858266, -0.0085851746, -0.052525271, 1.520663;
 -0.04754293, 0.29970336, -0.95284706, -0.75630331;
 0.02392236, 0.9539938, 0.29887041, 4.4513316;
 0, 0, 0, 1]
Twc:
[0.99858266, -0.04754293, 0.02392236, -1.6609511;
 -0.0085851746, 0.29970336, 0.9539938, -4.0068212;
 -0.052525271, -0.95284706, 0.29887041, -1.9711396;
 0, 0, 0, 1]
Ow:
[1.520663;
 -0.75630331;
 4.4513316]
Keyframe: 152 Frame: 1148 Frame from vFrameID : 1149
Tcw:
[0.99628568, -0.013709962, -0.085010931, 1.543083;
 -0.077128626, 0.29689509, -0.95179015, -0.77567172;
 0.038288336, 0.95481169, 0.2947349, 4.4720993;
 0, 0, 0, 1]
Twc:
[0.99628568, -0.077128626, 0.038288336, -1.7684072;
 -0.013709962, 0.29689509, 0.95481169, -4.0185637;
 -0.085010931, -0.95179015, 0.2947349, -1.9251814;
 0, 0, 0, 1]
Ow:
[1.543083;
 -0.77567172;
 4.4720993]
Keyframe: 153 Frame: 1156 Frame from vFrameID : 1157
Tcw:
[0.99372309, -0.0091657052, -0.11149187, 1.5515966;
 -0.10346958, 0.30356333, -0.94717652, -0.78018057;
 0.042526383, 0.95276719, 0.30070952, 4.4834862;
 0, 0, 0, 1]
Twc:
[0.99372309, -0.10346958, 0.042526383, -1.8132489;
 -0.0091657052, 0.30356333, 0.95276719, -4.0206623;
 -0.11149187, -0.94717652, 0.30070952, -1.9142051;
 0, 0, 0, 1]
Ow:
[1.5515966;
 -0.78018057;
 4.4834862]
Keyframe: 154 Frame: 1165 Frame from vFrameID : 1166
Tcw:
[0.99761379, -0.0056156605, -0.068813175, 1.5529585;
 -0.064469136, 0.28092492, -0.95756197, -0.7933377;
 0.024708679, 0.95971334, 0.27989253, 4.5070486;
 0, 0, 0, 1]
Twc:
[0.99761379, -0.064469136, 0.024708679, -1.7117616;
 -0.0056156605, 0.28092492, 0.95971334, -4.0938849;
 -0.068813175, -0.95756197, 0.27989253, -1.914295;
 0, 0, 0, 1]
Ow:
[1.5529585;
 -0.7933377;
 4.5070486]
Keyframe: 155 Frame: 1174 Frame from vFrameID : 1175
Tcw:
[0.99791825, -0.0041694674, -0.064357072, 1.5552771;
 -0.060164936, 0.29918033, -0.95229793, -0.79147077;
 0.023224946, 0.95418745, 0.29830667, 4.519793;
 0, 0, 0, 1]
Twc:
[0.99791825, -0.060164936, 0.023224946, -1.70463;
 -0.0041694674, 0.29918033, 0.95418745, -4.0694528;
 -0.064357072, -0.95229793, 0.29830667, -2.0019071;
 0, 0, 0, 1]
Ow:
[1.5552771;
 -0.79147077;
 4.519793]
Keyframe: 156 Frame: 1182 Frame from vFrameID : 1183
Tcw:
[0.99437505, -0.024949322, -0.10293593, 1.5689263;
 -0.090994366, 0.29614851, -0.95079762, -0.78125787;
 0.054206077, 0.95481598, 0.29221246, 4.5320644;
 0, 0, 0, 1]
Twc:
[0.99437505, -0.090994366, 0.054206077, -1.8768566;
 -0.024949322, 0.29614851, 0.95481598, -4.0567756;
 -0.10293593, -0.95079762, 0.29221246, -1.9056448;
 0, 0, 0, 1]
Ow:
[1.5689263;
 -0.78125787;
 4.5320644]
Keyframe: 157 Frame: 1191 Frame from vFrameID : 1192
Tcw:
[0.99537277, -0.0056381216, -0.095922939, 1.5700009;
 -0.08934924, 0.31296068, -0.94555396, -0.79060662;
 0.035351258, 0.94974935, 0.31100878, 4.5429626;
 0, 0, 0, 1]
Twc:
[0.99537277, -0.08934924, 0.035351258, -1.7939758;
 -0.0056381216, 0.31296068, 0.94974935, -4.0583949;
 -0.095922939, -0.94555396, 0.31100878, -2.0098634;
 0, 0, 0, 1]
Ow:
[1.5700009;
 -0.79060662;
 4.5429626]
Keyframe: 158 Frame: 1199 Frame from vFrameID : 1200
Tcw:
[0.99752671, 0.0053568357, -0.070084058, 1.554812;
 -0.068334319, 0.30738986, -0.9491269, -0.79963636;
 0.016458813, 0.9515686, 0.30699566, 4.5455241;
 0, 0, 0, 1]
Twc:
[0.99752671, -0.068334319, 0.016458813, -1.680423;
 0.0053568357, 0.30738986, 0.9515686, -4.0879068;
 -0.070084058, -0.9491269, 0.30699566, -2.045445;
 0, 0, 0, 1]
Ow:
[1.554812;
 -0.79963636;
 4.5455241]
Keyframe: 159 Frame: 1208 Frame from vFrameID : 1209
Tcw:
[0.99859065, 0.0094060283, -0.052233003, 1.5544685;
 -0.052631289, 0.30223694, -0.95177877, -0.79540086;
 0.0068342844, 0.95318645, 0.30230603, 4.5571098;
 0, 0, 0, 1]
Twc:
[0.99859065, -0.052631289, 0.0068342844, -1.6252853;
 0.0094060283, 0.30223694, 0.95318645, -4.1179972;
 -0.052233003, -0.95177877, 0.30230603, -2.0534928;
 0, 0, 0, 1]
Ow:
[1.5544685;
 -0.79540086;
 4.5571098]
