Keyframe: 0 Frame: 0 Frame from vFrameID : 74
Tcw:
[0.94830322, 0.23624873, 0.21191394, 0.065763265;
 0.11607701, 0.36327064, -0.92442447, -0.074770562;
 -0.29537621, 0.90123302, 0.31706768, -9.262003e-05;
 0, 0, 0, 1]
Twc:
[0.94830322, 0.11607701, -0.29537621, -0.053711731;
 0.23624873, 0.36327064, 0.90123302, 0.011708934;
 0.21191394, -0.92442447, 0.31706768, -0.083026521;
 0, 0, 0, 1]
Ow:
[0.065763265;
 -0.074770562;
 -9.262003e-05]
Keyframe: 1 Frame: 73 Frame from vFrameID : 74
Tcw:
[0.95059454, 0.22609729, 0.2127205, 0.065958336;
 0.11909141, 0.36720392, -0.92248499, -0.073885493;
 -0.28668314, 0.90224236, 0.32213581, -0.00072066486;
 0, 0, 0, 1]
Twc:
[0.95059454, 0.11909141, -0.28668314, -0.054107111;
 0.22609729, 0.36720392, 0.90224236, 0.012868254;
 0.2127205, -0.92248499, 0.32213581, -0.081956789;
 0, 0, 0, 1]
Ow:
[0.065958336;
 -0.073885493;
 -0.00072066486]
Keyframe: 2 Frame: 76 Frame from vFrameID : 77
Tcw:
[0.95188344, 0.21944548, 0.21391957, 0.066898942;
 0.12013562, 0.37496513, -0.9192217, -0.073523924;
 -0.28193143, 0.90069133, 0.33055988, -0.00092314743;
 0, 0, 0, 1]
Twc:
[0.95188344, 0.12013562, -0.28193143, -0.055107415;
 0.21944548, 0.37496513, 0.90069133, 0.013719712;
 0.21391957, -0.9192217, 0.33055988, -0.08159063;
 0, 0, 0, 1]
Ow:
[0.066898942;
 -0.073523924;
 -0.00092314743]
Keyframe: 3 Frame: 77 Frame from vFrameID : 78
Tcw:
[0.95248401, 0.21695212, 0.2137896, 0.06742873;
 0.11995845, 0.377976, -0.91801095, -0.074398965;
 -0.27997175, 0.90003663, 0.33399087, -0.0013693627;
 0, 0, 0, 1]
Twc:
[0.95248401, 0.11995845, -0.27997175, -0.055683386;
 0.21695212, 0.377976, 0.90003663, 0.014724696;
 0.2137896, -0.91801095, 0.33399087, -0.082257271;
 0, 0, 0, 1]
Ow:
[0.06742873;
 -0.074398965;
 -0.0013693627]
Keyframe: 4 Frame: 78 Frame from vFrameID : 79
Tcw:
[0.95385325, 0.21393566, 0.2107023, 0.06817171;
 0.11829403, 0.37722683, -0.91853493, -0.073814794;
 -0.27598995, 0.90107238, 0.33451173, -0.0017452594;
 0, 0, 0, 1]
Twc:
[0.95385325, 0.11829403, -0.27598995, -0.056775637;
 0.21393566, 0.37722683, 0.90107238, 0.014833164;
 0.2107023, -0.91853493, 0.33451173, -0.0815816;
 0, 0, 0, 1]
Ow:
[0.06817171;
 -0.073814794;
 -0.0017452594]
Keyframe: 5 Frame: 79 Frame from vFrameID : 80
Tcw:
[0.95442891, 0.2134355, 0.20859227, 0.068217233;
 0.1163572, 0.37750301, -0.91866887, -0.073546872;
 -0.27482074, 0.90107536, 0.33546504, -0.0017194748;
 0, 0, 0, 1]
Twc:
[0.95442891, 0.1163572, -0.27482074, -0.057023343;
 0.2134355, 0.37750301, 0.90107536, 0.014753562;
 0.20859227, -0.91866887, 0.33546504, -0.081217982;
 0, 0, 0, 1]
Ow:
[0.068217233;
 -0.073546872;
 -0.0017194748]
Keyframe: 6 Frame: 80 Frame from vFrameID : 81
Tcw:
[0.95476764, 0.21163967, 0.20887162, 0.068149701;
 0.11735027, 0.3772361, -0.91865218, -0.074358106;
 -0.27321717, 0.90161055, 0.33533686, -0.0015836656;
 0, 0, 0, 1]
Twc:
[0.95476764, 0.11735027, -0.27321717, -0.056773875;
 0.21163967, 0.3772361, 0.90161055, 0.015055231;
 0.20887162, -0.91865218, 0.33533686, -0.082012713;
 0, 0, 0, 1]
Ow:
[0.068149701;
 -0.074358106;
 -0.0015836656]
Keyframe: 7 Frame: 81 Frame from vFrameID : 82
Tcw:
[0.9547736, 0.21165295, 0.20883106, 0.0681265;
 0.11730115, 0.37725374, -0.91865122, -0.074334443;
 -0.27321753, 0.90160006, 0.33536479, -0.00159337;
 0, 0, 0, 1]
Twc:
[0.9547736, 0.11730115, -0.27321753, -0.056761201;
 0.21165295, 0.37725374, 0.90160006, 0.015060353;
 0.20883106, -0.91865122, 0.33536479, -0.08197999;
 0, 0, 0, 1]
Ow:
[0.0681265;
 -0.074334443;
 -0.00159337]
Keyframe: 8 Frame: 82 Frame from vFrameID : 83
Tcw:
[0.95519292, 0.21134837, 0.20721561, 0.067949064;
 0.11657824, 0.37486029, -0.91972238, -0.074586332;
 -0.27205873, 0.90266919, 0.33342528, -0.0012424421;
 0, 0, 0, 1]
Twc:
[0.95519292, 0.11657824, -0.27205873, -0.056547344;
 0.21134837, 0.37486029, 0.90266919, 0.014720043;
 0.20721561, -0.91972238, 0.33342528, -0.082264565;
 0, 0, 0, 1]
Ow:
[0.067949064;
 -0.074586332;
 -0.0012424421]
Keyframe: 9 Frame: 85 Frame from vFrameID : 86
Tcw:
[0.95660526, 0.21612439, 0.1954395, 0.068816498;
 0.10919177, 0.35596809, -0.92809689, -0.074486434;
 -0.2701546, 0.90916276, 0.31692195, -0.0011465158;
 0, 0, 0, 1]
Twc:
[0.95660526, 0.10919177, -0.2701546, -0.058006655;
 0.21612439, 0.35596809, 0.90916276, 0.012684242;
 0.1954395, -0.92809689, 0.31692195, -0.08221674;
 0, 0, 0, 1]
Ow:
[0.068816498;
 -0.074486434;
 -0.0011465158]
Keyframe: 10 Frame: 87 Frame from vFrameID : 88
Tcw:
[0.95618719, 0.21764284, 0.19580007, 0.067402057;
 0.11021078, 0.35200536, -0.92948687, -0.075159043;
 -0.27121884, 0.91034269, 0.31259644, -0.00044564903;
 0, 0, 0, 1]
Twc:
[0.95618719, 0.11021078, -0.27121884, -0.056286514;
 0.21764284, 0.35200536, 0.91034269, 0.012192504;
 0.19580007, -0.92948687, 0.31259644, -0.082917355;
 0, 0, 0, 1]
Ow:
[0.067402057;
 -0.075159043;
 -0.00044564903]
Keyframe: 11 Frame: 91 Frame from vFrameID : 92
Tcw:
[0.95358849, 0.22696529, 0.19787827, 0.067469493;
 0.11272568, 0.34028742, -0.93354023, -0.075584598;
 -0.27921671, 0.91251916, 0.29890934, 0.00024407357;
 0, 0, 0, 1]
Twc:
[0.95358849, 0.11272568, -0.27921671, -0.055749655;
 0.22696529, 0.34028742, 0.91251916, 0.010184534;
 0.19787827, -0.93354023, 0.29890934, -0.083984971;
 0, 0, 0, 1]
Ow:
[0.067469493;
 -0.075584598;
 0.00024407357]
Keyframe: 12 Frame: 94 Frame from vFrameID : 95
Tcw:
[0.94771582, 0.23766959, 0.21295059, 0.06643787;
 0.12618431, 0.33382857, -0.93414986, -0.075902551;
 -0.29310799, 0.91217965, 0.2863844, 0.0020869225;
 0, 0, 0, 1]
Twc:
[0.94771582, 0.12618431, -0.29310799, -0.052774809;
 0.23766959, 0.33382857, 0.91217965, 0.0076445309;
 0.21295059, -0.93414986, 0.2863844, -0.085650012;
 0, 0, 0, 1]
Ow:
[0.06643787;
 -0.075902551;
 0.0020869225]
Keyframe: 13 Frame: 96 Frame from vFrameID : 97
Tcw:
[0.94617063, 0.23816267, 0.21917956, 0.066737875;
 0.13450919, 0.32659748, -0.93554336, -0.076845326;
 -0.294395, 0.91466534, 0.27698186, 0.0027174186;
 0, 0, 0, 1]
Twc:
[0.94617063, 0.13450919, -0.294395, -0.052009016;
 0.23816267, 0.32659748, 0.91466534, 0.0067174891;
 0.21917956, -0.93554336, 0.27698186, -0.087272383;
 0, 0, 0, 1]
Ow:
[0.066737875;
 -0.076845326;
 0.0027174186]
Keyframe: 14 Frame: 98 Frame from vFrameID : 99
Tcw:
[0.94348997, 0.23912273, 0.22944921, 0.066677481;
 0.14409707, 0.32747659, -0.93380678, -0.076361738;
 -0.29843369, 0.91410035, 0.27451399, 0.0036802385;
 0, 0, 0, 1]
Twc:
[0.94348997, 0.14409707, -0.29843369, -0.050807729;
 0.23912273, 0.32747659, 0.91410035, 0.0056984695;
 0.22944921, -0.93380678, 0.27451399, -0.087616481;
 0, 0, 0, 1]
Ow:
[0.066677481;
 -0.076361738;
 0.0036802385]
Keyframe: 15 Frame: 100 Frame from vFrameID : 101
Tcw:
[0.94009513, 0.24346849, 0.23862985, 0.066374838;
 0.15010089, 0.33286968, -0.93094981, -0.077064656;
 -0.30608958, 0.91099995, 0.27638432, 0.0045581777;
 0, 0, 0, 1]
Twc:
[0.94009513, 0.15010089, -0.30608958, -0.049435981;
 0.24346849, 0.33286968, 0.91099995, 0.005339806;
 0.23862985, -0.93094981, 0.27638432, -0.088842154;
 0, 0, 0, 1]
Ow:
[0.066374838;
 -0.077064656;
 0.0045581777]
Keyframe: 16 Frame: 103 Frame from vFrameID : 104
Tcw:
[0.93718457, 0.24976605, 0.24352004, 0.067115277;
 0.14978155, 0.34234512, -0.92755878, -0.078804374;
 -0.31504059, 0.90576857, 0.28343022, 0.0052726958;
 0, 0, 0, 1]
Twc:
[0.93718457, 0.14978155, -0.31504059, -0.049434844;
 0.24976605, 0.34234512, 0.90576857, 0.0054393336;
 0.24352004, -0.92755878, 0.28343022, -0.090934046;
 0, 0, 0, 1]
Ow:
[0.067115277;
 -0.078804374;
 0.0052726958]
Keyframe: 17 Frame: 108 Frame from vFrameID : 109
Tcw:
[0.93276721, 0.26582181, 0.24348316, 0.070420116;
 0.14073165, 0.35331148, -0.92485976, -0.082358651;
 -0.3318733, 0.8969447, 0.29214785, 0.0079469215;
 0, 0, 0, 1]
Twc:
[0.93276721, 0.14073165, -0.3318733, -0.051457737;
 0.26582181, 0.35331148, 0.8969447, 0.0032511086;
 0.24348316, -0.92485976, 0.29214785, -0.095637992;
 0, 0, 0, 1]
Ow:
[0.070420116;
 -0.082358651;
 0.0079469215]
Keyframe: 18 Frame: 116 Frame from vFrameID : 117
Tcw:
[0.93277746, 0.2927613, 0.21027847, 0.077354021;
 0.10737284, 0.33121124, -0.9374274, -0.085675098;
 -0.34408906, 0.89698941, 0.27751178, 0.014800522;
 0, 0, 0, 1]
Twc:
[0.93277746, 0.10737284, -0.34408906, -0.057862215;
 0.2927613, 0.33121124, 0.89698941, -0.0075456183;
 0.21027847, -0.9374274, 0.27751178, -0.10068739;
 0, 0, 0, 1]
Ow:
[0.077354021;
 -0.085675098;
 0.014800522]
Keyframe: 19 Frame: 123 Frame from vFrameID : 124
Tcw:
[0.93335932, 0.29637957, 0.20248334, 0.079950288;
 0.099824287, 0.32752627, -0.93955398, -0.08775048;
 -0.34478322, 0.89715421, 0.27611381, 0.02156733;
 0, 0, 0, 1]
Twc:
[0.93335932, 0.099824287, -0.34478322, -0.058426667;
 0.29637957, 0.32752627, 0.89715421, -0.014304267;
 0.20248334, -0.93955398, 0.27611381, -0.10458995;
 0, 0, 0, 1]
Ow:
[0.079950288;
 -0.08775048;
 0.02156733]
Keyframe: 20 Frame: 130 Frame from vFrameID : 131
Tcw:
[0.92116052, 0.29979721, 0.24816307, 0.085240975;
 0.13209832, 0.35894284, -0.92396432, -0.090165198;
 -0.36607829, 0.88390142, 0.29104125, 0.032920226;
 0, 0, 0, 1]
Twc:
[0.92116052, 0.13209832, -0.36607829, -0.054558568;
 0.29979721, 0.35894284, 0.88390142, -0.022289088;
 0.24816307, -0.92396432, 0.29104125, -0.11404423;
 0, 0, 0, 1]
Ow:
[0.085240975;
 -0.090165198;
 0.032920226]
Keyframe: 21 Frame: 137 Frame from vFrameID : 138
Tcw:
[0.89474571, 0.33565575, 0.2945596, 0.087351322;
 0.17182146, 0.3500697, -0.92083037, -0.090779081;
 -0.41219839, 0.87452066, 0.2555505, 0.04853984;
 0, 0, 0, 1]
Twc:
[0.89474571, 0.17182146, -0.41219839, -0.042551383;
 0.33565575, 0.3500697, 0.87452066, -0.03999006;
 0.2945596, -0.92083037, 0.2555505, -0.12172668;
 0, 0, 0, 1]
Ow:
[0.087351322;
 -0.090779081;
 0.04853984]
Keyframe: 22 Frame: 144 Frame from vFrameID : 145
Tcw:
[0.87909585, 0.36805424, 0.30286399, 0.072149158;
 0.17993151, 0.33214411, -0.92590761, -0.089096405;
 -0.44137871, 0.8684563, 0.22576195, 0.098156855;
 0, 0, 0, 1]
Twc:
[0.87909585, 0.17993151, -0.44137871, -0.0040704315;
 0.36805424, 0.33214411, 0.8684563, -0.082206905;
 0.30286399, -0.92590761, 0.22576195, -0.12650651;
 0, 0, 0, 1]
Ow:
[0.072149158;
 -0.089096405;
 0.098156855]
Keyframe: 23 Frame: 152 Frame from vFrameID : 153
Tcw:
[0.88387126, 0.36275885, 0.29525852, 0.087493151;
 0.17320219, 0.332537, -0.92704916, -0.11968093;
 -0.43447965, 0.87053156, 0.23108928, 0.12318966;
 0, 0, 0, 1]
Twc:
[0.88387126, 0.17320219, -0.43447965, -0.0030802868;
 0.36275885, 0.332537, 0.87053156, -0.099181056;
 0.29525852, -0.92704916, 0.23108928, -0.16525102;
 0, 0, 0, 1]
Ow:
[0.087493151;
 -0.11968093;
 0.12318966]
Keyframe: 24 Frame: 160 Frame from vFrameID : 161
Tcw:
[0.86340332, 0.38019949, 0.33163685, 0.09246546;
 0.18877396, 0.36613396, -0.91121364, -0.14177856;
 -0.46786648, 0.84934932, 0.24434952, 0.14502192;
 0, 0, 0, 1]
Twc:
[0.86340332, 0.18877396, -0.46786648, 0.014780001;
 0.38019949, 0.36613396, 0.84934932, -0.10641965;
 0.33163685, -0.91121364, 0.24434952, -0.19529155;
 0, 0, 0, 1]
Ow:
[0.09246546;
 -0.14177856;
 0.14502192]
Keyframe: 25 Frame: 167 Frame from vFrameID : 168
Tcw:
[0.83681625, 0.38343021, 0.39079386, 0.085035279;
 0.25391835, 0.36057538, -0.89750254, -0.17972611;
 -0.48504025, 0.85027444, 0.20437537, 0.20161819;
 0, 0, 0, 1]
Twc:
[0.83681625, 0.25391835, -0.48504025, 0.072269797;
 0.38343021, 0.36057538, 0.85027444, -0.13923109;
 0.39079386, -0.89750254, 0.20437537, -0.2357417;
 0, 0, 0, 1]
Ow:
[0.085035279;
 -0.17972611;
 0.20161819]
Keyframe: 26 Frame: 175 Frame from vFrameID : 176
Tcw:
[0.8208707, 0.41923407, 0.38783258, 0.08087907;
 0.24085017, 0.36162397, -0.90067714, -0.15975621;
 -0.51784408, 0.83274901, 0.19587392, 0.23571227;
 0, 0, 0, 1]
Twc:
[0.8208707, 0.24085017, -0.51784408, 0.094148263;
 0.41923407, 0.36162397, 0.83274901, -0.17242475;
 0.38783258, -0.90067714, 0.19587392, -0.22142619;
 0, 0, 0, 1]
Ow:
[0.08087907;
 -0.15975621;
 0.23571227]
Keyframe: 27 Frame: 182 Frame from vFrameID : 183
Tcw:
[0.85213, 0.36793318, 0.3721554, 0.031571142;
 0.25098208, 0.33669204, -0.90754968, -0.15913501;
 -0.45921943, 0.86675465, 0.19456075, 0.25629485;
 0, 0, 0, 1]
Twc:
[0.85213, 0.25098208, -0.45921943, 0.13073289;
 0.36793318, 0.33669204, 0.86675465, -0.18018134;
 0.3721554, -0.90754968, 0.19456075, -0.20603724;
 0, 0, 0, 1]
Ow:
[0.031571142;
 -0.15913501;
 0.25629485]
Keyframe: 28 Frame: 190 Frame from vFrameID : 191
Tcw:
[0.86010128, 0.35975927, 0.36166158, 0.032580324;
 0.23346032, 0.35276246, -0.90612084, -0.18265101;
 -0.45356598, 0.86378926, 0.21942194, 0.27645642;
 0, 0, 0, 1]
Twc:
[0.86010128, 0.23346032, -0.45356598, 0.14001063;
 0.35975927, 0.35276246, 0.86378926, -0.18608876;
 0.36166158, -0.90612084, 0.21942194, -0.23794754;
 0, 0, 0, 1]
Ow:
[0.032580324;
 -0.18265101;
 0.27645642]
Keyframe: 29 Frame: 198 Frame from vFrameID : 199
Tcw:
[0.86387908, 0.34616342, 0.36590138, 0.052741326;
 0.23305382, 0.36930233, -0.89961195, -0.19077867;
 -0.44654101, 0.86243069, 0.23835786, 0.27342981;
 0, 0, 0, 1]
Twc:
[0.86387908, 0.23305382, -0.44654101, 0.12099718;
 0.34616342, 0.36930233, 0.86243069, -0.18361636;
 0.36590138, -0.89961195, 0.23835786, -0.25609905;
 0, 0, 0, 1]
Ow:
[0.052741326;
 -0.19077867;
 0.27342981]
Keyframe: 30 Frame: 206 Frame from vFrameID : 207
Tcw:
[0.88558173, 0.32135731, 0.33537218, 0.065990835;
 0.23425178, 0.31448367, -0.91990548, -0.15490946;
 -0.40108743, 0.89321303, 0.20322247, 0.30043364;
 0, 0, 0, 1]
Twc:
[0.88558173, 0.23425178, -0.40108743, 0.098347686;
 0.32135731, 0.31448367, 0.89321303, -0.24084136;
 0.33537218, -0.91990548, 0.20322247, -0.22568843;
 0, 0, 0, 1]
Ow:
[0.065990835;
 -0.15490946;
 0.30043364]
Keyframe: 31 Frame: 214 Frame from vFrameID : 215
Tcw:
[0.89276218, 0.32513264, 0.31187257, 0.048451137;
 0.22209306, 0.28467715, -0.93254149, -0.11675102;
 -0.39198264, 0.90180248, 0.1819393, 0.35592368;
 0, 0, 0, 1]
Twc:
[0.89276218, 0.22209306, -0.39198264, 0.12219016;
 0.32513264, 0.28467715, 0.90180248, -0.30348957;
 0.31187257, -0.93254149, 0.1819393, -0.18874225;
 0, 0, 0, 1]
Ow:
[0.048451137;
 -0.11675102;
 0.35592368]
Keyframe: 32 Frame: 222 Frame from vFrameID : 223
Tcw:
[0.8875342, 0.32687739, 0.32470629, 0.056144364;
 0.22627392, 0.30466858, -0.92519033, -0.17628294;
 -0.4013516, 0.89461064, 0.19643995, 0.37170663;
 0, 0, 0, 1]
Twc:
[0.8875342, 0.22627392, -0.4013516, 0.13924326;
 0.32687739, 0.30466858, 0.89461064, -0.2971772;
 0.32470629, -0.92519033, 0.19643995, -0.25434375;
 0, 0, 0, 1]
Ow:
[0.056144364;
 -0.17628294;
 0.37170663]
Keyframe: 33 Frame: 229 Frame from vFrameID : 230
Tcw:
[0.88972372, 0.33978784, 0.30485401, 0.071335301;
 0.20704012, 0.29481852, -0.93285394, -0.16286981;
 -0.40684903, 0.89309925, 0.19195732, 0.40727249;
 0, 0, 0, 1]
Twc:
[0.88972372, 0.20704012, -0.40684903, 0.13595028;
 0.33978784, 0.29481852, 0.89309925, -0.33995658;
 0.30485401, -0.93285394, 0.19195732, -0.25185952;
 0, 0, 0, 1]
Ow:
[0.071335301;
 -0.16286981;
 0.40727249]
Keyframe: 34 Frame: 236 Frame from vFrameID : 237
Tcw:
[0.88458115, 0.3186712, 0.34053615, 0.077619798;
 0.23540662, 0.32524711, -0.91585916, -0.20640104;
 -0.40261632, 0.89031625, 0.21269014, 0.4045386;
 0, 0, 0, 1]
Twc:
[0.88458115, 0.23540662, -0.40261632, 0.14280102;
 0.3186712, 0.32524711, 0.89031625, -0.31777114;
 0.34053615, -0.91585916, 0.21269014, -0.30150801;
 0, 0, 0, 1]
Ow:
[0.077619798;
 -0.20640104;
 0.4045386]
Keyframe: 35 Frame: 244 Frame from vFrameID : 245
Tcw:
[0.85396409, 0.34630936, 0.38834932, 0.083702594;
 0.26451075, 0.35379329, -0.89714235, -0.24508618;
 -0.44808418, 0.86884987, 0.21052422, 0.43632001;
 0, 0, 0, 1]
Twc:
[0.85396409, 0.26451075, -0.44808418, 0.188857;
 0.34630936, 0.35379329, 0.86884987, -0.32137373;
 0.38834932, -0.89714235, 0.21052422, -0.34423894;
 0, 0, 0, 1]
Ow:
[0.083702594;
 -0.24508618;
 0.43632001]
Keyframe: 36 Frame: 250 Frame from vFrameID : 251
Tcw:
[0.8678028, 0.35752973, 0.34509534, 0.13197342;
 0.22667882, 0.33318028, -0.91520905, -0.23082635;
 -0.44219342, 0.87244678, 0.20809036, 0.45525527;
 0, 0, 0, 1]
Twc:
[0.8678028, 0.22667882, -0.44219342, 0.13910742;
 0.35752973, 0.33318028, 0.87244678, -0.36746365;
 0.34509534, -0.91520905, 0.20809036, -0.35153201;
 0, 0, 0, 1]
Ow:
[0.13197342;
 -0.23082635;
 0.45525527]
Keyframe: 37 Frame: 255 Frame from vFrameID : 256
Tcw:
[0.87611395, 0.36050612, 0.32009324, 0.14996627;
 0.20624387, 0.31985992, -0.9247449, -0.24517146;
 -0.43576118, 0.87619919, 0.20588155, 0.46106225;
 0, 0, 0, 1]
Twc:
[0.87611395, 0.20624387, -0.43576118, 0.12009059;
 0.36050612, 0.31985992, 0.87619919, -0.37962559;
 0.32009324, -0.9247449, 0.20588155, -0.36964846;
 0, 0, 0, 1]
Ow:
[0.14996627;
 -0.24517146;
 0.46106225]
Keyframe: 38 Frame: 262 Frame from vFrameID : 263
Tcw:
[0.88525003, 0.34518176, 0.3117401, 0.15192854;
 0.19996652, 0.32268178, -0.92514318, -0.24297041;
 -0.41993541, 0.8813206, 0.21662927, 0.47839883;
 0, 0, 0, 1]
Twc:
[0.88525003, 0.19996652, -0.41993541, 0.1149878;
 0.34518176, 0.32268178, 0.8813206, -0.39566362;
 0.3117401, -0.92514318, 0.21662927, -0.37577981;
 0, 0, 0, 1]
Ow:
[0.15192854;
 -0.24297041;
 0.47839883]
Keyframe: 39 Frame: 270 Frame from vFrameID : 271
Tcw:
[0.87547892, 0.35896227, 0.32354718, 0.053300321;
 0.21524633, 0.30978388, -0.92612255, -0.15713498;
 -0.43267274, 0.8804431, 0.19394393, 0.57094902;
 0, 0, 0, 1]
Twc:
[0.87547892, 0.21524633, -0.43267274, 0.23419352;
 0.35896227, 0.30978388, 0.8804431, -0.47314307;
 0.32354718, -0.92612255, 0.19394393, -0.27350351;
 0, 0, 0, 1]
Ow:
[0.053300321;
 -0.15713498;
 0.57094902]
Keyframe: 40 Frame: 276 Frame from vFrameID : 277
Tcw:
[0.86895823, 0.37354156, 0.32462016, 0.077343278;
 0.21065366, 0.31436926, -0.92563331, -0.17075124;
 -0.44781309, 0.87271911, 0.19448586, 0.58005887;
 0, 0, 0, 1]
Twc:
[0.86895823, 0.21065366, -0.44781309, 0.22851928;
 0.37354156, 0.31436926, 0.87271911, -0.48144048;
 0.32462016, -0.92563331, 0.19448586, -0.29597348;
 0, 0, 0, 1]
Ow:
[0.077343278;
 -0.17075124;
 0.58005887]
Keyframe: 41 Frame: 283 Frame from vFrameID : 284
Tcw:
[0.87337929, 0.35819227, 0.33001053, 0.090022236;
 0.21773227, 0.31895196, -0.92242199, -0.17622484;
 -0.43566194, 0.87747818, 0.20057601, 0.58036357;
 0, 0, 0, 1]
Twc:
[0.87337929, 0.21773227, -0.43566194, 0.21258858;
 0.35819227, 0.31895196, 0.87747818, -0.48529437;
 0.33001053, -0.92242199, 0.20057601, -0.30866897;
 0, 0, 0, 1]
Ow:
[0.090022236;
 -0.17622484;
 0.58036357]
Keyframe: 42 Frame: 290 Frame from vFrameID : 291
Tcw:
[0.89362139, 0.34068263, 0.29219195, 0.096650779;
 0.18721642, 0.30873436, -0.93254119, -0.17753291;
 -0.40791026, 0.88804191, 0.21211025, 0.58756745;
 0, 0, 0, 1]
Twc:
[0.89362139, 0.18721642, -0.40791026, 0.18654267;
 0.34068263, 0.30873436, 0.88804191, -0.49990124;
 0.29219195, -0.93254119, 0.21211025, -0.31842643;
 0, 0, 0, 1]
Ow:
[0.096650779;
 -0.17753291;
 0.58756745]
Keyframe: 43 Frame: 295 Frame from vFrameID : 296
Tcw:
[0.88481951, 0.34939608, 0.30824801, 0.092903323;
 0.1948282, 0.32351285, -0.92594892, -0.19006321;
 -0.42324513, 0.87935305, 0.21817827, 0.60993165;
 0, 0, 0, 1]
Twc:
[0.88481951, 0.1948282, -0.42324513, 0.21297759;
 0.34939608, 0.32351285, 0.87935305, -0.50731742;
 0.30824801, -0.92594892, 0.21817827, -0.33769992;
 0, 0, 0, 1]
Ow:
[0.092903323;
 -0.19006321;
 0.60993165]
Keyframe: 44 Frame: 301 Frame from vFrameID : 302
Tcw:
[0.88294667, 0.35345122, 0.30899426, 0.10990871;
 0.18588461, 0.34118333, -0.9214341, -0.20263407;
 -0.4311057, 0.87101442, 0.23554555, 0.61097044;
 0, 0, 0, 1]
Twc:
[0.88294667, 0.18588461, -0.4311057, 0.20401588;
 0.35345122, 0.34118333, 0.87101442, -0.50187612;
 0.30899426, -0.9214341, 0.23554555, -0.36458647;
 0, 0, 0, 1]
Ow:
[0.10990871;
 -0.20263407;
 0.61097044]
Keyframe: 45 Frame: 307 Frame from vFrameID : 308
Tcw:
[0.86271363, 0.3787635, 0.33505735, 0.099446476;
 0.23062903, 0.29495582, -0.9272601, -0.19997755;
 -0.45003939, 0.87723386, 0.16710854, 0.65835506;
 0, 0, 0, 1]
Twc:
[0.86271363, 0.23062903, -0.45003939, 0.25661251;
 0.3787635, 0.29495582, 0.87723386, -0.5562135;
 0.33505735, -0.9272601, 0.16710854, -0.32876822;
 0, 0, 0, 1]
Ow:
[0.099446476;
 -0.19997755;
 0.65835506]
Keyframe: 46 Frame: 313 Frame from vFrameID : 314
Tcw:
[0.84951442, 0.38121358, 0.36469358, 0.10095036;
 0.24822161, 0.32116175, -0.91391528, -0.20796534;
 -0.46552256, 0.86690909, 0.17820609, 0.65669405;
 0, 0, 0, 1]
Twc:
[0.84951442, 0.24822161, -0.46552256, 0.2715686;
 0.38121358, 0.32116175, 0.86690909, -0.54098719;
 0.36469358, -0.91391528, 0.17820609, -0.34390554;
 0, 0, 0, 1]
Ow:
[0.10095036;
 -0.20796534;
 0.65669405]
Keyframe: 47 Frame: 319 Frame from vFrameID : 320
Tcw:
[0.85768139, 0.38054618, 0.34578487, 0.086150594;
 0.22838669, 0.32056636, -0.91928053, -0.18518665;
 -0.46067572, 0.86742252, 0.18803212, 0.68150413;
 0, 0, 0, 1]
Twc:
[0.85768139, 0.22838669, -0.46067572, 0.2823568;
 0.38054618, 0.32056636, 0.86742252, -0.56457168;
 0.34578487, -0.91928053, 0.18803212, -0.32817271;
 0, 0, 0, 1]
Ow:
[0.086150594;
 -0.18518665;
 0.68150413]
Keyframe: 48 Frame: 325 Frame from vFrameID : 326
Tcw:
[0.8749823, 0.36355343, 0.31974182, 0.093438171;
 0.22097078, 0.28774586, -0.93186599, -0.17954417;
 -0.43078747, 0.88601989, 0.17143784, 0.69563335;
 0, 0, 0, 1]
Twc:
[0.8749823, 0.22097078, -0.43078747, 0.2575874;
 0.36355343, 0.28774586, 0.88601989, -0.59865165;
 0.31974182, -0.93186599, 0.17143784, -0.31644508;
 0, 0, 0, 1]
Ow:
[0.093438171;
 -0.17954417;
 0.69563335]
Keyframe: 49 Frame: 332 Frame from vFrameID : 333
Tcw:
[0.87993544, 0.36212313, 0.30753937, 0.10024848;
 0.19689646, 0.31115219, -0.92973977, -0.18987283;
 -0.43237182, 0.87866443, 0.20249307, 0.69943178;
 0, 0, 0, 1]
Twc:
[0.87993544, 0.19689646, -0.43237182, 0.25158769;
 0.36212313, 0.31115219, 0.87866443, -0.59178871;
 0.30753937, -0.92973977, 0.20249307, -0.34899276;
 0, 0, 0, 1]
Ow:
[0.10024848;
 -0.18987283;
 0.69943178]
Keyframe: 50 Frame: 339 Frame from vFrameID : 340
Tcw:
[0.87667501, 0.35456759, 0.32515031, 0.10378916;
 0.21350454, 0.31891519, -0.9234224, -0.19256712;
 -0.43111104, 0.8789624, 0.20388319, 0.7085222;
 0, 0, 0, 1]
Twc:
[0.87667501, 0.21350454, -0.43111104, 0.25557634;
 0.35456759, 0.31891519, 0.8789624, -0.5981521;
 0.32515031, -0.9234224, 0.20388319, -0.35602364;
 0, 0, 0, 1]
Ow:
[0.10378916;
 -0.19256712;
 0.7085222]
Keyframe: 51 Frame: 346 Frame from vFrameID : 347
Tcw:
[0.87094128, 0.35160351, 0.34327289, 0.065939337;
 0.23236765, 0.32084337, -0.91818559, -0.14799505;
 -0.4329741, 0.87945127, 0.19773446, 0.73321766;
 0, 0, 0, 1]
Twc:
[0.87094128, 0.23236765, -0.4329741, 0.29442424;
 0.35160351, 0.32084337, 0.87945127, -0.62053043;
 0.34327289, -0.91818559, 0.19773446, -0.30350453;
 0, 0, 0, 1]
Ow:
[0.065939337;
 -0.14799505;
 0.73321766]
Keyframe: 52 Frame: 353 Frame from vFrameID : 354
Tcw:
[0.86604118, 0.37883115, 0.32628158, 0.066353127;
 0.19949763, 0.33656022, -0.92028683, -0.13712984;
 -0.45844671, 0.86209869, 0.21589909, 0.76715791;
 0, 0, 0, 1]
Twc:
[0.86604118, 0.19949763, -0.45844671, 0.32159358;
 0.37883115, 0.33656022, 0.86209869, -0.64035004;
 0.32628158, -0.92028683, 0.21589909, -0.31347731;
 0, 0, 0, 1]
Ow:
[0.066353127;
 -0.13712984;
 0.76715791]
Keyframe: 53 Frame: 360 Frame from vFrameID : 361
Tcw:
[0.90101081, 0.268969, 0.34034571, 0.10770454;
 0.25609609, 0.30345228, -0.91778618, -0.28078938;
 -0.3501347, 0.91409647, 0.20453188, 0.77459574;
 0, 0, 0, 1]
Twc:
[0.90101081, 0.25609609, -0.3501347, 0.24607897;
 0.268969, 0.30345228, 0.91409647, -0.65181828;
 0.34034571, -0.91778618, 0.20453188, -0.45279092;
 0, 0, 0, 1]
Ow:
[0.10770454;
 -0.28078938;
 0.77459574]
Keyframe: 54 Frame: 364 Frame from vFrameID : 365
Tcw:
[0.89010024, 0.30298477, 0.34047297, 0.14181879;
 0.22736049, 0.3522616, -0.90786505, -0.26971471;
 -0.39500484, 0.88550097, 0.24466136, 0.76844049;
 0, 0, 0, 1]
Twc:
[0.89010024, 0.22736049, -0.39500484, 0.23862724;
 0.30298477, 0.3522616, 0.88550097, -0.62841362;
 0.34047297, -0.90786505, 0.24466136, -0.48115775;
 0, 0, 0, 1]
Ow:
[0.14181879;
 -0.26971471;
 0.76844049]
Keyframe: 55 Frame: 370 Frame from vFrameID : 371
Tcw:
[0.88801038, 0.34559721, 0.30331531, 0.028614163;
 0.17750919, 0.35085338, -0.91945219, -0.14922813;
 -0.42417932, 0.87032437, 0.25021479, 0.81177819;
 0, 0, 0, 1]
Twc:
[0.88801038, 0.17750919, -0.42417932, 0.3454192;
 0.34559721, 0.35085338, 0.87032437, -0.66404212;
 0.30331531, -0.91945219, 0.25021479, -0.34900615;
 0, 0, 0, 1]
Ow:
[0.028614163;
 -0.14922813;
 0.81177819]
Keyframe: 56 Frame: 374 Frame from vFrameID : 375
Tcw:
[0.88865173, 0.3086794, 0.33913887, 0.096021518;
 0.21991873, 0.36209226, -0.9058283, -0.23039089;
 -0.40241012, 0.87954885, 0.25388953, 0.78707623;
 0, 0, 0, 1]
Twc:
[0.88865173, 0.21991873, -0.40241012, 0.282065;
 0.3086794, 0.36209226, 0.87954885, -0.63848913;
 0.33913887, -0.9058283, 0.25388953, -0.44108963;
 0, 0, 0, 1]
Ow:
[0.096021518;
 -0.23039089;
 0.78707623]
Keyframe: 57 Frame: 380 Frame from vFrameID : 381
Tcw:
[0.88461155, 0.35004094, 0.30811316, 0.068495184;
 0.18613519, 0.34076294, -0.92153913, -0.17781964;
 -0.42756996, 0.87255484, 0.23628789, 0.81482017;
 0, 0, 0, 1]
Twc:
[0.88461155, 0.18613519, -0.42756996, 0.32089949;
 0.35004094, 0.34076294, 0.87255484, -0.67435706;
 0.30811316, -0.92153913, 0.23628789, -0.37750414;
 0, 0, 0, 1]
Ow:
[0.068495184;
 -0.17781964;
 0.81482017]
Keyframe: 58 Frame: 388 Frame from vFrameID : 389
Tcw:
[0.87805957, 0.3492673, 0.32714477, 0.085103571;
 0.1948708, 0.36341044, -0.91102046, -0.18278381;
 -0.43707749, 0.8636812, 0.25103402, 0.81987935;
 0, 0, 0, 1]
Twc:
[0.87805957, 0.1948708, -0.43707749, 0.31924403;
 0.3492673, 0.36341044, 0.8636812, -0.67141277;
 0.32714477, -0.91102046, 0.25103402, -0.40017858;
 0, 0, 0, 1]
Ow:
[0.085103571;
 -0.18278381;
 0.81987935]
Keyframe: 59 Frame: 395 Frame from vFrameID : 396
Tcw:
[0.8898555, 0.346829, 0.29642335, 0.10904934;
 0.16508871, 0.36090922, -0.91787267, -0.19814137;
 -0.42532679, 0.8657102, 0.26389951, 0.82251722;
 0, 0, 0, 1]
Twc:
[0.8898555, 0.16508871, -0.42532679, 0.28551134;
 0.346829, 0.36090922, 0.8657102, -0.67837197;
 0.29642335, -0.91787267, 0.26389951, -0.43125522;
 0, 0, 0, 1]
Ow:
[0.10904934;
 -0.19814137;
 0.82251722]
Keyframe: 60 Frame: 402 Frame from vFrameID : 403
Tcw:
[0.89652181, 0.3333644, 0.29174781, 0.11244823;
 0.16663811, 0.35643044, -0.91934168, -0.21005256;
 -0.41046357, 0.87282616, 0.26399645, 0.83507401;
 0, 0, 0, 1]
Twc:
[0.89652181, 0.16663811, -0.41046357, 0.27695793;
 0.3333644, 0.35643044, 0.87282616, -0.69149154;
 0.29174781, -0.91934168, 0.26399645, -0.44637316;
 0, 0, 0, 1]
Ow:
[0.11244823;
 -0.21005256;
 0.83507401]
Keyframe: 61 Frame: 408 Frame from vFrameID : 409
Tcw:
[0.89617074, 0.33073059, 0.29579598, 0.11166038;
 0.16470428, 0.37105921, -0.91388595, -0.2158429;
 -0.41200787, 0.86771673, 0.27805966, 0.84410036;
 0, 0, 0, 1]
Twc:
[0.89617074, 0.16470428, -0.41200787, 0.28325948;
 0.33073059, 0.37105921, 0.86771673, -0.68927902;
 0.29579598, -0.91388595, 0.27805966, -0.46499476;
 0, 0, 0, 1]
Ow:
[0.11166038;
 -0.2158429;
 0.84410036]
Keyframe: 62 Frame: 414 Frame from vFrameID : 415
Tcw:
[0.88250631, 0.34329265, 0.32145405, 0.12055199;
 0.19237804, 0.36020413, -0.91282183, -0.21823546;
 -0.42915413, 0.86741173, 0.25184044, 0.85282773;
 0, 0, 0, 1]
Twc:
[0.88250631, 0.19237804, -0.42915413, 0.30159035;
 0.34329265, 0.36020413, 0.86741173, -0.70252812;
 0.32145405, -0.91282183, 0.25184044, -0.45273852;
 0, 0, 0, 1]
Ow:
[0.12055199;
 -0.21823546;
 0.85282773]
Keyframe: 63 Frame: 420 Frame from vFrameID : 421
Tcw:
[0.86662799, 0.35828239, 0.34726015, 0.13130337;
 0.2005741, 0.38711014, -0.89995319, -0.23176533;
 -0.45686531, 0.84957606, 0.26361832, 0.8528204;
 0, 0, 0, 1]
Twc:
[0.86662799, 0.2005741, -0.45686531, 0.322319;
 0.35828239, 0.38711014, 0.84957606, -0.68186074;
 0.34726015, -0.89995319, 0.26361832, -0.47899348;
 0, 0, 0, 1]
Ow:
[0.13130337;
 -0.23176533;
 0.8528204]
Keyframe: 64 Frame: 426 Frame from vFrameID : 427
Tcw:
[0.88351631, 0.35397622, 0.30675682, 0.064875916;
 0.20105059, 0.30491689, -0.93091589, -0.17343584;
 -0.42305741, 0.88415301, 0.19823191, 0.93372548;
 0, 0, 0, 1]
Twc:
[0.88351631, 0.20105059, -0.42305741, 0.37256995;
 0.35397622, 0.30491689, 0.88415301, -0.79563725;
 0.30675682, -0.93091589, 0.19823191, -0.36644951;
 0, 0, 0, 1]
Ow:
[0.064875916;
 -0.17343584;
 0.93372548]
Keyframe: 65 Frame: 432 Frame from vFrameID : 433
Tcw:
[0.90529037, 0.33391219, 0.26258704, 0.0739825;
 0.15866651, 0.3076162, -0.93818825, -0.18467396;
 -0.39404854, 0.89099658, 0.2255013, 0.93425959;
 0, 0, 0, 1]
Twc:
[0.90529037, 0.15866651, -0.39404854, 0.33046952;
 0.33391219, 0.3076162, 0.89099658, -0.80031705;
 0.26258704, -0.93818825, 0.2255013, -0.40336254;
 0, 0, 0, 1]
Ow:
[0.0739825;
 -0.18467396;
 0.93425959]
Keyframe: 66 Frame: 439 Frame from vFrameID : 440
Tcw:
[0.90928578, 0.32281628, 0.26265767, 0.081277348;
 0.14702927, 0.34124839, -0.9284029, -0.18705682;
 -0.3893351, 0.88280189, 0.26282886, 0.93695128;
 0, 0, 0, 1]
Twc:
[0.90928578, 0.14702927, -0.3893351, 0.3183865;
 0.32281628, 0.34124839, 0.88280189, -0.7895472;
 0.26265767, -0.9284029, 0.26282886, -0.44127005;
 0, 0, 0, 1]
Ow:
[0.081277348;
 -0.18705682;
 0.93695128]
Keyframe: 67 Frame: 445 Frame from vFrameID : 446
Tcw:
[0.90523678, 0.3231993, 0.2758415, 0.08700119;
 0.15781391, 0.34700984, -0.92448848, -0.1878089;
 -0.39451376, 0.88041264, 0.26312074, 0.9379555;
 0, 0, 0, 1]
Twc:
[0.90523678, 0.15781391, -0.39451376, 0.3209185;
 0.3231993, 0.34700984, 0.88041264, -0.78873503;
 0.2758415, -0.92448848, 0.26312074, -0.4444212;
 0, 0, 0, 1]
Ow:
[0.08700119;
 -0.1878089;
 0.9379555]
Keyframe: 68 Frame: 452 Frame from vFrameID : 453
Tcw:
[0.90153933, 0.31601501, 0.2955696, 0.081716299;
 0.18893832, 0.32702103, -0.92593712, -0.19878753;
 -0.3892675, 0.89061314, 0.23511498, 0.95763898;
 0, 0, 0, 1]
Twc:
[0.90153933, 0.18893832, -0.3892675, 0.33666584;
 0.31601501, 0.32702103, 0.89061314, -0.81370169;
 0.2955696, -0.92593712, 0.23511498, -0.43337286;
 0, 0, 0, 1]
Ow:
[0.081716299;
 -0.19878753;
 0.95763898]
Keyframe: 69 Frame: 460 Frame from vFrameID : 461
Tcw:
[0.89700466, 0.31188384, 0.31322694, 0.066488132;
 0.20708363, 0.32953113, -0.9211545, -0.18720797;
 -0.39051124, 0.89114404, 0.23100492, 0.99575043;
 0, 0, 0, 1]
Twc:
[0.89700466, 0.20708363, -0.39051124, 0.36797926;
 0.31188384, 0.32953113, 0.89114404, -0.84640276;
 0.31322694, -0.9211545, 0.23100492, -0.42329657;
 0, 0, 0, 1]
Ow:
[0.066488132;
 -0.18720797;
 0.99575043]
Keyframe: 70 Frame: 467 Frame from vFrameID : 468
Tcw:
[0.9140771, 0.29799107, 0.27507153, 0.08209908;
 0.17581944, 0.32002819, -0.93095088, -0.19635367;
 -0.36544567, 0.89932382, 0.24013782, 1.0056802;
 0, 0, 0, 1]
Twc:
[0.9140771, 0.17581944, -0.36544567, 0.32699937;
 0.29799107, 0.32002819, 0.89932382, -0.86605817;
 0.27507153, -0.93095088, 0.24013782, -0.44688055;
 0, 0, 0, 1]
Ow:
[0.08209908;
 -0.19635367;
 1.0056802]
Keyframe: 71 Frame: 474 Frame from vFrameID : 475
Tcw:
[0.91410232, 0.29463562, 0.27858001, 0.092889473;
 0.17864741, 0.32412016, -0.92899472, -0.20502272;
 -0.36400834, 0.89896381, 0.24364309, 1.0256003;
 0, 0, 0, 1]
Twc:
[0.91410232, 0.17864741, -0.36400834, 0.32504332;
 0.29463562, 0.32412016, 0.89896381, -0.8828941;
 0.27858001, -0.92899472, 0.24364309, -0.46622261;
 0, 0, 0, 1]
Ow:
[0.092889473;
 -0.20502272;
 1.0256003]
Keyframe: 72 Frame: 479 Frame from vFrameID : 480
Tcw:
[0.90484607, 0.29657757, 0.30544281, 0.096830741;
 0.19338645, 0.35283446, -0.91548324, -0.21500871;
 -0.37928253, 0.88743991, 0.2619068, 1.0235275;
 0, 0, 0, 1]
Twc:
[0.90484607, 0.19338645, -0.37928253, 0.34216899;
 0.29657757, 0.35283446, 0.88743991, -0.86117458;
 0.30544281, -0.91548324, 0.2619068, -0.49448195;
 0, 0, 0, 1]
Ow:
[0.096830741;
 -0.21500871;
 1.0235275]
Keyframe: 73 Frame: 485 Frame from vFrameID : 486
Tcw:
[0.90562475, 0.29398423, 0.30564216, 0.095168859;
 0.1993397, 0.34103283, -0.9186731, -0.20308247;
 -0.37430942, 0.89289969, 0.25024503, 1.03405;
 0, 0, 0, 1]
Twc:
[0.90562475, 0.1993397, -0.37430942, 0.34134978;
 0.29398423, 0.34103283, 0.89289969, -0.88202333;
 0.30564216, -0.9186731, 0.25024503, -0.47441992;
 0, 0, 0, 1]
Ow:
[0.095168859;
 -0.20308247;
 1.03405]
Keyframe: 74 Frame: 492 Frame from vFrameID : 493
Tcw:
[0.89841449, 0.30443886, 0.31649387, 0.096539527;
 0.20492941, 0.34677383, -0.91528785, -0.20691529;
 -0.38840097, 0.8871668, 0.24915816, 1.0401989;
 0, 0, 0, 1]
Twc:
[0.89841449, 0.20492941, -0.38840097, 0.35968482;
 0.30443886, 0.34677383, 0.8871668, -0.88046753;
 0.31649387, -0.91528785, 0.24915816, -0.47911528;
 0, 0, 0, 1]
Ow:
[0.096539527;
 -0.20691529;
 1.0401989]
Keyframe: 75 Frame: 499 Frame from vFrameID : 500
Tcw:
[0.90786701, 0.30348629, 0.2892639, 0.063943684;
 0.17603624, 0.35024804, -0.91996604, -0.20676161;
 -0.38051119, 0.88612777, 0.26455405, 1.0603238;
 0, 0, 0, 1]
Twc:
[0.90786701, 0.17603624, -0.38051119, 0.38181028;
 0.30348629, 0.35024804, 0.88612777, -0.88657057;
 0.2892639, -0.91996604, 0.26455405, -0.48922324;
 0, 0, 0, 1]
Ow:
[0.063943684;
 -0.20676161;
 1.0603238]
Keyframe: 76 Frame: 506 Frame from vFrameID : 507
Tcw:
[0.92027754, 0.28552634, 0.26751435, 0.071561426;
 0.15740071, 0.35578659, -0.92121708, -0.19785035;
 -0.35820976, 0.88988239, 0.28248036, 1.0667138;
 0, 0, 0, 1]
Twc:
[0.92027754, 0.15740071, -0.35820976, 0.34739274;
 0.28552634, 0.35578659, 0.88988239, -0.89929003;
 0.26751435, -0.92121708, 0.28248036, -0.50273252;
 0, 0, 0, 1]
Ow:
[0.071561426;
 -0.19785035;
 1.0667138]
Keyframe: 77 Frame: 513 Frame from vFrameID : 514
Tcw:
[0.91667992, 0.28084469, 0.28429598, 0.079395056;
 0.16705288, 0.37696967, -0.91103631, -0.19268432;
 -0.36303067, 0.88262117, 0.2986446, 1.0720888;
 0, 0, 0, 1]
Twc:
[0.91667992, 0.16705288, -0.36303067, 0.34860975;
 0.28084469, 0.37696967, 0.88262117, -0.89590985;
 0.28429598, -0.91103631, 0.2986446, -0.51828766;
 0, 0, 0, 1]
Ow:
[0.079395056;
 -0.19268432;
 1.0720888]
Keyframe: 78 Frame: 518 Frame from vFrameID : 519
Tcw:
[0.91151363, 0.29044878, 0.29117417, 0.082543492;
 0.16344285, 0.39385283, -0.90452552, -0.20159814;
 -0.37739807, 0.87207764, 0.31153044, 1.07637;
 0, 0, 0, 1]
Twc:
[0.91151363, 0.16344285, -0.37739807, 0.36393026;
 0.29044878, 0.39385283, 0.87207764, -0.88325292;
 0.29117417, -0.90452552, 0.31153044, -0.54170722;
 0, 0, 0, 1]
Ow:
[0.082543492;
 -0.20159814;
 1.07637]
Keyframe: 79 Frame: 524 Frame from vFrameID : 525
Tcw:
[0.90703654, 0.3102192, 0.28469056, 0.070382491;
 0.1512567, 0.39093739, -0.90790385, -0.18212831;
 -0.39294538, 0.86656332, 0.30767179, 1.1083423;
 0, 0, 0, 1]
Twc:
[0.90703654, 0.1512567, -0.39294538, 0.39922661;
 0.3102192, 0.39093739, 0.86656332, -0.91108203;
 0.28469056, -0.90790385, 0.30767179, -0.52639782;
 0, 0, 0, 1]
Ow:
[0.070382491;
 -0.18212831;
 1.1083423]
Keyframe: 80 Frame: 532 Frame from vFrameID : 533
Tcw:
[0.9134171, 0.30046284, 0.27457476, 0.05865109;
 0.15962768, 0.35610732, -0.92070985, -0.16748601;
 -0.37441716, 0.88482183, 0.27731234, 1.1442099;
 0, 0, 0, 1]
Twc:
[0.9134171, 0.15962768, -0.37441716, 0.40157431;
 0.30046284, 0.35610732, 0.88482183, -0.97040129;
 0.27457476, -0.92070985, 0.27731234, -0.48761362;
 0, 0, 0, 1]
Ow:
[0.05865109;
 -0.16748601;
 1.1442099]
Keyframe: 81 Frame: 538 Frame from vFrameID : 539
Tcw:
[0.90879524, 0.31943116, 0.26843056, 0.065194592;
 0.14500117, 0.36145601, -0.92104518, -0.18475384;
 -0.39123636, 0.87596422, 0.28217161, 1.1508603;
 0, 0, 0, 1]
Twc:
[0.90879524, 0.14500117, -0.39123636, 0.41779935;
 0.31943116, 0.36145601, 0.87596422, -0.96215719;
 0.26843056, -0.92104518, 0.28217161, -0.51240695;
 0, 0, 0, 1]
Ow:
[0.065194592;
 -0.18475384;
 1.1508603]
Keyframe: 82 Frame: 545 Frame from vFrameID : 546
Tcw:
[0.91159153, 0.31747463, 0.26117185, 0.07266742;
 0.13429824, 0.37046754, -0.91908526, -0.18909523;
 -0.38854197, 0.87290531, 0.29507878, 1.1577585;
 0, 0, 0, 1]
Twc:
[0.91159153, 0.13429824, -0.38854197, 0.40898988;
 0.31747463, 0.37046754, 0.87290531, -0.96362984;
 0.26117185, -0.91908526, 0.29507878, -0.53440332;
 0, 0, 0, 1]
Ow:
[0.07266742;
 -0.18909523;
 1.1577585]
Keyframe: 83 Frame: 550 Frame from vFrameID : 551
Tcw:
[0.9077549, 0.3124204, 0.27995446, 0.081018344;
 0.15346959, 0.37376636, -0.91473812, -0.1914244;
 -0.39042041, 0.87332249, 0.29134122, 1.1613683;
 0, 0, 0, 1]
Twc:
[0.9077549, 0.15346959, -0.39042041, 0.40925488;
 0.3124204, 0.37376636, 0.87332249, -0.96801281;
 0.27995446, -0.91473812, 0.29134122, -0.53613907;
 0, 0, 0, 1]
Ow:
[0.081018344;
 -0.1914244;
 1.1613683]
Keyframe: 84 Frame: 556 Frame from vFrameID : 557
Tcw:
[0.90198058, 0.33306476, 0.27477059, 0.097084329;
 0.14616036, 0.36327752, -0.92014486, -0.18800938;
 -0.40628582, 0.87011337, 0.27898842, 1.1695399;
 0, 0, 0, 1]
Twc:
[0.90198058, 0.14616036, -0.40628582, 0.41507879;
 0.33306476, 0.36327752, 0.87011337, -0.98166806;
 0.27477059, -0.92014486, 0.27898842, -0.52595985;
 0, 0, 0, 1]
Ow:
[0.097084329;
 -0.18800938;
 1.1695399]
Keyframe: 85 Frame: 561 Frame from vFrameID : 562
Tcw:
[0.8998636, 0.33371395, 0.28085673, 0.09725602;
 0.14689924, 0.37441927, -0.91554946, -0.19522244;
 -0.4106898, 0.86512727, 0.28790396, 1.1716638;
 0, 0, 0, 1]
Twc:
[0.8998636, 0.14689924, -0.4106898, 0.42235127;
 0.33371395, 0.37441927, 0.86512727, -0.97299898;
 0.28085673, -0.91554946, 0.28790396, -0.54337746;
 0, 0, 0, 1]
Ow:
[0.09725602;
 -0.19522244;
 1.1716638]
Keyframe: 86 Frame: 568 Frame from vFrameID : 569
Tcw:
[0.91381985, 0.31727621, 0.25351343, 0.082307234;
 0.14044876, 0.33882362, -0.93030787, -0.21342224;
 -0.38106087, 0.88573945, 0.26506269, 1.1981313;
 0, 0, 0, 1]
Twc:
[0.91381985, 0.14044876, -0.38106087, 0.41132191;
 0.31727621, 0.33882362, 0.88573945, -1.0150338;
 0.25351343, -0.93030787, 0.26506269, -0.53699428;
 0, 0, 0, 1]
Ow:
[0.082307234;
 -0.21342224;
 1.1981313]
Keyframe: 87 Frame: 576 Frame from vFrameID : 577
Tcw:
[0.91755241, 0.32166603, 0.23372757, 0.084479645;
 0.12106527, 0.33390218, -0.9348008, -0.21061206;
 -0.37873581, 0.88602501, 0.26743016, 1.2112724;
 0, 0, 0, 1]
Twc:
[0.91755241, 0.12106527, -0.37873581, 0.40673548;
 0.32166603, 0.33390218, 0.88602501, -1.0300679;
 0.23372757, -0.9348008, 0.26743016, -0.54055625;
 0, 0, 0, 1]
Ow:
[0.084479645;
 -0.21061206;
 1.2112724]
Keyframe: 88 Frame: 583 Frame from vFrameID : 584
Tcw:
[0.90686393, 0.32011619, 0.27408662, 0.067714706;
 0.1614753, 0.33679727, -0.9276278, -0.22017246;
 -0.38926032, 0.88549036, 0.25373843, 1.2252258;
 0, 0, 0, 1]
Twc:
[0.90686393, 0.1614753, -0.38926032, 0.45107618;
 0.32011619, 0.33679727, 0.88549036, -1.0324488;
 0.27408662, -0.9276278, 0.25373843, -0.53368467;
 0, 0, 0, 1]
Ow:
[0.067714706;
 -0.22017246;
 1.2252258]
Keyframe: 89 Frame: 589 Frame from vFrameID : 590
Tcw:
[0.89943773, 0.31631616, 0.30158892, 0.07997565;
 0.18601824, 0.3473644, -0.91909474, -0.21767759;
 -0.39548579, 0.88276953, 0.25359204, 1.2276696;
 0, 0, 0, 1]
Twc:
[0.89943773, 0.18601824, -0.39548579, 0.45408478;
 0.31631616, 0.3473644, 0.88276953, -1.0334336;
 0.30158892, -0.91909474, 0.25359204, -0.5355134;
 0, 0, 0, 1]
Ow:
[0.07997565;
 -0.21767759;
 1.2276696]
Keyframe: 90 Frame: 596 Frame from vFrameID : 597
Tcw:
[0.91361815, 0.30508935, 0.2687422, 0.087759569;
 0.16184375, 0.33346206, -0.9287678, -0.20820189;
 -0.37297252, 0.8920334, 0.2552802, 1.2423611;
 0, 0, 0, 1]
Twc:
[0.91361815, 0.16184375, -0.37297252, 0.41688398;
 0.30508935, 0.33346206, 0.8920334, -1.0655746;
 0.2687422, -0.9287678, 0.2552802, -0.53410608;
 0, 0, 0, 1]
Ow:
[0.087759569;
 -0.20820189;
 1.2423611]
Keyframe: 91 Frame: 603 Frame from vFrameID : 604
Tcw:
[0.92461938, 0.31452355, 0.21483468, 0.076063581;
 0.11490127, 0.30743176, -0.94460756, -0.19825909;
 -0.3631483, 0.8980872, 0.24811821, 1.2713116;
 0, 0, 0, 1]
Twc:
[0.92461938, 0.11490127, -0.3631483, 0.41412506;
 0.31452355, 0.30743176, 0.8980872, -1.1047214;
 0.21483468, -0.94460756, 0.24811821, -0.5190537;
 0, 0, 0, 1]
Ow:
[0.076063581;
 -0.19825909;
 1.2713116]
Keyframe: 92 Frame: 610 Frame from vFrameID : 611
Tcw:
[0.92666739, 0.2997953, 0.22673841, 0.081671908;
 0.12448131, 0.32441258, -0.93768913, -0.22059935;
 -0.3546716, 0.89715064, 0.26330364, 1.2812748;
 0, 0, 0, 1]
Twc:
[0.92666739, 0.12448131, -0.3546716, 0.40620956;
 0.2997953, 0.32441258, 0.89715064, -1.1024162;
 0.22673841, -0.93768913, 0.26330364, -0.56273609;
 0, 0, 0, 1]
Ow:
[0.081671908;
 -0.22059935;
 1.2812748]
Keyframe: 93 Frame: 615 Frame from vFrameID : 616
Tcw:
[0.91891921, 0.30740562, 0.24716239, 0.079837739;
 0.1455289, 0.31818151, -0.93679339, -0.22355658;
 -0.36661807, 0.89680672, 0.2476467, 1.2853726;
 0, 0, 0, 1]
Twc:
[0.91891921, 0.1455289, -0.36661807, 0.43041033;
 0.30740562, 0.31818151, 0.89680672, -1.1061418;
 0.24716239, -0.93679339, 0.2476467, -0.54747748;
 0, 0, 0, 1]
Ow:
[0.079837739;
 -0.22355658;
 1.2853726]
Keyframe: 94 Frame: 619 Frame from vFrameID : 620
Tcw:
[0.91910559, 0.30095345, 0.25430679, 0.082966745;
 0.15765704, 0.31060317, -0.93737394, -0.22769156;
 -0.36109442, 0.90163887, 0.23802969, 1.2876583;
 0, 0, 0, 1]
Twc:
[0.91910559, 0.15765704, -0.36109442, 0.4246082;
 0.30095345, 0.31060317, 0.90163887, -1.1152502;
 0.25430679, -0.93737394, 0.23802969, -0.54103202;
 0, 0, 0, 1]
Ow:
[0.082966745;
 -0.22769156;
 1.2876583]
Keyframe: 95 Frame: 626 Frame from vFrameID : 627
Tcw:
[0.91009521, 0.31243852, 0.27222937, 0.064639613;
 0.16426578, 0.33111525, -0.92918211, -0.22641304;
 -0.38045159, 0.8903622, 0.25002345, 1.3081799;
 0, 0, 0, 1]
Twc:
[0.91009521, 0.16426578, -0.38045159, 0.47606286;
 0.31243852, 0.33111525, 0.8903622, -1.1099811;
 0.27222937, -0.92918211, 0.25002345, -0.55505145;
 0, 0, 0, 1]
Ow:
[0.064639613;
 -0.22641304;
 1.3081799]
Keyframe: 96 Frame: 631 Frame from vFrameID : 632
Tcw:
[0.931979, 0.27998653, 0.23026645, 0.071596742;
 0.14652157, 0.29006267, -0.94572461, -0.21788517;
 -0.33158186, 0.91513455, 0.22930825, 1.3192176;
 0, 0, 0, 1]
Twc:
[0.931979, 0.14652157, -0.33158186, 0.40262681;
 0.27998653, 0.29006267, 0.91513455, -1.1641072;
 0.23026645, -0.94572461, 0.22930825, -0.52505314;
 0, 0, 0, 1]
Ow:
[0.071596742;
 -0.21788517;
 1.3192176]
Keyframe: 97 Frame: 636 Frame from vFrameID : 637
Tcw:
[0.94057626, 0.260544, 0.21779153, 0.07602907;
 0.1308766, 0.31367594, -0.9404673, -0.22343767;
 -0.31334907, 0.91308498, 0.26093704, 1.3204277;
 0, 0, 0, 1]
Twc:
[0.94057626, 0.1308766, -0.31334907, 0.37148643;
 0.260544, 0.31367594, 0.91308498, -1.1553847;
 0.21779153, -0.9404673, 0.26093704, -0.57124275;
 0, 0, 0, 1]
Ow:
[0.07602907;
 -0.22343767;
 1.3204277]
Keyframe: 98 Frame: 640 Frame from vFrameID : 641
Tcw:
[0.94711864, 0.25143248, 0.19936882, 0.082614213;
 0.11963753, 0.29982018, -0.9464643, -0.22486818;
 -0.29774669, 0.92026603, 0.25388452, 1.3255632;
 0, 0, 0, 1]
Twc:
[0.94711864, 0.11963753, -0.29774669, 0.3433392;
 0.25143248, 0.29982018, 0.92026603, -1.1732225;
 0.19936882, -0.9464643, 0.25388452, -0.56584042;
 0, 0, 0, 1]
Ow:
[0.082614213;
 -0.22486818;
 1.3255632]
Keyframe: 99 Frame: 643 Frame from vFrameID : 644
Tcw:
[0.94870692, 0.25170034, 0.19131692, 0.084231809;
 0.11336296, 0.29407364, -0.94903612, -0.22543451;
 -0.29513398, 0.92204535, 0.25045621, 1.3273844;
 0, 0, 0, 1]
Twc:
[0.94870692, 0.11336296, -0.29513398, 0.33740082;
 0.25170034, 0.29407364, 0.92204535, -1.1788154;
 0.19131692, -0.94903612, 0.25045621, -0.5625121;
 0, 0, 0, 1]
Ow:
[0.084231809;
 -0.22543451;
 1.3273844]
Keyframe: 100 Frame: 646 Frame from vFrameID : 647
Tcw:
[0.94785947, 0.24300389, 0.20618327, 0.083902955;
 0.13194022, 0.28969526, -0.94798124, -0.22471887;
 -0.29009345, 0.92575687, 0.24252842, 1.331128;
 0, 0, 0, 1]
Twc:
[0.94785947, 0.13194022, -0.29009345, 0.33627278;
 0.24300389, 0.28969526, 0.92575687, -1.1875896;
 0.20618327, -0.94798124, 0.24252842, -0.55316502;
 0, 0, 0, 1]
Ow:
[0.083902955;
 -0.22471887;
 1.331128]
Keyframe: 101 Frame: 649 Frame from vFrameID : 650
Tcw:
[0.94642043, 0.24715495, 0.20785277, 0.087263234;
 0.13506904, 0.28167963, -0.94995415, -0.22310677;
 -0.29333377, 0.92713052, 0.23320436, 1.3364316;
 0, 0, 0, 1]
Twc:
[0.94642043, 0.13506904, -0.29333377, 0.33956766;
 0.24715495, 0.28167963, 0.92713052, -1.1977695;
 0.20785277, -0.94995415, 0.23320436, -0.54174083;
 0, 0, 0, 1]
Ow:
[0.087263234;
 -0.22310677;
 1.3364316]
Keyframe: 102 Frame: 652 Frame from vFrameID : 653
Tcw:
[0.94653481, 0.24460056, 0.21033873, 0.08850567;
 0.14486036, 0.26031408, -0.95459521, -0.22613764;
 -0.28824866, 0.93402737, 0.21096343, 1.3453883;
 0, 0, 0, 1]
Twc:
[0.94653481, 0.14486036, -0.28824866, 0.33679107;
 0.24460056, 0.26031408, 0.93402737, -1.2194113;
 0.21033873, -0.95459521, 0.21096343, -0.51831383;
 0, 0, 0, 1]
Ow:
[0.08850567;
 -0.22613764;
 1.3453883]
Keyframe: 103 Frame: 655 Frame from vFrameID : 656
Tcw:
[0.93787098, 0.25592554, 0.23430789, 0.074397549;
 0.14915976, 0.31232879, -0.93819088, -0.21973562;
 -0.31328809, 0.91485125, 0.25475031, 1.349177;
 0, 0, 0, 1]
Twc:
[0.93787098, 0.14915976, -0.31328809, 0.38568151;
 0.25592554, 0.31232879, 0.91485125, -1.1847068;
 0.23430789, -0.93819088, 0.25475031, -0.56728911;
 0, 0, 0, 1]
Ow:
[0.074397549;
 -0.21973562;
 1.349177]
Keyframe: 104 Frame: 659 Frame from vFrameID : 660
Tcw:
[0.94721097, 0.22152151, 0.23177488, 0.051971108;
 0.16238618, 0.29185343, -0.94257748, -0.18707934;
 -0.27644548, 0.93045676, 0.24047473, 1.3574193;
 0, 0, 0, 1]
Twc:
[0.94721097, 0.16238618, -0.27644548, 0.35640398;
 0.22152151, 0.29185343, 0.93045676, -1.219933;
 0.23177488, -0.94257748, 0.24047473, -0.51480746;
 0, 0, 0, 1]
Ow:
[0.051971108;
 -0.18707934;
 1.3574193]
Keyframe: 105 Frame: 662 Frame from vFrameID : 663
Tcw:
[0.9470489, 0.24144584, 0.21166538, 0.050528437;
 0.11873525, 0.3491407, -0.92951745, -0.1527189;
 -0.29832911, 0.90543067, 0.3019852, 1.3431214;
 0, 0, 0, 1]
Twc:
[0.9470489, 0.11873525, -0.29832911, 0.37097245;
 0.24144584, 0.3491407, 0.90543067, -1.1749828;
 0.21166538, -0.92951745, 0.3019852, -0.55825275;
 0, 0, 0, 1]
Ow:
[0.050528437;
 -0.1527189;
 1.3431214]
Keyframe: 106 Frame: 664 Frame from vFrameID : 665
Tcw:
[0.96123326, 0.21208473, 0.17621192, 0.080653742;
 0.12319467, 0.24140386, -0.96257323, -0.23714492;
 -0.24668531, 0.94696581, 0.20591772, 1.3641466;
 0, 0, 0, 1]
Twc:
[0.96123326, 0.12319467, -0.24668531, 0.28820285;
 0.21208473, 0.24140386, 0.94696581, -1.2516578;
 0.17621192, -0.96257323, 0.20591772, -0.52338344;
 0, 0, 0, 1]
Ow:
[0.080653742;
 -0.23714492;
 1.3641466]
Keyframe: 107 Frame: 666 Frame from vFrameID : 667
Tcw:
[0.96208161, 0.20506194, 0.17985712, 0.020543374;
 0.12099505, 0.27011991, -0.95519394, -0.1206516;
 -0.24445692, 0.94073629, 0.23506592, 1.383247;
 0, 0, 0, 1]
Twc:
[0.96208161, 0.12099505, -0.24445692, 0.33297813;
 0.20506194, 0.27011991, 0.94073629, -1.272893;
 0.17985712, -0.95519394, 0.23506592, -0.44409475;
 0, 0, 0, 1]
Ow:
[0.020543374;
 -0.1206516;
 1.383247]
Keyframe: 108 Frame: 668 Frame from vFrameID : 669
Tcw:
[0.95251739, 0.23146331, 0.19782671, 0.03218884;
 0.12092377, 0.30871078, -0.94343793, -0.17643115;
 -0.27944252, 0.92256296, 0.26606297, 1.36702;
 0, 0, 0, 1]
Twc:
[0.95251739, 0.12092377, -0.27944252, 0.37267777;
 0.23146331, 0.30871078, 0.92256296, -1.2141463;
 0.19782671, -0.94343793, 0.26606297, -0.536533;
 0, 0, 0, 1]
Ow:
[0.03218884;
 -0.17643115;
 1.36702]
Keyframe: 109 Frame: 669 Frame from vFrameID : 670
Tcw:
[0.95238912, 0.21837257, 0.21276377, 0.05264692;
 0.13883837, 0.3106589, -0.94032705, -0.22052738;
 -0.2714386, 0.92509699, 0.26554966, 1.3763236;
 0, 0, 0, 1]
Twc:
[0.95238912, 0.13883837, -0.2714386, 0.35406464;
 0.21837257, 0.3106589, 0.92509699, -1.2162207;
 0.21276377, -0.94032705, 0.26554966, -0.58405149;
 0, 0, 0, 1]
Ow:
[0.05264692;
 -0.22052738;
 1.3763236]
Keyframe: 110 Frame: 670 Frame from vFrameID : 671
Tcw:
[0.94885057, 0.23393063, 0.2120354, 0.049206868;
 0.11800697, 0.36013922, -0.92540485, -0.20118162;
 -0.29284281, 0.90309256, 0.31411287, 1.3624622;
 0, 0, 0, 1]
Twc:
[0.94885057, 0.11800697, -0.29284281, 0.3760381;
 0.23393063, 0.36013922, 0.90309256, -1.1694871;
 0.2120354, -0.92540485, 0.31411287, -0.62457496;
 0, 0, 0, 1]
Ow:
[0.049206868;
 -0.20118162;
 1.3624622]
Keyframe: 111 Frame: 673 Frame from vFrameID : 674
Tcw:
[0.96923614, 0.1425174, 0.20067422, 0.077983864;
 0.158232, 0.26371601, -0.95153373, -0.23732096;
 -0.18853113, 0.95401394, 0.23305228, 1.3772821;
 0, 0, 0, 1]
Twc:
[0.96923614, 0.158232, -0.18853113, 0.22162755;
 0.1425174, 0.26371601, 0.95401394, -1.2624751;
 0.20067422, -0.95153373, 0.23305228, -0.56244701;
 0, 0, 0, 1]
Ow:
[0.077983864;
 -0.23732096;
 1.3772821]
Keyframe: 112 Frame: 674 Frame from vFrameID : 675
Tcw:
[0.96754736, 0.12281656, 0.22083528, 0.069154531;
 0.18380672, 0.25763771, -0.94859785, -0.25524673;
 -0.17339902, 0.95840436, 0.22670217, 1.3883439;
 0, 0, 0, 1]
Twc:
[0.96754736, 0.18380672, -0.17339902, 0.22074327;
 0.12281656, 0.25763771, 0.95840436, -1.273327;
 0.22083528, -0.94859785, 0.22670217, -0.57213885;
 0, 0, 0, 1]
Ow:
[0.069154531;
 -0.25524673;
 1.3883439]
Keyframe: 113 Frame: 676 Frame from vFrameID : 677
Tcw:
[0.944215, 0.27194935, 0.18574589, 0.051736303;
 0.10468204, 0.28692144, -0.95221728, -0.22522211;
 -0.31224936, 0.91854215, 0.2424473, 1.3880584;
 0, 0, 0, 1]
Twc:
[0.944215, 0.10468204, -0.31224936, 0.40814689;
 0.27194935, 0.28692144, 0.91854215, -1.2244388;
 0.18574589, -0.95221728, 0.2424473, -0.56060123;
 0, 0, 0, 1]
Ow:
[0.051736303;
 -0.22522211;
 1.3880584]
Keyframe: 114 Frame: 678 Frame from vFrameID : 679
Tcw:
[0.94652408, 0.26537392, 0.18349083, 0.058991268;
 0.10671297, 0.27921167, -0.95428151, -0.22914824;
 -0.3044742, 0.92283124, 0.23596174, 1.3928517;
 0, 0, 0, 1]
Twc:
[0.94652408, 0.10671297, -0.3044742, 0.39270383;
 0.26537392, 0.27921167, 0.92283124, -1.2370409;
 0.18349083, -0.95428151, 0.23596174, -0.55815595;
 0, 0, 0, 1]
Ow:
[0.058991268;
 -0.22914824;
 1.3928517]
Keyframe: 115 Frame: 680 Frame from vFrameID : 681
Tcw:
[0.94361299, 0.26808208, 0.1942331, 0.069237247;
 0.11852009, 0.2742601, -0.95432407, -0.23635411;
 -0.30910757, 0.92353308, 0.22702231, 1.4025799;
 0, 0, 0, 1]
Twc:
[0.94361299, 0.11852009, -0.30910757, 0.39622763;
 0.26808208, 0.2742601, 0.92353308, -1.2490678;
 0.1942331, -0.95432407, 0.22702231, -0.55742347;
 0, 0, 0, 1]
Ow:
[0.069237247;
 -0.23635411;
 1.4025799]
Keyframe: 116 Frame: 682 Frame from vFrameID : 683
Tcw:
[0.94066942, 0.27442229, 0.19958313, 0.069467902;
 0.12411097, 0.26917201, -0.95506173, -0.23428905;
 -0.31581241, 0.92316782, 0.21914306, 1.40576;
 0, 0, 0, 1]
Twc:
[0.94066942, 0.12411097, -0.31581241, 0.40768802;
 0.27442229, 0.26917201, 0.92316782, -1.253752;
 0.19958313, -0.95506173, 0.21914306, -0.54568768;
 0, 0, 0, 1]
Ow:
[0.069467902;
 -0.23428905;
 1.40576]
Keyframe: 117 Frame: 684 Frame from vFrameID : 685
Tcw:
[0.93364275, 0.28019312, 0.22316584, 0.066578299;
 0.13765827, 0.29451156, -0.94568133, -0.22980189;
 -0.33069834, 0.91364914, 0.23639767, 1.4046937;
 0, 0, 0, 1]
Twc:
[0.93364275, 0.13765827, -0.33069834, 0.43400362;
 0.28019312, 0.29451156, 0.91364914, -1.2343726;
 0.22316584, -0.94568133, 0.23639767, -0.56424367;
 0, 0, 0, 1]
Ow:
[0.066578299;
 -0.22980189;
 1.4046937]
Keyframe: 118 Frame: 686 Frame from vFrameID : 687
Tcw:
[0.92625177, 0.29323092, 0.23679803, 0.072262213;
 0.14997335, 0.28965032, -0.94530982, -0.232997;
 -0.3457827, 0.91110831, 0.22431231, 1.4109474;
 0, 0, 0, 1]
Twc:
[0.92625177, 0.14997335, -0.3457827, 0.45589155;
 0.29323092, 0.28965032, 0.91110831, -1.2392278;
 0.23679803, -0.94530982, 0.22431231, -0.55385882;
 0, 0, 0, 1]
Ow:
[0.072262213;
 -0.232997;
 1.4109474]
Keyframe: 119 Frame: 689 Frame from vFrameID : 690
Tcw:
[0.9218213, 0.29692179, 0.24916446, 0.075399235;
 0.16296101, 0.28637108, -0.94415849, -0.23650473;
 -0.35169473, 0.91094953, 0.21559629, 1.4141546;
 0, 0, 0, 1]
Twc:
[0.9218213, 0.16296101, -0.35169473, 0.46638715;
 0.29692179, 0.28637108, 0.91094953, -1.2428831;
 0.24916446, -0.94415849, 0.21559629, -0.54697126;
 0, 0, 0, 1]
Ow:
[0.075399235;
 -0.23650473;
 1.4141546]
Keyframe: 120 Frame: 692 Frame from vFrameID : 693
Tcw:
[0.91119802, 0.31124416, 0.26989868, 0.072010115;
 0.17552361, 0.29939884, -0.93784422, -0.23486;
 -0.37270588, 0.90193534, 0.21818094, 1.4169903;
 0, 0, 0, 1]
Twc:
[0.91119802, 0.17552361, -0.37270588, 0.50372869;
 0.31124416, 0.29939884, 0.90193534, -1.2301297;
 0.26989868, -0.93784422, 0.21818094, -0.54885781;
 0, 0, 0, 1]
Ow:
[0.072010115;
 -0.23486;
 1.4169903]
Keyframe: 121 Frame: 695 Frame from vFrameID : 696
Tcw:
[0.91655505, 0.31024614, 0.25233743, 0.082818463;
 0.15782054, 0.29916123, -0.94106072, -0.23534456;
 -0.36745003, 0.90235794, 0.22523452, 1.4179493;
 0, 0, 0, 1]
Twc:
[0.91655505, 0.15782054, -0.36745003, 0.48226005;
 0.31024614, 0.29916123, 0.90235794, -1.234786;
 0.25233743, -0.94106072, 0.22523452, -0.56174284;
 0, 0, 0, 1]
Ow:
[0.082818463;
 -0.23534456;
 1.4179493]
Keyframe: 122 Frame: 699 Frame from vFrameID : 700
Tcw:
[0.92363155, 0.29889187, 0.23993425, 0.087611288;
 0.14990003, 0.2944442, -0.94383931, -0.24106976;
 -0.35275313, 0.90772587, 0.22715405, 1.4244188;
 0, 0, 0, 1]
Twc:
[0.92363155, 0.14990003, -0.35275313, 0.45768404;
 0.29889187, 0.2944442, 0.90772587, -1.2481866;
 0.23993425, -0.94383931, 0.22715405, -0.57211459;
 0, 0, 0, 1]
Ow:
[0.087611288;
 -0.24106976;
 1.4244188]
Keyframe: 123 Frame: 703 Frame from vFrameID : 704
Tcw:
[0.93062311, 0.29593506, 0.21532077, 0.092935309;
 0.13035677, 0.28172037, -0.95060021, -0.24536934;
 -0.3419762, 0.91271907, 0.22359835, 1.4316107;
 0, 0, 0, 1]
Twc:
[0.93062311, 0.13035677, -0.3419762, 0.43507457;
 0.29593506, 0.28172037, 0.91271907, -1.2650356;
 0.21532077, -0.95060021, 0.22359835, -0.57336485;
 0, 0, 0, 1]
Ow:
[0.092935309;
 -0.24536934;
 1.4316107]
Keyframe: 124 Frame: 708 Frame from vFrameID : 709
Tcw:
[0.93019432, 0.29693475, 0.21579683, 0.097523987;
 0.12574501, 0.29455203, -0.94732642, -0.24647725;
 -0.34485751, 0.908333, 0.23665255, 1.4403983;
 0, 0, 0, 1]
Twc:
[0.93019432, 0.12574501, -0.34485751, 0.43700922;
 0.29693475, 0.29455203, 0.908333, -1.2647192;
 0.21579683, -0.94732642, 0.23665255, -0.59541374;
 0, 0, 0, 1]
Ow:
[0.097523987;
 -0.24647725;
 1.4403983]
Keyframe: 125 Frame: 713 Frame from vFrameID : 714
Tcw:
[0.92545718, 0.29925001, 0.23233257, 0.10004111;
 0.13833928, 0.30397764, -0.94258147, -0.25138515;
 -0.35269144, 0.90445954, 0.23992024, 1.4449341;
 0, 0, 0, 1]
Twc:
[0.92545718, 0.13833928, -0.35269144, 0.4518086;
 0.29925001, 0.30397764, 0.90445954, -1.2604064;
 0.23233257, -0.94258147, 0.23992024, -0.60686278;
 0, 0, 0, 1]
Ow:
[0.10004111;
 -0.25138515;
 1.4449341]
Keyframe: 126 Frame: 718 Frame from vFrameID : 719
Tcw:
[0.90811026, 0.32767212, 0.26070428, 0.096107483;
 0.16124995, 0.30093157, -0.93991417, -0.25358593;
 -0.38643783, 0.89558423, 0.22044194, 1.4541947;
 0, 0, 0, 1]
Twc:
[0.90811026, 0.16124995, -0.38643783, 0.5155704;
 0.32767212, 0.30093157, 0.89558423, -1.2575337;
 0.26070428, -0.93991417, 0.22044194, -0.58397019;
 0, 0, 0, 1]
Ow:
[0.096107483;
 -0.25358593;
 1.4541947]
Keyframe: 127 Frame: 724 Frame from vFrameID : 725
Tcw:
[0.887326, 0.35689884, 0.29202023, 0.10142928;
 0.16987719, 0.33573556, -0.92651141, -0.25996098;
 -0.42871243, 0.8717252, 0.2372779, 1.4580232;
 0, 0, 0, 1]
Twc:
[0.887326, 0.16987719, -0.42871243, 0.57923323;
 0.35689884, 0.33573556, 0.8717252, -1.2199174;
 0.29202023, -0.92651141, 0.2372779, -0.61643291;
 0, 0, 0, 1]
Ow:
[0.10142928;
 -0.25996098;
 1.4580232]
Keyframe: 128 Frame: 730 Frame from vFrameID : 731
Tcw:
[0.88466841, 0.36250621, 0.29317412, 0.078677893;
 0.16491456, 0.34485993, -0.92405349, -0.24524298;
 -0.43607914, 0.86582959, 0.24530414, 1.4726872;
 0, 0, 0, 1]
Twc:
[0.88466841, 0.16491456, -0.43607914, 0.61304843;
 0.36250621, 0.34485993, 0.86582959, -1.2190429;
 0.29317412, -0.92405349, 0.24530414, -0.61094016;
 0, 0, 0, 1]
Ow:
[0.078677893;
 -0.24524298;
 1.4726872]
Keyframe: 129 Frame: 736 Frame from vFrameID : 737
Tcw:
[0.90085167, 0.34776929, 0.25985155, 0.081529573;
 0.14818101, 0.31629127, -0.93701774, -0.24767131;
 -0.40805474, 0.88261902, 0.23339872, 1.4788711;
 0, 0, 0, 1]
Twc:
[0.90085167, 0.14818101, -0.40805474, 0.56671453;
 0.34776929, 0.31629127, 0.88261902, -1.2552969;
 0.25985155, -0.93701774, 0.23339872, -0.59842461;
 0, 0, 0, 1]
Ow:
[0.081529573;
 -0.24767131;
 1.4788711]
Keyframe: 130 Frame: 742 Frame from vFrameID : 743
Tcw:
[0.91057229, 0.32691932, 0.25294635, 0.087018892;
 0.1355579, 0.34191853, -0.92990094, -0.25844735;
 -0.39048961, 0.88103092, 0.26702505, 1.4807293;
 0, 0, 0, 1]
Twc:
[0.91057229, 0.1355579, -0.39048961, 0.53400701;
 0.32691932, 0.34191853, 0.88103092, -1.2446485;
 0.25294635, -0.92990094, 0.26702505, -0.65773332;
 0, 0, 0, 1]
Ow:
[0.087018892;
 -0.25844735;
 1.4807293]
Keyframe: 131 Frame: 749 Frame from vFrameID : 750
Tcw:
[0.90853262, 0.33022198, 0.2559725, 0.07727994;
 0.15306406, 0.30699584, -0.93932152, -0.24552837;
 -0.38876709, 0.89258444, 0.22837062, 1.4896816;
 0, 0, 0, 1]
Twc:
[0.90853262, 0.15306406, -0.38876709, 0.54650944;
 0.33022198, 0.30699584, 0.89258444, -1.27981;
 0.2559725, -0.93932152, 0.22837062, -0.59061116;
 0, 0, 0, 1]
Ow:
[0.07727994;
 -0.24552837;
 1.4896816]
Keyframe: 132 Frame: 756 Frame from vFrameID : 757
Tcw:
[0.88153893, 0.36410806, 0.30052358, 0.06766066;
 0.18462823, 0.31998092, -0.92926025, -0.22767955;
 -0.43451294, 0.87466425, 0.21485102, 1.4980153;
 0, 0, 0, 1]
Twc:
[0.88153893, 0.18462823, -0.43451294, 0.63329762;
 0.36410806, 0.31998092, 0.87466425, -1.2620431;
 0.30052358, -0.92926025, 0.21485102, -0.55375731;
 0, 0, 0, 1]
Ow:
[0.06766066;
 -0.22767955;
 1.4980153]
Keyframe: 133 Frame: 763 Frame from vFrameID : 764
Tcw:
[0.87639058, 0.37094298, 0.30714953, 0.066248015;
 0.18496569, 0.32960343, -0.92582357, -0.22715789;
 -0.44466528, 0.86819518, 0.22024961, 1.5079926;
 0, 0, 0, 1]
Twc:
[0.87639058, 0.18496569, -0.44466528, 0.65450931;
 0.37094298, 0.32960343, 0.86819518, -1.2589341;
 0.30714953, -0.92582357, 0.22024961, -0.56279099;
 0, 0, 0, 1]
Ow:
[0.066248015;
 -0.22715789;
 1.5079926]
Keyframe: 134 Frame: 770 Frame from vFrameID : 771
Tcw:
[0.89967901, 0.33527142, 0.27959043, 0.074884802;
 0.17225578, 0.31584799, -0.93304235, -0.23926643;
 -0.4011305, 0.88759965, 0.22640936, 1.5029663;
 0, 0, 0, 1]
Twc:
[0.89967901, 0.17225578, -0.4011305, 0.57672834;
 0.33527142, 0.31584799, 0.88759965, -1.2835672;
 0.27959043, -0.93304235, 0.22640936, -0.58446836;
 0, 0, 0, 1]
Ow:
[0.074884802;
 -0.23926643;
 1.5029663]
Keyframe: 135 Frame: 778 Frame from vFrameID : 779
Tcw:
[0.90542924, 0.32766506, 0.26987687, 0.076573223;
 0.14958687, 0.34869611, -0.9252215, -0.2518214;
 -0.39726776, 0.87809259, 0.26670527, 1.5231621;
 0, 0, 0, 1]
Twc:
[0.90542924, 0.14958687, -0.39726776, 0.57344079;
 0.32766506, 0.34869611, 0.87809259, -1.2747587;
 0.26987687, -0.9252215, 0.26670527, -0.65989125;
 0, 0, 0, 1]
Ow:
[0.076573223;
 -0.2518214;
 1.5231621]
Keyframe: 136 Frame: 785 Frame from vFrameID : 786
Tcw:
[0.89926255, 0.33459231, 0.28173548, 0.082753971;
 0.16689412, 0.33290997, -0.9280718, -0.25605106;
 -0.40431824, 0.8816002, 0.24353199, 1.5234547;
 0, 0, 0, 1]
Twc:
[0.89926255, 0.16689412, -0.40431824, 0.58427638;
 0.33459231, 0.33290997, 0.8816002, -1.2855248;
 0.28173548, -0.9280718, 0.24353199, -0.63195843;
 0, 0, 0, 1]
Ow:
[0.082753971;
 -0.25605106;
 1.5234547]
Keyframe: 137 Frame: 793 Frame from vFrameID : 794
Tcw:
[0.89505601, 0.33445773, 0.29497936, 0.081766218;
 0.16266215, 0.37103724, -0.91426057, -0.24302331;
 -0.41522983, 0.86629635, 0.27769548, 1.5234487;
 0, 0, 0, 1]
Twc:
[0.89505601, 0.16266215, -0.41522983, 0.59892666;
 0.33445773, 0.37103724, 0.86629635, -1.2569346;
 0.29497936, -0.91426057, 0.27769548, -0.66936082;
 0, 0, 0, 1]
Ow:
[0.081766218;
 -0.24302331;
 1.5234487]
Keyframe: 138 Frame: 801 Frame from vFrameID : 802
Tcw:
[0.89935577, 0.33610144, 0.27963379, 0.083191112;
 0.14591117, 0.37218356, -0.91661841, -0.25834697;
 -0.41215187, 0.86516774, 0.28568447, 1.5566407;
 0, 0, 0, 1]
Twc:
[0.89935577, 0.14591117, -0.41215187, 0.60444969;
 0.33610144, 0.37218356, 0.86516774, -1.2785635;
 0.27963379, -0.91661841, 0.28568447, -0.70477676;
 0, 0, 0, 1]
Ow:
[0.083191112;
 -0.25834697;
 1.5566407]
Keyframe: 139 Frame: 807 Frame from vFrameID : 808
Tcw:
[0.91802186, 0.32053694, 0.23343508, 0.098247901;
 0.11718667, 0.34309024, -0.93196374, -0.26084936;
 -0.37881809, 0.88291854, 0.27740169, 1.5669909;
 0, 0, 0, 1]
Twc:
[0.91802186, 0.11718667, -0.37881809, 0.53397888;
 0.32053694, 0.34309024, 0.88291854, -1.3255225;
 0.23343508, -0.93196374, 0.27740169, -0.70072252;
 0, 0, 0, 1]
Ow:
[0.098247901;
 -0.26084936;
 1.5669909]
Keyframe: 140 Frame: 815 Frame from vFrameID : 816
Tcw:
[0.91781664, 0.31213179, 0.24532919, 0.091424912;
 0.1148818, 0.38270131, -0.91670161, -0.26906127;
 -0.38001952, 0.86954784, 0.31539136, 1.5642173;
 0, 0, 0, 1]
Twc:
[0.91781664, 0.1148818, -0.38001952, 0.54143208;
 0.31213179, 0.38270131, 0.86954784, -1.2857283;
 0.24532919, -0.91670161, 0.31539136, -0.76241875;
 0, 0, 0, 1]
Ow:
[0.091424912;
 -0.26906127;
 1.5642173]
Keyframe: 141 Frame: 823 Frame from vFrameID : 824
Tcw:
[0.90899551, 0.29982516, 0.2895377, 0.040757075;
 0.16402677, 0.38128486, -0.90978956, -0.22512037;
 -0.38317415, 0.87448657, 0.29740688, 1.5773592;
 0, 0, 0, 1]
Twc:
[0.90899551, 0.16402677, -0.38317415, 0.60428107;
 0.29982516, 0.38128486, 0.87448657, -1.3057644;
 0.2895377, -0.90978956, 0.29740688, -0.68573034;
 0, 0, 0, 1]
Ow:
[0.040757075;
 -0.22512037;
 1.5773592]
Keyframe: 142 Frame: 831 Frame from vFrameID : 832
Tcw:
[0.89342618, 0.3212651, 0.31397203, 0.04550162;
 0.18667528, 0.37020525, -0.91000021, -0.24793801;
 -0.4085854, 0.87162882, 0.27077881, 1.603797;
 0, 0, 0, 1]
Twc:
[0.89342618, 0.18667528, -0.4085854, 0.66091961;
 0.3212651, 0.37020525, 0.87162882, -1.3207458;
 0.31397203, -0.91000021, 0.27077881, -0.67418414;
 0, 0, 0, 1]
Ow:
[0.04550162;
 -0.24793801;
 1.603797]
Keyframe: 143 Frame: 839 Frame from vFrameID : 840
Tcw:
[0.91834784, 0.29306379, 0.26599032, 0.061613768;
 0.15840532, 0.34372443, -0.925614, -0.25042433;
 -0.36269131, 0.89216989, 0.26923573, 1.6121539;
 0, 0, 0, 1]
Twc:
[0.91834784, 0.15840532, -0.36269131, 0.56779993;
 0.29306379, 0.34372443, 0.89216989, -1.370295;
 0.26599032, -0.925614, 0.26923573, -0.68223441;
 0, 0, 0, 1]
Ow:
[0.061613768;
 -0.25042433;
 1.6121539]
Keyframe: 144 Frame: 846 Frame from vFrameID : 847
Tcw:
[0.91778439, 0.29262185, 0.26841053, 0.065634906;
 0.1552396, 0.35774171, -0.92082655, -0.26152313;
 -0.36547562, 0.88678819, 0.28290328, 1.621345;
 0, 0, 0, 1]
Twc:
[0.91778439, 0.1552396, -0.36547562, 0.57292217;
 0.29262185, 0.35774171, 0.88678819, -1.3634381;
 0.26841053, -0.92082655, 0.28290328, -0.71711832;
 0, 0, 0, 1]
Ow:
[0.065634906;
 -0.26152313;
 1.621345]
Keyframe: 145 Frame: 852 Frame from vFrameID : 853
Tcw:
[0.91401416, 0.28512102, 0.28858989, 0.069236934;
 0.17536829, 0.36377913, -0.91482824, -0.2633388;
 -0.36581975, 0.88677549, 0.28249809, 1.6211605;
 0, 0, 0, 1]
Twc:
[0.91401416, 0.17536829, -0.36581975, 0.57595021;
 0.28512102, 0.36377913, 0.88677549, -1.3615491;
 0.28858989, -0.91482824, 0.28249809, -0.71886557;
 0, 0, 0, 1]
Ow:
[0.069236934;
 -0.2633388;
 1.6211605]
Keyframe: 146 Frame: 860 Frame from vFrameID : 861
Tcw:
[0.90761745, 0.28964135, 0.3038725, 0.071861669;
 0.18174905, 0.38138136, -0.90637493, -0.26409352;
 -0.37841499, 0.8778702, 0.29350632, 1.6243724;
 0, 0, 0, 1]
Twc:
[0.90761745, 0.18174905, -0.37841499, 0.59746271;
 0.28964135, 0.38138136, 0.8778702, -1.346082;
 0.3038725, -0.90637493, 0.29350632, -0.73796815;
 0, 0, 0, 1]
Ow:
[0.071861669;
 -0.26409352;
 1.6243724]
Keyframe: 147 Frame: 866 Frame from vFrameID : 867
Tcw:
[0.91697955, 0.27838963, 0.28574064, 0.079654709;
 0.16997766, 0.37534246, -0.9111672, -0.27282944;
 -0.36091009, 0.8840912, 0.29686132, 1.6306678;
 0, 0, 0, 1]
Twc:
[0.91697955, 0.16997766, -0.36091009, 0.56185758;
 0.27838963, 0.37534246, 0.8840912, -1.3614296;
 0.28574064, -0.9111672, 0.29686132, -0.755436;
 0, 0, 0, 1]
Ow:
[0.079654709;
 -0.27282944;
 1.6306678]
Keyframe: 148 Frame: 872 Frame from vFrameID : 873
Tcw:
[0.91667414, 0.28847775, 0.27656671, 0.077975497;
 0.16280739, 0.36244428, -0.91767526, -0.27062953;
 -0.36496893, 0.88623625, 0.28527698, 1.6474786;
 0, 0, 0, 1]
Twc:
[0.91667414, 0.16280739, -0.36496893, 0.57386088;
 0.28847775, 0.36244428, 0.88623625, -1.3844614;
 0.27656671, -0.91767526, 0.28527698, -0.73990321;
 0, 0, 0, 1]
Ow:
[0.077975497;
 -0.27062953;
 1.6474786]
Keyframe: 149 Frame: 880 Frame from vFrameID : 881
Tcw:
[0.92078012, 0.29129496, 0.25944403, 0.083064765;
 0.14222711, 0.36861336, -0.91863793, -0.26511484;
 -0.36322913, 0.8827635, 0.29798183, 1.6535401;
 0, 0, 0, 1]
Twc:
[0.92078012, 0.14222711, -0.36322913, 0.56183612;
 0.29129496, 0.36861336, 0.8827635, -1.3861564;
 0.25944403, -0.91863793, 0.29798183, -0.75782013;
 0, 0, 0, 1]
Ow:
[0.083064765;
 -0.26511484;
 1.6535401]
Keyframe: 150 Frame: 886 Frame from vFrameID : 887
Tcw:
[0.91198218, 0.30206272, 0.27757272, 0.087136105;
 0.16321677, 0.35359347, -0.92104936, -0.26538944;
 -0.37636259, 0.88528514, 0.27316925, 1.6646936;
 0, 0, 0, 1]
Twc:
[0.91198218, 0.16321677, -0.37636259, 0.59037781;
 0.30206272, 0.35359347, 0.88528514, -1.4062091;
 0.27757272, -0.92104936, 0.27316925, -0.7233665;
 0, 0, 0, 1]
Ow:
[0.087136105;
 -0.26538944;
 1.6646936]
Keyframe: 151 Frame: 893 Frame from vFrameID : 894
Tcw:
[0.89362293, 0.32451454, 0.31004569, 0.060416356;
 0.18376358, 0.3656975, -0.91241235, -0.25483054;
 -0.40947402, 0.87232774, 0.26716173, 1.6864445;
 0, 0, 0, 1]
Twc:
[0.89362293, 0.18376358, -0.40947402, 0.68339431;
 0.32451454, 0.3656975, 0.87232774, -1.3975474;
 0.31004569, -0.91241235, 0.26716173, -0.70179582;
 0, 0, 0, 1]
Ow:
[0.060416356;
 -0.25483054;
 1.6864445]
Keyframe: 152 Frame: 899 Frame from vFrameID : 900
Tcw:
[0.91504866, 0.30953908, 0.25859532, 0.061237395;
 0.14244305, 0.35181832, -0.9251669, -0.25918657;
 -0.37735388, 0.88340783, 0.27783918, 1.6890545;
 0, 0, 0, 1]
Twc:
[0.91504866, 0.14244305, -0.37735388, 0.61825544;
 0.30953908, 0.35181832, 0.88340783, -1.4198928;
 0.25859532, -0.9251669, 0.27783918, -0.72491211;
 0, 0, 0, 1]
Ow:
[0.061237395;
 -0.25918657;
 1.6890545]
Keyframe: 153 Frame: 905 Frame from vFrameID : 906
Tcw:
[0.92895305, 0.29192787, 0.22764952, 0.060547486;
 0.11961435, 0.34526315, -0.93085217, -0.25432655;
 -0.35034069, 0.89194816, 0.28581449, 1.6913174;
 0, 0, 0, 1]
Twc:
[0.92895305, 0.11961435, -0.35034069, 0.56671262;
 0.29192787, 0.34526315, 0.89194816, -1.4384333;
 0.22764952, -0.93085217, 0.28581449, -0.73392707;
 0, 0, 0, 1]
Ow:
[0.060547486;
 -0.25432655;
 1.6913174]
Keyframe: 154 Frame: 911 Frame from vFrameID : 912
Tcw:
[0.93114454, 0.26778424, 0.24751048, 0.04115814;
 0.13891234, 0.36709133, -0.91975397, -0.26318562;
 -0.33715457, 0.89080614, 0.30461657, 1.7125304;
 0, 0, 0, 1]
Twc:
[0.93114454, 0.13891234, -0.33715457, 0.57562292;
 0.26778424, 0.36709133, 0.89080614, -1.4399408;
 0.24751048, -0.91975397, 0.30461657, -0.77391815;
 0, 0, 0, 1]
Ow:
[0.04115814;
 -0.26318562;
 1.7125304]
Keyframe: 155 Frame: 918 Frame from vFrameID : 919
Tcw:
[0.91974241, 0.29113027, 0.26328135, 0.047662184;
 0.14185582, 0.37887734, -0.91451019, -0.262743;
 -0.36599296, 0.87846178, 0.30717105, 1.7133833;
 0, 0, 0, 1]
Twc:
[0.91974241, 0.14185582, -0.36599296, 0.62052089;
 0.29113027, 0.37887734, 0.87846178, -1.4194703;
 0.26328135, -0.91451019, 0.30717105, -0.77913141;
 0, 0, 0, 1]
Ow:
[0.047662184;
 -0.262743;
 1.7133833]
Keyframe: 156 Frame: 926 Frame from vFrameID : 927
Tcw:
[0.91297036, 0.28665245, 0.29037136, 0.052288473;
 0.15893555, 0.4056032, -0.90012527, -0.26754344;
 -0.37579867, 0.86793804, 0.32474443, 1.7169179;
 0, 0, 0, 1]
Twc:
[0.91297036, 0.15893555, -0.37579867, 0.63999975;
 0.28665245, 0.4056032, 0.86793804, -1.3966504;
 0.29037136, -0.90012527, 0.32474443, -0.81356519;
 0, 0, 0, 1]
Ow:
[0.052288473;
 -0.26754344;
 1.7169179]
Keyframe: 157 Frame: 933 Frame from vFrameID : 934
Tcw:
[0.92794538, 0.27500582, 0.25157335, 0.061474472;
 0.13084599, 0.39164945, -0.91076344, -0.26145199;
 -0.34899384, 0.87805611, 0.32744589, 1.718061;
 0, 0, 0, 1]
Twc:
[0.92794538, 0.13084599, -0.34899384, 0.57675761;
 0.27500582, 0.39164945, 0.87805611, -1.4230622;
 0.25157335, -0.91076344, 0.32744589, -0.81615824;
 0, 0, 0, 1]
Ow:
[0.061474472;
 -0.26145199;
 1.718061]
Keyframe: 158 Frame: 939 Frame from vFrameID : 940
Tcw:
[0.94180179, 0.25212446, 0.22235699, 0.065288588;
 0.12599604, 0.34849077, -0.92880523, -0.25930214;
 -0.31166387, 0.90276653, 0.29644257, 1.7248977;
 0, 0, 0, 1]
Twc:
[0.94180179, 0.12599604, -0.31166387, 0.50877047;
 0.25212446, 0.34849077, 0.90276653, -1.4832765;
 0.22235699, -0.92880523, 0.29644257, -0.76669168;
 0, 0, 0, 1]
Ow:
[0.065288588;
 -0.25930214;
 1.7248977]
Keyframe: 159 Frame: 946 Frame from vFrameID : 947
Tcw:
[0.9361552, 0.26775777, 0.22785798, 0.070865348;
 0.11489169, 0.37952763, -0.91801888, -0.26420644;
 -0.33228508, 0.8855871, 0.32453361, 1.73296;
 0, 0, 0, 1]
Twc:
[0.9361552, 0.11489169, -0.33228508, 0.53985095;
 0.26775777, 0.37952763, 0.8855871, -1.4533882;
 0.22785798, -0.91801888, 0.32453361, -0.82109755;
 0, 0, 0, 1]
Ow:
[0.070865348;
 -0.26420644;
 1.73296]
Keyframe: 160 Frame: 952 Frame from vFrameID : 953
Tcw:
[0.93414176, 0.28286996, 0.2176321, 0.075968519;
 0.10317954, 0.36970305, -0.92340332, -0.25761357;
 -0.34166229, 0.88504475, 0.31616867, 1.7350602;
 0, 0, 0, 1]
Twc:
[0.93414176, 0.10317954, -0.34166229, 0.54841977;
 0.28286996, 0.36970305, 0.88504475, -1.4618547;
 0.2176321, -0.92340332, 0.31616867, -0.80298603;
 0, 0, 0, 1]
Ow:
[0.075968519;
 -0.25761357;
 1.7350602]
Keyframe: 161 Frame: 959 Frame from vFrameID : 960
Tcw:
[0.92070216, 0.30015123, 0.24943289, 0.066254497;
 0.12054069, 0.38917354, -0.91324359, -0.25857431;
 -0.37118387, 0.87089217, 0.32213247, 1.7407507;
 0, 0, 0, 1]
Twc:
[0.92070216, 0.12054069, -0.37118387, 0.6163066;
 0.30015123, 0.38917354, 0.87089217, -1.4352622;
 0.24943289, -0.91324359, 0.32213247, -0.81341976;
 0, 0, 0, 1]
Ow:
[0.066254497;
 -0.25857431;
 1.7407507]
Keyframe: 162 Frame: 966 Frame from vFrameID : 967
Tcw:
[0.92571443, 0.29940698, 0.23110232, 0.069708049;
 0.10273173, 0.38900682, -0.9154889, -0.26380545;
 -0.36400414, 0.87122279, 0.32935062, 1.7498677;
 0, 0, 0, 1]
Twc:
[0.92571443, 0.10273173, -0.36400414, 0.59953052;
 0.29940698, 0.38900682, 0.87122279, -1.4427736;
 0.23110232, -0.9154889, 0.32935062, -0.83394068;
 0, 0, 0, 1]
Ow:
[0.069708049;
 -0.26380545;
 1.7498677]
Keyframe: 163 Frame: 974 Frame from vFrameID : 975
Tcw:
[0.9300229, 0.29171982, 0.22351064, 0.06831421;
 0.095540516, 0.39535373, -0.91354662, -0.26799554;
 -0.35486543, 0.87097359, 0.33981696, 1.7754561;
 0, 0, 0, 1]
Twc:
[0.9300229, 0.095540516, -0.35486543, 0.59211862;
 0.29171982, 0.39535373, 0.87097359, -1.4603509;
 0.22351064, -0.91354662, 0.33981696, -0.86342543;
 0, 0, 0, 1]
Ow:
[0.06831421;
 -0.26799554;
 1.7754561]
Keyframe: 164 Frame: 981 Frame from vFrameID : 982
Tcw:
[0.92232293, 0.30053815, 0.24289353, 0.077036187;
 0.10706808, 0.40520635, -0.90793407, -0.27157539;
 -0.37129083, 0.86341453, 0.34155303, 1.773627;
 0, 0, 0, 1]
Twc:
[0.92232293, 0.10706808, -0.37129083, 0.61655629;
 0.30053815, 0.40520635, 0.86341453, -1.4444838;
 0.24289353, -0.90793407, 0.34155303, -0.87107188;
 0, 0, 0, 1]
Ow:
[0.077036187;
 -0.27157539;
 1.773627]
Keyframe: 165 Frame: 988 Frame from vFrameID : 989
Tcw:
[0.88322425, 0.35110381, 0.31087133, 0.053438008;
 0.17257123, 0.37304682, -0.91162235, -0.26701739;
 -0.43604365, 0.85881442, 0.26889357, 1.7943515;
 0, 0, 0, 1]
Twc:
[0.88322425, 0.17257123, -0.43604365, 0.78129733;
 0.35110381, 0.37304682, 0.85881442, -1.4601672;
 0.31087133, -0.91162235, 0.26889357, -0.74252093;
 0, 0, 0, 1]
Ow:
[0.053438008;
 -0.26701739;
 1.7943515]
Keyframe: 166 Frame: 996 Frame from vFrameID : 997
Tcw:
[0.86057329, 0.36774299, 0.35239002, 0.053192616;
 0.19122484, 0.40797627, -0.8927421, -0.27736288;
 -0.4720664, 0.83565569, 0.28077188, 1.7999041;
 0, 0, 0, 1]
Twc:
[0.86057329, 0.19122484, -0.4720664, 0.85693681;
 0.36774299, 0.40797627, 0.83565569, -1.4105039;
 0.35239002, -0.8927421, 0.28077188, -0.77172053;
 0, 0, 0, 1]
Ow:
[0.053192616;
 -0.27736288;
 1.7999041]
Keyframe: 167 Frame: 1004 Frame from vFrameID : 1005
Tcw:
[0.89179069, 0.33989733, 0.29862878, 0.05770573;
 0.155303, 0.38996768, -0.90763772, -0.28167278;
 -0.42495921, 0.85580081, 0.29498246, 1.8036401;
 0, 0, 0, 1]
Twc:
[0.89179069, 0.155303, -0.42495921, 0.7587567;
 0.33989733, 0.38996768, 0.85580081, -1.4533274;
 0.29862878, -0.90763772, 0.29498246, -0.80493164;
 0, 0, 0, 1]
Ow:
[0.05770573;
 -0.28167278;
 1.8036401]
Keyframe: 168 Frame: 1012 Frame from vFrameID : 1013
Tcw:
[0.90286386, 0.32560772, 0.2807427, 0.050599322;
 0.1410725, 0.3924731, -0.90888029, -0.27067891;
 -0.40612239, 0.86020023, 0.3084155, 1.8123617;
 0, 0, 0, 1]
Twc:
[0.90286386, 0.1410725, -0.40612239, 0.72854179;
 0.32560772, 0.3924731, 0.86020023, -1.4692354;
 0.2807427, -0.90888029, 0.3084155, -0.81918055;
 0, 0, 0, 1]
Ow:
[0.050599322;
 -0.27067891;
 1.8123617]
Keyframe: 169 Frame: 1020 Frame from vFrameID : 1021
Tcw:
[0.88644737, 0.34844279, 0.30462882, 0.0612977;
 0.15597557, 0.39478108, -0.90543884, -0.2826415;
 -0.43575534, 0.85013855, 0.29560408, 1.8130038;
 0, 0, 0, 1]
Twc:
[0.88644737, 0.15597557, -0.43575534, 0.77977407;
 0.34844279, 0.39478108, 0.85013855, -1.4510816;
 0.30462882, -0.90543884, 0.29560408, -0.81051904;
 0, 0, 0, 1]
Ow:
[0.0612977;
 -0.2826415;
 1.8130038]
Keyframe: 170 Frame: 1028 Frame from vFrameID : 1029
Tcw:
[0.86889774, 0.38268703, 0.31395447, 0.048042491;
 0.16473535, 0.37454182, -0.9124586, -0.2631036;
 -0.46677515, 0.84455258, 0.26239645, 1.8324652;
 0, 0, 0, 1]
Twc:
[0.86889774, 0.16473535, -0.46677515, 0.85694766;
 0.38268703, 0.37454182, 0.84455258, -1.4674551;
 0.31395447, -0.9124586, 0.26239645, -0.73598665;
 0, 0, 0, 1]
Ow:
[0.048042491;
 -0.2631036;
 1.8324652]
Keyframe: 171 Frame: 1035 Frame from vFrameID : 1036
Tcw:
[0.89054036, 0.36216524, 0.27527121, 0.044359103;
 0.13576669, 0.36594164, -0.92068136, -0.26276857;
 -0.43417197, 0.85727656, 0.27671582, 1.8441454;
 0, 0, 0, 1]
Twc:
[0.89054036, 0.13576669, -0.43417197, 0.79684788;
 0.36216524, 0.36594164, 0.85727656, -1.5008498;
 0.27527121, -0.92068136, 0.27671582, -0.76444107;
 0, 0, 0, 1]
Ow:
[0.044359103;
 -0.26276857;
 1.8441454]
Keyframe: 172 Frame: 1041 Frame from vFrameID : 1042
Tcw:
[0.89911461, 0.35862833, 0.25095552, 0.061157316;
 0.11761854, 0.35429615, -0.9277069, -0.27670369;
 -0.42161456, 0.86363184, 0.27637151, 1.8506805;
 0, 0, 0, 1]
Twc:
[0.89911461, 0.11761854, -0.42161456, 0.75783187;
 0.35862833, 0.35429615, 0.86363184, -1.5222043;
 0.25095552, -0.9277069, 0.27637151, -0.78352302;
 0, 0, 0, 1]
Ow:
[0.061157316;
 -0.27670369;
 1.8506805]
Keyframe: 173 Frame: 1047 Frame from vFrameID : 1048
Tcw:
[0.90695739, 0.34698662, 0.23880658, 0.06408377;
 0.10564733, 0.36143029, -0.92639452, -0.28030142;
 -0.40775844, 0.86542964, 0.29114366, 1.8510768;
 0, 0, 0, 1]
Twc:
[0.90695739, 0.10564733, -0.40775844, 0.72628409;
 0.34698662, 0.36143029, 0.86542964, -1.5229036;
 0.23880658, -0.92639452, 0.29114366, -0.81390256;
 0, 0, 0, 1]
Ow:
[0.06408377;
 -0.28030142;
 1.8510768]
Keyframe: 174 Frame: 1054 Frame from vFrameID : 1055
Tcw:
[0.89684635, 0.35262376, 0.26706377, 0.063936636;
 0.13207552, 0.36273938, -0.92248374, -0.28267536;
 -0.42216423, 0.86259878, 0.27874851, 1.8528414;
 0, 0, 0, 1]
Twc:
[0.89684635, 0.13207552, -0.42216423, 0.76219654;
 0.35262376, 0.36273938, 0.86259878, -1.5182668;
 0.26706377, -0.92248374, 0.27874851, -0.7943154;
 0, 0, 0, 1]
Ow:
[0.063936636;
 -0.28267536;
 1.8528414]
Keyframe: 175 Frame: 1060 Frame from vFrameID : 1061
Tcw:
[0.89230901, 0.34263229, 0.29391798, 0.061713725;
 0.15892746, 0.37096983, -0.91494453, -0.28073823;
 -0.42252424, 0.86312485, 0.27656603, 1.858541;
 0, 0, 0, 1]
Twc:
[0.89230901, 0.15892746, -0.42252424, 0.7748279;
 0.34263229, 0.37096983, 0.86312485, -1.5211526;
 0.29391798, -0.91494453, 0.27656603, -0.78900802;
 0, 0, 0, 1]
Ow:
[0.061713725;
 -0.28073823;
 1.858541]
Keyframe: 176 Frame: 1067 Frame from vFrameID : 1068
Tcw:
[0.90184766, 0.33505255, 0.27278301, 0.066901401;
 0.14551513, 0.35892957, -0.92195171, -0.28980511;
 -0.40681213, 0.87115401, 0.27494457, 1.8640416;
 0, 0, 0, 1]
Twc:
[0.90184766, 0.14551513, -0.40681213, 0.74015099;
 0.33505255, 0.35892957, 0.87115401, -1.5422633;
 0.27278301, -0.92195171, 0.27494457, -0.79794401;
 0, 0, 0, 1]
Ow:
[0.066901401;
 -0.28980511;
 1.8640416]
Keyframe: 177 Frame: 1074 Frame from vFrameID : 1075
Tcw:
[0.91379386, 0.31063718, 0.26169705, 0.054322362;
 0.14771442, 0.34602475, -0.92652434, -0.27821189;
 -0.37836656, 0.88530868, 0.27030972, 1.8725868;
 0, 0, 0, 1]
Twc:
[0.91379386, 0.14771442, -0.37836656, 0.69998062;
 0.31063718, 0.34602475, 0.88530868, -1.5784236;
 0.26169705, -0.92652434, 0.27030972, -0.77816439;
 0, 0, 0, 1]
Ow:
[0.054322362;
 -0.27821189;
 1.8725868]
Keyframe: 178 Frame: 1080 Frame from vFrameID : 1081
Tcw:
[0.91964382, 0.31642756, 0.23265597, 0.059556574;
 0.11809973, 0.34216282, -0.9321894, -0.27843374;
 -0.37457663, 0.88475883, 0.27729791, 1.8783603;
 0, 0, 0, 1]
Twc:
[0.91964382, 0.11809973, -0.37457663, 0.68170202;
 0.31642756, 0.34216282, 0.88475883, -1.5854715;
 0.23265597, -0.9321894, 0.27729791, -0.79427457;
 0, 0, 0, 1]
Ow:
[0.059556574;
 -0.27843374;
 1.8783603]
Keyframe: 179 Frame: 1087 Frame from vFrameID : 1088
Tcw:
[0.92116529, 0.30498055, 0.24174647, 0.060511351;
 0.13666697, 0.32811162, -0.93470043, -0.27966726;
 -0.36438528, 0.89405239, 0.26056427, 1.878523;
 0, 0, 0, 1]
Twc:
[0.92116529, 0.13666697, -0.36438528, 0.66698641;
 0.30498055, 0.32811162, 0.89405239, -1.6061906;
 0.24174647, -0.93470043, 0.26056427, -0.76550949;
 0, 0, 0, 1]
Ow:
[0.060511351;
 -0.27966726;
 1.878523]
Keyframe: 180 Frame: 1095 Frame from vFrameID : 1096
Tcw:
[0.91108406, 0.32025695, 0.25954065, 0.061968312;
 0.14833312, 0.33273667, -0.93128061, -0.28041971;
 -0.38460779, 0.88697338, 0.25564635, 1.8783972;
 0, 0, 0, 1]
Twc:
[0.91108406, 0.14833312, -0.38460779, 0.70758337;
 0.32025695, 0.33273667, 0.88697338, -1.5926282;
 0.25954065, -0.93128061, 0.25564635, -0.75743818;
 0, 0, 0, 1]
Ow:
[0.061968312;
 -0.28041971;
 1.8783972]
Keyframe: 181 Frame: 1102 Frame from vFrameID : 1103
Tcw:
[0.90300852, 0.32976803, 0.27537003, 0.062171593;
 0.15557474, 0.3464621, -0.92507327, -0.28026575;
 -0.40046486, 0.87818962, 0.26155463, 1.8786664;
 0, 0, 0, 1]
Twc:
[0.90300852, 0.15557474, -0.40046486, 0.73980069;
 0.32976803, 0.3464621, 0.87818962, -1.5732262;
 0.27537003, -0.92507327, 0.26155463, -0.76776046;
 0, 0, 0, 1]
Ow:
[0.062171593;
 -0.28026575;
 1.8786664]
Keyframe: 182 Frame: 1109 Frame from vFrameID : 1110
Tcw:
[0.90463197, 0.32696185, 0.2733807, 0.061967567;
 0.1580136, 0.33842579, -0.9276312, -0.28028744;
 -0.3958191, 0.88236272, 0.25448638, 1.8784211;
 0, 0, 0, 1]
Twc:
[0.90463197, 0.1580136, -0.3958191, 0.73174626;
 0.32696185, 0.33842579, 0.88236272, -1.5828532;
 0.2733807, -0.9276312, 0.25448638, -0.75497669;
 0, 0, 0, 1]
Ow:
[0.061967567;
 -0.28028744;
 1.8784211]
Keyframe: 183 Frame: 1117 Frame from vFrameID : 1118
Tcw:
[0.90312439, 0.3279998, 0.27709639, 0.062371314;
 0.15547112, 0.35175472, -0.92309117, -0.28066435;
 -0.4002437, 0.87674665, 0.26668379, 1.878655;
 0, 0, 0, 1]
Twc:
[0.90312439, 0.15547112, -0.4002437, 0.73922592;
 0.3279998, 0.35175472, 0.87674665, -1.5688372;
 0.27709639, -0.92309117, 0.26668379, -0.77736849;
 0, 0, 0, 1]
Ow:
[0.062371314;
 -0.28066435;
 1.878655]
Keyframe: 184 Frame: 1123 Frame from vFrameID : 1124
Tcw:
[0.9053033, 0.32417488, 0.27447504, 0.060543656;
 0.15297709, 0.3539899, -0.92265332, -0.2785556;
 -0.39626244, 0.87726951, 0.27087688, 1.880937;
 0, 0, 0, 1]
Twc:
[0.9053033, 0.15297709, -0.39626244, 0.73314691;
 0.32417488, 0.3539899, 0.87726951, -1.5711095;
 0.27447504, -0.92265332, 0.27087688, -0.78313035;
 0, 0, 0, 1]
Ow:
[0.060543656;
 -0.2785556;
 1.880937]
Keyframe: 185 Frame: 1131 Frame from vFrameID : 1132
Tcw:
[0.90867257, 0.31146777, 0.2780323, 0.060187429;
 0.16035612, 0.35449463, -0.92120546, -0.27996588;
 -0.38548675, 0.88165832, 0.27217379, 1.8809115;
 0, 0, 0, 1]
Twc:
[0.90867257, 0.16035612, -0.38548675, 0.71527004;
 0.31146777, 0.35449463, 0.88165832, -1.5778213;
 0.2780323, -0.92120546, 0.27217379, -0.7865749;
 0, 0, 0, 1]
Ow:
[0.060187429;
 -0.27996588;
 1.8809115]
Keyframe: 186 Frame: 1139 Frame from vFrameID : 1140
Tcw:
[0.90897113, 0.31024578, 0.27842245, 0.060145468;
 0.16003908, 0.35700351, -0.92029124, -0.28025997;
 -0.38491428, 0.88107663, 0.27485445, 1.8794919;
 0, 0, 0, 1]
Twc:
[0.90897113, 0.16003908, -0.38491428, 0.71362531;
 0.31024578, 0.35700351, 0.88107663, -1.5745826;
 0.27842245, -0.92029124, 0.27485445, -0.79125339;
 0, 0, 0, 1]
Ow:
[0.060145468;
 -0.28025997;
 1.8794919]
Keyframe: 187 Frame: 1147 Frame from vFrameID : 1148
Tcw:
[0.90254426, 0.31935078, 0.28884077, 0.058975369;
 0.15943186, 0.37527868, -0.91309768, -0.27930102;
 -0.39999425, 0.87016147, 0.28779092, 1.8815756;
 0, 0, 0, 1]
Twc:
[0.90254426, 0.15943186, -0.39999425, 0.74392092;
 0.31935078, 0.37527868, 0.87016147, -1.5512927;
 0.28884077, -0.91309768, 0.28779092, -0.813564;
 0, 0, 0, 1]
Ow:
[0.058975369;
 -0.27930102;
 1.8815756]
Keyframe: 188 Frame: 1155 Frame from vFrameID : 1156
Tcw:
[0.8831681, 0.34697178, 0.31563377, 0.056109607;
 0.18119244, 0.36831453, -0.91187376, -0.27562866;
 -0.43264696, 0.86252826, 0.26241499, 1.8819996;
 0, 0, 0, 1]
Twc:
[0.8831681, 0.18119244, -0.43264696, 0.81462902;
 0.34697178, 0.36831453, 0.86252826, -1.5412282;
 0.31563377, -0.91187376, 0.26241499, -0.76291353;
 0, 0, 0, 1]
Ow:
[0.056109607;
 -0.27562866;
 1.8819996]
Keyframe: 189 Frame: 1163 Frame from vFrameID : 1164
Tcw:
[0.86078268, 0.37511092, 0.34401298, 0.059575707;
 0.21834415, 0.33839533, -0.91532207, -0.27844197;
 -0.45975968, 0.86300659, 0.20938158, 1.8824761;
 0, 0, 0, 1]
Twc:
[0.86078268, 0.21834415, -0.45975968, 0.87500107;
 0.37511092, 0.33839533, 0.86300659, -1.5527133;
 0.34401298, -0.91532207, 0.20938158, -0.66951466;
 0, 0, 0, 1]
Ow:
[0.059575707;
 -0.27844197;
 1.8824761]
Keyframe: 190 Frame: 1170 Frame from vFrameID : 1171
Tcw:
[0.86303109, 0.36567053, 0.3485145, 0.060322762;
 0.2231449, 0.34298915, -0.9124499, -0.27724847;
 -0.45319271, 0.86524189, 0.21441278, 1.8822927;
 0, 0, 0, 1]
Twc:
[0.86303109, 0.2231449, -0.45319271, 0.86284751;
 0.36567053, 0.34298915, 0.86524189, -1.5556035;
 0.3485145, -0.9124499, 0.21441278, -0.67758632;
 0, 0, 0, 1]
Ow:
[0.060322762;
 -0.27724847;
 1.8822927]
