Keyframe: 0 Frame: 0 Frame from vFrameID : 141
Tcw:
[0.95616996, 0.051005341, 0.28833568, -0.071013033;
 0.25089565, 0.36497304, -0.89657462, -0.068073831;
 -0.15096484, 0.92961991, 0.33617923, -0.0099032559;
 0, 0, 0, 1]
Twc:
[0.95616996, 0.25089565, -0.15096484, 0.083484918;
 0.051005341, 0.36497304, 0.92961991, 0.037673417;
 0.28833568, -0.89657462, 0.33617923, -0.037228409;
 0, 0, 0, 1]
Ow:
[-0.071013033;
 -0.068073831;
 -0.0099032559]
Keyframe: 1 Frame: 140 Frame from vFrameID : 141
Tcw:
[0.95831621, 0.05617968, 0.28013191, -0.069963075;
 0.24096268, 0.36789981, -0.89810175, -0.063047044;
 -0.15351555, 0.92816681, 0.33902717, -0.011374268;
 0, 0, 0, 1]
Twc:
[0.95831621, 0.24096268, -0.15351555, 0.080492608;
 0.05617968, 0.36789981, 0.92816681, 0.037682716;
 0.28013191, -0.89810175, 0.33902717, -0.033167582;
 0, 0, 0, 1]
Ow:
[-0.069963075;
 -0.063047044;
 -0.011374268]
Keyframe: 2 Frame: 145 Frame from vFrameID : 146
Tcw:
[0.96337616, 0.054812703, 0.2624917, -0.070616953;
 0.22343214, 0.37717992, -0.8987844, -0.065580502;
 -0.14827141, 0.92451656, 0.35111922, -0.010780006;
 0, 0, 0, 1]
Twc:
[0.96337616, 0.22343214, -0.14827141, 0.081085108;
 0.054812703, 0.37717992, 0.92451656, 0.038572647;
 0.2624917, -0.8987844, 0.35111922, -0.036621295;
 0, 0, 0, 1]
Ow:
[-0.070616953;
 -0.065580502;
 -0.010780006]
Keyframe: 3 Frame: 148 Frame from vFrameID : 149
Tcw:
[0.96543354, 0.048448004, 0.25610727, -0.059909631;
 0.21998991, 0.3755298, -0.90032315, -0.064195268;
 -0.13979477, 0.92554319, 0.35189098, -0.011803079;
 0, 0, 0, 1]
Twc:
[0.96543354, 0.21998991, -0.13979477, 0.070311062;
 0.048448004, 0.3755298, 0.92554319, 0.037933998;
 0.25610727, -0.90032315, 0.35189098, -0.038299803;
 0, 0, 0, 1]
Ow:
[-0.059909631;
 -0.064195268;
 -0.011803079]
Keyframe: 4 Frame: 152 Frame from vFrameID : 153
Tcw:
[0.96938527, 0.033610251, 0.24323356, -0.064483859;
 0.21270126, 0.3799797, -0.90020752, -0.058644146;
 -0.12268002, 0.924384, 0.36119777, -0.014083222;
 0, 0, 0, 1]
Twc:
[0.96938527, 0.21270126, -0.12268002, 0.073255651;
 0.033610251, 0.3799797, 0.924384, 0.037469208;
 0.24323356, -0.90020752, 0.36119777, -0.032020435;
 0, 0, 0, 1]
Ow:
[-0.064483859;
 -0.058644146;
 -0.014083222]
Keyframe: 5 Frame: 157 Frame from vFrameID : 158
Tcw:
[0.97206783, 0.017650738, 0.23403539, -0.058150325;
 0.21150006, 0.36640018, -0.90610075, -0.054769427;
 -0.10174396, 0.93028992, 0.3524327, -0.015782798;
 0, 0, 0, 1]
Twc:
[0.97206783, 0.21150006, -0.10174396, 0.066503994;
 0.017650738, 0.36640018, 0.93028992, 0.0357765;
 0.23403539, -0.90610075, 0.3524327, -0.030455012;
 0, 0, 0, 1]
Ow:
[-0.058150325;
 -0.054769427;
 -0.015782798]
Keyframe: 6 Frame: 164 Frame from vFrameID : 165
Tcw:
[0.97097522, 0.0025788406, 0.23916622, -0.053607285;
 0.21999426, 0.38277081, -0.89726752, -0.046979696;
 -0.093859762, 0.92383975, 0.37109366, -0.020982854;
 0, 0, 0, 1]
Twc:
[0.97097522, 0.21999426, -0.093859762, 0.060417164;
 0.0025788406, 0.38277081, 0.92383975, 0.037505496;
 0.23916622, -0.89726752, 0.37109366, -0.021545699;
 0, 0, 0, 1]
Ow:
[-0.053607285;
 -0.046979696;
 -0.020982854]
Keyframe: 7 Frame: 169 Frame from vFrameID : 170
Tcw:
[0.97010785, 0.0054082135, 0.24261402, -0.05035843;
 0.22111061, 0.39229274, -0.89286983, -0.045793954;
 -0.10000455, 0.91982454, 0.37937045, -0.021878436;
 0, 0, 0, 1]
Twc:
[0.97010785, 0.22111061, -0.10000455, 0.056790691;
 0.0054082135, 0.39229274, 0.91982454, 0.038361307;
 0.24261402, -0.89286983, 0.37937045, -0.020370346;
 0, 0, 0, 1]
Ow:
[-0.05035843;
 -0.045793954;
 -0.021878436]
Keyframe: 8 Frame: 174 Frame from vFrameID : 175
Tcw:
[0.96463507, 0.014317747, 0.26319996, -0.05064179;
 0.23468691, 0.40794972, -0.88232595, -0.045212653;
 -0.12000526, 0.9128921, 0.39016241, -0.023910392;
 0, 0, 0, 1]
Twc:
[0.96463507, 0.23468691, -0.12000526, 0.056592289;
 0.014317747, 0.40794972, 0.9128921, 0.040997174;
 0.26319996, -0.88232595, 0.39016241, -0.017234443;
 0, 0, 0, 1]
Ow:
[-0.05064179;
 -0.045212653;
 -0.023910392]
Keyframe: 9 Frame: 180 Frame from vFrameID : 181
Tcw:
[0.95973736, 0.042678803, 0.27763772, -0.050782274;
 0.23603144, 0.41334307, -0.87945247, -0.043846883;
 -0.15229361, 0.90957463, 0.38662726, -0.025257416;
 0, 0, 0, 1]
Twc:
[0.95973736, 0.23603144, -0.15229361, 0.055240348;
 0.042678803, 0.41334307, 0.90957463, 0.043264639;
 0.27763772, -0.87945247, 0.38662726, -0.014696967;
 0, 0, 0, 1]
Ow:
[-0.050782274;
 -0.043846883;
 -0.025257416]
Keyframe: 10 Frame: 186 Frame from vFrameID : 187
Tcw:
[0.9556368, 0.058267407, 0.28872684, -0.049736407;
 0.23962557, 0.41622603, -0.87711769, -0.050139796;
 -0.17128301, 0.90739232, 0.38379854, -0.021856975;
 0, 0, 0, 1]
Twc:
[0.9556368, 0.23962557, -0.17128301, 0.055800989;
 0.058267407, 0.41622603, 0.90739232, 0.043600351;
 0.28872684, -0.87711769, 0.38379854, -0.021229593;
 0, 0, 0, 1]
Ow:
[-0.049736407;
 -0.050139796;
 -0.021856975]
Keyframe: 11 Frame: 192 Frame from vFrameID : 193
Tcw:
[0.95392287, 0.065641172, 0.29278383, -0.055050042;
 0.2418454, 0.4093585, -0.87973654, -0.051773936;
 -0.17760049, 0.91000926, 0.37462142, -0.017829068;
 0, 0, 0, 1]
Twc:
[0.95392287, 0.2418454, -0.17760049, 0.061868332;
 0.065641172, 0.4093585, 0.91000926, 0.041032266;
 0.29278383, -0.87973654, 0.37462142, -0.022750512;
 0, 0, 0, 1]
Ow:
[-0.055050042;
 -0.051773936;
 -0.017829068]
Keyframe: 12 Frame: 198 Frame from vFrameID : 199
Tcw:
[0.94977373, 0.078331806, 0.30297521, -0.053928975;
 0.24684958, 0.40753275, -0.87919414, -0.05503194;
 -0.19234119, 0.90982479, 0.36772773, -0.0042459853;
 0, 0, 0, 1]
Twc:
[0.94977373, 0.24684958, -0.19234119, 0.063988253;
 0.078331806, 0.40753275, 0.90982479, 0.030514775;
 0.30297521, -0.87919414, 0.36772773, -0.03048325;
 0, 0, 0, 1]
Ow:
[-0.053928975;
 -0.05503194;
 -0.0042459853]
Keyframe: 13 Frame: 207 Frame from vFrameID : 208
Tcw:
[0.93473625, 0.093261398, 0.34288549, -0.035685636;
 0.28036603, 0.39928871, -0.87290514, -0.074454725;
 -0.21831866, 0.91206956, 0.34708229, 0.023433972;
 0, 0, 0, 1]
Twc:
[0.93473625, 0.28036603, -0.21831866, 0.059347313;
 0.093261398, 0.39928871, 0.91206956, 0.011683614;
 0.34288549, -0.87290514, 0.34708229, -0.060889348;
 0, 0, 0, 1]
Ow:
[-0.035685636;
 -0.074454725;
 0.023433972]
Keyframe: 14 Frame: 217 Frame from vFrameID : 218
Tcw:
[0.94695228, 0.10339896, 0.30428612, -0.053681467;
 0.24055693, 0.39979172, -0.88447666, -0.06525591;
 -0.21310504, 0.91075534, 0.35371035, 0.094435066;
 0, 0, 0, 1]
Twc:
[0.94695228, 0.24055693, -0.21310504, 0.086656138;
 0.10339896, 0.39979172, 0.91075534, -0.054367855;
 0.30428612, -0.88447666, 0.35371035, -0.074785464;
 0, 0, 0, 1]
Ow:
[-0.053681467;
 -0.06525591;
 0.094435066]
Keyframe: 15 Frame: 223 Frame from vFrameID : 224
Tcw:
[0.95270741, 0.031940047, 0.30220589, -0.07503175;
 0.27353293, 0.34312305, -0.89858013, 0.0094775707;
 -0.13239451, 0.93874723, 0.31815922, 0.29311651;
 0, 0, 0, 1]
Twc:
[0.95270741, 0.27353293, -0.13239451, 0.10769789;
 0.031940047, 0.34312305, 0.93874723, -0.27601776;
 0.30220589, -0.89858013, 0.31815922, -0.062066324;
 0, 0, 0, 1]
Ow:
[-0.07503175;
 0.0094775707;
 0.29311651]
Keyframe: 16 Frame: 232 Frame from vFrameID : 233
Tcw:
[0.95461547, 0.059025452, 0.29193369, -0.035182871;
 0.25737369, 0.32980579, -0.90828788, -0.078788444;
 -0.14989352, 0.94220173, 0.29964611, 0.33006585;
 0, 0, 0, 1]
Twc:
[0.95461547, 0.25737369, -0.14989352, 0.10333892;
 0.059025452, 0.32980579, 0.94220173, -0.28292704;
 0.29193369, -0.90828788, 0.29964611, -0.16019447;
 0, 0, 0, 1]
Ow:
[-0.035182871;
 -0.078788444;
 0.33006585]
Keyframe: 17 Frame: 241 Frame from vFrameID : 242
Tcw:
[0.93626636, 0.098445296, 0.33721486, -0.13524392;
 0.28373224, 0.35407081, -0.89113969, -0.1076664;
 -0.20712644, 0.93002278, 0.30357248, 0.47669461;
 0, 0, 0, 1]
Twc:
[0.93626636, 0.28373224, -0.20712644, 0.25590882;
 0.098445296, 0.35407081, 0.93002278, -0.3919012;
 0.33721486, -0.89113969, 0.30357248, -0.1950509;
 0, 0, 0, 1]
Ow:
[-0.13524392;
 -0.1076664;
 0.47669461]
Keyframe: 18 Frame: 250 Frame from vFrameID : 251
Tcw:
[0.9527877, 0.049028981, 0.29965281, -0.14839143;
 0.27214023, 0.29980475, -0.91436142, -0.092508458;
 -0.13466755, 0.95273989, 0.27230749, 0.64854461;
 0, 0, 0, 1]
Twc:
[0.9527877, 0.27214023, -0.13466755, 0.25389871;
 0.049028981, 0.29980475, 0.95273989, -0.58288437;
 0.29965281, -0.91436142, 0.27230749, -0.21672383;
 0, 0, 0, 1]
Ow:
[-0.14839143;
 -0.092508458;
 0.64854461]
Keyframe: 19 Frame: 260 Frame from vFrameID : 261
Tcw:
[0.94287771, 0.026406754, 0.33209077, -0.22560273;
 0.3144201, 0.25890785, -0.91329443, -0.17346594;
 -0.11009804, 0.96554101, 0.23581563, 0.90573412;
 0, 0, 0, 1]
Twc:
[0.94287771, 0.3144201, -0.11009804, 0.36697653;
 0.026406754, 0.25890785, 0.96554101, -0.82365429;
 0.33209077, -0.91329443, 0.23581563, -0.29709116;
 0, 0, 0, 1]
Ow:
[-0.22560273;
 -0.17346594;
 0.90573412]
Keyframe: 20 Frame: 270 Frame from vFrameID : 271
Tcw:
[0.92734402, 0.050296806, 0.37081438, -0.39016953;
 0.34713346, 0.25445396, -0.90263587, -0.26970315;
 -0.13975489, 0.96577609, 0.21850665, 1.1421289;
 0, 0, 0, 1]
Twc:
[0.92734402, 0.34713346, -0.13975489, 0.61506248;
 0.050296806, 0.25445396, 0.96577609, -1.0147895;
 0.37081438, -0.90263587, 0.21850665, -0.34832606;
 0, 0, 0, 1]
Ow:
[-0.39016953;
 -0.26970315;
 1.1421289]
Keyframe: 21 Frame: 280 Frame from vFrameID : 281
Tcw:
[0.95314699, 0.072360538, 0.29372558, -0.12718876;
 0.26384526, 0.27610302, -0.92420387, 0.16323817;
 -0.1479744, 0.95840025, 0.24407478, 1.1734896;
 0, 0, 0, 1]
Twc:
[0.95314699, 0.26384526, -0.1479744, 0.25180641;
 0.072360538, 0.27610302, 0.95840025, -1.1605399;
 0.29372558, -0.92420387, 0.24407478, -0.098195285;
 0, 0, 0, 1]
Ow:
[-0.12718876;
 0.16323817;
 1.1734896]
Keyframe: 22 Frame: 288 Frame from vFrameID : 289
Tcw:
[0.96889722, 0.0542726, 0.24143873, -0.25762731;
 0.21978696, 0.25961936, -0.94036776, 0.10687813;
 -0.11371837, 0.96418476, 0.23961607, 1.3908571;
 0, 0, 0, 1]
Twc:
[0.96889722, 0.21978696, -0.11371837, 0.38428998;
 0.0542726, 0.25961936, 0.96418476, -1.3548088;
 0.24143873, -0.94036776, 0.23961607, -0.17056574;
 0, 0, 0, 1]
Ow:
[-0.25762731;
 0.10687813;
 1.3908571]
Keyframe: 23 Frame: 290 Frame from vFrameID : 291
Tcw:
[0.92098796, 0.050107472, 0.38635528, -0.39140099;
 0.3667787, 0.22284751, -0.90322334, -0.33451691;
 -0.13135654, 0.97356468, 0.18686152, 1.3869934;
 0, 0, 0, 1]
Twc:
[0.92098796, 0.3667787, -0.13135654, 0.66535997;
 0.050107472, 0.22284751, 0.97356468, -1.2561696;
 0.38635528, -0.90322334, 0.18686152, -0.41009936;
 0, 0, 0, 1]
Ow:
[-0.39140099;
 -0.33451691;
 1.3869934]
Keyframe: 24 Frame: 296 Frame from vFrameID : 297
Tcw:
[0.96281391, 0.0053634485, 0.27011219, -0.14553003;
 0.25519568, 0.31013179, -0.91580206, -0.35202521;
 -0.088682234, 0.95067847, 0.29723045, 1.3468683;
 0, 0, 0, 1]
Twc:
[0.96281391, 0.25519568, -0.088682234, 0.34939691;
 0.0053634485, 0.31013179, 0.95067847, -1.1704838;
 0.27011219, -0.91580206, 0.29723045, -0.68340623;
 0, 0, 0, 1]
Ow:
[-0.14553003;
 -0.35202521;
 1.3468683]
Keyframe: 25 Frame: 299 Frame from vFrameID : 300
Tcw:
[0.89189011, 0.068188138, 0.4470821, -0.69112247;
 0.41278401, 0.28115442, -0.86634958, -0.039518569;
 -0.18477388, 0.95723695, 0.22261189, 1.3447247;
 0, 0, 0, 1]
Twc:
[0.89189011, 0.41278401, -0.18477388, 0.88118792;
 0.068188138, 0.28115442, 0.95723695, -1.228983;
 0.4470821, -0.86634958, 0.22261189, -0.024600117;
 0, 0, 0, 1]
Ow:
[-0.69112247;
 -0.039518569;
 1.3447247]
Keyframe: 26 Frame: 305 Frame from vFrameID : 306
Tcw:
[0.89218575, 0.064064458, 0.44710219, -0.32752112;
 0.42334616, 0.22640526, -0.87722212, -0.43417966;
 -0.15742505, 0.97192407, 0.1748741, 1.7269235;
 0, 0, 0, 1]
Twc:
[0.89218575, 0.42334616, -0.15742505, 0.74787897;
 0.064064458, 0.22640526, 0.97192407, -1.5591555;
 0.44710219, -0.87722212, 0.1748741, -0.53643084;
 0, 0, 0, 1]
Ow:
[-0.32752112;
 -0.43417966;
 1.7269235]
Keyframe: 27 Frame: 311 Frame from vFrameID : 312
Tcw:
[0.96910405, 0.029019527, 0.24493915, -0.14631683;
 0.22396807, 0.31245917, -0.9231509, -0.17239568;
 -0.10332289, 0.94948781, 0.29630601, 1.7830391;
 0, 0, 0, 1]
Twc:
[0.96910405, 0.22396807, -0.10332289, 0.36463612;
 0.029019527, 0.31245917, 0.94948781, -1.6348614;
 0.24493915, -0.9231509, 0.29630601, -0.65163368;
 0, 0, 0, 1]
Ow:
[-0.14631683;
 -0.17239568;
 1.7830391]
Keyframe: 28 Frame: 313 Frame from vFrameID : 314
Tcw:
[0.96840572, 0.029969938, 0.24757262, -0.14159124;
 0.22561729, 0.31764328, -0.92097753, -0.17626727;
 -0.10624141, 0.94773656, 0.30084583, 1.7971836;
 0, 0, 0, 1]
Twc:
[0.96840572, 0.22561729, -0.10624141, 0.36782202;
 0.029969938, 0.31764328, 0.94773656, -1.643023;
 0.24757262, -0.92097753, 0.30084583, -0.66795927;
 0, 0, 0, 1]
Ow:
[-0.14159124;
 -0.17626727;
 1.7971836]
Keyframe: 29 Frame: 314 Frame from vFrameID : 315
Tcw:
[0.96698701, 0.023416413, 0.25374755, -0.14181088;
 0.23313622, 0.32071137, -0.91803688, -0.19869164;
 -0.10287686, 0.94688749, 0.30466452, 1.796231;
 0, 0, 0, 1]
Twc:
[0.96698701, 0.23313622, -0.10287686, 0.36824211;
 0.023416413, 0.32071137, 0.94688749, -1.6337852;
 0.25374755, -0.91803688, 0.30466452, -0.69366997;
 0, 0, 0, 1]
Ow:
[-0.14181088;
 -0.19869164;
 1.796231]
Keyframe: 30 Frame: 317 Frame from vFrameID : 318
Tcw:
[0.9675777, 0.024841664, 0.25134903, -0.12364644;
 0.22932194, 0.33066168, -0.91546398, -0.21946046;
 -0.10585315, 0.94342238, 0.31424415, 1.7984598;
 0, 0, 0, 1]
Twc:
[0.9675777, 0.22932194, -0.10585315, 0.36033723;
 0.024841664, 0.33066168, 0.94342238, -1.6210684;
 0.25134903, -0.91546398, 0.31424415, -0.73498511;
 0, 0, 0, 1]
Ow:
[-0.12364644;
 -0.21946046;
 1.7984598]
Keyframe: 31 Frame: 320 Frame from vFrameID : 321
Tcw:
[0.96285707, 0.036490258, 0.26753443, -0.099164292;
 0.24290605, 0.31561944, -0.91726822, -0.24356341;
 -0.11791043, 0.94818395, 0.29503274, 1.80072;
 0, 0, 0, 1]
Twc:
[0.96285707, 0.24290605, -0.11791043, 0.36696774;
 0.036490258, 0.31561944, 0.94818395, -1.6269219;
 0.26753443, -0.91726822, 0.29503274, -0.72815442;
 0, 0, 0, 1]
Ow:
[-0.099164292;
 -0.24356341;
 1.80072]
Keyframe: 32 Frame: 323 Frame from vFrameID : 324
Tcw:
[0.96507812, 0.060383815, 0.25490788, -0.096670464;
 0.22408991, 0.31367913, -0.9227075, -0.23437384;
 -0.13567588, 0.9476071, 0.28919345, 1.8057435;
 0, 0, 0, 1]
Twc:
[0.96507812, 0.22408991, -0.13567588, 0.39081118;
 0.060383815, 0.31367913, 0.9476071, -1.6317798;
 0.25490788, -0.9227075, 0.28919345, -0.71382558;
 0, 0, 0, 1]
Ow:
[-0.096670464;
 -0.23437384;
 1.8057435]
Keyframe: 33 Frame: 326 Frame from vFrameID : 327
Tcw:
[0.9596411, 0.089770362, 0.26651508, -0.098922238;
 0.21977121, 0.35191521, -0.90986609, -0.25408411;
 -0.17546971, 0.93171722, 0.31798336, 1.8221251;
 0, 0, 0, 1]
Twc:
[0.9596411, 0.21977121, -0.17546971, 0.47049797;
 0.089770362, 0.35191521, 0.93171722, -1.5994089;
 0.26651508, -0.90986609, 0.31798336, -0.78422368;
 0, 0, 0, 1]
Ow:
[-0.098922238;
 -0.25408411;
 1.8221251]
Keyframe: 34 Frame: 329 Frame from vFrameID : 330
Tcw:
[0.95285374, 0.099601418, 0.2866171, -0.084275842;
 0.22982375, 0.37984794, -0.89604497, -0.28056961;
 -0.19811827, 0.91967118, 0.33904877, 1.8352793;
 0, 0, 0, 1]
Twc:
[0.95285374, 0.22982375, -0.19811827, 0.50838643;
 0.099601418, 0.37984794, 0.91967118, -1.5728858;
 0.2866171, -0.89604497, 0.33904877, -0.84949726;
 0, 0, 0, 1]
Ow:
[-0.084275842;
 -0.28056961;
 1.8352793]
Keyframe: 35 Frame: 332 Frame from vFrameID : 333
Tcw:
[0.95062131, 0.099801131, 0.29386872, -0.050090551;
 0.23816238, 0.37253556, -0.89693695, -0.32571352;
 -0.19899186, 0.92263591, 0.33037138, 1.8705735;
 0, 0, 0, 1]
Twc:
[0.95062131, 0.23816238, -0.19899186, 0.49741879;
 0.099801131, 0.37253556, 0.92263591, -1.5995193;
 0.29386872, -0.89693695, 0.33037138, -0.89540833;
 0, 0, 0, 1]
Ow:
[-0.050090551;
 -0.32571352;
 1.8705735]
Keyframe: 36 Frame: 337 Frame from vFrameID : 338
Tcw:
[0.95375901, 0.071799569, 0.29187086, -0.0003644228;
 0.24983823, 0.35049206, -0.90262735, -0.4502669;
 -0.16710667, 0.93380946, 0.31634668, 1.9181101;
 0, 0, 0, 1]
Twc:
[0.95375901, 0.24983823, -0.16710667, 0.43337044;
 0.071799569, 0.35049206, 0.93380946, -1.6333084;
 0.29187086, -0.90262735, 0.31634668, -1.0131047;
 0, 0, 0, 1]
Ow:
[-0.0003644228;
 -0.4502669;
 1.9181101]
Keyframe: 37 Frame: 342 Frame from vFrameID : 343
Tcw:
[0.95433736, 0.062257424, 0.29217154, -0.044091254;
 0.25598696, 0.33370835, -0.9072538, -0.43633145;
 -0.15398335, 0.94061828, 0.30253327, 2.062706;
 0, 0, 0, 1]
Twc:
[0.95433736, 0.25598696, -0.15398335, 0.47139549;
 0.062257424, 0.33370835, 0.94061828, -1.7918665;
 0.29217154, -0.9072538, 0.30253327, -1.0070183;
 0, 0, 0, 1]
Ow:
[-0.044091254;
 -0.43633145;
 2.062706]
Keyframe: 38 Frame: 348 Frame from vFrameID : 349
Tcw:
[0.957973, 0.05890831, 0.28074452, 0.039655864;
 0.24229771, 0.35772762, -0.90184408, -0.50430447;
 -0.15355618, 0.93196607, 0.32842007, 2.0973105;
 0, 0, 0, 1]
Twc:
[0.957973, 0.24229771, -0.15355618, 0.40625757;
 0.05890831, 0.35772762, 0.93196607, -1.7765546;
 0.28074452, -0.90184408, 0.32842007, -1.154736;
 0, 0, 0, 1]
Ow:
[0.039655864;
 -0.50430447;
 2.0973105]
Keyframe: 39 Frame: 354 Frame from vFrameID : 355
Tcw:
[0.94560486, 0.073447272, 0.31691781, -0.051815569;
 0.2749415, 0.34029913, -0.89922392, -0.56332898;
 -0.17389241, 0.93744439, 0.30159482, 2.2842498;
 0, 0, 0, 1]
Twc:
[0.94560486, 0.2749415, -0.17389241, 0.60109323;
 0.073447272, 0.34029913, 0.93744439, -1.945851;
 0.31691781, -0.89922392, 0.30159482, -1.1790555;
 0, 0, 0, 1]
Ow:
[-0.051815569;
 -0.56332898;
 2.2842498]
Keyframe: 40 Frame: 360 Frame from vFrameID : 361
Tcw:
[0.94081539, 0.089565374, 0.32687074, 0.00098076463;
 0.27645448, 0.35511541, -0.89300948, -0.62788981;
 -0.19605957, 0.93052197, 0.30933729, 2.2861512;
 0, 0, 0, 1]
Twc:
[0.94081539, 0.27645448, -0.19605957, 0.62088209;
 0.089565374, 0.35511541, 0.93052197, -1.9044284;
 0.32687074, -0.89300948, 0.30933729, -1.268224;
 0, 0, 0, 1]
Ow:
[0.00098076463;
 -0.62788981;
 2.2861512]
Keyframe: 41 Frame: 367 Frame from vFrameID : 368
Tcw:
[0.94179684, 0.076890029, 0.32727155, 0.14673296;
 0.28771928, 0.3191756, -0.90296429, -0.67911494;
 -0.17388605, 0.94457126, 0.27847585, 2.4481828;
 0, 0, 0, 1]
Twc:
[0.94179684, 0.28771928, -0.17388605, 0.48290667;
 0.076890029, 0.3191756, 0.94457126, -2.1070085;
 0.32727155, -0.90296429, 0.27847585, -1.3429978;
 0, 0, 0, 1]
Ow:
[0.14673296;
 -0.67911494;
 2.4481828]
Keyframe: 42 Frame: 374 Frame from vFrameID : 375
Tcw:
[0.92493868, 0.093129113, 0.36853141, -0.17688352;
 0.32912108, 0.28885749, -0.89902204, -0.78794789;
 -0.19017819, 0.95283175, 0.23652472, 2.7700415;
 0, 0, 0, 1]
Twc:
[0.92493868, 0.32912108, -0.19017819, 0.94973814;
 0.093129113, 0.28885749, 0.95283175, -2.3953056;
 0.36853141, -0.89902204, 0.23652472, -1.2983787;
 0, 0, 0, 1]
Ow:
[-0.17688352;
 -0.78794789;
 2.7700415]
Keyframe: 43 Frame: 382 Frame from vFrameID : 383
Tcw:
[0.92247784, 0.082845472, 0.37705606, -0.27917168;
 0.33978757, 0.28937122, -0.89487916, -0.76842815;
 -0.18324585, 0.95362514, 0.23878868, 2.998127;
 0, 0, 0, 1]
Twc:
[0.92247784, 0.33978757, -0.18324585, 1.0680264;
 0.082845472, 0.28937122, 0.95362514, -2.6136003;
 0.37705606, -0.89487916, 0.23878868, -1.2983057;
 0, 0, 0, 1]
Ow:
[-0.27917168;
 -0.76842815;
 2.998127]
Keyframe: 44 Frame: 390 Frame from vFrameID : 391
Tcw:
[0.91026533, 0.12856607, 0.39355782, -0.31075174;
 0.33930182, 0.31307524, -0.88705027, -0.80486166;
 -0.23725778, 0.94098598, 0.24135886, 2.9834645;
 0, 0, 0, 1]
Twc:
[0.91026533, 0.33930182, -0.23725778, 1.2638078;
 0.12856607, 0.31307524, 0.94098598, -2.5154641;
 0.39355782, -0.88705027, 0.24135886, -1.3117394;
 0, 0, 0, 1]
Ow:
[-0.31075174;
 -0.80486166;
 2.9834645]
Keyframe: 45 Frame: 398 Frame from vFrameID : 399
Tcw:
[0.92942631, 0.098676488, 0.35556945, -0.21234602;
 0.30912879, 0.31798998, -0.8962822, -0.84000576;
 -0.20150951, 0.942945, 0.26504451, 2.9841542;
 0, 0, 0, 1]
Twc:
[0.92942631, 0.30912879, -0.20150951, 1.0583653;
 0.098676488, 0.31798998, 0.942945, -2.5258265;
 0.35556945, -0.8962822, 0.26504451, -1.4683121;
 0, 0, 0, 1]
Ow:
[-0.21234602;
 -0.84000576;
 2.9841542]
Keyframe: 46 Frame: 405 Frame from vFrameID : 406
Tcw:
[0.96042025, 0.044746775, 0.2749376, -0.17686784;
 0.23874281, 0.37626967, -0.89522231, -0.83269376;
 -0.143509, 0.92542899, 0.35069403, 2.9671493;
 0, 0, 0, 1]
Twc:
[0.96042025, 0.23874281, -0.143509, 0.79447973;
 0.044746775, 0.37626967, 0.92542899, -2.4246545;
 0.2749376, -0.89522231, 0.35069403, -1.73738;
 0, 0, 0, 1]
Ow:
[-0.17686784;
 -0.83269376;
 2.9671493]
Keyframe: 47 Frame: 409 Frame from vFrameID : 410
Tcw:
[0.95829934, 0.035529122, 0.28354907, -0.23607168;
 0.25488269, 0.34240282, -0.90432024, -0.72739702;
 -0.12921771, 0.93888122, 0.31906864, 3.0625803;
 0, 0, 0, 1]
Twc:
[0.95829934, 0.25488269, -0.12921771, 0.80736786;
 0.035529122, 0.34240282, 0.93888122, -2.617949;
 0.28354907, -0.90432024, 0.31906864, -1.5680354;
 0, 0, 0, 1]
Ow:
[-0.23607168;
 -0.72739702;
 3.0625803]
Keyframe: 48 Frame: 417 Frame from vFrameID : 418
Tcw:
[0.94295126, 0.090417892, 0.3204177, -0.30198845;
 0.2744197, 0.33385643, -0.90179473, -0.72300923;
 -0.18851188, 0.93827742, 0.28999791, 3.1776879;
 0, 0, 0, 1]
Twc:
[0.94295126, 0.2744197, -0.18851188, 1.0822003;
 0.090417892, 0.33385643, 0.93827742, -2.7128663;
 0.3204177, -0.90179473, 0.28999791, -1.4767662;
 0, 0, 0, 1]
Ow:
[-0.30198845;
 -0.72300923;
 3.1776879]
Keyframe: 49 Frame: 425 Frame from vFrameID : 426
Tcw:
[0.93200582, 0.080180168, 0.35346335, -0.26578951;
 0.30920973, 0.33288252, -0.89083028, -0.73076391;
 -0.18908869, 0.93955326, 0.28545594, 3.2614484;
 0, 0, 0, 1]
Twc:
[0.93200582, 0.30920973, -0.18908869, 1.0903797;
 0.080180168, 0.33288252, 0.93955326, -2.7997351;
 0.35346335, -0.89083028, 0.28545594, -1.4880396;
 0, 0, 0, 1]
Ow:
[-0.26578951;
 -0.73076391;
 3.2614484]
Keyframe: 50 Frame: 432 Frame from vFrameID : 433
Tcw:
[0.95652026, 0.035974272, 0.28943878, -0.064974844;
 0.26383433, 0.31633413, -0.91122127, -0.98693836;
 -0.12433989, 0.9479655, 0.29308876, 3.3276792;
 0, 0, 0, 1]
Twc:
[0.95652026, 0.26383433, -0.12433989, 0.73630124;
 0.035974272, 0.31633413, 0.9479655, -2.8399851;
 0.28943878, -0.91122127, 0.29308876, -1.8558183;
 0, 0, 0, 1]
Ow:
[-0.064974844;
 -0.98693836;
 3.3276792]
Keyframe: 51 Frame: 436 Frame from vFrameID : 437
Tcw:
[0.95761257, 0.030567866, 0.28643286, 0.030121982;
 0.26051983, 0.33238041, -0.90645057, -0.96714234;
 -0.12291294, 0.9426499, 0.31032813, 3.4197443;
 0, 0, 0, 1]
Twc:
[0.95761257, 0.26051983, -0.12291294, 0.64344537;
 0.030567866, 0.33238041, 0.9426499, -2.9030831;
 0.28643286, -0.90645057, 0.31032813, -1.9465375;
 0, 0, 0, 1]
Ow:
[0.030121982;
 -0.96714234;
 3.4197443]
Keyframe: 52 Frame: 439 Frame from vFrameID : 440
Tcw:
[0.95259917, 0.041221153, 0.30142272, 0.03252399;
 0.27128467, 0.33333018, -0.90293723, -1.0156064;
 -0.13769341, 0.9419086, 0.30634737, 3.4605193;
 0, 0, 0, 1]
Twc:
[0.95259917, 0.27128467, -0.13769341, 0.72102678;
 0.041221153, 0.33333018, 0.9419086, -2.9223015;
 0.30142272, -0.90293723, 0.30634737, -1.9869534;
 0, 0, 0, 1]
Ow:
[0.03252399;
 -1.0156064;
 3.4605193]
Keyframe: 53 Frame: 443 Frame from vFrameID : 444
Tcw:
[0.94335568, 0.067273371, 0.32489127, 0.11185253;
 0.28547034, 0.33443508, -0.89814246, -1.049094;
 -0.1690761, 0.9400146, 0.29628667, 3.5124803;
 0, 0, 0, 1]
Twc:
[0.94335568, 0.28547034, -0.1690761, 0.78784502;
 0.067273371, 0.33443508, 0.9400146, -2.9584537;
 0.32489127, -0.89814246, 0.29628667, -2.0192769;
 0, 0, 0, 1]
Ow:
[0.11185253;
 -1.049094;
 3.5124803]
Keyframe: 54 Frame: 447 Frame from vFrameID : 448
Tcw:
[0.93006313, 0.097487189, 0.35422993, 0.090006411;
 0.30702764, 0.32329968, -0.89510411, -1.0786209;
 -0.20178361, 0.94126171, 0.27075785, 3.5568776;
 0, 0, 0, 1]
Twc:
[0.93006313, 0.30702764, -0.20178361, 0.96517432;
 0.097487189, 0.32329968, 0.94126171, -3.0080092;
 0.35422993, -0.89510411, 0.27075785, -1.9604135;
 0, 0, 0, 1]
Ow:
[0.090006411;
 -1.0786209;
 3.5568776]
Keyframe: 55 Frame: 453 Frame from vFrameID : 454
Tcw:
[0.90823615, 0.11180249, 0.40324596, -0.47049659;
 0.34750831, 0.33532488, -0.87566841, -1.034117;
 -0.23312031, 0.93544507, 0.26570189, 3.9209151;
 0, 0, 0, 1]
Twc:
[0.90823615, 0.34750831, -0.23312031, 1.7007313;
 0.11180249, 0.33532488, 0.93544507, -3.2684326;
 0.40324596, -0.87566841, 0.26570189, -1.7576123;
 0, 0, 0, 1]
Ow:
[-0.47049659;
 -1.034117;
 3.9209151]
Keyframe: 56 Frame: 458 Frame from vFrameID : 459
Tcw:
[0.92597252, 0.074011274, 0.37026641, -0.50562388;
 0.33345124, 0.29979786, -0.8938297, -1.0485044;
 -0.17715855, 0.95112753, 0.25292543, 3.9803951;
 0, 0, 0, 1]
Twc:
[0.92597252, 0.33345124, -0.17715855, 1.52298;
 0.074011274, 0.29979786, 0.95112753, -3.4341021;
 0.37026641, -0.8938297, 0.25292543, -1.7567118;
 0, 0, 0, 1]
Ow:
[-0.50562388;
 -1.0485044;
 3.9803951]
Keyframe: 57 Frame: 463 Frame from vFrameID : 464
Tcw:
[0.93714076, 0.085999139, 0.33818835, -0.37363029;
 0.30048686, 0.29384992, -0.90739179, -0.89491028;
 -0.17741153, 0.95197499, 0.24953713, 4.0338764;
 0, 0, 0, 1]
Twc:
[0.93714076, 0.30048686, -0.17741153, 1.334709;
 0.085999139, 0.29384992, 0.95197499, -3.545048;
 0.33818835, -0.90739179, 0.24953713, -1.6922786;
 0, 0, 0, 1]
Ow:
[-0.37363029;
 -0.89491028;
 4.0338764]
Keyframe: 58 Frame: 468 Frame from vFrameID : 469
Tcw:
[0.94308621, 0.057532057, 0.32753396, -0.37952745;
 0.29316175, 0.32111844, -0.90052158, -0.96226859;
 -0.15698606, 0.94528991, 0.28597617, 4.0540957;
 0, 0, 0, 1]
Twc:
[0.94308621, 0.29316175, -0.15698606, 1.2764639;
 0.057532057, 0.32111844, 0.94528991, -3.5014586;
 0.32753396, -0.90052158, 0.28597617, -1.9016104;
 0, 0, 0, 1]
Ow:
[-0.37952745;
 -0.96226859;
 4.0540957]
Keyframe: 59 Frame: 473 Frame from vFrameID : 474
Tcw:
[0.93458349, 0.078370072, 0.34700412, -0.38712007;
 0.3004975, 0.34817383, -0.88796186, -0.9315058;
 -0.1904074, 0.93414831, 0.30184749, 4.0587492;
 0, 0, 0, 1]
Twc:
[0.93458349, 0.3004975, -0.1904074, 1.4145271;
 0.078370072, 0.34817383, 0.93414831, -3.4368095;
 0.34700412, -0.88796186, 0.30184749, -1.9179326;
 0, 0, 0, 1]
Ow:
[-0.38712007;
 -0.9315058;
 4.0587492]
Keyframe: 60 Frame: 479 Frame from vFrameID : 480
Tcw:
[0.93106836, 0.080977194, 0.3557449, -0.39160645;
 0.30672008, 0.35428759, -0.88340425, -0.93449187;
 -0.19757161, 0.93162388, 0.30502865, 4.0845466;
 0, 0, 0, 1]
Twc:
[0.93106836, 0.30672008, -0.19757161, 1.4582301;
 0.080977194, 0.35428759, 0.93162388, -3.4424708;
 0.3557449, -0.88340425, 0.30502865, -1.9321257;
 0, 0, 0, 1]
Ow:
[-0.39160645;
 -0.93449187;
 4.0845466]
Keyframe: 61 Frame: 484 Frame from vFrameID : 485
Tcw:
[0.93699718, 0.036834933, 0.34738955, -0.44854301;
 0.31764627, 0.32402113, -0.89112914, -0.86601138;
 -0.14538623, 0.94533247, 0.29190639, 4.201087;
 0, 0, 0, 1]
Twc:
[0.93699718, 0.31764627, -0.14538623, 1.3061491;
 0.036834933, 0.32402113, 0.94533247, -3.6742961;
 0.34738955, -0.89112914, 0.29190639, -1.8422331;
 0, 0, 0, 1]
Ow:
[-0.44854301;
 -0.86601138;
 4.201087]
Keyframe: 62 Frame: 487 Frame from vFrameID : 488
Tcw:
[0.93139321, 0.039800242, 0.36183235, -0.56065691;
 0.33678079, 0.28302538, -0.8980397, -0.98168123;
 -0.13814993, 0.95828629, 0.25020397, 4.3702927;
 0, 0, 0, 1]
Twc:
[0.93139321, 0.33678079, -0.13814993, 1.4565591;
 0.039800242, 0.28302538, 0.95828629, -3.8878362;
 0.36183235, -0.8980397, 0.25020397, -1.7721895;
 0, 0, 0, 1]
Ow:
[-0.56065691;
 -0.98168123;
 4.3702927]
Keyframe: 63 Frame: 493 Frame from vFrameID : 494
Tcw:
[0.93901908, 0.038714487, 0.34167865, -0.44861519;
 0.31092858, 0.32876322, -0.89176124, -1.1335723;
 -0.14685544, 0.94361854, 0.2966775, 4.3675942;
 0, 0, 0, 1]
Twc:
[0.93901908, 0.31092858, -0.14685544, 1.4151233;
 0.038714487, 0.32876322, 0.94361854, -3.731298;
 0.34167865, -0.89176124, 0.2966775, -2.1533606;
 0, 0, 0, 1]
Ow:
[-0.44861519;
 -1.1335723;
 4.3675942]
Keyframe: 64 Frame: 501 Frame from vFrameID : 502
Tcw:
[0.94837689, 0.044551991, 0.31400058, -0.4610216;
 0.27823272, 0.35829774, -0.89118421, -1.030925;
 -0.15220973, 0.93254375, 0.32740548, 4.3528099;
 0, 0, 0, 1]
Twc:
[0.94837689, 0.27823272, -0.15220973, 1.3865992;
 0.044551991, 0.35829774, 0.93254375, -3.6692679;
 0.31400058, -0.89118421, 0.32740548, -2.1991167;
 0, 0, 0, 1]
Ow:
[-0.4610216;
 -1.030925;
 4.3528099]
Keyframe: 65 Frame: 505 Frame from vFrameID : 506
Tcw:
[0.96111631, 0.079468168, 0.26446211, -0.45894539;
 0.21633027, 0.37855077, -0.89994472, -0.94037771;
 -0.17162929, 0.92216277, 0.34663993, 4.5241013;
 0, 0, 0, 1]
Twc:
[0.96111631, 0.21633027, -0.17162929, 1.4210004;
 0.079468168, 0.37855077, 0.92216277, -3.779505;
 0.26446211, -0.89994472, 0.34663993, -2.2931485;
 0, 0, 0, 1]
Ow:
[-0.45894539;
 -0.94037771;
 4.5241013]
Keyframe: 66 Frame: 510 Frame from vFrameID : 511
Tcw:
[0.95161235, 0.11975724, 0.28300548, -0.34169781;
 0.209135, 0.42238653, -0.88195926, -0.96940589;
 -0.22515871, 0.89846969, 0.37690282, 4.3164759;
 0, 0, 0, 1]
Twc:
[0.95161235, 0.209135, -0.22515871, 1.4997927;
 0.11975724, 0.42238653, 0.89846969, -3.4278378;
 0.28300548, -0.88195926, 0.37690282, -2.3851662;
 0, 0, 0, 1]
Ow:
[-0.34169781;
 -0.96940589;
 4.3164759]
Keyframe: 67 Frame: 514 Frame from vFrameID : 515
Tcw:
[0.95502889, 0.10417693, 0.27760935, -0.28814924;
 0.21716431, 0.3917248, -0.8940869, -0.9874711;
 -0.20188969, 0.91416568, 0.35148498, 4.5317111;
 0, 0, 0, 1]
Twc:
[0.95502889, 0.21716431, -0.20188969, 1.4045402;
 0.10417693, 0.3917248, 0.91416568, -3.7258995;
 0.27760935, -0.8940869, 0.35148498, -2.3957205;
 0, 0, 0, 1]
Ow:
[-0.28814924;
 -0.9874711;
 4.5317111]
Keyframe: 68 Frame: 519 Frame from vFrameID : 520
Tcw:
[0.97033852, 0.067508116, 0.23213309, -0.27158082;
 0.19387083, 0.35633069, -0.91402549, -1.0656679;
 -0.14442028, 0.93191797, 0.33267355, 4.6407223;
 0, 0, 0, 1]
Twc:
[0.97033852, 0.19387083, -0.14442028, 1.1403416;
 0.067508116, 0.35633069, 0.93191797, -3.9267085;
 0.23213309, -0.91402549, 0.33267355, -2.4548502;
 0, 0, 0, 1]
Ow:
[-0.27158082;
 -1.0656679;
 4.6407223]
Keyframe: 69 Frame: 525 Frame from vFrameID : 526
Tcw:
[0.97806495, 0.057373565, 0.20024295, -0.21037018;
 0.15805641, 0.42172468, -0.89284182, -1.0746562;
 -0.13567291, 0.90490693, 0.40340585, 4.5973516;
 0, 0, 0, 1]
Twc:
[0.97806495, 0.15805641, -0.13567291, 0.99934804;
 0.057373565, 0.42172468, 0.90490693, -3.6948967;
 0.20024295, -0.89284182, 0.40340585, -2.7719715;
 0, 0, 0, 1]
Ow:
[-0.21037018;
 -1.0746562;
 4.5973516]
Keyframe: 70 Frame: 530 Frame from vFrameID : 531
Tcw:
[0.96821719, 0.056195207, 0.24371614, -0.25856137;
 0.20107371, 0.40461853, -0.89210606, -1.1610024;
 -0.14874415, 0.91275734, 0.38045925, 4.7199383;
 0, 0, 0, 1]
Twc:
[0.96821719, 0.20107371, -0.14874415, 1.1858538;
 0.056195207, 0.40461853, 0.91275734, -3.8238654;
 0.24371614, -0.89210606, 0.38045925, -2.7684658;
 0, 0, 0, 1]
Ow:
[-0.25856137;
 -1.1610024;
 4.7199383]
Keyframe: 71 Frame: 535 Frame from vFrameID : 536
Tcw:
[0.954687, 0.056770835, 0.29214692, -0.22144234;
 0.24764498, 0.39289448, -0.88561046, -1.2612309;
 -0.16505976, 0.91782951, 0.36103222, 4.8001614;
 0, 0, 0, 1]
Twc:
[0.954687, 0.24764498, -0.16505976, 1.3160591;
 0.056770835, 0.39289448, 0.91782951, -3.8976278;
 0.29214692, -0.88561046, 0.36103222, -2.7852786;
 0, 0, 0, 1]
Ow:
[-0.22144234;
 -1.2612309;
 4.8001614]
Keyframe: 72 Frame: 541 Frame from vFrameID : 542
Tcw:
[0.94059408, 0.053157732, 0.33534619, -0.32910448;
 0.29115245, 0.38184935, -0.87716663, -1.3221331;
 -0.17467991, 0.92269462, 0.34368822, 4.9422708;
 0, 0, 0, 1]
Twc:
[0.94059408, 0.29115245, -0.17467991, 1.5578115;
 0.053157732, 0.38184935, 0.92269462, -4.0378566;
 0.33534619, -0.87716663, 0.34368822, -2.7479675;
 0, 0, 0, 1]
Ow:
[-0.32910448;
 -1.3221331;
 4.9422708]
Keyframe: 73 Frame: 547 Frame from vFrameID : 548
Tcw:
[0.95204639, 0.048157617, 0.30213982, -0.22182965;
 0.26305977, 0.37541655, -0.88874179, -1.3114265;
 -0.15622798, 0.92560428, 0.34474564, 4.9767299;
 0, 0, 0, 1]
Twc:
[0.95204639, 0.26305977, -0.15622798, 1.3336802;
 0.048157617, 0.37541655, 0.92560428, -4.1034684;
 0.30213982, -0.88874179, 0.34474564, -2.8142018;
 0, 0, 0, 1]
Ow:
[-0.22182965;
 -1.3114265;
 4.9767299]
Keyframe: 74 Frame: 553 Frame from vFrameID : 554
Tcw:
[0.95544136, 0.021727229, 0.29438037, -0.3239246;
 0.26577759, 0.37058571, -0.88995981, -1.354493;
 -0.12842952, 0.9285441, 0.34829828, 5.1134586;
 0, 0, 0, 1]
Twc:
[0.95544136, 0.26577759, -0.12842952, 1.3262039;
 0.021727229, 0.37058571, 0.9285441, -4.2390785;
 0.29438037, -0.88995981, 0.34829828, -2.8910964;
 0, 0, 0, 1]
Ow:
[-0.3239246;
 -1.354493;
 5.1134586]
Keyframe: 75 Frame: 559 Frame from vFrameID : 560
Tcw:
[0.95400864, 0.03061155, 0.29821202, -0.33387911;
 0.26699978, 0.36553714, -0.8916803, -1.3711797;
 -0.13630328, 0.93029326, 0.3405523, 5.1585031;
 0, 0, 0, 1]
Twc:
[0.95400864, 0.26699978, -0.13630328, 1.3877491;
 0.03061155, 0.36553714, 0.93029326, -4.2874827;
 0.29821202, -0.8916803, 0.3405523, -2.8798273;
 0, 0, 0, 1]
Ow:
[-0.33387911;
 -1.3711797;
 5.1585031]
Keyframe: 76 Frame: 566 Frame from vFrameID : 567
Tcw:
[0.926166, 0.086941645, 0.36695737, -0.35003877;
 0.31231552, 0.36854997, -0.87557405, -1.4149065;
 -0.21136598, 0.92553341, 0.31418523, 5.3220863;
 0, 0, 0, 1]
Twc:
[0.926166, 0.31231552, -0.21136598, 1.8909993;
 0.086941645, 0.36854997, 0.92553341, -4.3738718;
 0.36695737, -0.87557405, 0.31418523, -2.782527;
 0, 0, 0, 1]
Ow:
[-0.35003877;
 -1.4149065;
 5.3220863]
Keyframe: 77 Frame: 575 Frame from vFrameID : 576
Tcw:
[0.92400223, 0.091845535, 0.37119305, -0.25481045;
 0.31508502, 0.36713642, -0.8751756, -1.5900359;
 -0.21665946, 0.92562157, 0.31029573, 5.3330603;
 0, 0, 0, 1]
Twc:
[0.92400223, 0.31508502, -0.21665946, 1.8918998;
 0.091845535, 0.36713642, 0.92562157, -4.3292322;
 0.37119305, -0.8751756, 0.31029573, -2.9518025;
 0, 0, 0, 1]
Ow:
[-0.25481045;
 -1.5900359;
 5.3330603]
Keyframe: 78 Frame: 584 Frame from vFrameID : 585
Tcw:
[0.93672895, 0.051031735, 0.34631583, -0.26394677;
 0.30374464, 0.37327871, -0.87658554, -1.6073172;
 -0.174006, 0.92631459, 0.33416036, 5.3813124;
 0, 0, 0, 1]
Twc:
[0.93672895, 0.30374464, -0.174006, 1.6718413;
 0.051031735, 0.37327871, 0.92631459, -4.3713417;
 0.34631583, -0.87658554, 0.33416036, -3.1157634;
 0, 0, 0, 1]
Ow:
[-0.26394677;
 -1.6073172;
 5.3813124]
Keyframe: 79 Frame: 591 Frame from vFrameID : 592
Tcw:
[0.92170107, 0.065662712, 0.38230291, -0.59837902;
 0.33706978, 0.3521657, -0.8731342, -1.6395109;
 -0.19196633, 0.93363148, 0.30245858, 5.7551346;
 0, 0, 0, 1]
Twc:
[0.92170107, 0.33706978, -0.19196633, 2.2089484;
 0.065662712, 0.3521657, 0.93363148, -4.7565041;
 0.38230291, -0.8731342, 0.30245858, -2.9434407;
 0, 0, 0, 1]
Ow:
[-0.59837902;
 -1.6395109;
 5.7551346]
Keyframe: 80 Frame: 599 Frame from vFrameID : 600
Tcw:
[0.91242915, 0.083632462, 0.4005979, -0.51437521;
 0.34456214, 0.37114343, -0.86228156, -1.874871;
 -0.22079401, 0.92480171, 0.30982551, 5.6595364;
 0, 0, 0, 1]
Twc:
[0.91242915, 0.34456214, -0.22079401, 2.3649323;
 0.083632462, 0.37114343, 0.92480171, -4.4950843;
 0.4005979, -0.86228156, 0.30982551, -3.1640778;
 0, 0, 0, 1]
Ow:
[-0.51437521;
 -1.874871;
 5.6595364]
Keyframe: 81 Frame: 608 Frame from vFrameID : 609
Tcw:
[0.93177271, 0.1144885, 0.34451705, -0.43796158;
 0.27829555, 0.38414863, -0.88033026, -1.6492577;
 -0.23313344, 0.91614532, 0.32607758, 5.8236051;
 0, 0, 0, 1]
Twc:
[0.93177271, 0.27829555, -0.23313344, 2.2247388;
 0.1144885, 0.38414863, 0.91614532, -4.6515665;
 0.34451705, -0.88033026, 0.32607758, -3.1999533;
 0, 0, 0, 1]
Ow:
[-0.43796158;
 -1.6492577;
 5.8236051]
Keyframe: 82 Frame: 615 Frame from vFrameID : 616
Tcw:
[0.93959236, 0.08358863, 0.3319324, -0.416628;
 0.28332835, 0.35421619, -0.89121038, -1.6338162;
 -0.19207087, 0.93142033, 0.30913579, 5.8459415;
 0, 0, 0, 1]
Twc:
[0.93959236, 0.28332835, -0.19207087, 1.9772022;
 0.08358863, 0.35421619, 0.93142033, -4.8314791;
 0.3319324, -0.89121038, 0.30913579, -3.1249714;
 0, 0, 0, 1]
Ow:
[-0.416628;
 -1.6338162;
 5.8459415]
Keyframe: 83 Frame: 623 Frame from vFrameID : 624
Tcw:
[0.95802706, 0.063757129, 0.27949804, -0.57888287;
 0.23374912, 0.39071018, -0.89034092, -1.1167808;
 -0.16596831, 0.91830313, 0.35940775, 5.8805051;
 0, 0, 0, 1]
Twc:
[0.95802706, 0.23374912, -0.16596831, 1.7916095;
 0.063757129, 0.39071018, 0.91830313, -4.9268403;
 0.27949804, -0.89034092, 0.35940775, -2.946018;
 0, 0, 0, 1]
Ow:
[-0.57888287;
 -1.1167808;
 5.8805051]
Keyframe: 84 Frame: 630 Frame from vFrameID : 631
Tcw:
[0.94834453, 0.10853267, 0.29809958, -0.71900827;
 0.241376, 0.36291024, -0.90001875, -0.60718548;
 -0.20586482, 0.92548192, 0.31796673, 6.0999327;
 0, 0, 0, 1]
Twc:
[0.94834453, 0.241376, -0.20586482, 2.0841892;
 0.10853267, 0.36291024, 0.92548192, -5.3469882;
 0.29809958, -0.90001875, 0.31796673, -2.2717183;
 0, 0, 0, 1]
Ow:
[-0.71900827;
 -0.60718548;
 6.0999327]
Keyframe: 85 Frame: 637 Frame from vFrameID : 638
Tcw:
[0.94040883, 0.1161826, 0.31958228, -0.60825014;
 0.24599472, 0.41642523, -0.87525803, -1.2647942;
 -0.23477188, 0.90171593, 0.36302966, 5.9697022;
 0, 0, 0, 1]
Twc:
[0.94040883, 0.24599472, -0.23477188, 2.2846549;
 0.1161826, 0.41642523, 0.90171593, -4.7856154;
 0.31958228, -0.87525803, 0.36302966, -3.0798144;
 0, 0, 0, 1]
Ow:
[-0.60825014;
 -1.2647942;
 5.9697022]
Keyframe: 86 Frame: 641 Frame from vFrameID : 642
Tcw:
[0.94919586, 0.054375816, 0.30995232, -0.71908528;
 0.27437994, 0.3392804, -0.89978021, -1.3188329;
 -0.15408702, 0.93911237, 0.30712393, 6.2868524;
 0, 0, 0, 1]
Twc:
[0.94919586, 0.27437994, -0.15408702, 2.0131366;
 0.054375816, 0.3392804, 0.93911237, -5.4175062;
 0.30995232, -0.89978021, 0.30712393, -2.8946204;
 0, 0, 0, 1]
Ow:
[-0.71908528;
 -1.3188329;
 6.2868524]
Keyframe: 87 Frame: 647 Frame from vFrameID : 648
Tcw:
[0.96094835, 0.039684851, 0.27386746, -0.71318805;
 0.2450164, 0.33799905, -0.90869337, -1.2757201;
 -0.1286283, 0.94030941, 0.31507617, 6.2486358;
 0, 0, 0, 1]
Twc:
[0.96094835, 0.2450164, -0.1286283, 1.8016605;
 0.039684851, 0.33799905, 0.94030941, -5.4161558;
 0.27386746, -0.90869337, 0.31507617, -2.9327154;
 0, 0, 0, 1]
Ow:
[-0.71318805;
 -1.2757201;
 6.2486358]
Keyframe: 88 Frame: 652 Frame from vFrameID : 653
Tcw:
[0.96660918, 0.030475089, 0.25443649, -0.69307333;
 0.22712001, 0.35793251, -0.90570462, -1.2868886;
 -0.11867253, 0.93325001, 0.33905935, 6.2602353;
 0, 0, 0, 1]
Twc:
[0.96660918, 0.22712001, -0.11867253, 1.7051271;
 0.030475089, 0.35793251, 0.93325001, -5.3606238;
 0.25443649, -0.90570462, 0.33905935, -3.1117892;
 0, 0, 0, 1]
Ow:
[-0.69307333;
 -1.2868886;
 6.2602353]
Keyframe: 89 Frame: 659 Frame from vFrameID : 660
Tcw:
[0.96466631, 0.068943828, 0.2542944, -0.65760893;
 0.21489008, 0.35257605, -0.91077572, -1.3123069;
 -0.15245049, 0.93324, 0.3253029, 6.2824602;
 0, 0, 0, 1]
Twc:
[0.96466631, 0.21489008, -0.15245049, 1.874139;
 0.068943828, 0.35257605, 0.93324, -5.3550172;
 0.2542944, -0.91077572, 0.3253029, -3.0716934;
 0, 0, 0, 1]
Ow:
[-0.65760893;
 -1.3123069;
 6.2824602]
Keyframe: 90 Frame: 665 Frame from vFrameID : 666
Tcw:
[0.95501208, 0.036593128, 0.29430073, -0.6663422;
 0.26586309, 0.33408231, -0.90427089, -1.3329847;
 -0.13141076, 0.94183332, 0.30932385, 6.3818393;
 0, 0, 0, 1]
Twc:
[0.95501208, 0.26586309, -0.13141076, 1.8293985;
 0.036593128, 0.33408231, 0.94183332, -5.5409184;
 0.29430073, -0.90427089, 0.30932385, -2.9833293;
 0, 0, 0, 1]
Ow:
[-0.6663422;
 -1.3329847;
 6.3818393]
Keyframe: 91 Frame: 672 Frame from vFrameID : 673
Tcw:
[0.95677078, 0.022389131, 0.28998002, -0.64586109;
 0.26589587, 0.33667085, -0.9033007, -1.3708634;
 -0.11785194, 0.94135618, 0.31616363, 6.4545164;
 0, 0, 0, 1]
Twc:
[0.95677078, 0.26589587, -0.11785194, 1.7431252;
 0.022389131, 0.33667085, 0.94135618, -5.600009;
 0.28998002, -0.9033007, 0.31616363, -3.0916984;
 0, 0, 0, 1]
Ow:
[-0.64586109;
 -1.3708634;
 6.4545164]
Keyframe: 92 Frame: 679 Frame from vFrameID : 680
Tcw:
[0.95861179, 0.043025747, 0.28144664, -0.68487668;
 0.25481546, 0.31133339, -0.91550022, -1.3594373;
 -0.12701382, 0.94932622, 0.28748423, 6.5079389;
 0, 0, 0, 1]
Twc:
[0.95861179, 0.25481546, -0.12701382, 1.8295346;
 0.043025747, 0.31133339, 0.94932622, -5.7254515;
 0.28144664, -0.91550022, 0.28748423, -2.9227388;
 0, 0, 0, 1]
Ow:
[-0.68487668;
 -1.3594373;
 6.5079389]
Keyframe: 93 Frame: 687 Frame from vFrameID : 688
Tcw:
[0.95256001, 0.044008624, 0.30115217, -0.61690587;
 0.26765957, 0.34986559, -0.89774853, -1.3532126;
 -0.14487146, 0.93576562, 0.32148865, 6.5621786;
 0, 0, 0, 1]
Twc:
[0.95256001, 0.26765957, -0.14487146, 1.9005126;
 0.044008624, 0.34986559, 0.93576562, -5.6400695;
 0.30115217, -0.89774853, 0.32148865, -3.1387279;
 0, 0, 0, 1]
Ow:
[-0.61690587;
 -1.3532126;
 6.5621786]
Keyframe: 94 Frame: 695 Frame from vFrameID : 696
Tcw:
[0.94300723, 0.067838438, 0.32578409, -0.52349257;
 0.27927458, 0.37101272, -0.88563836, -1.4431064;
 -0.18095036, 0.92614657, 0.33092213, 6.5516868;
 0, 0, 0, 1]
Twc:
[0.94300723, 0.27927458, -0.18095036, 2.0822103;
 0.067838438, 0.37101272, 0.92614657, -5.4968987;
 0.32578409, -0.88563836, 0.33092213, -3.2756231;
 0, 0, 0, 1]
Ow:
[-0.52349257;
 -1.4431064;
 6.5516868]
Keyframe: 95 Frame: 702 Frame from vFrameID : 703
Tcw:
[0.94359887, 0.089232154, 0.31883982, -0.4064337;
 0.26077098, 0.39307606, -0.88175374, -1.5424168;
 -0.20400909, 0.91516602, 0.34763697, 6.610589;
 0, 0, 0, 1]
Twc:
[0.94359887, 0.26077098, -0.20400909, 2.1343482;
 0.089232154, 0.39307606, 0.91516602, -5.4072323;
 0.31883982, -0.88175374, 0.34763697, -3.5285296;
 0, 0, 0, 1]
Ow:
[-0.4064337;
 -1.5424168;
 6.610589]
Keyframe: 96 Frame: 710 Frame from vFrameID : 711
Tcw:
[0.9577471, 0.086331449, 0.274349, -0.61007637;
 0.22257423, 0.38166302, -0.89710313, -1.3172387;
 -0.18215707, 0.92026097, 0.34632149, 6.726634;
 0, 0, 0, 1]
Twc:
[0.9577471, 0.22257423, -0.18215707, 2.1027863;
 0.086331449, 0.38166302, 0.92026097, -5.6348486;
 0.274349, -0.89710313, 0.34632149, -3.3439031;
 0, 0, 0, 1]
Ow:
[-0.61007637;
 -1.3172387;
 6.726634]
Keyframe: 97 Frame: 717 Frame from vFrameID : 718
Tcw:
[0.94187778, 0.10603088, 0.31878465, -0.7267009;
 0.25283909, 0.40110502, -0.88044715, -1.4374369;
 -0.2212207, 0.90987486, 0.35098314, 6.9220901;
 0, 0, 0, 1]
Twc:
[0.94187778, 0.25283909, -0.2212207, 2.5792134;
 0.10603088, 0.40110502, 0.90987486, -5.6446199;
 0.31878465, -0.88044715, 0.35098314, -3.4634633;
 0, 0, 0, 1]
Ow:
[-0.7267009;
 -1.4374369;
 6.9220901]
Keyframe: 98 Frame: 726 Frame from vFrameID : 727
Tcw:
[0.92248589, 0.12822582, 0.36411253, -0.63357568;
 0.28841969, 0.39798909, -0.87087244, -1.5184721;
 -0.25658113, 0.90838474, 0.33015648, 7.0557594;
 0, 0, 0, 1]
Twc:
[0.92248589, 0.28841969, -0.25658113, 2.8327968;
 0.12822582, 0.39798909, 0.90838474, -5.7237678;
 0.36411253, -0.87087244, 0.33015648, -3.4212072;
 0, 0, 0, 1]
Ow:
[-0.63357568;
 -1.5184721;
 7.0557594]
Keyframe: 99 Frame: 734 Frame from vFrameID : 735
Tcw:
[0.91977578, 0.11244152, 0.37599128, -0.53890991;
 0.30802861, 0.38680357, -0.86919582, -1.7514212;
 -0.24316847, 0.9152813, 0.32113734, 7.1679573;
 0, 0, 0, 1]
Twc:
[0.91977578, 0.30802861, -0.24316847, 2.7781854;
 0.11244152, 0.38680357, 0.9152813, -5.8226457;
 0.37599128, -0.86919582, 0.32113734, -3.6216013;
 0, 0, 0, 1]
Ow:
[-0.53890991;
 -1.7514212;
 7.1679573]
Keyframe: 100 Frame: 742 Frame from vFrameID : 743
Tcw:
[0.95284724, 0.05826354, 0.29780445, -0.42251205;
 0.25072128, 0.40168503, -0.88078827, -1.7698717;
 -0.17094143, 0.91392261, 0.36813655, 7.2258024;
 0, 0, 0, 1]
Twc:
[0.95284724, 0.25072128, -0.17094143, 2.0815229;
 0.05826354, 0.40168503, 0.91392261, -5.8682756;
 0.29780445, -0.88078827, 0.36813655, -4.0931382;
 0, 0, 0, 1]
Ow:
[-0.42251205;
 -1.7698717;
 7.2258024]
Keyframe: 101 Frame: 750 Frame from vFrameID : 751
Tcw:
[0.95144016, 0.077857099, 0.29782528, -0.38652325;
 0.23791805, 0.42793962, -0.87193042, -1.8482862;
 -0.19533721, 0.90044767, 0.38863534, 7.2799616;
 0, 0, 0, 1]
Twc:
[0.95144016, 0.23791805, -0.19533721, 2.2295415;
 0.077857099, 0.42793962, 0.90044767, -5.7341752;
 0.29782528, -0.87193042, 0.38863534, -4.3257108;
 0, 0, 0, 1]
Ow:
[-0.38652325;
 -1.8482862;
 7.2799616]
Keyframe: 102 Frame: 755 Frame from vFrameID : 756
Tcw:
[0.94593823, 0.10015524, 0.30849603, -0.33312523;
 0.23830177, 0.4306187, -0.87050551, -1.9125948;
 -0.22002985, 0.89695954, 0.38347152, 7.2829847;
 0, 0, 0, 1]
Twc:
[0.94593823, 0.23830177, -0.22002985, 2.3733647;
 0.10015524, 0.4306187, 0.89695954, -5.67558;
 0.30849603, -0.87050551, 0.38347152, -4.3549738;
 0, 0, 0, 1]
Ow:
[-0.33312523;
 -1.9125948;
 7.2829847]
Keyframe: 103 Frame: 761 Frame from vFrameID : 762
Tcw:
[0.92762899, 0.11903121, 0.35402825, -0.65306664;
 0.26551503, 0.45649067, -0.84918672, -1.7821209;
 -0.26269031, 0.88173002, 0.3918494, 7.4068613;
 0, 0, 0, 1]
Twc:
[0.92762899, 0.26551503, -0.26269031, 3.0246942;
 0.11903121, 0.45649067, 0.88173002, -5.6395955;
 0.35402825, -0.84918672, 0.3918494, -4.1845236;
 0, 0, 0, 1]
Ow:
[-0.65306664;
 -1.7821209;
 7.4068613]
Keyframe: 104 Frame: 768 Frame from vFrameID : 769
Tcw:
[0.93735975, 0.097154409, 0.33454102, -0.7037133;
 0.26547593, 0.42258856, -0.86656874, -1.7726889;
 -0.22556418, 0.90109926, 0.37032536, 7.5178919;
 0, 0, 0, 1]
Twc:
[0.93735975, 0.26547593, -0.22556418, 2.8260059;
 0.097154409, 0.42258856, 0.90109926, -5.9568801;
 0.33454102, -0.86656874, 0.37032536, -4.0848022;
 0, 0, 0, 1]
Ow:
[-0.7037133;
 -1.7726889;
 7.5178919]
Keyframe: 105 Frame: 777 Frame from vFrameID : 778
Tcw:
[0.94780952, 0.099137805, 0.3030327, -0.63299334;
 0.22927594, 0.44853586, -0.86385655, -1.8776503;
 -0.22156188, 0.88824958, 0.40239662, 7.6440754;
 0, 0, 0, 1]
Twc:
[0.94780952, 0.22927594, -0.22156188, 2.7240927;
 0.099137805, 0.44853586, 0.88824958, -5.8848996;
 0.3030327, -0.86385655, 0.40239662, -4.5061531;
 0, 0, 0, 1]
Ow:
[-0.63299334;
 -1.8776503;
 7.6440754]
Keyframe: 106 Frame: 783 Frame from vFrameID : 784
Tcw:
[0.92869693, 0.11159846, 0.35364926, -0.62323916;
 0.27782795, 0.42227525, -0.86284137, -1.9372375;
 -0.2456291, 0.89957178, 0.36116055, 7.6632457;
 0, 0, 0, 1]
Twc:
[0.92869693, 0.27782795, -0.2456291, 2.9993351;
 0.11159846, 0.42227525, 0.89957178, -6.0060401;
 0.35364926, -0.86284137, 0.36116055, -4.2187829;
 0, 0, 0, 1]
Ow:
[-0.62323916;
 -1.9372375;
 7.6632457]
Keyframe: 107 Frame: 789 Frame from vFrameID : 790
Tcw:
[0.91971302, 0.13438369, 0.36887535, -0.68685436;
 0.26822379, 0.47101957, -0.84035504, -1.9345884;
 -0.28667754, 0.87182659, 0.39715791, 7.6643548;
 0, 0, 0, 1]
Twc:
[0.91971302, 0.26822379, -0.28667754, 3.3478096;
 0.13438369, 0.47101957, 0.87182659, -5.6784568;
 0.36887535, -0.84035504, 0.39715791, -4.4163365;
 0, 0, 0, 1]
Ow:
[-0.68685436;
 -1.9345884;
 7.6643548]
Keyframe: 108 Frame: 794 Frame from vFrameID : 795
Tcw:
[0.95442152, 0.083209462, 0.28662831, -0.70104957;
 0.23115295, 0.40143704, -0.88623732, -1.7398961;
 -0.18880655, 0.91209894, 0.36390603, 7.8490052;
 0, 0, 0, 1]
Twc:
[0.95442152, 0.23115295, -0.18880655, 2.5532227;
 0.083209462, 0.40143704, 0.91209894, -6.402277;
 0.28662831, -0.88623732, 0.36390603, -4.1973205;
 0, 0, 0, 1]
Ow:
[-0.70104957;
 -1.7398961;
 7.8490052]
Keyframe: 109 Frame: 800 Frame from vFrameID : 801
Tcw:
[0.94724214, 0.053803559, 0.31597078, -1.0146185;
 0.26433349, 0.42640349, -0.86504787, -1.8705111;
 -0.1812737, 0.90293145, 0.38968527, 7.6526041;
 0, 0, 0, 1]
Twc:
[0.94724214, 0.26433349, -0.1812737, 2.8427441;
 0.053803559, 0.42640349, 0.90293145, -6.0575943;
 0.31597078, -0.86504787, 0.38968527, -4.2795992;
 0, 0, 0, 1]
Ow:
[-1.0146185;
 -1.8705111;
 7.6526041]
Keyframe: 110 Frame: 805 Frame from vFrameID : 806
Tcw:
[0.95434475, 0.029456504, 0.29725137, -1.0051895;
 0.26476961, 0.37727419, -0.88744646, -1.7521946;
 -0.13828634, 0.92563301, 0.35225046, 7.937232;
 0, 0, 0, 1]
Twc:
[0.95434475, 0.26476961, -0.13828634, 2.5208361;
 0.029456504, 0.37727419, 0.92563301, -6.6562972;
 0.29725137, -0.88744646, 0.35225046, -4.0520787;
 0, 0, 0, 1]
Ow:
[-1.0051895;
 -1.7521946;
 7.937232]
Keyframe: 111 Frame: 811 Frame from vFrameID : 812
Tcw:
[0.955203, 0.041069832, 0.29308796, -0.82866418;
 0.25338039, 0.39823106, -0.88159537, -1.9387758;
 -0.1529237, 0.91636527, 0.36998522, 7.9095411;
 0, 0, 0, 1]
Twc:
[0.955203, 0.25338039, -0.1529237, 2.4923465;
 0.041069832, 0.39823106, 0.91636527, -6.4419146;
 0.29308796, -0.88159537, 0.36998522, -4.3927574;
 0, 0, 0, 1]
Ow:
[-0.82866418;
 -1.9387758;
 7.9095411]
Keyframe: 112 Frame: 818 Frame from vFrameID : 819
Tcw:
[0.93952829, 0.054511435, 0.33810517, -0.8854202;
 0.29201475, 0.38827759, -0.87405258, -1.7932638;
 -0.17892452, 0.91992879, 0.34887964, 7.9580593;
 0, 0, 0, 1]
Twc:
[0.93952829, 0.29201475, -0.17892452, 2.7794287;
 0.054511435, 0.38827759, 0.91992879, -6.5762987;
 0.33810517, -0.87405258, 0.34887964, -4.0444465;
 0, 0, 0, 1]
Ow:
[-0.8854202;
 -1.7932638;
 7.9580593]
Keyframe: 113 Frame: 825 Frame from vFrameID : 826
Tcw:
[0.9307313, 0.10512719, 0.35026771, -0.79327226;
 0.27890867, 0.41544268, -0.86580443, -1.8526478;
 -0.23653574, 0.90352404, 0.35734463, 8.0190172;
 0, 0, 0, 1]
Twc:
[0.9307313, 0.27890867, -0.23653574, 3.1518271;
 0.10512719, 0.41544268, 0.90352404, -6.3923111;
 0.35026771, -0.86580443, 0.35734463, -4.1917257;
 0, 0, 0, 1]
Ow:
[-0.79327226;
 -1.8526478;
 8.0190172]
Keyframe: 114 Frame: 833 Frame from vFrameID : 834
Tcw:
[0.94541121, 0.088016227, 0.31376863, -0.77779925;
 0.25285614, 0.40926218, -0.87668025, -1.8862076;
 -0.2055757, 0.90816164, 0.36466563, 8.0009365;
 0, 0, 0, 1]
Twc:
[0.94541121, 0.25285614, -0.2055757, 2.8570776;
 0.088016227, 0.40926218, 0.90816164, -6.4257312;
 0.31376863, -0.87668025, 0.36466563, -4.3272181;
 0, 0, 0, 1]
Ow:
[-0.77779925;
 -1.8862076;
 8.0009365]
Keyframe: 115 Frame: 839 Frame from vFrameID : 840
Tcw:
[0.94819999, 0.089621551, 0.30477008, -0.70928705;
 0.23934115, 0.42929086, -0.87087607, -1.8964031;
 -0.20888428, 0.8987087, 0.38560346, 8.0236702;
 0, 0, 0, 1]
Twc:
[0.94819999, 0.23934115, -0.20888428, 2.8024518;
 0.089621551, 0.42929086, 0.8987087, -6.3332663;
 0.30477008, -0.87087607, 0.38560346, -4.5293179;
 0, 0, 0, 1]
Ow:
[-0.70928705;
 -1.8964031;
 8.0236702]
Keyframe: 116 Frame: 847 Frame from vFrameID : 848
Tcw:
[0.92972726, 0.14183258, 0.33983937, -0.71632457;
 0.25806266, 0.40739691, -0.87603164, -1.8958929;
 -0.26269934, 0.9021703, 0.3421663, 8.0911055;
 0, 0, 0, 1]
Twc:
[0.92972726, 0.25806266, -0.26269934, 3.2807734;
 0.14183258, 0.40739691, 0.9021703, -6.4255762;
 0.33983937, -0.87603164, 0.3421663, -4.1859307;
 0, 0, 0, 1]
Ow:
[-0.71632457;
 -1.8958929;
 8.0911055]
Keyframe: 117 Frame: 855 Frame from vFrameID : 856
Tcw:
[0.94099587, 0.13008165, 0.31241888, -0.84286833;
 0.24917546, 0.35835716, -0.89971757, -1.7695707;
 -0.2289943, 0.92447764, 0.30479944, 8.3860512;
 0, 0, 0, 1]
Twc:
[0.94099587, 0.24917546, -0.2289943, 3.1544273;
 0.13008165, 0.35835716, 0.92447764, -7.0089374;
 0.31241888, -0.89971757, 0.30479944, -3.88485;
 0, 0, 0, 1]
Ow:
[-0.84286833;
 -1.7695707;
 8.3860512]
Keyframe: 118 Frame: 863 Frame from vFrameID : 864
Tcw:
[0.95889682, 0.078911535, 0.2725617, -0.83649528;
 0.23653281, 0.30831829, -0.92140764, -1.7524457;
 -0.15674545, 0.94800466, 0.27698025, 8.4995432;
 0, 0, 0, 1]
Twc:
[0.95889682, 0.23653281, -0.15674545, 2.5488882;
 0.078911535, 0.30831829, 0.94800466, -7.4512863;
 0.2725617, -0.92140764, 0.27698025, -3.740926;
 0, 0, 0, 1]
Ow:
[-0.83649528;
 -1.7524457;
 8.4995432]
Keyframe: 119 Frame: 868 Frame from vFrameID : 869
Tcw:
[0.96882498, 0.062196031, 0.23981194, -0.78396583;
 0.21148056, 0.29659927, -0.93129206, -1.8200598;
 -0.12905072, 0.95297456, 0.27419955, 8.5075054;
 0, 0, 0, 1]
Twc:
[0.96882498, 0.21148056, -0.12905072, 2.2423327;
 0.062196031, 0.29659927, 0.95297456, -7.5188484;
 0.23981194, -0.93129206, 0.27419955, -3.8397567;
 0, 0, 0, 1]
Ow:
[-0.78396583;
 -1.8200598;
 8.5075054]
Keyframe: 120 Frame: 874 Frame from vFrameID : 875
Tcw:
[0.96422309, 0.084863663, 0.25114134, -0.79502726;
 0.21125261, 0.32633135, -0.92134696, -1.8077371;
 -0.16014417, 0.94143826, 0.29672855, 8.5758209;
 0, 0, 0, 1]
Twc:
[0.96422309, 0.21125261, -0.16014417, 2.5218406;
 0.084863663, 0.32633135, 0.94143826, -7.4162154;
 0.25114134, -0.92134696, 0.29672855, -4.0105796;
 0, 0, 0, 1]
Ow:
[-0.79502726;
 -1.8077371;
 8.5758209]
Keyframe: 121 Frame: 882 Frame from vFrameID : 883
Tcw:
[0.95786685, 0.093860157, 0.2714431, -0.71275401;
 0.2312275, 0.30859476, -0.92266089, -1.8112211;
 -0.17036702, 0.94655138, 0.27388966, 8.6085892;
 0, 0, 0, 1]
Twc:
[0.95786685, 0.2312275, -0.17036702, 2.5681472;
 0.093860157, 0.30859476, 0.94655138, -7.5226398;
 0.2714431, -0.92266089, 0.27388966, -3.835474;
 0, 0, 0, 1]
Ow:
[-0.71275401;
 -1.8112211;
 8.6085892]
Keyframe: 122 Frame: 891 Frame from vFrameID : 892
Tcw:
[0.95296693, 0.087840304, 0.29006577, -0.88755584;
 0.24470407, 0.34166741, -0.90740472, -1.7949622;
 -0.17881273, 0.93570691, 0.30410287, 8.8847284;
 0, 0, 0, 1]
Twc:
[0.95296693, 0.24470407, -0.17881273, 2.8737483;
 0.087840304, 0.34166741, 0.93570691, -7.6222587;
 0.29006577, -0.90740472, 0.30410287, -4.0731788;
 0, 0, 0, 1]
Ow:
[-0.88755584;
 -1.7949622;
 8.8847284]
Keyframe: 123 Frame: 898 Frame from vFrameID : 899
Tcw:
[0.97612453, 0.074139796, 0.20416723, -0.6027202;
 0.16933802, 0.32892528, -0.92904937, -1.9671721;
 -0.13603531, 0.94144118, 0.30851734, 8.7850409;
 0, 0, 0, 1]
Twc:
[0.97612453, 0.16933802, -0.13603531, 2.1165226;
 0.074139796, 0.32892528, 0.94144118, -7.5788603;
 0.20416723, -0.92904937, 0.30851734, -4.4148817;
 0, 0, 0, 1]
Ow:
[-0.6027202;
 -1.9671721;
 8.7850409]
Keyframe: 124 Frame: 907 Frame from vFrameID : 908
Tcw:
[0.96555638, 0.061464187, 0.25283015, -0.64432299;
 0.21370491, 0.36697471, -0.90535063, -1.9612715;
 -0.1484289, 0.9281981, 0.34119958, 8.913188;
 0, 0, 0, 1]
Twc:
[0.96555638, 0.21370491, -0.1484289, 2.364238;
 0.061464187, 0.36697471, 0.9281981, -7.513864;
 0.25283015, -0.90535063, 0.34119958, -4.6539102;
 0, 0, 0, 1]
Ow:
[-0.64432299;
 -1.9612715;
 8.913188]
Keyframe: 125 Frame: 913 Frame from vFrameID : 914
Tcw:
[0.95036864, 0.075973459, 0.30170757, -0.84828174;
 0.25771561, 0.35104778, -0.90019339, -1.9670606;
 -0.17430457, 0.93327034, 0.31404528, 9.0530109;
 0, 0, 0, 1]
Twc:
[0.95036864, 0.25771561, -0.17430457, 2.8911037;
 0.075973459, 0.35104778, 0.93327034, -7.6939278;
 0.30170757, -0.90019339, 0.31404528, -4.3578572;
 0, 0, 0, 1]
Ow:
[-0.84828174;
 -1.9670606;
 9.0530109]
Keyframe: 126 Frame: 918 Frame from vFrameID : 919
Tcw:
[0.94685632, 0.08956112, 0.30893677, -0.80134499;
 0.25217879, 0.38951996, -0.8858217, -2.007442;
 -0.19967224, 0.91665316, 0.34623402, 9.0793228;
 0, 0, 0, 1]
Twc:
[0.94685632, 0.25217879, -0.19967224, 3.0778813;
 0.08956112, 0.38951996, 0.91665316, -7.4688816;
 0.30893677, -0.8858217, 0.34623402, -4.6742411;
 0, 0, 0, 1]
Ow:
[-0.80134499;
 -2.007442;
 9.0793228]
Keyframe: 127 Frame: 924 Frame from vFrameID : 925
Tcw:
[0.95355237, 0.071258381, 0.29267752, -0.72300529;
 0.24635921, 0.37461188, -0.89385295, -2.1106498;
 -0.17333499, 0.92443937, 0.33965689, 9.2604809;
 0, 0, 0, 1]
Twc:
[0.95355237, 0.24635921, -0.17333499, 2.8145666;
 0.071258381, 0.37461188, 0.92443937, -7.7185588;
 0.29267752, -0.89385295, 0.33965689, -4.8203893;
 0, 0, 0, 1]
Ow:
[-0.72300529;
 -2.1106498;
 9.2604809]
Keyframe: 128 Frame: 931 Frame from vFrameID : 932
Tcw:
[0.96043986, 0.065125659, 0.27076554, -0.79725778;
 0.22714029, 0.37935194, -0.89693892, -2.0895894;
 -0.16112916, 0.9229576, 0.34955204, 9.3205013;
 0, 0, 0, 1]
Twc:
[0.96043986, 0.22714029, -0.16112916, 2.7421527;
 0.065125659, 0.37935194, 0.9229576, -7.7578168;
 0.27076554, -0.89693892, 0.34955204, -4.9163647;
 0, 0, 0, 1]
Ow:
[-0.79725778;
 -2.0895894;
 9.3205013]
Keyframe: 129 Frame: 937 Frame from vFrameID : 938
Tcw:
[0.96855688, 0.092273012, 0.23104827, -0.77185345;
 0.17658778, 0.39921504, -0.8996911, -2.1015244;
 -0.17525515, 0.9122023, 0.37036818, 9.3468533;
 0, 0, 0, 1]
Twc:
[0.96855688, 0.17658778, -0.17525515, 2.7567718;
 0.092273012, 0.39921504, 0.9122023, -7.6160398;
 0.23104827, -0.8996911, 0.37036818, -5.1741648;
 0, 0, 0, 1]
Ow:
[-0.77185345;
 -2.1015244;
 9.3468533]
Keyframe: 130 Frame: 943 Frame from vFrameID : 944
Tcw:
[0.95900571, 0.099876821, 0.26520309, -0.63867521;
 0.21205963, 0.36786965, -0.90537429, -2.2042937;
 -0.18798608, 0.92449796, 0.33160925, 9.411643;
 0, 0, 0, 1]
Twc:
[0.95900571, 0.21205963, -0.18798608, 2.8491926;
 0.099876821, 0.36786965, 0.92449796, -7.8263636;
 0.26520309, -0.90537429, 0.33160925, -4.9473205;
 0, 0, 0, 1]
Ow:
[-0.63867521;
 -2.2042937;
 9.411643]
Keyframe: 131 Frame: 951 Frame from vFrameID : 952
Tcw:
[0.94673389, 0.11240692, 0.30176079, -0.67266417;
 0.23496565, 0.39964789, -0.88604331, -2.3038442;
 -0.22019546, 0.90975064, 0.35194844, 9.406848;
 0, 0, 0, 1]
Twc:
[0.94673389, 0.23496565, -0.22019546, 3.2495036;
 0.11240692, 0.39964789, 0.90975064, -7.5615478;
 0.30176079, -0.88604331, 0.35194844, -5.1490479;
 0, 0, 0, 1]
Ow:
[-0.67266417;
 -2.3038442;
 9.406848]
Keyframe: 132 Frame: 958 Frame from vFrameID : 959
Tcw:
[0.96681422, 0.068215229, 0.24620506, -0.69641435;
 0.20126621, 0.39020875, -0.89845926, -2.2924066;
 -0.15735997, 0.91819596, 0.36352995, 9.4501028;
 0, 0, 0, 1]
Twc:
[0.96681422, 0.20126621, -0.15735997, 2.6217551;
 0.068215229, 0.39020875, 0.91819596, -7.7350225;
 0.24620506, -0.89845926, 0.36352995, -5.3235688;
 0, 0, 0, 1]
Ow:
[-0.69641435;
 -2.2924066;
 9.4501028]
Keyframe: 133 Frame: 966 Frame from vFrameID : 967
Tcw:
[0.97373807, 0.048323058, 0.22248369, -0.99783635;
 0.18997376, 0.36611441, -0.91097212, -2.0024717;
 -0.12547545, 0.92931432, 0.34731942, 9.6137657;
 0, 0, 0, 1]
Twc:
[0.97373807, 0.18997376, -0.12547545, 2.5583398;
 0.048323058, 0.36611441, 0.92931432, -8.1528587;
 0.22248369, -0.91097212, 0.34731942, -4.9412417;
 0, 0, 0, 1]
Ow:
[-0.99783635;
 -2.0024717;
 9.6137657]
Keyframe: 134 Frame: 974 Frame from vFrameID : 975
Tcw:
[0.95239753, 0.1301593, 0.27567655, -1.0891705;
 0.21134195, 0.36982229, -0.90474641, -1.8958693;
 -0.2197125, 0.91994023, 0.32470971, 9.6776953;
 0, 0, 0, 1]
Twc:
[0.95239753, 0.21134195, -0.2197125, 3.5643106;
 0.1301593, 0.36982229, 0.91994023, -8.0600004;
 0.27567655, -0.90474641, 0.32470971, -4.5574636;
 0, 0, 0, 1]
Ow:
[-1.0891705;
 -1.8958693;
 9.6776953]
Keyframe: 135 Frame: 982 Frame from vFrameID : 983
Tcw:
[0.94618857, 0.097822167, 0.30847692, -0.95490861;
 0.25037429, 0.38265881, -0.88931715, -1.9963772;
 -0.20503634, 0.9186964, 0.33757523, 9.7088537;
 0, 0, 0, 1]
Twc:
[0.94618857, 0.25037429, -0.20503634, 3.394033;
 0.097822167, 0.38265881, 0.9186964, -8.0621462;
 0.30847692, -0.88931715, 0.33757523, -4.7583137;
 0, 0, 0, 1]
Ow:
[-0.95490861;
 -1.9963772;
 9.7088537]
Keyframe: 136 Frame: 991 Frame from vFrameID : 992
Tcw:
[0.97086436, 0.075404599, 0.2274566, -1.1079043;
 0.18139015, 0.38901138, -0.9031986, -2.0440245;
 -0.15658854, 0.91814178, 0.36399966, 9.8219299;
 0, 0, 0, 1]
Twc:
[0.97086436, 0.18139015, -0.15658854, 2.9843924;
 0.075404599, 0.38901138, 0.91814178, -8.1392336;
 0.2274566, -0.9031986, 0.36399966, -5.1693387;
 0, 0, 0, 1]
Ow:
[-1.1079043;
 -2.0440245;
 9.8219299]
Keyframe: 137 Frame: 998 Frame from vFrameID : 999
Tcw:
[0.95938724, 0.067563638, 0.27388194, -1.0895685;
 0.22750437, 0.38872448, -0.89282417, -2.084451;
 -0.16678706, 0.91887349, 0.35756627, 9.9389715;
 0, 0, 0, 1]
Twc:
[0.95938724, 0.22750437, -0.16678706, 3.1772318;
 0.067563638, 0.38872448, 0.91887349, -8.248765;
 0.27388194, -0.89282417, 0.35756627, -5.1164765;
 0, 0, 0, 1]
Ow:
[-1.0895685;
 -2.084451;
 9.9389715]
Keyframe: 138 Frame: 1006 Frame from vFrameID : 1007
Tcw:
[0.94596785, 0.091147535, 0.31118631, -1.0123982;
 0.24789843, 0.415342, -0.87523562, -2.1306479;
 -0.20902433, 0.90508735, 0.37030485, 9.9629955;
 0, 0, 0, 1]
Twc:
[0.94596785, 0.24789843, -0.20902433, 3.5683887;
 0.091147535, 0.415342, 0.90508735, -8.0401564;
 0.31118631, -0.87523562, 0.37030485, -5.23912;
 0, 0, 0, 1]
Ow:
[-1.0123982;
 -2.1306479;
 9.9629955]
Keyframe: 139 Frame: 1015 Frame from vFrameID : 1016
Tcw:
[0.94371748, 0.095324017, 0.31671852, -0.95205355;
 0.25308761, 0.40837327, -0.87702793, -2.1752644;
 -0.2129412, 0.9078241, 0.36126366, 10.014563;
 0, 0, 0, 1]
Twc:
[0.94371748, 0.25308761, -0.2129412, 3.5815148;
 0.095324017, 0.40837327, 0.9078241, -8.1123877;
 0.31671852, -0.87702793, 0.36126366, -5.2241316;
 0, 0, 0, 1]
Ow:
[-0.95205355;
 -2.1752644;
 10.014563]
Keyframe: 140 Frame: 1021 Frame from vFrameID : 1022
Tcw:
[0.96914923, 0.036835004, 0.24370667, -0.99911177;
 0.21346033, 0.36889967, -0.90462571, -2.1032422;
 -0.1232252, 0.92873907, 0.34965602, 10.115404;
 0, 0, 0, 1]
Twc:
[0.96914923, 0.21346033, -0.1232252, 2.6637201;
 0.036835004, 0.36889967, 0.92873907, -8.5818834;
 0.24370667, -0.90462571, 0.34965602, -5.1960692;
 0, 0, 0, 1]
Ow:
[-0.99911177;
 -2.1032422;
 10.115404]
Keyframe: 141 Frame: 1030 Frame from vFrameID : 1031
Tcw:
[0.96294129, 0.05385372, 0.26427987, -1.0440392;
 0.22450815, 0.38296428, -0.89606607, -2.0130229;
 -0.14946625, 0.92219204, 0.35668153, 10.167374;
 0, 0, 0, 1]
Twc:
[0.96294129, 0.22450815, -0.14946625, 2.9769676;
 0.05385372, 0.38296428, 0.92219204, -8.5491295;
 0.26427987, -0.89606607, 0.35668153, -5.154397;
 0, 0, 0, 1]
Ow:
[-1.0440392;
 -2.0130229;
 10.167374]
Keyframe: 142 Frame: 1038 Frame from vFrameID : 1039
Tcw:
[0.94812053, 0.10644197, 0.29956222, -0.93726957;
 0.2255538, 0.43881989, -0.86980605, -2.23981;
 -0.22403774, 0.89224839, 0.39204577, 10.248263;
 0, 0, 0, 1]
Twc:
[0.94812053, 0.2255538, -0.22403774, 3.6898398;
 0.10644197, 0.43881989, 0.89224839, -8.0613585;
 0.29956222, -0.86980605, 0.39204577, -5.6852179;
 0, 0, 0, 1]
Ow:
[-0.93726957;
 -2.23981;
 10.248263]
Keyframe: 143 Frame: 1046 Frame from vFrameID : 1047
Tcw:
[0.95789278, 0.086290278, 0.27385288, -1.4149625;
 0.21517365, 0.41576836, -0.88364983, -1.848592;
 -0.19010976, 0.90536767, 0.3796941, 10.343553;
 0, 0, 0, 1]
Twc:
[0.95789278, 0.21517365, -0.19010976, 3.7195606;
 0.086290278, 0.41576836, 0.90536767, -8.4740343;
 0.27385288, -0.88364983, 0.3796941, -5.1734023;
 0, 0, 0, 1]
Ow:
[-1.4149625;
 -1.848592;
 10.343553]
Keyframe: 144 Frame: 1051 Frame from vFrameID : 1052
Tcw:
[0.96648443, 0.066990532, 0.24783088, -1.1752292;
 0.19760029, 0.42217836, -0.88471442, -2.0704336;
 -0.16389632, 0.90403414, 0.39479145, 10.324391;
 0, 0, 0, 1]
Twc:
[0.96648443, 0.19760029, -0.16389632, 3.2370884;
 0.066990532, 0.42217836, 0.90403414, -8.3807802;
 0.24783088, -0.88471442, 0.39479145, -5.6164656;
 0, 0, 0, 1]
Ow:
[-1.1752292;
 -2.0704336;
 10.324391]
Keyframe: 145 Frame: 1053 Frame from vFrameID : 1054
Tcw:
[0.96836275, 0.06048714, 0.24210507, -1.1787628;
 0.19506943, 0.42158371, -0.8855592, -1.6896565;
 -0.1556325, 0.90476984, 0.39644679, 10.270871;
 0, 0, 0, 1]
Twc:
[0.96836275, 0.19506943, -0.1556325, 3.0695517;
 0.06048714, 0.42158371, 0.90476984, -8.5091429;
 0.24210507, -0.8855592, 0.39644679, -5.2827601;
 0, 0, 0, 1]
Ow:
[-1.1787628;
 -1.6896565;
 10.270871]
Keyframe: 146 Frame: 1058 Frame from vFrameID : 1059
Tcw:
[0.97241306, 0.072992533, 0.22155124, -1.0979432;
 0.17203604, 0.41700763, -0.8924731, -1.9754913;
 -0.15753242, 0.9059673, 0.3929463, 10.338108;
 0, 0, 0, 1]
Twc:
[0.97241306, 0.17203604, -0.15753242, 3.0360973;
 0.072992533, 0.41700763, 0.9059673, -8.4620514;
 0.22155124, -0.8924731, 0.3929463, -5.5821438;
 0, 0, 0, 1]
Ow:
[-1.0979432;
 -1.9754913;
 10.338108]
Keyframe: 147 Frame: 1063 Frame from vFrameID : 1064
Tcw:
[0.96526551, 0.078431681, 0.24922067, -1.1380627;
 0.19678263, 0.4092364, -0.89095575, -2.1106396;
 -0.17186932, 0.90905118, 0.3795878, 10.452481;
 0, 0, 0, 1]
Twc:
[0.96526551, 0.19678263, -0.17186932, 3.3103309;
 0.078431681, 0.4092364, 0.90905118, -8.54883;
 0.24922067, -0.89095575, 0.3795878, -5.5644922;
 0, 0, 0, 1]
Ow:
[-1.1380627;
 -2.1106396;
 10.452481]
Keyframe: 148 Frame: 1070 Frame from vFrameID : 1071
Tcw:
[0.95127279, 0.11278948, 0.28698194, -1.1492832;
 0.21805914, 0.41196713, -0.88472217, -2.0938623;
 -0.21801448, 0.90419114, 0.36729833, 10.497624;
 0, 0, 0, 1]
Twc:
[0.95127279, 0.21805914, -0.21801448, 3.8385019;
 0.11278948, 0.41196713, 0.90419114, -8.49963;
 0.28698194, -0.88472217, 0.36729833, -5.3784227;
 0, 0, 0, 1]
Ow:
[-1.1492832;
 -2.0938623;
 10.497624]
Keyframe: 149 Frame: 1074 Frame from vFrameID : 1075
Tcw:
[0.95186061, 0.10376856, 0.28843275, -1.1651258;
 0.2256579, 0.39962658, -0.88846898, -2.0526114;
 -0.20746054, 0.91078573, 0.35697263, 10.525818;
 0, 0, 0, 1]
Twc:
[0.95186061, 0.2256579, -0.20746054, 3.7559173;
 0.10376856, 0.39962658, 0.91078573, -8.6455832;
 0.28843275, -0.88846898, 0.35697263, -5.2450495;
 0, 0, 0, 1]
Ow:
[-1.1651258;
 -2.0526114;
 10.525818]
Keyframe: 150 Frame: 1079 Frame from vFrameID : 1080
Tcw:
[0.96527785, 0.063922331, 0.25328362, -1.1881536;
 0.2091224, 0.3919619, -0.89589822, -2.0625098;
 -0.15654543, 0.91775805, 0.36498457, 10.567459;
 0, 0, 0, 1]
Twc:
[0.96527785, 0.2091224, -0.15654543, 3.2325027;
 0.063922331, 0.3919619, 0.91775805, -8.8139954;
 0.25328362, -0.89589822, 0.36498457, -5.4038186;
 0, 0, 0, 1]
Ow:
[-1.1881536;
 -2.0625098;
 10.567459]
Keyframe: 151 Frame: 1085 Frame from vFrameID : 1086
Tcw:
[0.9658398, 0.042071246, 0.25570193, -1.1933932;
 0.21607323, 0.41398421, -0.88426775, -1.9831991;
 -0.14305879, 0.90931135, 0.39075196, 10.566669;
 0, 0, 0, 1]
Twc:
[0.9658398, 0.21607323, -0.14305879, 3.092798;
 0.042071246, 0.41398421, 0.90931135, -8.7371702;
 0.25570193, -0.88426775, 0.39075196, -5.5774722;
 0, 0, 0, 1]
Ow:
[-1.1933932;
 -1.9831991;
 10.566669]
Keyframe: 152 Frame: 1091 Frame from vFrameID : 1092
Tcw:
[0.95335263, 0.046194557, 0.29830322, -1.1718057;
 0.25283656, 0.41764972, -0.87272125, -2.0595186;
 -0.16490123, 0.90743309, 0.38648778, 10.645412;
 0, 0, 0, 1]
Twc:
[0.95335263, 0.25283656, -0.16490123, 3.3933072;
 0.046194557, 0.41764972, 0.90743309, -8.7457104;
 0.29830322, -0.87272125, 0.38648778, -5.5621538;
 0, 0, 0, 1]
Ow:
[-1.1718057;
 -2.0595186;
 10.645412]
Keyframe: 153 Frame: 1098 Frame from vFrameID : 1099
Tcw:
[0.94558954, 0.060569122, 0.31967452, -1.2551876;
 0.26556489, 0.4239727, -0.86586511, -2.0464325;
 -0.18797797, 0.90364736, 0.38481912, 10.724855;
 0, 0, 0, 1]
Twc:
[0.94558954, 0.26556489, -0.18797797, 3.7463892;
 0.060569122, 0.4239727, 0.90364736, -8.7478294;
 0.31967452, -0.86586511, 0.38481912, -5.4978123;
 0, 0, 0, 1]
Ow:
[-1.2551876;
 -2.0464325;
 10.724855]
Keyframe: 154 Frame: 1104 Frame from vFrameID : 1105
Tcw:
[0.94415617, 0.080828011, 0.31943065, -1.1793805;
 0.25122017, 0.45071208, -0.85659039, -2.1312263;
 -0.21320775, 0.8890025, 0.40523696, 10.764471;
 0, 0, 0, 1]
Twc:
[0.94415617, 0.25122017, -0.21320775, 3.9439952;
 0.080828011, 0.45071208, 0.8890025, -8.5137463;
 0.31943065, -0.85659039, 0.40523696, -5.8110194;
 0, 0, 0, 1]
Ow:
[-1.1793805;
 -2.1312263;
 10.764471]
Keyframe: 155 Frame: 1111 Frame from vFrameID : 1112
Tcw:
[0.96314001, 0.039886214, 0.26602709, -1.1940626;
 0.2292711, 0.39554214, -0.88937122, -2.1940382;
 -0.14069858, 0.91758132, 0.37181771, 10.910446;
 0, 0, 0, 1]
Twc:
[0.96314001, 0.2292711, -0.14069858, 3.188163;
 0.039886214, 0.39554214, 0.91758132, -9.0957603;
 0.26602709, -0.88937122, 0.37181771, -5.6903586;
 0, 0, 0, 1]
Ow:
[-1.1940626;
 -2.1940382;
 10.910446]
Keyframe: 156 Frame: 1117 Frame from vFrameID : 1118
Tcw:
[0.97026378, 0.038646787, 0.23894469, -1.1411769;
 0.20121869, 0.4198935, -0.88498616, -2.1918504;
 -0.1345332, 0.90675014, 0.39963102, 10.910272;
 0, 0, 0, 1]
Twc:
[0.97026378, 0.20121869, -0.1345332, 3.0160775;
 0.038646787, 0.4198935, 0.90675014, -8.9284439;
 0.23894469, -0.88498616, 0.39963102, -6.0271621;
 0, 0, 0, 1]
Ow:
[-1.1411769;
 -2.1918504;
 10.910272]
Keyframe: 157 Frame: 1125 Frame from vFrameID : 1126
Tcw:
[0.95039976, 0.10345372, 0.29332176, -1.0751737;
 0.22342847, 0.42899141, -0.87524062, -2.2150462;
 -0.2163794, 0.89736485, 0.38459882, 10.964279;
 0, 0, 0, 1]
Twc:
[0.95039976, 0.22342847, -0.2163794, 3.8891933;
 0.10345372, 0.42899141, 0.89736485, -8.7774925;
 0.29332176, -0.87524062, 0.38459882, -5.8401752;
 0, 0, 0, 1]
Ow:
[-1.0751737;
 -2.2150462;
 10.964279]
Keyframe: 158 Frame: 1131 Frame from vFrameID : 1132
Tcw:
[0.95122701, 0.12668252, 0.28128046, -1.2258053;
 0.20713103, 0.41342291, -0.88666695, -2.1079311;
 -0.22861297, 0.90168345, 0.36701915, 11.045577;
 0, 0, 0, 1]
Twc:
[0.95122701, 0.20713103, -0.22861297, 4.1277995;
 0.12668252, 0.41342291, 0.90168345, -8.9328594;
 0.28128046, -0.88666695, 0.36701915, -5.578176;
 0, 0, 0, 1]
Ow:
[-1.2258053;
 -2.1079311;
 11.045577]
Keyframe: 159 Frame: 1135 Frame from vFrameID : 1136
Tcw:
[0.9542371, 0.041071914, 0.29621726, -1.2946374;
 0.2605561, 0.37195659, -0.89093143, -2.046319;
 -0.14677222, 0.92734104, 0.34423324, 11.124242;
 0, 0, 0, 1]
Twc:
[0.9542371, 0.2605561, -0.14677222, 3.4013016;
 0.041071914, 0.37195659, 0.92734104, -9.5016508;
 0.29621726, -0.89093143, 0.34423324, -5.2689695;
 0, 0, 0, 1]
Ow:
[-1.2946374;
 -2.046319;
 11.124242]
Keyframe: 160 Frame: 1137 Frame from vFrameID : 1138
Tcw:
[0.95800805, 0.040301081, 0.28389499, -1.2906818;
 0.2495916, 0.37018257, -0.89480102, -2.0305564;
 -0.14115442, 0.92808443, 0.34457907, 11.124981;
 0, 0, 0, 1]
Twc:
[0.95800805, 0.2495916, -0.14115442, 3.3136337;
 0.040301081, 0.37018257, 0.92808443, -9.5212288;
 0.28389499, -0.89480102, 0.34457907, -5.2839613;
 0, 0, 0, 1]
Ow:
[-1.2906818;
 -2.0305564;
 11.124981]
Keyframe: 161 Frame: 1140 Frame from vFrameID : 1141
Tcw:
[0.96976376, 0.026839938, 0.24256526, -1.2537495;
 0.21735474, 0.35697827, -0.90847313, -2.0419209;
 -0.11097389, 0.93372703, 0.34035081, 11.129418;
 0, 0, 0, 1]
Twc:
[0.96976376, 0.21735474, -0.11097389, 2.8947368;
 0.026839938, 0.35697827, 0.93372703, -9.6292658;
 0.24256526, -0.90847313, 0.34035081, -5.3388205;
 0, 0, 0, 1]
Ow:
[-1.2537495;
 -2.0419209;
 11.129418]
Keyframe: 162 Frame: 1142 Frame from vFrameID : 1143
Tcw:
[0.97117651, 0.014793546, 0.2379019, -1.2725217;
 0.21799667, 0.34853745, -0.91159153, -2.0513506;
 -0.09640339, 0.93717813, 0.33526641, 11.145924;
 0, 0, 0, 1]
Twc:
[0.97117651, 0.21799667, -0.09640339, 2.7575357;
 0.014793546, 0.34853745, 0.93717813, -9.7119179;
 0.2379019, -0.91159153, 0.33526641, -5.3041124;
 0, 0, 0, 1]
Ow:
[-1.2725217;
 -2.0513506;
 11.145924]
Keyframe: 163 Frame: 1146 Frame from vFrameID : 1147
Tcw:
[0.97312629, 0.010901808, 0.23001377, -1.2607311;
 0.20862418, 0.38108394, -0.90069473, -2.0782793;
 -0.097473755, 0.92447615, 0.36856845, 11.164209;
 0, 0, 0, 1]
Twc:
[0.97312629, 0.20862418, -0.097473755, 2.7486475;
 0.010901808, 0.38108394, 0.92447615, -9.5153027;
 0.23001377, -0.90069473, 0.36856845, -5.6966848;
 0, 0, 0, 1]
Ow:
[-1.2607311;
 -2.0782793;
 11.164209]
Keyframe: 164 Frame: 1148 Frame from vFrameID : 1149
Tcw:
[0.97593021, 0.030329758, 0.2159638, -1.2508184;
 0.18859263, 0.37990817, -0.90559518, -2.0726266;
 -0.1095129, 0.92452687, 0.36504388, 11.172102;
 0, 0, 0, 1]
Twc:
[0.97593021, 0.18859263, -0.1095129, 2.8350825;
 0.030329758, 0.37990817, 0.92452687, -9.5035629;
 0.2159638, -0.90559518, 0.36504388, -5.6851363;
 0, 0, 0, 1]
Ow:
[-1.2508184;
 -2.0726266;
 11.172102]
Keyframe: 165 Frame: 1151 Frame from vFrameID : 1152
Tcw:
[0.97216469, 0.042050876, 0.23049414, -1.2287656;
 0.19856173, 0.37435204, -0.90577799, -2.0742223;
 -0.12437471, 0.92633271, 0.35558212, 11.170099;
 0, 0, 0, 1]
Twc:
[0.97216469, 0.19856173, -0.12437471, 2.9957016;
 0.042050876, 0.37435204, 0.92633271, -9.5190687;
 0.23049414, -0.90577799, 0.35558212, -5.5674496;
 0, 0, 0, 1]
Ow:
[-1.2287656;
 -2.0742223;
 11.170099]
Keyframe: 166 Frame: 1156 Frame from vFrameID : 1157
Tcw:
[0.96266943, 0.077484258, 0.25935265, -1.2185519;
 0.21207595, 0.37948734, -0.9005627, -2.0808494;
 -0.16820048, 0.92194659, 0.34888831, 11.184323;
 0, 0, 0, 1]
Twc:
[0.96266943, 0.21207595, -0.16820048, 3.4955692;
 0.077484258, 0.37948734, 0.92194659, -9.4272747;
 0.25935265, -0.9005627, 0.34888831, -5.4599805;
 0, 0, 0, 1]
Ow:
[-1.2185519;
 -2.0808494;
 11.184323]
Keyframe: 167 Frame: 1161 Frame from vFrameID : 1162
Tcw:
[0.95190352, 0.096712358, 0.29073429, -1.2978069;
 0.22794823, 0.41052991, -0.88289571, -2.1705947;
 -0.20474204, 0.90670389, 0.36873946, 11.312656;
 0, 0, 0, 1]
Twc:
[0.95190352, 0.22794823, -0.20474204, 4.0463462;
 0.096712358, 0.41052991, 0.90670389, -9.2406216;
 0.29073429, -0.88289571, 0.36873946, -5.7105141;
 0, 0, 0, 1]
Ow:
[-1.2978069;
 -2.1705947;
 11.312656]
Keyframe: 168 Frame: 1166 Frame from vFrameID : 1167
Tcw:
[0.95770526, 0.074313387, 0.27798939, -1.2805976;
 0.22907768, 0.38773826, -0.89285076, -2.1644459;
 -0.17413789, 0.91876906, 0.35431543, 11.361121;
 0, 0, 0, 1]
Twc:
[0.95770526, 0.22907768, -0.17413789, 3.7006629;
 0.074313387, 0.38773826, 0.91876906, -9.5038424;
 0.27798939, -0.89285076, 0.35431543, -5.6019549;
 0, 0, 0, 1]
Ow:
[-1.2805976;
 -2.1644459;
 11.361121]
Keyframe: 169 Frame: 1173 Frame from vFrameID : 1174
Tcw:
[0.97283107, 0.053167988, 0.2253283, -1.3324755;
 0.18562287, 0.40253296, -0.89638793, -2.0900142;
 -0.13836122, 0.91386014, 0.3817274, 11.441363;
 0, 0, 0, 1]
Twc:
[0.97283107, 0.18562287, -0.13836122, 3.2672689;
 0.053167988, 0.40253296, 0.91386014, -9.5436611;
 0.2253283, -0.89638793, 0.3817274, -5.9407005;
 0, 0, 0, 1]
Ow:
[-1.3324755;
 -2.0900142;
 11.441363]
Keyframe: 170 Frame: 1178 Frame from vFrameID : 1179
Tcw:
[0.98132873, 0.016610259, 0.19161941, -1.3305252;
 0.17031357, 0.38787755, -0.90583903, -2.1040726;
 -0.089371093, 0.92156124, 0.37780643, 11.459973;
 0, 0, 0, 1]
Twc:
[0.98132873, 0.17031357, -0.089371093, 2.688225;
 0.016610259, 0.38787755, 0.92156124, -9.7228441;
 0.19161941, -0.90583903, 0.37780643, -5.980648;
 0, 0, 0, 1]
Ow:
[-1.3305252;
 -2.1040726;
 11.459973]
Keyframe: 171 Frame: 1179 Frame from vFrameID : 1180
Tcw:
[0.97851771, 0.048701603, 0.20032786, -1.338365;
 0.16188072, 0.42020178, -0.8928746, -2.0871456;
 -0.12766255, 0.90612286, 0.40329105, 11.436634;
 0, 0, 0, 1]
Twc:
[0.97851771, 0.16188072, -0.12766255, 3.1075122;
 0.048701603, 0.42020178, 0.90612286, -9.4207916;
 0.20032786, -0.8928746, 0.40329105, -6.2077394;
 0, 0, 0, 1]
Ow:
[-1.338365;
 -2.0871456;
 11.436634]
Keyframe: 172 Frame: 1180 Frame from vFrameID : 1181
Tcw:
[0.97858232, 0.04971835, 0.19976172, -1.2991424;
 0.16097327, 0.42004588, -0.893112, -2.1217427;
 -0.12831314, 0.90613991, 0.40304613, 11.446868;
 0, 0, 0, 1]
Twc:
[0.97858232, 0.16097327, -0.12831314, 3.0816453;
 0.04971835, 0.42004588, 0.90613991, -9.4166441;
 0.19976172, -0.893112, 0.40304613, -6.2490516;
 0, 0, 0, 1]
Ow:
[-1.2991424;
 -2.1217427;
 11.446868]
Keyframe: 173 Frame: 1183 Frame from vFrameID : 1184
Tcw:
[0.9700287, 0.067034021, 0.23356101, -1.3603445;
 0.18311585, 0.43016908, -0.88398141, -2.1067426;
 -0.15972754, 0.9002561, 0.40500134, 11.451773;
 0, 0, 0, 1]
Twc:
[0.9700287, 0.18311585, -0.15972754, 3.5345147;
 0.067034021, 0.43016908, 0.9002561, -9.3120832;
 0.23356101, -0.88398141, 0.40500134, -6.1825814;
 0, 0, 0, 1]
Ow:
[-1.3603445;
 -2.1067426;
 11.451773]
Keyframe: 174 Frame: 1186 Frame from vFrameID : 1187
Tcw:
[0.95642209, 0.090198576, 0.27770674, -1.3815295;
 0.21723452, 0.41570425, -0.88317561, -2.2859631;
 -0.19510506, 0.90501612, 0.37799448, 11.516347;
 0, 0, 0, 1]
Twc:
[0.95642209, 0.21723452, -0.19510506, 4.0648127;
 0.090198576, 0.41570425, 0.90501612, -9.3475828;
 0.27770674, -0.88317561, 0.37799448, -5.9883623;
 0, 0, 0, 1]
Ow:
[-1.3815295;
 -2.2859631;
 11.516347]
Keyframe: 175 Frame: 1188 Frame from vFrameID : 1189
Tcw:
[0.95092821, 0.093254596, 0.29502392, -1.3693095;
 0.22876774, 0.43009308, -0.87331855, -2.1958129;
 -0.20832871, 0.89795518, 0.38765398, 11.522485;
 0, 0, 0, 1]
Twc:
[0.95092821, 0.22876774, -0.20832871, 4.2049108;
 0.093254596, 0.43009308, 0.89795518, -9.2745771;
 0.29502392, -0.87331855, 0.38765398, -5.9804025;
 0, 0, 0, 1]
Ow:
[-1.3693095;
 -2.1958129;
 11.522485]
Keyframe: 176 Frame: 1192 Frame from vFrameID : 1193
Tcw:
[0.95270747, 0.10913326, 0.2836166, -1.2904104;
 0.20890898, 0.44257978, -0.87205517, -2.2386107;
 -0.22069319, 0.89006352, 0.39885014, 11.529907;
 0, 0, 0, 1]
Twc:
[0.95270747, 0.20890898, -0.22069319, 4.2416215;
 0.10913326, 0.44257978, 0.89006352, -9.1307592;
 0.2836166, -0.87205517, 0.39885014, -6.1849155;
 0, 0, 0, 1]
Ow:
[-1.2904104;
 -2.2386107;
 11.529907]
Keyframe: 177 Frame: 1196 Frame from vFrameID : 1197
Tcw:
[0.94556254, 0.094829373, 0.31131804, -1.3005732;
 0.24335602, 0.42911014, -0.86985189, -2.2616253;
 -0.21607724, 0.89826047, 0.38267317, 11.580845;
 0, 0, 0, 1]
Twc:
[0.94556254, 0.24335602, -0.21607724, 4.2825103;
 0.094829373, 0.42911014, 0.89826047, -9.3087959;
 0.31131804, -0.86985189, 0.38267317, -5.9940658;
 0, 0, 0, 1]
Ow:
[-1.3005732;
 -2.2616253;
 11.580845]
Keyframe: 178 Frame: 1201 Frame from vFrameID : 1202
Tcw:
[0.95794213, 0.07952261, 0.27572277, -1.2844839;
 0.21777871, 0.42422441, -0.87898016, -2.2607682;
 -0.18686712, 0.90205866, 0.3890641, 11.590998;
 0, 0, 0, 1]
Twc:
[0.95794213, 0.21777871, -0.18686712, 3.8887846;
 0.07952261, 0.42422441, 0.90205866, -9.3945408;
 0.27572277, -0.87898016, 0.3890641, -6.1426497;
 0, 0, 0, 1]
Ow:
[-1.2844839;
 -2.2607682;
 11.590998]
Keyframe: 179 Frame: 1205 Frame from vFrameID : 1206
Tcw:
[0.96954024, 0.075879797, 0.23288186, -1.2330134;
 0.17833175, 0.43307021, -0.88354284, -2.2931614;
 -0.16789725, 0.89816058, 0.40634724, 11.612328;
 0, 0, 0, 1]
Twc:
[0.96954024, 0.17833175, -0.16789725, 3.5540774;
 0.075879797, 0.43307021, 0.89816058, -9.3430738;
 0.23288186, -0.88354284, 0.40634724, -6.4575968;
 0, 0, 0, 1]
Ow:
[-1.2330134;
 -2.2931614;
 11.612328]
Keyframe: 180 Frame: 1210 Frame from vFrameID : 1211
Tcw:
[0.96914905, 0.08041463, 0.2329883, -1.261261;
 0.17604336, 0.43576056, -0.88267857, -2.2948248;
 -0.17250738, 0.89646316, 0.40816048, 11.642771;
 0, 0, 0, 1]
Twc:
[0.96914905, 0.17604336, -0.17250738, 3.6348026;
 0.08041463, 0.43576056, 0.89646316, -9.3358974;
 0.2329883, -0.88267857, 0.40816048, -6.4838529;
 0, 0, 0, 1]
Ow:
[-1.261261;
 -2.2948248;
 11.642771]
Keyframe: 181 Frame: 1215 Frame from vFrameID : 1216
Tcw:
[0.9645828, 0.072132885, 0.25372598, -1.2282494;
 0.19915597, 0.43157262, -0.87981927, -2.3126304;
 -0.17296508, 0.89918959, 0.40192184, 11.666334;
 0, 0, 0, 1]
Twc:
[0.9645828, 0.19915597, -0.17296508, 3.6631911;
 0.072132885, 0.43157262, 0.89918959, -9.4035816;
 0.25372598, -0.87981927, 0.40192184, -6.4120126;
 0, 0, 0, 1]
Ow:
[-1.2282494;
 -2.3126304;
 11.666334]
Keyframe: 182 Frame: 1221 Frame from vFrameID : 1222
Tcw:
[0.95994604, 0.083384551, 0.26748937, -1.273903;
 0.20608044, 0.43668276, -0.87569344, -2.3716116;
 -0.18982731, 0.89574283, 0.40200797, 11.778506;
 0, 0, 0, 1]
Twc:
[0.95994604, 0.20608044, -0.18982731, 3.9475031;
 0.083384551, 0.43668276, 0.89574283, -9.4086466;
 0.26748937, -0.87569344, 0.40200797, -6.4711027;
 0, 0, 0, 1]
Ow:
[-1.273903;
 -2.3716116;
 11.778506]
Keyframe: 183 Frame: 1227 Frame from vFrameID : 1228
Tcw:
[0.94868284, 0.095650256, 0.30141643, -1.3331321;
 0.23126686, 0.44022593, -0.86759251, -2.385118;
 -0.21567677, 0.8927778, 0.39551404, 11.816681;
 0, 0, 0, 1]
Twc:
[0.94868284, 0.23126686, -0.21567677, 4.364902;
 0.095650256, 0.44022593, 0.8927778, -9.3721647;
 0.30141643, -0.86759251, 0.39551404, -6.341146;
 0, 0, 0, 1]
Ow:
[-1.3331321;
 -2.385118;
 11.816681]
Keyframe: 184 Frame: 1233 Frame from vFrameID : 1234
Tcw:
[0.95795333, 0.077618986, 0.27622584, -1.190906;
 0.21993428, 0.41962755, -0.88064843, -2.4494815;
 -0.18426701, 0.90437162, 0.38491255, 11.910031;
 0, 0, 0, 1]
Twc:
[0.95795333, 0.21993428, -0.18426701, 3.8741829;
 0.077618986, 0.41962755, 0.90437162, -9.6507864;
 0.27622584, -0.88064843, 0.38491255, -6.4124932;
 0, 0, 0, 1]
Ow:
[-1.190906;
 -2.4494815;
 11.910031]
Keyframe: 185 Frame: 1239 Frame from vFrameID : 1240
Tcw:
[0.97452289, 0.047414221, 0.2192191, -1.1541139;
 0.18167958, 0.40626255, -0.89551288, -2.4022686;
 -0.13152055, 0.91252542, 0.38729799, 11.898293;
 0, 0, 0, 1]
Twc:
[0.97452289, 0.18167958, -0.13152055, 3.1260238;
 0.047414221, 0.40626255, 0.91252542, -9.8268213;
 0.2192191, -0.89551288, 0.38729799, -6.506443;
 0, 0, 0, 1]
Ow:
[-1.1541139;
 -2.4022686;
 11.898293]
Keyframe: 186 Frame: 1246 Frame from vFrameID : 1247
Tcw:
[0.97381866, 0.088005029, 0.20960049, -1.0966271;
 0.15377586, 0.42403701, -0.89249402, -2.4464192;
 -0.16742232, 0.90135884, 0.39940211, 11.968328;
 0, 0, 0, 1]
Twc:
[0.97381866, 0.15377586, -0.16742232, 3.4478817;
 0.088005029, 0.42403701, 0.90135884, -9.6538773;
 0.20960049, -0.89249402, 0.39940211, -6.7337365;
 0, 0, 0, 1]
Ow:
[-1.0966271;
 -2.4464192;
 11.968328]
Keyframe: 187 Frame: 1253 Frame from vFrameID : 1254
Tcw:
[0.95093751, 0.13237722, 0.27963218, -1.1402419;
 0.2081778, 0.39483225, -0.89485723, -2.4684002;
 -0.22886652, 0.90916651, 0.3479028, 11.979299;
 0, 0, 0, 1]
Twc:
[0.95093751, 0.2081778, -0.22886652, 4.3398252;
 0.13237722, 0.39483225, 0.90916651, -9.7656307;
 0.27963218, -0.89485723, 0.3479028, -6.0576491;
 0, 0, 0, 1]
Ow:
[-1.1402419;
 -2.4684002;
 11.979299]
Keyframe: 188 Frame: 1261 Frame from vFrameID : 1262
Tcw:
[0.93666428, 0.16648404, 0.30812836, -1.2719257;
 0.20209183, 0.46162495, -0.86374843, -2.4455566;
 -0.28604007, 0.8713125, 0.39874253, 11.963652;
 0, 0, 0, 1]
Twc:
[0.93666428, 0.20209183, -0.28604007, 5.1076775;
 0.16648404, 0.46162495, 0.8713125, -9.0833931;
 0.30812836, -0.86374843, 0.39874253, -6.4908457;
 0, 0, 0, 1]
Ow:
[-1.2719257;
 -2.4455566;
 11.963652]
Keyframe: 189 Frame: 1268 Frame from vFrameID : 1269
Tcw:
[0.95364416, 0.11359994, 0.27867159, -1.4920695;
 0.21319102, 0.39854255, -0.89202774, -2.3126163;
 -0.21239677, 0.91008729, 0.35584927, 12.209037;
 0, 0, 0, 1]
Twc:
[0.95364416, 0.21319102, -0.21239677, 4.5090928;
 0.11359994, 0.39854255, 0.91008729, -10.020115;
 0.27867159, -0.89202774, 0.35584927, -5.9916973;
 0, 0, 0, 1]
Ow:
[-1.4920695;
 -2.3126163;
 12.209037]
Keyframe: 190 Frame: 1277 Frame from vFrameID : 1278
Tcw:
[0.96897542, 0.085027985, 0.23207086, -1.6127801;
 0.17906307, 0.40570149, -0.89629388, -2.2309144;
 -0.17036156, 0.91004205, 0.37788939, 12.213243;
 0, 0, 0, 1]
Twc:
[0.96897542, 0.17906307, -0.17036156, 4.0428858;
 0.085027985, 0.40570149, 0.91004205, -10.072349;
 0.23207086, -0.89629388, 0.37788939, -6.2405305;
 0, 0, 0, 1]
Ow:
[-1.6127801;
 -2.2309144;
 12.213243]
Keyframe: 191 Frame: 1285 Frame from vFrameID : 1286
Tcw:
[0.95614773, 0.1132892, 0.27008721, -1.5999081;
 0.19860451, 0.42697382, -0.88218457, -2.189502;
 -0.21526214, 0.89713931, 0.38575029, 12.2316;
 0, 0, 0, 1]
Twc:
[0.95614773, 0.19860451, -0.21526214, 4.5975938;
 0.1132892, 0.42697382, 0.89713931, -9.857336;
 0.27008721, -0.88218457, 0.38575029, -6.2177734;
 0, 0, 0, 1]
Ow:
[-1.5999081;
 -2.189502;
 12.2316]
Keyframe: 192 Frame: 1293 Frame from vFrameID : 1294
Tcw:
[0.9456352, 0.11586718, 0.30388948, -1.5687225;
 0.22745305, 0.43225661, -0.87259346, -2.2501459;
 -0.23246318, 0.89427567, 0.38240275, 12.239954;
 0, 0, 0, 1]
Twc:
[0.9456352, 0.22745305, -0.23246318, 4.8405809;
 0.11586718, 0.43225661, 0.89427567, -9.7914906;
 0.30388948, -0.87259346, 0.38240275, -6.1673365;
 0, 0, 0, 1]
Ow:
[-1.5687225;
 -2.2501459;
 12.239954]
Keyframe: 193 Frame: 1302 Frame from vFrameID : 1303
Tcw:
[0.9693296, 0.048727728, 0.24088539, -1.5608038;
 0.20097513, 0.40697634, -0.89105511, -2.2690377;
 -0.14145376, 0.91213804, 0.38470116, 12.243165;
 0, 0, 0, 1]
Twc:
[0.9693296, 0.20097513, -0.14145376, 3.7007949;
 0.048727728, 0.40697634, 0.91213804, -10.167958;
 0.24088539, -0.89105511, 0.38470116, -6.3558226;
 0, 0, 0, 1]
Ow:
[-1.5608038;
 -2.2690377;
 12.243165]
Keyframe: 194 Frame: 1310 Frame from vFrameID : 1311
Tcw:
[0.976861, 0.022588886, 0.21267897, -1.5417082;
 0.19103548, 0.35496938, -0.91515148, -2.164654;
 -0.096166775, 0.934605, 0.34244046, 12.323128;
 0, 0, 0, 1]
Twc:
[0.976861, 0.19103548, -0.096166775, 3.1046357;
 0.022588886, 0.35496938, 0.934605, -10.714045;
 0.21267897, -0.91515148, 0.34244046, -5.8730345;
 0, 0, 0, 1]
Ow:
[-1.5417082;
 -2.164654;
 12.323128]
Keyframe: 195 Frame: 1319 Frame from vFrameID : 1320
Tcw:
[0.97053802, 0.041590359, 0.23733144, -1.5364338;
 0.20460559, 0.37793654, -0.90293992, -2.1572852;
 -0.12724982, 0.9248969, 0.35829216, 12.325085;
 0, 0, 0, 1]
Twc:
[0.97053802, 0.20460559, -0.12724982, 3.5009248;
 0.041590359, 0.37793654, 0.9248969, -10.520214;
 0.23733144, -0.90293992, 0.35829216, -5.9992361;
 0, 0, 0, 1]
Ow:
[-1.5364338;
 -2.1572852;
 12.325085]
Keyframe: 196 Frame: 1327 Frame from vFrameID : 1328
Tcw:
[0.97248423, 0.0082330629, 0.23282325, -1.5260937;
 0.2117442, 0.38552779, -0.89807165, -2.1822517;
 -0.097153716, 0.92265952, 0.37317637, 12.347063;
 0, 0, 0, 1]
Twc:
[0.97248423, 0.2117442, -0.097153716, 3.1457443;
 0.0082330629, 0.38552779, 0.92265952, -10.538251;
 0.23282325, -0.89807165, 0.37317637, -6.2121406;
 0, 0, 0, 1]
Ow:
[-1.5260937;
 -2.1822517;
 12.347063]
Keyframe: 197 Frame: 1335 Frame from vFrameID : 1336
Tcw:
[0.95029014, -0.31126231, 0.0080266325, -1.5692012;
 0.12358714, 0.35340217, -0.92727184, -2.3264806;
 0.28578815, 0.88216931, 0.37430263, 12.420241;
 0, 0, 0, 1]
Twc:
[0.95029014, 0.12358714, 0.28578815, -1.7708385;
 -0.31126231, 0.35340217, 0.88216931, -10.623006;
 0.0080266325, -0.92727184, 0.37430263, -6.7936139;
 0, 0, 0, 1]
Ow:
[-1.5692012;
 -2.3264806;
 12.420241]
Keyframe: 198 Frame: 1344 Frame from vFrameID : 1345
Tcw:
[0.83080322, -0.51636875, -0.20767607, -1.5432616;
 0.041012265, 0.4289223, -0.90240991, -2.3179388;
 0.55505317, 0.74120778, 0.37752748, 12.29893;
 0, 0, 0, 1]
Twc:
[0.83080322, 0.041012265, 0.55505317, -5.4493494;
 -0.51636875, 0.4289223, 0.74120778, -8.9187393;
 -0.20767607, -0.90240991, 0.37752748, -7.0554137;
 0, 0, 0, 1]
Ow:
[-1.5432616;
 -2.3179388;
 12.29893]
Keyframe: 199 Frame: 1349 Frame from vFrameID : 1350
Tcw:
[0.7655111, -0.56619638, -0.30563769, -1.553225;
 0.012121961, 0.48762533, -0.87296885, -2.3572099;
 0.64330846, 0.6645624, 0.380146, 12.405664;
 0, 0, 0, 1]
Twc:
[0.7655111, 0.012121961, 0.64330846, -6.7630839;
 -0.56619638, 0.48762533, 0.6645624, -7.9743333;
 -0.30563769, -0.87296885, 0.380146, -7.2484589;
 0, 0, 0, 1]
Ow:
[-1.553225;
 -2.3572099;
 12.405664]
Keyframe: 200 Frame: 1353 Frame from vFrameID : 1354
Tcw:
[0.63675016, -0.68586314, -0.3523365, -1.578101;
 -0.040661395, 0.42644137, -0.90360081, -2.2640333;
 0.76999736, 0.58969444, 0.24364845, 12.405511;
 0, 0, 0, 1]
Twc:
[0.63675016, -0.040661395, 0.76999736, -8.6394129;
 -0.68586314, 0.42644137, 0.58969444, -7.4323449;
 -0.3523365, -0.90360081, 0.24364845, -5.6243887;
 0, 0, 0, 1]
Ow:
[-1.578101;
 -2.2640333;
 12.405511]
Keyframe: 201 Frame: 1357 Frame from vFrameID : 1358
Tcw:
[0.53997654, -0.74491769, -0.39182004, -1.5719523;
 -0.0125654, 0.45833495, -0.88869071, -2.1771069;
 0.84158629, 0.48479551, 0.23812993, 12.307634;
 0, 0, 0, 1]
Twc:
[0.53997654, -0.0125654, 0.84158629, -9.5364742;
 -0.74491769, 0.45833495, 0.48479551, -6.1398168;
 -0.39182004, -0.88869071, 0.23812993, -5.481513;
 0, 0, 0, 1]
Ow:
[-1.5719523;
 -2.1771069;
 12.307634]
Keyframe: 202 Frame: 1359 Frame from vFrameID : 1360
Tcw:
[0.5278939, -0.7457028, -0.40651613, -1.5618291;
 0.032002281, 0.49576741, -0.8678655, -2.2631588;
 0.8487072, 0.44513148, 0.28557679, 12.369307;
 0, 0, 0, 1]
Twc:
[0.5278939, 0.032002281, 0.8487072, -9.6010132;
 -0.7457028, 0.49576741, 0.44513148, -5.5486274;
 -0.40651613, -0.8678655, 0.28557679, -6.131413;
 0, 0, 0, 1]
Ow:
[-1.5618291;
 -2.2631588;
 12.369307]
Keyframe: 203 Frame: 1361 Frame from vFrameID : 1362
Tcw:
[0.54961377, -0.73281801, -0.40112644, -1.59972;
 0.018643493, 0.49078953, -0.87107867, -2.2256587;
 0.8352108, 0.47127846, 0.28340697, 12.35368;
 0, 0, 0, 1]
Twc:
[0.54961377, 0.018643493, 0.8352108, -9.3972044;
 -0.73281801, 0.49078953, 0.47127846, -5.9019966;
 -0.40112644, -0.87107867, 0.28340697, -6.081533;
 0, 0, 0, 1]
Ow:
[-1.59972;
 -2.2256587;
 12.35368]
Keyframe: 204 Frame: 1363 Frame from vFrameID : 1364
Tcw:
[0.55450511, -0.73104352, -0.39761722, -1.6286449;
 0.046918049, 0.5045051, -0.86213297, -2.1618347;
 0.83085668, 0.4594017, 0.31404978, 12.309418;
 0, 0, 0, 1]
Twc:
[0.55450511, 0.046918049, 0.83085668, -9.2228403;
 -0.73104352, 0.5045051, 0.4594017, -5.754921;
 -0.39761722, -0.86213297, 0.31404978, -6.3771367;
 0, 0, 0, 1]
Ow:
[-1.6286449;
 -2.1618347;
 12.309418]
Keyframe: 205 Frame: 1365 Frame from vFrameID : 1366
Tcw:
[0.40633532, -0.76705343, -0.49650845, -1.5520537;
 0.0074831778, 0.54616535, -0.83764398, -2.3272235;
 0.91369337, 0.33664888, 0.22766626, 12.43203;
 0, 0, 0, 1]
Twc:
[0.40633532, 0.0074831778, 0.91369337, -10.710994;
 -0.76705343, 0.54616535, 0.33664888, -4.1046882;
 -0.49650845, -0.83764398, 0.22766626, -5.5503464;
 0, 0, 0, 1]
Ow:
[-1.5520537;
 -2.3272235;
 12.43203]
Keyframe: 206 Frame: 1367 Frame from vFrameID : 1368
Tcw:
[0.41938284, -0.76053143, -0.49569139, -1.5639784;
 -0.0060442188, 0.54367882, -0.83927161, -2.2862911;
 0.90778935, 0.35497215, 0.22341275, 12.405843;
 0, 0, 0, 1]
Twc:
[0.41938284, -0.0060442188, 0.90778935, -10.619805;
 -0.76053143, 0.54367882, 0.35497215, -4.3501759;
 -0.49569139, -0.83927161, 0.22341275, -5.465693;
 0, 0, 0, 1]
Ow:
[-1.5639784;
 -2.2862911;
 12.405843]
Keyframe: 207 Frame: 1370 Frame from vFrameID : 1371
Tcw:
[0.43406388, -0.75494677, -0.49157289, -1.5743437;
 -0.024731673, 0.53546572, -0.84419477, -2.3088055;
 0.90054256, 0.3785919, 0.21375524, 12.411438;
 0, 0, 0, 1]
Twc:
[0.43406388, -0.024731673, 0.90054256, -10.550763;
 -0.75494677, 0.53546572, 0.3785919, -4.6511292;
 -0.49157289, -0.84419477, 0.21375524, -5.3759961;
 0, 0, 0, 1]
Ow:
[-1.5743437;
 -2.3088055;
 12.411438]
Keyframe: 208 Frame: 1372 Frame from vFrameID : 1373
Tcw:
[0.5034169, -0.71806145, -0.48058212, -1.595638;
 -0.045097727, 0.53360713, -0.84452927, -2.3464031;
 0.86286592, 0.44682345, 0.23624387, 12.436256;
 0, 0, 0, 1]
Twc:
[0.5034169, -0.045097727, 0.86286592, -10.033368;
 -0.71806145, 0.53360713, 0.44682345, -5.45052;
 -0.48058212, -0.84452927, 0.23624387, -5.6864309;
 0, 0, 0, 1]
Ow:
[-1.595638;
 -2.3464031;
 12.436256]
Keyframe: 209 Frame: 1374 Frame from vFrameID : 1375
Tcw:
[0.62923521, -0.66906035, -0.39550135, -1.5714283;
 -0.022618335, 0.49289081, -0.86979711, -2.2342815;
 0.77688575, 0.5562526, 0.29501122, 12.43064;
 0, 0, 0, 1]
Twc:
[0.62923521, -0.022618335, 0.77688575, -8.7189245;
 -0.66906035, 0.49289081, 0.5562526, -6.8646984;
 -0.39550135, -0.86979711, 0.29501122, -6.2320523;
 0, 0, 0, 1]
Ow:
[-1.5714283;
 -2.2342815;
 12.43064]
Keyframe: 210 Frame: 1376 Frame from vFrameID : 1377
Tcw:
[0.45814529, -0.73674107, -0.49730825, -1.3498862;
 -0.014536974, 0.55319399, -0.83292562, -2.1552181;
 0.88875842, 0.3888303, 0.24273324, 12.417687;
 0, 0, 0, 1]
Twc:
[0.45814529, -0.014536974, 0.88875842, -10.449211;
 -0.73674107, 0.55319399, 0.3888303, -4.6306357;
 -0.49730825, -0.83292562, 0.24273324, -5.4806314;
 0, 0, 0, 1]
Ow:
[-1.3498862;
 -2.1552181;
 12.417687]
Keyframe: 211 Frame: 1378 Frame from vFrameID : 1379
Tcw:
[0.56221336, -0.73142231, -0.38592422, -1.4719813;
 -0.0003776649, 0.46643293, -0.88455647, -2.1009889;
 0.82699215, 0.49745524, 0.2619586, 12.414505;
 0, 0, 0, 1]
Twc:
[0.56221336, -0.0003776649, 0.82699215, -9.4399233;
 -0.73142231, 0.46643293, 0.49745524, -6.2723298;
 -0.38592422, -0.88455647, 0.2619586, -5.6786032;
 0, 0, 0, 1]
Ow:
[-1.4719813;
 -2.1009889;
 12.414505]
Keyframe: 212 Frame: 1380 Frame from vFrameID : 1381
Tcw:
[0.6375013, -0.6822505, -0.35794744, -1.4557517;
 -0.027870331, 0.44387054, -0.89565742, -2.0927162;
 0.76994503, 0.58095884, 0.26395351, 12.409941;
 0, 0, 0, 1]
Twc:
[0.6375013, -0.027870331, 0.76994503, -8.6852531;
 -0.6822505, 0.44387054, 0.58095884, -7.2739568;
 -0.35794744, -0.89565742, 0.26395351, -5.6710863;
 0, 0, 0, 1]
Ow:
[-1.4557517;
 -2.0927162;
 12.409941]
Keyframe: 213 Frame: 1382 Frame from vFrameID : 1383
Tcw:
[0.69897777, -0.64076048, -0.31757849, -1.4520961;
 0.0042258971, 0.44776967, -0.89413893, -2.1068921;
 0.71513093, 0.62364119, 0.31568882, 12.413387;
 0, 0, 0, 1]
Twc:
[0.69897777, 0.0042258971, 0.71513093, -7.8533106;
 -0.64076048, 0.44776967, 0.62364119, -7.7285428;
 -0.31757849, -0.89413893, 0.31568882, -6.2637768;
 0, 0, 0, 1]
Ow:
[-1.4520961;
 -2.1068921;
 12.413387]
Keyframe: 214 Frame: 1385 Frame from vFrameID : 1386
Tcw:
[0.72826415, -0.6106739, -0.3109802, -1.4499204;
 0.042844698, 0.49347463, -0.86870426, -2.1072702;
 0.68395585, 0.61932236, 0.38554403, 12.416539;
 0, 0, 0, 1]
Twc:
[0.72826415, 0.042844698, 0.68395585, -7.3461547;
 -0.6106739, 0.49347463, 0.61932236, -7.5353842;
 -0.3109802, -0.86870426, 0.38554403, -7.068614;
 0, 0, 0, 1]
Ow:
[-1.4499204;
 -2.1072702;
 12.416539]
Keyframe: 215 Frame: 1388 Frame from vFrameID : 1389
Tcw:
[0.76033229, -0.580854, -0.29069477, -1.4596591;
 0.042712819, 0.4912867, -0.86995, -2.1206441;
 0.64812839, 0.64903468, 0.39835104, 12.417848;
 0, 0, 0, 1]
Twc:
[0.76033229, 0.042712819, 0.64812839, -6.8479557;
 -0.580854, 0.4912867, 0.64903468, -7.8656187;
 -0.29069477, -0.86995, 0.39835104, -7.2158322;
 0, 0, 0, 1]
Ow:
[-1.4596591;
 -2.1206441;
 12.417848]
Keyframe: 216 Frame: 1391 Frame from vFrameID : 1392
Tcw:
[0.79302049, -0.5465647, -0.26904556, -1.4645652;
 0.028947281, 0.4749504, -0.87953633, -2.1193466;
 0.6085068, 0.68970221, 0.39246699, 12.419267;
 0, 0, 0, 1]
Twc:
[0.79302049, 0.028947281, 0.6085068, -6.3344288;
 -0.5465647, 0.4749504, 0.68970221, -8.3594904;
 -0.26904556, -0.87953633, 0.39246699, -7.1322293;
 0, 0, 0, 1]
Ow:
[-1.4645652;
 -2.1193466;
 12.419267]
Keyframe: 217 Frame: 1395 Frame from vFrameID : 1396
Tcw:
[0.77383256, -0.5734365, -0.26898649, -1.4581351;
 0.041978348, 0.47017542, -0.88157409, -2.1174784;
 0.63199759, 0.67089915, 0.38790897, 12.415877;
 0, 0, 0, 1]
Twc:
[0.77383256, 0.041978348, 0.63199759, -6.6295643;
 -0.5734365, 0.47017542, 0.67089915, -8.1703634;
 -0.26898649, -0.88157409, 0.38790897, -7.0751634;
 0, 0, 0, 1]
Ow:
[-1.4581351;
 -2.1174784;
 12.415877]
Keyframe: 218 Frame: 1399 Frame from vFrameID : 1400
Tcw:
[0.75757128, -0.58930194, -0.28072932, -1.4537526;
 0.044861641, 0.47605774, -0.87826902, -2.1136112;
 0.651209, 0.65275741, 0.38708472, 12.413601;
 0, 0, 0, 1]
Twc:
[0.75757128, 0.044861641, 0.651209, -6.8877072;
 -0.58930194, 0.47605774, 0.65275741, -7.9535685;
 -0.28072932, -0.87826902, 0.38708472, -7.0695457;
 0, 0, 0, 1]
Ow:
[-1.4537526;
 -2.1136112;
 12.413601]
Keyframe: 219 Frame: 1403 Frame from vFrameID : 1404
Tcw:
[0.74072284, -0.60844266, -0.28482845, -1.4382427;
 0.075933404, 0.4970797, -0.86437601, -2.1003494;
 0.66750568, 0.61863506, 0.41439939, 12.413665;
 0, 0, 0, 1]
Twc:
[0.74072284, 0.075933404, 0.66750568, -7.0613661;
 -0.60844266, 0.4970797, 0.61863506, -7.5105753;
 -0.28482845, -0.86437601, 0.41439939, -7.369359;
 0, 0, 0, 1]
Ow:
[-1.4382427;
 -2.1003494;
 12.413665]
Keyframe: 220 Frame: 1408 Frame from vFrameID : 1409
Tcw:
[0.75679201, -0.58446336, -0.29269165, -1.5130882;
 0.074731931, 0.52220488, -0.8495394, -2.1711431;
 0.64936966, 0.62105125, 0.43887857, 12.383884;
 0, 0, 0, 1]
Twc:
[0.75679201, 0.074731931, 0.64936966, -6.7343712;
 -0.58446336, 0.52220488, 0.62105125, -7.4415894;
 -0.29269165, -0.8495394, 0.43887857, -7.7223611;
 0, 0, 0, 1]
Ow:
[-1.5130882;
 -2.1711431;
 12.383884]
Keyframe: 221 Frame: 1415 Frame from vFrameID : 1416
Tcw:
[0.68135643, -0.65982431, -0.31683633, -1.4600625;
 0.082491562, 0.49932975, -0.86247605, -2.1177392;
 0.72728848, 0.5615173, 0.39465147, 12.406195;
 0, 0, 0, 1]
Twc:
[0.68135643, 0.082491562, 0.72728848, -7.853364;
 -0.65982431, 0.49932975, 0.5615173, -6.8722277;
 -0.31683633, -0.86247605, 0.39465147, -7.1852231;
 0, 0, 0, 1]
Ow:
[-1.4600625;
 -2.1177392;
 12.406195]
Keyframe: 222 Frame: 1421 Frame from vFrameID : 1422
Tcw:
[0.64807802, -0.67428482, -0.35402662, -1.4519606;
 0.066403478, 0.51312214, -0.85574311, -2.1084251;
 0.75867349, 0.53107971, 0.37731805, 12.411407;
 0, 0, 0, 1]
Twc:
[0.64807802, 0.066403478, 0.75867349, -8.3352146;
 -0.67428482, 0.51312214, 0.53107971, -6.4886012;
 -0.35402662, -0.85574311, 0.37731805, -7.0013504;
 0, 0, 0, 1]
Ow:
[-1.4519606;
 -2.1084251;
 12.411407]
Keyframe: 223 Frame: 1427 Frame from vFrameID : 1428
Tcw:
[0.63733494, -0.68262732, -0.35752499, -1.452461;
 0.076167516, 0.51749814, -0.85228765, -2.1129625;
 0.76681334, 0.51596087, 0.38181368, 12.409673;
 0, 0, 0, 1]
Twc:
[0.63733494, 0.076167516, 0.76681334, -8.4292593;
 -0.68262732, 0.51749814, 0.51596087, -6.3009415;
 -0.35752499, -0.85228765, 0.38181368, -7.0583258;
 0, 0, 0, 1]
Ow:
[-1.452461;
 -2.1129625;
 12.409673]
Keyframe: 224 Frame: 1433 Frame from vFrameID : 1434
Tcw:
[0.61540449, -0.69669932, -0.3686291, -1.4684508;
 0.091970749, 0.52795357, -0.84427863, -2.1191688;
 0.78282738, 0.48566976, 0.38898095, 12.405354;
 0, 0, 0, 1]
Twc:
[0.61540449, 0.091970749, 0.78282738, -8.6126575;
 -0.69669932, 0.52795357, 0.48566976, -5.9291511;
 -0.3686291, -0.84427863, 0.38898095, -7.1559286;
 0, 0, 0, 1]
Ow:
[-1.4684508;
 -2.1191688;
 12.405354]
Keyframe: 225 Frame: 1440 Frame from vFrameID : 1441
Tcw:
[0.60251862, -0.71674138, -0.35107425, -1.493022;
 0.1071035, 0.50851935, -0.85436344, -2.1396151;
 0.79088569, 0.47716859, 0.38315788, 12.406471;
 0, 0, 0, 1]
Twc:
[0.60251862, 0.1071035, 0.79088569, -8.6833668;
 -0.71674138, 0.50851935, 0.47716859, -5.9020534;
 -0.35107425, -0.85436344, 0.38315788, -7.1058078;
 0, 0, 0, 1]
Ow:
[-1.493022;
 -2.1396151;
 12.406471]
Keyframe: 226 Frame: 1447 Frame from vFrameID : 1448
Tcw:
[0.6044926, -0.71651232, -0.34813619, -1.4859369;
 0.11607457, 0.51158196, -0.85135812, -2.1484144;
 0.78810877, 0.4742299, 0.39241636, 12.40711;
 0, 0, 0, 1]
Twc:
[0.6044926, 0.11607457, 0.78810877, -8.630538;
 -0.71651232, 0.51158196, 0.4742299, -5.8494248;
 -0.34813619, -0.85135812, 0.39241636, -7.2151313;
 0, 0, 0, 1]
Ow:
[-1.4859369;
 -2.1484144;
 12.40711]
Keyframe: 227 Frame: 1455 Frame from vFrameID : 1456
Tcw:
[0.58258086, -0.7316733, -0.35391197, -1.4906719;
 0.11870184, 0.5073626, -0.85351807, -2.1528327;
 0.80405807, 0.45523331, 0.3824307, 12.40811;
 0, 0, 0, 1]
Twc:
[0.58258086, 0.11870184, 0.80405807, -8.8528585;
 -0.7316733, 0.5073626, 0.45523331, -5.6470027;
 -0.35391197, -0.85351807, 0.3824307, -7.1102905;
 0, 0, 0, 1]
Ow:
[-1.4906719;
 -2.1528327;
 12.40811]
Keyframe: 228 Frame: 1463 Frame from vFrameID : 1464
Tcw:
[0.57892811, -0.72920543, -0.364831, -1.4916203;
 0.12142424, 0.51954967, -0.84576845, -2.1558123;
 0.80628681, 0.4453398, 0.38932514, 12.407097;
 0, 0, 0, 1]
Twc:
[0.57892811, 0.12142424, 0.80628681, -8.8783693;
 -0.72920543, 0.51954967, 0.4453398, -5.4930201;
 -0.364831, -0.84576845, 0.38932514, -7.1979022;
 0, 0, 0, 1]
Ow:
[-1.4916203;
 -2.1558123;
 12.407097]
Keyframe: 229 Frame: 1472 Frame from vFrameID : 1473
Tcw:
[0.57292217, -0.72678053, -0.37888029, -1.4937904;
 0.11132957, 0.52699202, -0.84254682, -2.172554;
 0.81201351, 0.44053316, 0.38283759, 12.403419;
 0, 0, 0, 1]
Twc:
[0.57292217, 0.11132957, 0.81201351, -8.9740496;
 -0.72678053, 0.52699202, 0.44053316, -5.4048567;
 -0.37888029, -0.84254682, 0.38283759, -7.1449413;
 0, 0, 0, 1]
Ow:
[-1.4937904;
 -2.172554;
 12.403419]
Keyframe: 230 Frame: 1480 Frame from vFrameID : 1481
Tcw:
[0.56017005, -0.73282892, -0.38622698, -1.4924014;
 0.097456731, 0.52130836, -0.84778517, -2.1647897;
 0.82262486, 0.43726346, 0.36344045, 12.40563;
 0, 0, 0, 1]
Twc:
[0.56017005, 0.097456731, 0.82262486, -9.1582088;
 -0.73282892, 0.52130836, 0.43726346, -5.3896809;
 -0.38622698, -0.84778517, 0.36344045, -6.9203906;
 0, 0, 0, 1]
Ow:
[-1.4924014;
 -2.1647897;
 12.40563]
