Keyframe: 0 Frame: 0 Frame from vFrameID : 33
Tcw:
[0.99967581, 0.019653818, -0.016187597, 0.057751197;
 -0.016071659, -0.0060426947, -0.9998526, -0.013812201;
 -0.019748736, 0.99978858, -0.0057248659, -0.070555806;
 0, 0, 0, 1]
Twc:
[0.99967581, -0.016071659, -0.019748736, -0.059347849;
 0.019653818, -0.0060426947, 0.99978858, 0.0693224;
 -0.016187597, -0.9998526, -0.0057248659, -0.013279234;
 0, 0, 0, 1]
Ow:
[0.057751197;
 -0.013812201;
 -0.070555806]
Keyframe: 1 Frame: 32 Frame from vFrameID : 33
Tcw:
[0.9994933, 0.021733122, -0.02325521, 0.057909492;
 -0.022745494, -0.023413487, -0.99946707, -0.01255253;
 -0.022266025, 0.99948961, -0.022907292, -0.06995175;
 0, 0, 0, 1]
Twc:
[0.9994933, -0.022745494, -0.022266025, -0.05972321;
 0.021733122, -0.023413487, 0.99948961, 0.068363592;
 -0.02325521, -0.99946707, -0.022907292, -0.012801548;
 0, 0, 0, 1]
Ow:
[0.057909492;
 -0.01255253;
 -0.06995175]
Keyframe: 2 Frame: 35 Frame from vFrameID : 36
Tcw:
[0.99929887, 0.024098173, -0.028654646, 0.057848636;
 -0.028154079, -0.020860929, -0.99938589, -0.012238243;
 -0.024681136, 0.99949193, -0.020167841, -0.070041008;
 0, 0, 0, 1]
Twc:
[0.99929887, -0.028154079, -0.024681136, -0.059881322;
 0.024098173, -0.020860929, 0.99949193, 0.068356067;
 -0.028654646, -0.99938589, -0.020167841, -0.011985671;
 0, 0, 0, 1]
Ow:
[0.057848636;
 -0.012238243;
 -0.070041008]
Keyframe: 3 Frame: 37 Frame from vFrameID : 38
Tcw:
[0.99942178, 0.019612165, -0.027776232, 0.057850957;
 -0.027407005, -0.018850679, -0.99944663, -0.012235543;
 -0.020124912, 0.99962991, -0.018302267, -0.070039958;
 0, 0, 0, 1]
Twc:
[0.99942178, -0.027407005, -0.020124912, -0.059562393;
 0.019612165, -0.018850679, 0.99962991, 0.068648815;
 -0.027776232, -0.99944663, -0.018302267, -0.01190378;
 0, 0, 0, 1]
Ow:
[0.057850957;
 -0.012235543;
 -0.070039958]
Keyframe: 4 Frame: 38 Frame from vFrameID : 39
Tcw:
[0.99946076, 0.018195949, -0.027332921, 0.057848997;
 -0.026989531, -0.018857114, -0.99945784, -0.012237635;
 -0.018701505, 0.99965662, -0.018355846, -0.07004068;
 0, 0, 0, 1]
Twc:
[0.99946076, -0.026989531, -0.018701505, -0.059457958;
 0.018195949, -0.018857114, 0.99965662, 0.068733245;
 -0.027332921, -0.99945784, -0.018355846, -0.011935474;
 0, 0, 0, 1]
Ow:
[0.057848997;
 -0.012237635;
 -0.07004068]
Keyframe: 5 Frame: 39 Frame from vFrameID : 40
Tcw:
[0.99945933, 0.019364728, -0.026572328, 0.057850823;
 -0.02621391, -0.018533396, -0.99948454, -0.012235576;
 -0.019847222, 0.9996407, -0.01801575, -0.07004001;
 0, 0, 0, 1]
Twc:
[0.99945933, -0.02621391, -0.019847222, -0.059530385;
 0.019364728, -0.018533396, 0.9996407, 0.068667807;
 -0.026572328, -0.99948454, -0.01801575, -0.011953861;
 0, 0, 0, 1]
Ow:
[0.057850823;
 -0.012235576;
 -0.07004001]
Keyframe: 6 Frame: 40 Frame from vFrameID : 41
Tcw:
[0.99945933, 0.019364728, -0.026572328, 0.057850823;
 -0.02621391, -0.018533396, -0.99948454, -0.012235576;
 -0.019847222, 0.9996407, -0.01801575, -0.07004001;
 0, 0, 0, 1]
Twc:
[0.99945933, -0.02621391, -0.019847222, -0.059530385;
 0.019364728, -0.018533396, 0.9996407, 0.068667807;
 -0.026572328, -0.99948454, -0.01801575, -0.011953861;
 0, 0, 0, 1]
Ow:
[0.057850823;
 -0.012235576;
 -0.07004001]
Keyframe: 7 Frame: 41 Frame from vFrameID : 42
Tcw:
[0.99960601, 0.01397086, -0.024345085, 0.05776893;
 -0.024119375, -0.016102994, -0.99957937, -0.012336181;
 -0.014357013, 0.99977273, -0.01575968, -0.070104837;
 0, 0, 0, 1]
Twc:
[0.99960601, -0.024119375, -0.014357013, -0.059050202;
 0.01397086, -0.016102994, 0.99977273, 0.069083169;
 -0.024345085, -0.99957937, -0.01575968, -0.012029433;
 0, 0, 0, 1]
Ow:
[0.05776893;
 -0.012336181;
 -0.070104837]
Keyframe: 8 Frame: 42 Frame from vFrameID : 43
Tcw:
[0.99971288, 0.012492931, -0.020445544, 0.057852123;
 -0.020241989, -0.016208537, -0.99966371, -0.0122344;
 -0.012820123, 0.99979061, -0.015951002, -0.070039399;
 0, 0, 0, 1]
Twc:
[0.99971288, -0.020241989, -0.012820123, -0.058981076;
 0.012492931, -0.016208537, 0.99979061, 0.069103688;
 -0.020445544, -0.99966371, -0.015951002, -0.012164666;
 0, 0, 0, 1]
Ow:
[0.057852123;
 -0.0122344;
 -0.070039399]
Keyframe: 9 Frame: 43 Frame from vFrameID : 44
Tcw:
[0.99975395, 0.010541031, -0.019518144, 0.057846002;
 -0.01935323, -0.015526689, -0.99969214, -0.012241017;
 -0.010840839, 0.99982387, -0.015318865, -0.070041783;
 0, 0, 0, 1]
Twc:
[0.99975395, -0.01935323, -0.010840839, -0.058827981;
 0.010541031, -0.015526689, 0.99982387, 0.069229633;
 -0.019518144, -0.99969214, -0.015318865, -0.012181163;
 0, 0, 0, 1]
Ow:
[0.057846002;
 -0.012241017;
 -0.070041783]
Keyframe: 10 Frame: 44 Frame from vFrameID : 45
Tcw:
[0.9998166, 0.0089147305, -0.016951215, 0.057658132;
 -0.016810408, -0.015639307, -0.99973637, -0.01244322;
 -0.0091774864, 0.99983793, -0.015486578, -0.070068978;
 0, 0, 0, 1]
Twc:
[0.9998166, -0.016810408, -0.0091774864, -0.058499787;
 0.0089147305, -0.015639307, 0.99983793, 0.069349013;
 -0.016951215, -0.99973637, -0.015486578, -0.012547693;
 0, 0, 0, 1]
Ow:
[0.057658132;
 -0.01244322;
 -0.070068978]
Keyframe: 11 Frame: 45 Frame from vFrameID : 46
Tcw:
[0.99981511, 0.0089166267, -0.017038047, 0.057656441;
 -0.016897956, -0.015557468, -0.99973619, -0.012461588;
 -0.0091793435, 0.99983925, -0.015403919, -0.07007046;
 0, 0, 0, 1]
Twc:
[0.99981511, -0.016897956, -0.0091793435, -0.058499552;
 0.0089166267, -0.015557468, 0.99983925, 0.069351219;
 -0.017038047, -0.99973619, -0.015403919, -0.012555306;
 0, 0, 0, 1]
Ow:
[0.057656441;
 -0.012461588;
 -0.07007046]
Keyframe: 12 Frame: 46 Frame from vFrameID : 47
Tcw:
[0.99980605, 0.010355946, -0.016752107, 0.057835829;
 -0.016583836, -0.016126512, -0.99973243, -0.012251922;
 -0.010623327, 0.9998163, -0.015951641, -0.07004568;
 0, 0, 0, 1]
Twc:
[0.99980605, -0.016583836, -0.010623327, -0.058771912;
 0.010355946, -0.016126512, 0.9998163, 0.069236293;
 -0.016752107, -0.99973243, -0.015951641, -0.012397115;
 0, 0, 0, 1]
Ow:
[0.057835829;
 -0.012251922;
 -0.07004568]
Keyframe: 13 Frame: 47 Frame from vFrameID : 48
Tcw:
[0.9998312, 0.009432707, -0.015767701, 0.057769943;
 -0.015609863, -0.016579026, -0.99974072, -0.012362237;
 -0.0096916743, 0.99981809, -0.016428985, -0.070054166;
 0, 0, 0, 1]
Twc:
[0.9998312, -0.015609863, -0.0096916743, -0.058632106;
 0.009432707, -0.016579026, 0.99981809, 0.069291539;
 -0.015767701, -0.99974072, -0.016428985, -0.012599051;
 0, 0, 0, 1]
Ow:
[0.057769943;
 -0.012362237;
 -0.070054166]
Keyframe: 14 Frame: 48 Frame from vFrameID : 49
Tcw:
[0.99991101, 0.0056707761, -0.012076709, 0.057814188;
 -0.011979993, -0.016790064, -0.99978727, -0.012254177;
 -0.0058723381, 0.99984294, -0.016720634, -0.070039526;
 0, 0, 0, 1]
Twc:
[0.99991101, -0.011979993, -0.0058723381, -0.058367141;
 0.0056707761, -0.016790064, 0.99984294, 0.069494933;
 -0.012076709, -0.99978727, -0.016720634, -0.012724469;
 0, 0, 0, 1]
Ow:
[0.057814188;
 -0.012254177;
 -0.070039526]
Keyframe: 15 Frame: 49 Frame from vFrameID : 50
Tcw:
[0.99992222, 0.0057325498, -0.011074636, 0.057839934;
 -0.010977186, -0.016760578, -0.99979925, -0.012248503;
 -0.0059170164, 0.99984312, -0.016696349, -0.07004416;
 0, 0, 0, 1]
Twc:
[0.99992222, -0.010977186, -0.0059170164, -0.058384344;
 0.0057325498, -0.016760578, 0.99984312, 0.069496304;
 -0.011074636, -0.99979925, -0.016696349, -0.01277497;
 0, 0, 0, 1]
Ow:
[0.057839934;
 -0.012248503;
 -0.07004416]
Keyframe: 16 Frame: 50 Frame from vFrameID : 51
Tcw:
[0.99991983, 0.0057018129, -0.011307713, 0.05782504;
 -0.011211524, -0.016628692, -0.99979889, -0.012263962;
 -0.0058886986, 0.9998455, -0.016563432, -0.070047893;
 0, 0, 0, 1]
Twc:
[0.99991983, -0.011211524, -0.0058886986, -0.058370389;
 0.0057018129, -0.016628692, 0.9998455, 0.069503427;
 -0.011307713, -0.99979889, -0.016563432, -0.01276786;
 0, 0, 0, 1]
Ow:
[0.05782504;
 -0.012263962;
 -0.070047893]
Keyframe: 17 Frame: 51 Frame from vFrameID : 52
Tcw:
[0.99992937, 0.0041298065, -0.011144944, 0.057728432;
 -0.01107612, -0.016329186, -0.99980533, -0.012318939;
 -0.0043109902, 0.99985814, -0.01628229, -0.070061862;
 0, 0, 0, 1]
Twc:
[0.99992937, -0.01107612, -0.0043109902, -0.058162834;
 0.0041298065, -0.016329186, 0.99985814, 0.069612354;
 -0.011144944, -0.99980533, -0.01628229, -0.012813928;
 0, 0, 0, 1]
Ow:
[0.057728432;
 -0.012318939;
 -0.070061862]
Keyframe: 18 Frame: 52 Frame from vFrameID : 53
Tcw:
[0.9999333, 0.004788816, -0.010512619, 0.057749387;
 -0.010421458, -0.018679231, -0.99977124, -0.01230879;
 -0.0049840878, 0.99981403, -0.018628079, -0.070073754;
 0, 0, 0, 1]
Twc:
[0.9999333, -0.010421458, -0.0049840878, -0.058223058;
 0.004788816, -0.018679231, 0.99981403, 0.069554262;
 -0.010512619, -0.99977124, -0.018628079, -0.013004216;
 0, 0, 0, 1]
Ow:
[0.057749387;
 -0.01230879;
 -0.070073754]
Keyframe: 19 Frame: 53 Frame from vFrameID : 54
Tcw:
[0.99992537, 0.0051061888, -0.011096749, 0.05768802;
 -0.010993403, -0.019840987, -0.99974269, -0.012402324;
 -0.0053250454, 0.99979013, -0.019783372, -0.070088468;
 0, 0, 0, 1]
Twc:
[0.99992537, -0.010993403, -0.0053250454, -0.058193289;
 0.0051061888, -0.019840987, 0.99979013, 0.069533117;
 -0.011096749, -0.99974269, -0.019783372, -0.01314557;
 0, 0, 0, 1]
Ow:
[0.05768802;
 -0.012402324;
 -0.070088468]
Keyframe: 20 Frame: 54 Frame from vFrameID : 55
Tcw:
[0.99991059, 0.0056087673, -0.012136565, 0.057603605;
 -0.012022962, -0.019862793, -0.99973041, -0.01240891;
 -0.0058483211, 0.99978697, -0.019793583, -0.070011944;
 0, 0, 0, 1]
Twc:
[0.99991059, -0.012022962, -0.0058483211, -0.058157101;
 0.0056087673, -0.019862793, 0.99978697, 0.069427468;
 -0.012136565, -0.99973041, -0.019793583, -0.013092243;
 0, 0, 0, 1]
Ow:
[0.057603605;
 -0.01240891;
 -0.070011944]
Keyframe: 21 Frame: 55 Frame from vFrameID : 56
Tcw:
[0.99988937, 0.0062971506, -0.013477214, 0.05784506;
 -0.013360485, -0.018225022, -0.99974465, -0.012216695;
 -0.0065411655, 0.99981409, -0.018138872, -0.069997065;
 0, 0, 0, 1]
Twc:
[0.99988937, -0.013360485, -0.0065411655, -0.05845974;
 0.0062971506, -0.018225022, 0.99981409, 0.069397144;
 -0.013477214, -0.99974465, -0.018138872, -0.012703652;
 0, 0, 0, 1]
Ow:
[0.05784506;
 -0.012216695;
 -0.069997065]
Keyframe: 22 Frame: 56 Frame from vFrameID : 57
Tcw:
[0.99987787, 0.0062570777, -0.014319588, 0.057797812;
 -0.01421345, -0.016690247, -0.99975967, -0.012256094;
 -0.0064945715, 0.99984115, -0.016599273, -0.0700498;
 0, 0, 0, 1]
Twc:
[0.99987787, -0.01421345, -0.0064945715, -0.058419898;
 0.0062570777, -0.016690247, 0.99984115, 0.069472462;
 -0.014319588, -0.99975967, -0.016599273, -0.012588283;
 0, 0, 0, 1]
Ow:
[0.057797812;
 -0.012256094;
 -0.0700498]
Keyframe: 23 Frame: 57 Frame from vFrameID : 58
Tcw:
[0.99988204, 0.0064798915, -0.013926189, 0.057356719;
 -0.013814875, -0.016917367, -0.99976146, -0.012045676;
 -0.0067139398, 0.99983591, -0.016825853, -0.070032217;
 0, 0, 0, 1]
Twc:
[0.99988204, -0.013814875, -0.0067139398, -0.05798655;
 0.0064798915, -0.016917367, 0.99983591, 0.069445275;
 -0.013926189, -0.99976146, -0.016825853, -0.012422394;
 0, 0, 0, 1]
Ow:
[0.057356719;
 -0.012045676;
 -0.070032217]
Keyframe: 24 Frame: 58 Frame from vFrameID : 59
Tcw:
[0.99987787, 0.0065371199, -0.014193603, 0.057767864;
 -0.014064894, -0.019331018, -0.9997142, -0.012215976;
 -0.0068096286, 0.99979174, -0.019236712, -0.070028745;
 0, 0, 0, 1]
Twc:
[0.99987787, -0.014064894, -0.0068096286, -0.058409497;
 0.0065371199, -0.019331018, 0.99979174, 0.069400378;
 -0.014193603, -0.9997142, -0.019236712, -0.012739673;
 0, 0, 0, 1]
Ow:
[0.057767864;
 -0.012215976;
 -0.070028745]
Keyframe: 25 Frame: 59 Frame from vFrameID : 60
Tcw:
[0.99983257, 0.0083728237, -0.016270874, 0.057890885;
 -0.016090007, -0.021233732, -0.99964505, -0.012140298;
 -0.0087153437, 0.99973947, -0.021095457, -0.070053704;
 0, 0, 0, 1]
Twc:
[0.99983257, -0.016090007, -0.0087153437, -0.058687072;
 0.0083728237, -0.021233732, 0.99973947, 0.069292963;
 -0.016270874, -0.99964505, -0.021095457, -0.012671869;
 0, 0, 0, 1]
Ow:
[0.057890885;
 -0.012140298;
 -0.070053704]
Keyframe: 26 Frame: 60 Frame from vFrameID : 61
Tcw:
[0.99985272, 0.0078856293, -0.015243483, 0.057766136;
 -0.015059023, -0.022944968, -0.9996233, -0.012288836;
 -0.0082324203, 0.99970561, -0.022822838, -0.069826543;
 0, 0, 0, 1]
Twc:
[0.99985272, -0.015059023, -0.0082324203, -0.058517527;
 0.0078856293, -0.022944968, 0.99970561, 0.069068499;
 -0.015243483, -0.9996233, -0.022822838, -0.012997289;
 0, 0, 0, 1]
Ow:
[0.057766136;
 -0.012288836;
 -0.069826543]
Keyframe: 27 Frame: 61 Frame from vFrameID : 62
Tcw:
[0.99985194, 0.0078721624, -0.015302072, 0.057780813;
 -0.015117848, -0.022952082, -0.99962223, -0.012292444;
 -0.0082204025, 0.99970555, -0.022829672, -0.069838487;
 0, 0, 0, 1]
Twc:
[0.99985194, -0.015117848, -0.0082204025, -0.058532193;
 0.0078721624, -0.022952082, 0.99970555, 0.069080926;
 -0.015302072, -0.99962223, -0.022829672, -0.012998024;
 0, 0, 0, 1]
Ow:
[0.057780813;
 -0.012292444;
 -0.069838487]
Keyframe: 28 Frame: 62 Frame from vFrameID : 63
Tcw:
[0.99980909, 0.0083718421, -0.01765462, 0.057854198;
 -0.017472623, -0.021335647, -0.99961966, -0.011967868;
 -0.0087453313, 0.99973732, -0.021185296, -0.069987185;
 0, 0, 0, 1]
Twc:
[0.99980909, -0.017472623, -0.0087453313, -0.058664326;
 0.0083718421, -0.021335647, 0.99973732, 0.069229111;
 -0.01765462, -0.99961966, -0.021185296, -0.012424621;
 0, 0, 0, 1]
Ow:
[0.057854198;
 -0.011967868;
 -0.069987185]
Keyframe: 29 Frame: 63 Frame from vFrameID : 64
Tcw:
[0.99975652, 0.0091583868, -0.020076092, 0.057882316;
 -0.01988212, -0.020800585, -0.99958593, -0.011937894;
 -0.0095721893, 0.99974167, -0.020613432, -0.069973484;
 0, 0, 0, 1]
Twc:
[0.99975652, -0.01988212, -0.0095721893, -0.058775373;
 0.0091583868, -0.020800585, 0.99974167, 0.069176994;
 -0.020076092, -0.99958593, -0.020613432, -0.012213293;
 0, 0, 0, 1]
Ow:
[0.057882316;
 -0.011937894;
 -0.069973484]
Keyframe: 30 Frame: 64 Frame from vFrameID : 65
Tcw:
[0.99971199, 0.011461831, -0.021085709, 0.057876971;
 -0.020849427, -0.020357305, -0.99957538, -0.01196471;
 -0.011886211, 0.99972707, -0.02011247, -0.069973178;
 0, 0, 0, 1]
Twc:
[0.99971199, -0.020849427, -0.011886211, -0.058941476;
 0.011461831, -0.020357305, 0.99972707, 0.069047131;
 -0.021085709, -0.99957538, -0.02011247, -0.012146586;
 0, 0, 0, 1]
Ow:
[0.057876971;
 -0.01196471;
 -0.069973178]
Keyframe: 31 Frame: 66 Frame from vFrameID : 67
Tcw:
[0.99972689, 0.0098837605, -0.021177873, 0.057915591;
 -0.02097558, -0.020140734, -0.99957711, -0.012122146;
 -0.010306118, 0.99974829, -0.019927915, -0.070023537;
 0, 0, 0, 1]
Twc:
[0.99972689, -0.02097558, -0.010306118, -0.05887571;
 0.0098837605, -0.020140734, 0.99974829, 0.069189332;
 -0.021177873, -0.99957711, -0.019927915, -0.012285913;
 0, 0, 0, 1]
Ow:
[0.057915591;
 -0.012122146;
 -0.070023537]
Keyframe: 32 Frame: 68 Frame from vFrameID : 69
Tcw:
[0.99972516, 0.010457992, -0.020982267, 0.057820059;
 -0.02076338, -0.020616729, -0.9995718, -0.011777548;
 -0.010886099, 0.99973273, -0.020393919, -0.069973081;
 0, 0, 0, 1]
Twc:
[0.99972516, -0.02076338, -0.010886099, -0.058810443;
 0.010457992, -0.020616729, 0.99973273, 0.069106892;
 -0.020982267, -0.9995718, -0.020393919, -0.011986335;
 0, 0, 0, 1]
Ow:
[0.057820059;
 -0.011777548;
 -0.069973081]
Keyframe: 33 Frame: 70 Frame from vFrameID : 71
Tcw:
[0.99960506, 0.01321785, -0.024800001, 0.057791803;
 -0.02444396, -0.026449494, -0.99935126, -0.011913251;
 -0.013865222, 0.99956274, -0.026115952, -0.069875553;
 0, 0, 0, 1]
Twc:
[0.99960506, -0.02444396, -0.013865222, -0.059029024;
 0.01321785, -0.026449494, 0.99956274, 0.06876602;
 -0.024800001, -0.99935126, -0.026115952, -0.012297153;
 0, 0, 0, 1]
Ow:
[0.057791803;
 -0.011913251;
 -0.069875553]
Keyframe: 34 Frame: 71 Frame from vFrameID : 72
Tcw:
[0.99960506, 0.013216063, -0.024800541, 0.057791837;
 -0.024444547, -0.026449509, -0.99935126, -0.011913309;
 -0.013863452, 0.9995628, -0.026116, -0.069875561;
 0, 0, 0, 1]
Twc:
[0.99960506, -0.024444547, -0.013863452, -0.059028946;
 0.013216063, -0.026449509, 0.9995628, 0.068766132;
 -0.024800541, -0.99935126, -0.026116, -0.012297181;
 0, 0, 0, 1]
Ow:
[0.057791837;
 -0.011913309;
 -0.069875561]
Keyframe: 35 Frame: 73 Frame from vFrameID : 74
Tcw:
[0.99962044, 0.012121835, -0.024739847, 0.05747341;
 -0.024429346, -0.025126327, -0.99938577, -0.010733842;
 -0.01273601, 0.99961078, -0.024820661, -0.070241317;
 0, 0, 0, 1]
Twc:
[0.99962044, -0.024429346, -0.01273601, -0.058608409;
 0.012121835, -0.025126327, 0.99961078, 0.069247589;
 -0.024739847, -0.99938577, -0.024820661, -0.011048801;
 0, 0, 0, 1]
Ow:
[0.05747341;
 -0.010733842;
 -0.070241317]
Keyframe: 36 Frame: 75 Frame from vFrameID : 76
Tcw:
[0.99962944, 0.013404383, -0.023692459, 0.057582892;
 -0.023359563, -0.024468986, -0.99942762, -0.011282433;
 -0.013976442, 0.99961072, -0.024146797, -0.070165314;
 0, 0, 0, 1]
Twc:
[0.99962944, -0.023359563, -0.013976442, -0.058805771;
 0.013404383, -0.024468986, 0.99961072, 0.069090068;
 -0.023692459, -0.99942762, -0.024146797, -0.011605963;
 0, 0, 0, 1]
Ow:
[0.057582892;
 -0.011282433;
 -0.070165314]
Keyframe: 37 Frame: 77 Frame from vFrameID : 78
Tcw:
[0.99967033, 0.012592337, -0.022374876, 0.057378225;
 -0.022088077, -0.022471666, -0.99950343, -0.010643412;
 -0.013088885, 0.99966818, -0.022186117, -0.07005173;
 0, 0, 0, 1]
Twc:
[0.99967033, -0.022088077, -0.013088885, -0.058511306;
 0.012592337, -0.022471666, 0.99966818, 0.069066785;
 -0.022374876, -0.99950343, -0.022186117, -0.010908472;
 0, 0, 0, 1]
Ow:
[0.057378225;
 -0.010643412;
 -0.07005173]
Keyframe: 38 Frame: 79 Frame from vFrameID : 80
Tcw:
[0.99963737, 0.013675918, -0.023197776, 0.057411414;
 -0.022889683, -0.022269852, -0.9994899, -0.010626897;
 -0.014185553, 0.99965847, -0.021948738, -0.070136316;
 0, 0, 0, 1]
Twc:
[0.99963737, -0.022889683, -0.014185553, -0.05862876;
 0.013675918, -0.022269852, 0.99965847, 0.069090553;
 -0.023197776, -0.9994899, -0.021948738, -0.010829064;
 0, 0, 0, 1]
Ow:
[0.057411414;
 -0.010626897;
 -0.070136316]
Keyframe: 39 Frame: 81 Frame from vFrameID : 82
Tcw:
[0.99964797, 0.012658984, -0.023316419, 0.05765212;
 -0.023004711, -0.02423466, -0.99944156, -0.012105438;
 -0.013216981, 0.99962616, -0.023934912, -0.070062578;
 0, 0, 0, 1]
Twc:
[0.99964797, -0.023004711, -0.013216981, -0.058836322;
 0.012658984, -0.02423466, 0.99962616, 0.069013193;
 -0.023316419, -0.99944156, -0.023934912, -0.012431378;
 0, 0, 0, 1]
Ow:
[0.05765212;
 -0.012105438;
 -0.070062578]
Keyframe: 40 Frame: 83 Frame from vFrameID : 84
Tcw:
[0.99964589, 0.0094589833, -0.024872262, 0.057263054;
 -0.024684064, -0.019518025, -0.99950475, -0.01122885;
 -0.0099397562, 0.99976474, -0.019277627, -0.070384167;
 0, 0, 0, 1]
Twc:
[0.99964589, -0.024684064, -0.0099397562, -0.058219548;
 0.0094589833, -0.019518025, 0.99976474, 0.069606796;
 -0.024872262, -0.99950475, -0.019277627, -0.011155867;
 0, 0, 0, 1]
Ow:
[0.057263054;
 -0.01122885;
 -0.070384167]
Keyframe: 41 Frame: 85 Frame from vFrameID : 86
Tcw:
[0.99964184, 0.0075897202, -0.025663495, 0.057412177;
 -0.025525123, -0.017798603, -0.99951571, -0.011753611;
 -0.0080428189, 0.99981278, -0.017598499, -0.069756709;
 0, 0, 0, 1]
Twc:
[0.99964184, -0.025525123, -0.0080428189, -0.058252666;
 0.0075897202, -0.017798603, 0.99981278, 0.069098711;
 -0.025663495, -0.99951571, -0.017598499, -0.011502136;
 0, 0, 0, 1]
Ow:
[0.057412177;
 -0.011753611;
 -0.069756709]
Keyframe: 42 Frame: 87 Frame from vFrameID : 88
Tcw:
[0.9996894, 0.009288229, -0.023127586, 0.0570109;
 -0.022974208, -0.01629374, -0.99960327, -0.011039269;
 -0.0096613793, 0.99982411, -0.016075289, -0.069878072;
 0, 0, 0, 1]
Twc:
[0.9996894, -0.022974208, -0.0096613793, -0.057921927;
 0.009288229, -0.01629374, 0.99982411, 0.069156379;
 -0.023127586, -0.99960327, -0.016075289, -0.010839676;
 0, 0, 0, 1]
Ow:
[0.0570109;
 -0.011039269;
 -0.069878072]
Keyframe: 43 Frame: 89 Frame from vFrameID : 90
Tcw:
[0.99986619, -0.010506667, -0.012537957, 0.047611073;
 -0.012856033, -0.030773785, -0.99944371, -0.016608356;
 0.010114982, 0.99947113, -0.030904742, -0.063700803;
 0, 0, 0, 1]
Twc:
[0.99986619, -0.012856033, 0.010114982, -0.047173884;
 -0.010506667, -0.030773785, 0.99947113, 0.063656256;
 -0.012537957, -0.99944371, -0.030904742, -0.017970826;
 0, 0, 0, 1]
Ow:
[0.047611073;
 -0.016608356;
 -0.063700803]
Keyframe: 44 Frame: 100 Frame from vFrameID : 101
Tcw:
[0.9976905, -0.061662965, -0.028484086, 0.039546061;
 -0.031279549, -0.044854216, -0.99850374, -0.0196421;
 0.060293067, 0.99708867, -0.046679415, -0.063773789;
 0, 0, 0, 1]
Twc:
[0.9976905, -0.031279549, 0.060293067, -0.036224008;
 -0.061662965, -0.044854216, 0.99708867, 0.065145619;
 -0.028484086, -0.99850374, -0.046679415, -0.021463199;
 0, 0, 0, 1]
Ow:
[0.039546061;
 -0.0196421;
 -0.063773789]
Keyframe: 45 Frame: 108 Frame from vFrameID : 109
Tcw:
[0.99699843, -0.062323213, -0.04593442, 0.040089443;
 -0.048523866, -0.040691026, -0.99799281, -0.019997068;
 0.060328998, 0.99722618, -0.043593053, -0.064950928;
 0, 0, 0, 1]
Twc:
[0.99699843, -0.048523866, 0.060328998, -0.037021022;
 -0.062323213, -0.040691026, 0.99722618, 0.066455565;
 -0.04593442, -0.99799281, -0.043593053, -0.020946853;
 0, 0, 0, 1]
Ow:
[0.040089443;
 -0.019997068;
 -0.064950928]
Keyframe: 46 Frame: 116 Frame from vFrameID : 118
Tcw:
[0.99857664, -0.044512797, -0.029381871, 0.041849568;
 -0.031666841, -0.051528662, -0.9981693, -0.020365072;
 0.0429173, 0.997679, -0.052864898, -0.064776681;
 0, 0, 0, 1]
Twc:
[0.99857664, -0.031666841, 0.0429173, -0.039654858;
 -0.044512797, -0.051528662, 0.997679, 0.06543979;
 -0.029381871, -0.9981693, -0.052864898, -0.022522585;
 0, 0, 0, 1]
Ow:
[0.041849568;
 -0.020365072;
 -0.064776681]
Keyframe: 47 Frame: 123 Frame from vFrameID : 125
Tcw:
[0.997913, -0.031820312, -0.05618817, 0.046350412;
 -0.057415608, -0.039071843, -0.99758548, -0.019588772;
 0.029548109, 0.99872965, -0.040817283, -0.064137124;
 0, 0, 0, 1]
Twc:
[0.997913, -0.057415608, 0.029548109, -0.04548325;
 -0.031820312, -0.039071843, 0.99872965, 0.064765163;
 -0.05618817, -0.99758548, -0.040817283, -0.019555034;
 0, 0, 0, 1]
Ow:
[0.046350412;
 -0.019588772;
 -0.064137124]
Keyframe: 48 Frame: 131 Frame from vFrameID : 132
Tcw:
[0.99689794, -0.0061992058, -0.078460373, 0.053286519;
 -0.078555949, -0.017071709, -0.99676353, -0.018536456;
 0.0048396895, 0.99983507, -0.017505737, -0.066230565;
 0, 0, 0, 1]
Twc:
[0.99689794, -0.078555949, 0.0048396895, -0.054256838;
 -0.0061992058, -0.017071709, 0.99983507, 0.066233523;
 -0.078460373, -0.99676353, -0.017505737, -0.015454998;
 0, 0, 0, 1]
Ow:
[0.053286519;
 -0.018536456;
 -0.066230565]
Keyframe: 49 Frame: 141 Frame from vFrameID : 142
Tcw:
[0.99824393, -0.00013510605, -0.059236828, 0.054077324;
 -0.059229478, -0.018192884, -0.99807858, -0.019183949;
 -0.00094284234, 0.99983448, -0.018168939, -0.065844074;
 0, 0, 0, 1]
Twc:
[0.99824393, -0.059229478, -0.00094284234, -0.055180699;
 -0.00013510605, -0.018192884, 0.99983448, 0.065491468;
 -0.059236828, -0.99807858, -0.018168939, -0.017140036;
 0, 0, 0, 1]
Ow:
[0.054077324;
 -0.019183949;
 -0.065844074]
Keyframe: 50 Frame: 150 Frame from vFrameID : 152
Tcw:
[0.99957317, -0.021556422, -0.019716868, 0.04684728;
 -0.020545004, -0.038895689, -0.99903202, -0.018715883;
 0.020768655, 0.99901074, -0.039321963, -0.065772668;
 0, 0, 0, 1]
Twc:
[0.99957317, -0.020545004, 0.020768655, -0.045845795;
 -0.021556422, -0.038895689, 0.99901074, 0.065989494;
 -0.019716868, -0.99903202, -0.039321963, -0.020360395;
 0, 0, 0, 1]
Ow:
[0.04684728;
 -0.018715883;
 -0.065772668]
Keyframe: 51 Frame: 159 Frame from vFrameID : 161
Tcw:
[0.99874568, -0.047782559, -0.014964186, 0.039346408;
 -0.016635105, -0.034765206, -0.99925703, -0.01845568;
 0.047226824, 0.99825257, -0.035516467, -0.064260535;
 0, 0, 0, 1]
Twc:
[0.99874568, -0.016635105, 0.047226824, -0.036569245;
 -0.047782559, -0.034765206, 0.99825257, 0.065386705;
 -0.014964186, -0.99925703, -0.035516467, -0.02013549;
 0, 0, 0, 1]
Ow:
[0.039346408;
 -0.01845568;
 -0.064260535]
Keyframe: 52 Frame: 167 Frame from vFrameID : 169
Tcw:
[0.99709278, -0.065216646, -0.039404891, 0.039796971;
 -0.041602828, -0.032693937, -0.99859917, -0.017240293;
 0.063836984, 0.99733537, -0.035312086, -0.063710384;
 0, 0, 0, 1]
Twc:
[0.99709278, -0.041602828, 0.063836984, -0.036331438;
 -0.065216646, -0.032693937, 0.99733537, 0.065572396;
 -0.039404891, -0.99859917, -0.035312086, -0.017897693;
 0, 0, 0, 1]
Ow:
[0.039796971;
 -0.017240293;
 -0.063710384]
Keyframe: 53 Frame: 174 Frame from vFrameID : 176
Tcw:
[0.99725121, -0.057363328, -0.046898834, 0.044747975;
 -0.048065621, -0.019131813, -0.99866092, -0.014179779;
 0.056389254, 0.99817002, -0.021836428, -0.065167464;
 0, 0, 0, 1]
Twc:
[0.99725121, -0.048065621, 0.056389254, -0.041631784;
 -0.057363328, -0.019131813, 0.99817002, 0.067343824;
 -0.046898834, -0.99866092, -0.021836428, -0.013485189;
 0, 0, 0, 1]
Ow:
[0.044747975;
 -0.014179779;
 -0.065167464]
Keyframe: 54 Frame: 184 Frame from vFrameID : 185
Tcw:
[0.99421167, -0.06095361, -0.088475093, 0.079620227;
 -0.09260802, -0.06869112, -0.99333042, -0.023352087;
 0.054469619, 0.99577415, -0.073938303, -0.019458123;
 0, 0, 0, 1]
Twc:
[0.99421167, -0.09260802, 0.054469619, -0.080262065;
 -0.06095361, -0.06869112, 0.99577415, 0.022624955;
 -0.088475093, -0.99333042, -0.073938303, -0.017590631;
 0, 0, 0, 1]
Ow:
[0.079620227;
 -0.023352087;
 -0.019458123]
Keyframe: 55 Frame: 194 Frame from vFrameID : 195
Tcw:
[0.99994791, -0.0095845526, 0.0035147069, 0.08509668;
 0.0031098034, -0.041937914, -0.99911541, -0.077143274;
 0.0097234733, 0.99907422, -0.041905921, 0.029128674;
 0, 0, 0, 1]
Twc:
[0.99994791, 0.0031098034, 0.0097234733, -0.085135579;
 -0.0095845526, -0.041937914, 0.99907422, -0.031521324;
 0.0035147069, -0.99911541, -0.041905921, -0.076153457;
 0, 0, 0, 1]
Ow:
[0.08509668;
 -0.077143274;
 0.029128674]
Keyframe: 56 Frame: 204 Frame from vFrameID : 205
Tcw:
[0.99991786, -0.0032672572, -0.012393977, 0.11937255;
 -0.012554223, -0.054711286, -0.99842328, -0.13685817;
 0.0025840153, 0.99849689, -0.054747812, 0.12176881;
 0, 0, 0, 1]
Twc:
[0.99991786, -0.012554223, 0.0025840153, -0.12139554;
 -0.0032672572, -0.054711286, 0.99849689, -0.12868345;
 -0.012393977, -0.99842328, -0.054747812, -0.1284963;
 0, 0, 0, 1]
Ow:
[0.11937255;
 -0.13685817;
 0.12176881]
Keyframe: 57 Frame: 214 Frame from vFrameID : 215
Tcw:
[0.99789816, -0.029751057, -0.057568267, 0.16739698;
 -0.058850121, -0.044174295, -0.997289, -0.22712639;
 0.027127363, 0.99858075, -0.045832302, 0.22349317;
 0, 0, 0, 1]
Twc:
[0.99789816, -0.058850121, 0.027127363, -0.18647435;
 -0.029751057, -0.044174295, 0.99858075, -0.22822888;
 -0.057568267, -0.997289, -0.045832302, -0.20663068;
 0, 0, 0, 1]
Ow:
[0.16739698;
 -0.22712639;
 0.22349317]
Keyframe: 58 Frame: 224 Frame from vFrameID : 225
Tcw:
[0.99809134, -0.032772843, -0.052340958, 0.21783951;
 -0.054816652, -0.07985834, -0.99529785, -0.27183393;
 0.028438875, 0.99626732, -0.081502415, 0.33992729;
 0, 0, 0, 1]
Twc:
[0.99809134, -0.054816652, 0.028438875, -0.24199191;
 -0.032772843, -0.07985834, 0.99626732, -0.35322744;
 -0.052340958, -0.99529785, -0.081502415, -0.23144889;
 0, 0, 0, 1]
Ow:
[0.21783951;
 -0.27183393;
 0.33992729]
Keyframe: 59 Frame: 233 Frame from vFrameID : 234
Tcw:
[0.9999972, 0.0013620936, 0.0019348538, 0.24871993;
 0.0019914235, -0.042833816, -0.99908024, -0.34505913;
 -0.0012779636, 0.99908125, -0.042836409, 0.41267014;
 0, 0, 0, 1]
Twc:
[0.9999972, 0.0019914235, -0.0012779636, -0.24750471;
 0.0013620936, -0.042833816, 0.99908125, -0.42740998;
 0.0019348538, -0.99908024, -0.042836409, -0.32754567;
 0, 0, 0, 1]
Ow:
[0.24871993;
 -0.34505913;
 0.41267014]
Keyframe: 60 Frame: 242 Frame from vFrameID : 243
Tcw:
[0.99912441, -0.022540594, -0.035247508, 0.3118301;
 -0.037254661, -0.095896289, -0.99469393, -0.46988988;
 0.019040886, 0.99513608, -0.096652061, 0.54699135;
 0, 0, 0, 1]
Twc:
[0.99912441, -0.037254661, 0.019040886, -0.33947784;
 -0.022540594, -0.095896289, 0.99513608, -0.58236271;
 -0.035247508, -0.99469393, -0.096652061, -0.40353754;
 0, 0, 0, 1]
Ow:
[0.3118301;
 -0.46988988;
 0.54699135]
Keyframe: 61 Frame: 251 Frame from vFrameID : 252
Tcw:
[0.99509269, -0.078768328, -0.059883639, 0.2635656;
 -0.064299762, -0.054775804, -0.99642617, -0.51074213;
 0.075206652, 0.99538696, -0.059571788, 0.77596807;
 0, 0, 0, 1]
Twc:
[0.99509269, -0.064299762, 0.075206652, -0.35347074;
 -0.078768328, -0.054775804, 0.99538696, -0.77960414;
 -0.059883639, -0.99642617, -0.059571788, -0.44690779;
 0, 0, 0, 1]
Ow:
[0.2635656;
 -0.51074213;
 0.77596807]
Keyframe: 62 Frame: 258 Frame from vFrameID : 259
Tcw:
[0.99547958, -0.076037429, -0.05690955, 0.34144372;
 -0.061047185, -0.053246189, -0.99671364, -0.57769108;
 0.072757326, 0.99568224, -0.057647362, 0.84748709;
 0, 0, 0, 1]
Twc:
[0.99547958, -0.061047185, 0.072757326, -0.43682757;
 -0.076037429, -0.053246189, 0.99568224, -0.84862518;
 -0.05690955, -0.99671364, -0.057647362, -0.50750577;
 0, 0, 0, 1]
Ow:
[0.34144372;
 -0.57769108;
 0.84748709]
Keyframe: 63 Frame: 265 Frame from vFrameID : 266
Tcw:
[0.99838197, -0.03104909, -0.047638144, 0.40338716;
 -0.048609912, -0.031332519, -0.9983263, -0.71683246;
 0.029504498, 0.99902666, -0.032791115, 0.87954247;
 0, 0, 0, 1]
Twc:
[0.99838197, -0.048609912, 0.029504498, -0.46353009;
 -0.03104909, -0.031332519, 0.99902666, -0.88862169;
 -0.047638144, -0.9983263, -0.032791115, -0.66757488;
 0, 0, 0, 1]
Ow:
[0.40338716;
 -0.71683246;
 0.87954247]
Keyframe: 64 Frame: 273 Frame from vFrameID : 274
Tcw:
[0.99802011, -0.059933536, -0.019074634, 0.45867205;
 -0.022242377, -0.052639592, -0.99836582, -0.76906788;
 0.058831513, 0.99681342, -0.053868435, 1.0830013;
 0, 0, 0, 1]
Twc:
[0.99802011, -0.022242377, 0.058831513, -0.53858441;
 -0.059933536, -0.052639592, 0.99681342, -1.0925438;
 -0.019074634, -0.99836582, -0.053868435, -0.70072252;
 0, 0, 0, 1]
Ow:
[0.45867205;
 -0.76906788;
 1.0830013]
Keyframe: 65 Frame: 279 Frame from vFrameID : 280
Tcw:
[0.99372256, -0.089474171, -0.067155048, 0.53702927;
 -0.074496247, -0.081405155, -0.99389309, -0.87503302;
 0.083460994, 0.99265683, -0.087559626, 1.1983075;
 0, 0, 0, 1]
Twc:
[0.99372256, -0.074496247, 0.083460994, -0.69885671;
 -0.089474171, -0.081405155, 0.99265683, -1.21269;
 -0.067155048, -0.99389309, -0.087559626, -0.72870177;
 0, 0, 0, 1]
Ow:
[0.53702927;
 -0.87503302;
 1.1983075]
Keyframe: 66 Frame: 285 Frame from vFrameID : 286
Tcw:
[0.99127108, -0.087015018, -0.099045426, 0.58958912;
 -0.10287768, -0.040709309, -0.9938606, -0.95465344;
 0.082448728, 0.99537486, -0.049305864, 1.2710292;
 0, 0, 0, 1]
Twc:
[0.99127108, -0.10287768, 0.082448728, -0.78745002;
 -0.087015018, -0.040709309, 0.99537486, -1.2527107;
 -0.099045426, -0.9938606, -0.049305864, -0.8277272;
 0, 0, 0, 1]
Ow:
[0.58958912;
 -0.95465344;
 1.2710292]
Keyframe: 67 Frame: 294 Frame from vFrameID : 295
Tcw:
[0.99595904, -0.067967601, -0.058702886, 0.56294447;
 -0.062261172, -0.051473815, -0.99673164, -0.98583841;
 0.064723797, 0.99635881, -0.055497549, 1.5325685;
 0, 0, 0, 1]
Twc:
[0.99595904, -0.062261172, 0.064723797, -0.72124273;
 -0.067967601, -0.051473815, 0.99635881, -1.5394709;
 -0.058702886, -0.99673164, -0.055497549, -0.86451614;
 0, 0, 0, 1]
Ow:
[0.56294447;
 -0.98583841;
 1.5325685]
Keyframe: 68 Frame: 301 Frame from vFrameID : 302
Tcw:
[0.99948901, -0.024557112, -0.020460192, 0.5712359;
 -0.020411557, 0.0022295956, -0.99978918, -1.0619873;
 0.024597552, 0.99969596, 0.0017272076, 1.5165626;
 0, 0, 0, 1]
Twc:
[0.99948901, -0.020411557, 0.024597552, -0.62992454;
 -0.024557112, 0.0022295956, 0.99969596, -1.4997058;
 -0.020460192, -0.99978918, 0.0017272076, -1.0526953;
 0, 0, 0, 1]
Ow:
[0.5712359;
 -1.0619873;
 1.5165626]
Keyframe: 69 Frame: 307 Frame from vFrameID : 308
Tcw:
[0.99858761, -0.052871358, -0.0052369102, 0.62609798;
 -0.0070120892, -0.033445973, -0.99941593, -1.1119378;
 0.052665323, 0.99804109, -0.033769473, 1.7469018;
 0, 0, 0, 1]
Twc:
[0.99858761, -0.0070120892, 0.052665323, -0.72501177;
 -0.052871358, -0.033445973, 0.99804109, -1.7475668;
 -0.0052369102, -0.99941593, -0.033769473, -1.0490175;
 0, 0, 0, 1]
Ow:
[0.62609798;
 -1.1119378;
 1.7469018]
Keyframe: 70 Frame: 312 Frame from vFrameID : 313
Tcw:
[0.99598122, -0.08154545, -0.037036702, 0.65153885;
 -0.042426791, -0.065390162, -0.99695742, -1.1935961;
 0.078875504, 0.99452221, -0.068587087, 1.9184048;
 0, 0, 0, 1]
Twc:
[0.99598122, -0.042426791, 0.078875504, -0.85087603;
 -0.08154545, -0.065390162, 0.99452221, -1.9328157;
 -0.037036702, -0.99695742, -0.068587087, -1.0342559;
 0, 0, 0, 1]
Ow:
[0.65153885;
 -1.1935961;
 1.9184048]
Keyframe: 71 Frame: 318 Frame from vFrameID : 319
Tcw:
[0.99625945, -0.076899923, -0.039414261, 0.64370382;
 -0.042701166, -0.041576672, -0.99822241, -1.2855754;
 0.07512451, 0.99617153, -0.044704869, 2.0439065;
 0, 0, 0, 1]
Twc:
[0.99625945, -0.042701166, 0.07512451, -0.84973902;
 -0.076899923, -0.041576672, 0.99617153, -2.0400305;
 -0.039414261, -0.99822241, -0.044704869, -1.1665465;
 0, 0, 0, 1]
Ow:
[0.64370382;
 -1.2855754;
 2.0439065]
Keyframe: 72 Frame: 322 Frame from vFrameID : 323
Tcw:
[0.99705881, -0.068268329, -0.034830011, 0.74271858;
 -0.035869703, -0.014062922, -0.9992575, -1.4643098;
 0.067727827, 0.99756789, -0.016470324, 1.9734713;
 0, 0, 0, 1]
Twc:
[0.99705881, -0.035869703, 0.067727827, -0.9267174;
 -0.068268329, -0.014062922, 0.99756789, -1.9385598;
 -0.034830011, -0.9992575, -0.016470324, -1.40485;
 0, 0, 0, 1]
Ow:
[0.74271858;
 -1.4643098;
 1.9734713]
Keyframe: 73 Frame: 327 Frame from vFrameID : 328
Tcw:
[0.99880576, -0.04610341, -0.016173163, 0.75814003;
 -0.016891308, -0.015229986, -0.99974132, -1.4917712;
 0.045845166, 0.99882054, -0.015990544, 1.9908811;
 0, 0, 0, 1]
Twc:
[0.99880576, -0.016891308, 0.045845166, -0.87370485;
 -0.04610341, -0.015229986, 0.99882054, -1.9762999;
 -0.016173163, -0.99974132, -0.015990544, -1.4472886;
 0, 0, 0, 1]
Ow:
[0.75814003;
 -1.4917712;
 1.9908811]
Keyframe: 74 Frame: 332 Frame from vFrameID : 333
Tcw:
[0.99964327, -0.024539717, 0.010542349, 0.75112301;
 0.011362681, 0.033532906, -0.99937302, -1.4967463;
 0.024170816, 0.99913633, 0.033799782, 2.0451677;
 0, 0, 0, 1]
Twc:
[0.99964327, 0.011362681, 0.024170816, -0.78328139;
 -0.024539717, 0.033532906, 0.99913633, -1.9747785;
 0.010542349, -0.99937302, 0.033799782, -1.5728526;
 0, 0, 0, 1]
Ow:
[0.75112301;
 -1.4967463;
 2.0451677]
Keyframe: 75 Frame: 337 Frame from vFrameID : 338
Tcw:
[0.99905616, -0.036467232, 0.023599355, 0.75312883;
 0.024475368, 0.023765123, -0.9994179, -1.5105867;
 0.035885166, 0.99905223, 0.02463524, 2.0725827;
 0, 0, 0, 1]
Twc:
[0.99905616, 0.024475368, 0.035885166, -0.78982085;
 -0.036467232, 0.023765123, 0.99905223, -2.0072544;
 0.023599355, -0.9994179, 0.02463524, -1.5785394;
 0, 0, 0, 1]
Ow:
[0.75312883;
 -1.5105867;
 2.0725827]
Keyframe: 76 Frame: 342 Frame from vFrameID : 343
Tcw:
[0.99851555, -0.048498858, -0.024790967, 0.8374294;
 -0.023817919, 0.020539442, -0.99950528, -1.6314614;
 0.048984054, 0.99861205, 0.019353809, 2.1122768;
 0, 0, 0, 1]
Twc:
[0.99851555, -0.023817919, 0.048984054, -0.97851217;
 -0.048498858, 0.020539442, 0.99861205, -2.0352213;
 -0.024790967, -0.99950528, 0.019353809, -1.6507742;
 0, 0, 0, 1]
Ow:
[0.8374294;
 -1.6314614;
 2.1122768]
Keyframe: 77 Frame: 348 Frame from vFrameID : 349
Tcw:
[0.99519658, -0.082326107, -0.052973226, 0.8968119;
 -0.051443264, 0.020597015, -0.99846351, -1.7703555;
 0.083290704, 0.99639261, 0.016262954, 2.1521199;
 0, 0, 0, 1]
Twc:
[0.99519658, -0.051443264, 0.083290704, -1.1628286;
 -0.082326107, 0.020597015, 0.99639261, -2.0340612;
 -0.052973226, -0.99846351, 0.016262954, -1.7551281;
 0, 0, 0, 1]
Ow:
[0.8968119;
 -1.7703555;
 2.1521199]
Keyframe: 78 Frame: 354 Frame from vFrameID : 355
Tcw:
[0.99255586, -0.094887733, -0.076348849, 0.76334268;
 -0.072768375, 0.040642846, -0.9965204, -1.5866771;
 0.097660594, 0.99465799, 0.033435468, 2.2927716;
 0, 0, 0, 1]
Twc:
[0.99255586, -0.072768375, 0.097660594, -1.0970336;
 -0.094887733, 0.040642846, 0.99465799, -2.1436045;
 -0.076348849, -0.9965204, 0.033435468, -1.5995357;
 0, 0, 0, 1]
Ow:
[0.76334268;
 -1.5866771;
 2.2927716]
Keyframe: 79 Frame: 361 Frame from vFrameID : 362
Tcw:
[0.99519408, -0.06557253, -0.072725855, 0.97979385;
 -0.071760528, 0.016961601, -0.99727768, -1.5712795;
 0.066627562, 0.99770361, 0.012174565, 2.6725249;
 0, 0, 0, 1]
Twc:
[0.99519408, -0.071760528, 0.066627562, -1.2659047;
 -0.06557253, 0.016961601, 0.99770361, -2.5754888;
 -0.072725855, -0.99727768, 0.012174565, -1.5282825;
 0, 0, 0, 1]
Ow:
[0.97979385;
 -1.5712795;
 2.6725249]
Keyframe: 80 Frame: 368 Frame from vFrameID : 369
Tcw:
[0.99848646, -0.054260854, -0.0089782281, 0.97242922;
 -0.0054228981, 0.065318406, -0.99784976, -1.7728612;
 0.05473062, 0.99638814, 0.064925291, 2.673619;
 0, 0, 0, 1]
Twc:
[0.99848646, -0.0054228981, 0.05473062, -1.1269002;
 -0.054260854, 0.065318406, 0.99638814, -2.4953966;
 -0.0089782281, -0.99784976, 0.064925291, -1.9339038;
 0, 0, 0, 1]
Ow:
[0.97242922;
 -1.7728612;
 2.673619]
Keyframe: 81 Frame: 375 Frame from vFrameID : 376
Tcw:
[0.99810922, -0.060917847, -0.0081819342, 0.92458034;
 -0.0036585978, 0.07399749, -0.99725169, -1.6196642;
 0.06135587, 0.99539608, 0.073634706, 2.6742089;
 0, 0, 0, 1]
Twc:
[0.99810922, -0.0036585978, 0.06135587, -1.0928363;
 -0.060917847, 0.07399749, 0.99539608, -2.4857225;
 -0.0081819342, -0.99725169, 0.073634706, -1.8045626;
 0, 0, 0, 1]
Ow:
[0.92458034;
 -1.6196642;
 2.6742089]
Keyframe: 82 Frame: 381 Frame from vFrameID : 382
Tcw:
[0.99670881, -0.079065345, -0.017896041, 0.90078199;
 -0.01018058, 0.096929535, -0.9952392, -1.8156055;
 0.080423586, 0.99214584, 0.095805585, 2.7183471;
 0, 0, 0, 1]
Twc:
[0.99670881, -0.01018058, 0.080423586, -1.1349204;
 -0.079065345, 0.096929535, 0.99214584, -2.4497905;
 -0.017896041, -0.9952392, 0.095805585, -2.0512741;
 0, 0, 0, 1]
Ow:
[0.90078199;
 -1.8156055;
 2.7183471]
Keyframe: 83 Frame: 387 Frame from vFrameID : 388
Tcw:
[0.99629807, -0.0609015, -0.060672875, 1.007427;
 -0.054720022, 0.095060848, -0.9939664, -1.7365109;
 0.066301659, 0.99360681, 0.091376401, 2.8360643;
 0, 0, 0, 1]
Twc:
[0.99629807, -0.054720022, 0.066301659, -1.2867552;
 -0.0609015, 0.095060848, 0.99360681, -2.5915046;
 -0.060672875, -0.9939664, 0.091376401, -1.9240592;
 0, 0, 0, 1]
Ow:
[1.007427;
 -1.7365109;
 2.8360643]
Keyframe: 84 Frame: 394 Frame from vFrameID : 395
Tcw:
[0.99711698, -0.066418596, -0.036692433, 1.0723488;
 -0.030065522, 0.098161042, -0.99471629, -1.9474851;
 0.069669425, 0.99295163, 0.095881127, 2.8805501;
 0, 0, 0, 1]
Twc:
[0.99711698, -0.030065522, 0.069669425, -1.3284956;
 -0.066418596, 0.098161042, 0.99295163, -2.5978558;
 -0.036692433, -0.99471629, 0.095881127, -2.1740384;
 0, 0, 0, 1]
Ow:
[1.0723488;
 -1.9474851;
 2.8805501]
Keyframe: 85 Frame: 400 Frame from vFrameID : 401
Tcw:
[0.99734378, -0.070576251, -0.018009063, 1.1035221;
 -0.010030851, 0.11180849, -0.99367917, -1.9924242;
 0.072143711, 0.99122041, 0.11080357, 3.0211821;
 0, 0, 0, 1]
Twc:
[0.99734378, -0.010030851, 0.072143711, -1.3385359;
 -0.070576251, 0.11180849, 0.99122041, -2.694005;
 -0.018009063, -0.99367917, 0.11080357, -2.2947147;
 0, 0, 0, 1]
Ow:
[1.1035221;
 -1.9924242;
 3.0211821]
Keyframe: 86 Frame: 407 Frame from vFrameID : 408
Tcw:
[0.99885195, -0.046032216, -0.01325793, 1.0578192;
 -0.008397595, 0.10421637, -0.99451917, -2.1076527;
 0.047161616, 0.99348879, 0.10371017, 3.09497;
 0, 0, 0, 1]
Twc:
[0.99885195, -0.008397595, 0.047161616, -1.2202679;
 -0.046032216, 0.10421637, 0.99348879, -2.8064725;
 -0.01325793, -0.99451917, 0.10371017, -2.4030564;
 0, 0, 0, 1]
Ow:
[1.0578192;
 -2.1076527;
 3.09497]
Keyframe: 87 Frame: 414 Frame from vFrameID : 415
Tcw:
[0.9977724, -0.035550725, -0.05644865, 1.2871472;
 -0.052678254, 0.099295042, -0.99366266, -2.0339539;
 0.040930498, 0.99442279, 0.097201101, 3.2862864;
 0, 0, 0, 1]
Twc:
[0.9977724, -0.052678254, 0.040930498, -1.5259342;
 -0.035550725, 0.099295042, 0.99442279, -3.0202372;
 -0.05644865, -0.99366266, 0.097201101, -2.267837;
 0, 0, 0, 1]
Ow:
[1.2871472;
 -2.0339539;
 3.2862864]
Keyframe: 88 Frame: 421 Frame from vFrameID : 422
Tcw:
[0.99073619, -0.135589, -0.0075767105, 0.89023393;
 0.0061731697, 0.10070163, -0.99489754, -3.0475798;
 0.13566016, 0.98563421, 0.10060576, 3.3332899;
 0, 0, 0, 1]
Twc:
[0.99073619, 0.0061731697, 0.13566016, -1.3153684;
 -0.135589, 0.10070163, 0.98563421, -2.8578022;
 -0.0075767105, -0.99489754, 0.10060576, -3.3606327;
 0, 0, 0, 1]
Ow:
[0.89023393;
 -3.0475798;
 3.3332899]
Keyframe: 89 Frame: 426 Frame from vFrameID : 427
Tcw:
[0.9930706, -0.10726727, -0.048005283, 0.15950036;
 -0.034478873, 0.12457314, -0.99161118, -1.6259294;
 0.1123476, 0.98639506, 0.12001147, 3.6096148;
 0, 0, 0, 1]
Twc:
[0.9930706, -0.034478873, 0.1123476, -0.61998689;
 -0.10726727, 0.12457314, 0.98639506, -3.3408504;
 -0.048005283, -0.99161118, 0.12001147, -2.037828;
 0, 0, 0, 1]
Ow:
[0.15950036;
 -1.6259294;
 3.6096148]
Keyframe: 90 Frame: 430 Frame from vFrameID : 431
Tcw:
[0.98868376, -0.14378202, -0.042791642, 0.63362896;
 -0.025036711, 0.12309805, -0.99207866, -2.6135523;
 0.14791064, 0.9819234, 0.11810522, 3.5736158;
 0, 0, 0, 1]
Twc:
[0.98868376, -0.025036711, 0.14791064, -1.2204692;
 -0.14378202, 0.12309805, 0.9819234, -3.0961895;
 -0.042791642, -0.99207866, 0.11810522, -2.987798;
 0, 0, 0, 1]
Ow:
[0.63362896;
 -2.6135523;
 3.5736158]
Keyframe: 91 Frame: 434 Frame from vFrameID : 435
Tcw:
[0.99422252, -0.10215648, -0.032948792, 0.95996279;
 -0.019140394, 0.13331302, -0.99088913, -2.8443677;
 0.10561825, 0.98579496, 0.13058749, 3.5652797;
 0, 0, 0, 1]
Twc:
[0.99422252, -0.019140394, 0.10561825, -1.3854176;
 -0.10215648, 0.13331302, 0.98579496, -3.0373771;
 -0.032948792, -0.99088913, 0.13058749, -3.2524045;
 0, 0, 0, 1]
Ow:
[0.95996279;
 -2.8443677;
 3.5652797]
Keyframe: 92 Frame: 439 Frame from vFrameID : 440
Tcw:
[0.9942615, -0.074518673, -0.076753423, 1.1398592;
 -0.060563937, 0.19932099, -0.9780609, -2.0558257;
 0.088182375, 0.9770968, 0.19366403, 3.5479641;
 0, 0, 0, 1]
Twc:
[0.9942615, -0.060563937, 0.088182375, -1.5706948;
 -0.074518673, 0.19932099, 0.9770968, -2.9719942;
 -0.076753423, -0.9780609, 0.19366403, -2.6103477;
 0, 0, 0, 1]
Ow:
[1.1398592;
 -2.0558257;
 3.5479641]
Keyframe: 93 Frame: 444 Frame from vFrameID : 445
Tcw:
[0.99226809, -0.098965883, -0.074898869, 1.1836728;
 -0.056920085, 0.17340259, -0.98320478, -2.105742;
 0.11029138, 0.97986597, 0.1664287, 3.7163651;
 0, 0, 0, 1]
Twc:
[0.99226809, -0.056920085, 0.11029138, -1.7042627;
 -0.098965883, 0.17340259, 0.97986597, -3.1592555;
 -0.074898869, -0.98320478, 0.1664287, -2.6002297;
 0, 0, 0, 1]
Ow:
[1.1836728;
 -2.105742;
 3.7163651]
Keyframe: 94 Frame: 450 Frame from vFrameID : 451
Tcw:
[0.98496622, -0.12097198, -0.12331782, 1.2644694;
 -0.099694245, 0.18492165, -0.97768348, -2.1290779;
 0.14107645, 0.97527933, 0.17008138, 3.7640967;
 0, 0, 0, 1]
Twc:
[0.98496622, -0.099694245, 0.14107645, -1.9887419;
 -0.12097198, 0.18492165, 0.97527933, -3.1243677;
 -0.12331782, -0.97768348, 0.17008138, -2.5658355;
 0, 0, 0, 1]
Ow:
[1.2644694;
 -2.1290779;
 3.7640967]
Keyframe: 95 Frame: 454 Frame from vFrameID : 455
Tcw:
[0.98265761, -0.12392105, -0.13794068, 1.3014554;
 -0.11292904, 0.19008954, -0.97525024, -2.1736052;
 0.14707512, 0.97391456, 0.17279863, 3.8358393;
 0, 0, 0, 1]
Twc:
[0.98265761, -0.11292904, 0.14707512, -2.0885046;
 -0.12392105, 0.19008954, 0.97391456, -3.1613224;
 -0.13794068, -0.97525024, 0.17279863, -2.6031132;
 0, 0, 0, 1]
Ow:
[1.3014554;
 -2.1736052;
 3.8358393]
Keyframe: 96 Frame: 457 Frame from vFrameID : 458
Tcw:
[0.98250163, -0.13452542, -0.12881541, 1.2857974;
 -0.10210875, 0.18938094, -0.97658008, -2.2188337;
 0.15577002, 0.97264475, 0.17233087, 3.8733187;
 0, 0, 0, 1]
Twc:
[0.98250163, -0.10210875, 0.15577002, -2.0932074;
 -0.13452542, 0.18938094, 0.97264475, -3.1741858;
 -0.12881541, -0.97658008, 0.17233087, -2.6687307;
 0, 0, 0, 1]
Ow:
[1.2857974;
 -2.2188337;
 3.8733187]
Keyframe: 97 Frame: 460 Frame from vFrameID : 461
Tcw:
[0.98358369, -0.13526654, -0.11944073, 1.339222;
 -0.093526877, 0.18392521, -0.97848058, -2.231585;
 0.15432385, 0.97358847, 0.16825478, 3.9149814;
 0, 0, 0, 1]
Twc:
[0.98358369, -0.093526877, 0.15432385, -2.130125;
 -0.13526654, 0.18392521, 0.97358847, -3.2199838;
 -0.11944073, -0.97848058, 0.16825478, -2.6823192;
 0, 0, 0, 1]
Ow:
[1.339222;
 -2.231585;
 3.9149814]
Keyframe: 98 Frame: 464 Frame from vFrameID : 465
Tcw:
[0.98599577, -0.13108575, -0.10309651, 1.3324041;
 -0.076804079, 0.1918091, -0.9784224, -2.2692444;
 0.14803208, 0.97263855, 0.17905504, 3.9383841;
 0, 0, 0, 1]
Twc:
[0.98599577, -0.076804079, 0.14803208, -2.0710392;
 -0.13108575, 0.1918091, 0.97263855, -3.2207034;
 -0.10309651, -0.9784224, 0.17905504, -2.788101;
 0, 0, 0, 1]
Ow:
[1.3324041;
 -2.2692444;
 3.9383841]
Keyframe: 99 Frame: 468 Frame from vFrameID : 469
Tcw:
[0.99125201, -0.10947566, -0.073719524, 1.3215172;
 -0.049858201, 0.20656513, -0.97716171, -2.2409205;
 0.12220331, 0.97228903, 0.19929983, 4.0527735;
 0, 0, 0, 1]
Twc:
[0.99125201, -0.049858201, 0.12220331, -1.9169471;
 -0.10947566, 0.20656513, 0.97228903, -3.3328974;
 -0.073719524, -0.97716171, 0.19929983, -2.9000373;
 0, 0, 0, 1]
Ow:
[1.3215172;
 -2.2409205;
 4.0527735]
Keyframe: 100 Frame: 475 Frame from vFrameID : 476
Tcw:
[0.99225485, -0.1172762, -0.040946208, 1.2730753;
 -0.018760988, 0.18436228, -0.98267931, -2.3478048;
 0.12279383, 0.97583646, 0.18073416, 4.2119536;
 0, 0, 0, 1]
Twc:
[0.99225485, -0.018760988, 0.12279383, -1.8244642;
 -0.1172762, 0.18436228, 0.97583646, -3.5280302;
 -0.040946208, -0.98267931, 0.18073416, -3.0162554;
 0, 0, 0, 1]
Ow:
[1.2730753;
 -2.3478048;
 4.2119536]
Keyframe: 101 Frame: 480 Frame from vFrameID : 481
Tcw:
[0.98181957, -0.14813913, -0.11868084, 1.3597724;
 -0.089442343, 0.19041905, -0.97761989, -2.4195099;
 0.16742286, 0.97046143, 0.17370723, 4.2853332;
 0, 0, 0, 1]
Twc:
[0.98181957, -0.089442343, 0.16742286, -2.2689207;
 -0.14813913, 0.19041905, 0.97046143, -3.4965942;
 -0.11868084, -0.97761989, 0.17370723, -2.9483755;
 0, 0, 0, 1]
Ow:
[1.3597724;
 -2.4195099;
 4.2853332]
Keyframe: 102 Frame: 485 Frame from vFrameID : 486
Tcw:
[0.97476834, -0.1712399, -0.14319089, 1.4075804;
 -0.10908589, 0.19422679, -0.97487241, -2.4451518;
 0.19474855, 0.96589482, 0.17064627, 4.5287018;
 0, 0, 0, 1]
Twc:
[0.97476834, -0.10908589, 0.19474855, -2.5207546;
 -0.1712399, 0.19422679, 0.96589482, -3.6583023;
 -0.14319089, -0.97487241, 0.17064627, -2.9549644;
 0, 0, 0, 1]
Ow:
[1.4075804;
 -2.4451518;
 4.5287018]
Keyframe: 103 Frame: 491 Frame from vFrameID : 492
Tcw:
[0.97607118, -0.17383015, -0.13064496, 1.3780302;
 -0.092051372, 0.21401061, -0.97248447, -2.5522895;
 0.19700654, 0.96124011, 0.19288829, 4.5660958;
 0, 0, 0, 1]
Twc:
[0.97607118, -0.092051372, 0.19700654, -2.479548;
 -0.17383015, 0.21401061, 0.96124011, -3.6033542;
 -0.13064496, -0.97248447, 0.19288829, -3.1827755;
 0, 0, 0, 1]
Ow:
[1.3780302;
 -2.5522895;
 4.5660958]
Keyframe: 104 Frame: 497 Frame from vFrameID : 498
Tcw:
[0.98094696, -0.17423563, -0.085935898, 1.3926935;
 -0.046712499, 0.2178297, -0.9748683, -2.5995045;
 0.18857618, 0.96030837, 0.2055404, 4.6112332;
 0, 0, 0, 1]
Twc:
[0.98094696, -0.046712499, 0.18857618, -2.3571565;
 -0.17423563, 0.2178297, 0.96030837, -3.6192999;
 -0.085935898, -0.9748683, 0.2055404, -3.3622868;
 0, 0, 0, 1]
Ow:
[1.3926935;
 -2.5995045;
 4.6112332]
Keyframe: 105 Frame: 503 Frame from vFrameID : 504
Tcw:
[0.99284935, -0.10328176, -0.05985808, 1.3956817;
 -0.031591557, 0.25622427, -0.96610099, -2.6047299;
 0.1151177, 0.96108377, 0.25112927, 4.6120119;
 0, 0, 0, 1]
Twc:
[0.99284935, -0.031591557, 0.1151177, -1.9989135;
 -0.10328176, 0.25622427, 0.96108377, -3.6209862;
 -0.05985808, -0.96610099, 0.25112927, -3.5911005;
 0, 0, 0, 1]
Ow:
[1.3956817;
 -2.6047299;
 4.6120119]
Keyframe: 106 Frame: 508 Frame from vFrameID : 509
Tcw:
[0.99382579, -0.099474803, -0.04914324, 1.3995094;
 -0.022924373, 0.24926764, -0.96816325, -2.5637693;
 0.10855767, 0.96331221, 0.2454482, 4.6642795;
 0, 0, 0, 1]
Twc:
[0.99382579, -0.022924373, 0.10855767, -1.9559846;
 -0.099474803, 0.24926764, 0.96331221, -3.7148764;
 -0.04914324, -0.96816325, 0.2454482, -3.5582099;
 0, 0, 0, 1]
Ow:
[1.3995094;
 -2.5637693;
 4.6642795]
Keyframe: 107 Frame: 514 Frame from vFrameID : 515
Tcw:
[0.98492908, -0.14865707, -0.088407002, 1.443826;
 -0.05196894, 0.23316534, -0.97104746, -2.5909009;
 0.16496652, 0.9610073, 0.22192577, 4.8197789;
 0, 0, 0, 1]
Twc:
[0.98492908, -0.05196894, 0.16496652, -2.3518147;
 -0.14865707, 0.23316534, 0.9610073, -3.8130994;
 -0.088407002, -0.97104746, 0.22192577, -3.4578764;
 0, 0, 0, 1]
Ow:
[1.443826;
 -2.5909009;
 4.8197789]
Keyframe: 108 Frame: 520 Frame from vFrameID : 521
Tcw:
[0.97971451, -0.15991266, -0.12077841, 1.3854948;
 -0.077717446, 0.25233489, -0.9645139, -2.6215951;
 0.1847146, 0.95433486, 0.23478816, 4.9303365;
 0, 0, 0, 1]
Twc:
[0.97971451, -0.077717446, 0.1847146, -2.4718382;
 -0.15991266, 0.25233489, 0.95433486, -3.8221142;
 -0.12077841, -0.9645139, 0.23478816, -3.5188119;
 0, 0, 0, 1]
Ow:
[1.3854948;
 -2.6215951;
 4.9303365]
Keyframe: 109 Frame: 526 Frame from vFrameID : 527
Tcw:
[0.9796527, -0.17223784, -0.10302759, 1.4304085;
 -0.05713265, 0.25277629, -0.96583641, -2.7750926;
 0.19239652, 0.95207053, 0.23779258, 5.033536;
 0, 0, 0, 1]
Twc:
[0.9796527, -0.05713265, 0.19239652, -2.5282867;
 -0.17223784, 0.25277629, 0.95207053, -3.8444328;
 -0.10302759, -0.96583641, 0.23779258, -3.7298515;
 0, 0, 0, 1]
Ow:
[1.4304085;
 -2.7750926;
 5.033536]
Keyframe: 110 Frame: 533 Frame from vFrameID : 534
Tcw:
[0.97656661, -0.16696602, -0.13579376, 1.4042537;
 -0.081263602, 0.29818287, -0.95104319, -2.6085515;
 0.19928329, 0.93979216, 0.2776272, 5.0758481;
 0, 0, 0, 1]
Twc:
[0.97656661, -0.081263602, 0.19928329, -2.5948594;
 -0.16696602, 0.29818287, 0.93979216, -3.7579541;
 -0.13579376, -0.95104319, 0.2776272, -3.6993499;
 0, 0, 0, 1]
Ow:
[1.4042537;
 -2.6085515;
 5.0758481]
Keyframe: 111 Frame: 538 Frame from vFrameID : 539
Tcw:
[0.98045468, -0.16459875, -0.10777711, 1.3739067;
 -0.052912746, 0.30701751, -0.95023179, -2.559422;
 0.18949643, 0.93736202, 0.29230735, 5.2167196;
 0, 0, 0, 1]
Twc:
[0.98045468, -0.052912746, 0.18949643, -2.4710288;
 -0.16459875, 0.30701751, 0.93736202, -3.8780241;
 -0.10777711, -0.95023179, 0.29230735, -3.8088543;
 0, 0, 0, 1]
Ow:
[1.3739067;
 -2.559422;
 5.2167196]
Keyframe: 112 Frame: 543 Frame from vFrameID : 544
Tcw:
[0.9832719, -0.15047888, -0.10262807, 1.4612198;
 -0.051481556, 0.31087095, -0.94905686, -2.7243004;
 0.17471711, 0.93846434, 0.29792374, 5.2807312;
 0, 0, 0, 1]
Twc:
[0.9832719, -0.051481556, 0.17471711, -2.4996614;
 -0.15047888, 0.31087095, 0.93846434, -3.8889899;
 -0.10262807, -0.94905686, 0.29792374, -4.0088091;
 0, 0, 0, 1]
Ow:
[1.4612198;
 -2.7243004;
 5.2807312]
Keyframe: 113 Frame: 548 Frame from vFrameID : 549
Tcw:
[0.98191935, -0.15317816, -0.11122414, 1.4371558;
 -0.062670499, 0.29137376, -0.9545542, -2.78004;
 0.17862464, 0.94426572, 0.27650577, 5.3757296;
 0, 0, 0, 1]
Twc:
[0.98191935, -0.062670499, 0.17862464, -2.5456355;
 -0.15317816, 0.29137376, 0.94426572, -4.0459461;
 -0.11122414, -0.9545542, 0.27650577, -3.980273;
 0, 0, 0, 1]
Ow:
[1.4371558;
 -2.78004;
 5.3757296]
Keyframe: 114 Frame: 555 Frame from vFrameID : 556
Tcw:
[0.97957993, -0.16145514, -0.11981413, 1.5093349;
 -0.061986428, 0.3243717, -0.94389653, -2.911252;
 0.19126126, 0.93204892, 0.30773997, 5.4469819;
 0, 0, 0, 1]
Twc:
[0.97957993, -0.061986428, 0.19126126, -2.7007689;
 -0.16145514, 0.3243717, 0.93204892, -3.8888364;
 -0.11981413, -0.94389653, 0.30773997, -4.2433352;
 0, 0, 0, 1]
Ow:
[1.5093349;
 -2.911252;
 5.4469819]
Keyframe: 115 Frame: 559 Frame from vFrameID : 560
Tcw:
[0.98192537, -0.16215008, -0.097621299, 1.2893553;
 -0.042673986, 0.31282943, -0.94885021, -2.7930827;
 0.18439496, 0.93586594, 0.30025557, 5.5449986;
 0, 0, 0, 1]
Twc:
[0.98192537, -0.042673986, 0.18439496, -2.4077125;
 -0.16215008, 0.31282943, 0.93586594, -4.1065478;
 -0.097621299, -0.94885021, 0.30025557, -4.1892648;
 0, 0, 0, 1]
Ow:
[1.2893553;
 -2.7930827;
 5.5449986]
Keyframe: 116 Frame: 563 Frame from vFrameID : 564
Tcw:
[0.97918487, -0.15011804, -0.13660735, 1.5834666;
 -0.087606825, 0.29453254, -0.95161736, -2.7133393;
 0.18309024, 0.94377708, 0.27525043, 5.6615744;
 0, 0, 0, 1]
Twc:
[0.97918487, -0.087606825, 0.18309024, -2.8247926;
 -0.15011804, 0.29453254, 0.94377708, -4.3063903;
 -0.13660735, -0.95161736, 0.27525043, -3.9240985;
 0, 0, 0, 1]
Ow:
[1.5834666;
 -2.7133393;
 5.6615744]
Keyframe: 117 Frame: 568 Frame from vFrameID : 569
Tcw:
[0.98087353, -0.1448642, -0.13000594, 1.4394413;
 -0.079147741, 0.31335995, -0.94633037, -2.9380155;
 0.17782804, 0.93852007, 0.29590079, 5.6250811;
 0, 0, 0, 1]
Twc:
[0.98087353, -0.079147741, 0.17782804, -2.6447442;
 -0.1448642, 0.31335995, 0.93852007, -4.1500716;
 -0.13000594, -0.94633037, 0.29590079, -4.2576632;
 0, 0, 0, 1]
Ow:
[1.4394413;
 -2.9380155;
 5.6250811]
Keyframe: 118 Frame: 573 Frame from vFrameID : 574
Tcw:
[0.98442727, -0.13945752, -0.10702603, 1.4483986;
 -0.05702154, 0.32258517, -0.94482136, -3.0215154;
 0.16628745, 0.93621069, 0.30960953, 5.7395315;
 0, 0, 0, 1]
Twc:
[0.98442727, -0.05702154, 0.16628745, -2.5525465;
 -0.13945752, 0.32258517, 0.93621069, -4.1967244;
 -0.10702603, -0.94482136, 0.30960953, -4.4767895;
 0, 0, 0, 1]
Ow:
[1.4483986;
 -3.0215154;
 5.7395315]
Keyframe: 119 Frame: 579 Frame from vFrameID : 580
Tcw:
[0.97348881, -0.17941765, -0.14187597, 1.4911888;
 -0.082537025, 0.30293763, -0.94942951, -2.9888549;
 0.213324, 0.93596905, 0.28009778, 5.8621469;
 0, 0, 0, 1]
Twc:
[0.97348881, -0.082537025, 0.213324, -2.9488835;
 -0.17941765, 0.30293763, 0.93596905, -4.3138061;
 -0.14187597, -0.94942951, 0.28009778, -4.2681179;
 0, 0, 0, 1]
Ow:
[1.4911888;
 -2.9888549;
 5.8621469]
Keyframe: 120 Frame: 584 Frame from vFrameID : 585
Tcw:
[0.95928538, -0.20819639, -0.19085564, 1.5013232;
 -0.12084372, 0.30821675, -0.94360965, -2.9313869;
 0.25528103, 0.92825466, 0.27050859, 5.9667683;
 0, 0, 0, 1]
Twc:
[0.95928538, -0.12084372, 0.25528103, -3.3176398;
 -0.20819639, 0.30821675, 0.92825466, -4.3226075;
 -0.19085564, -0.94360965, 0.27050859, -4.0936112;
 0, 0, 0, 1]
Ow:
[1.5013232;
 -2.9313869;
 5.9667683]
Keyframe: 121 Frame: 590 Frame from vFrameID : 591
Tcw:
[0.95265007, -0.24332769, -0.18234426, 1.505924;
 -0.092994809, 0.33779457, -0.93661451, -2.9369965;
 0.28949916, 0.90922302, 0.29917181, 6.0423851;
 0, 0, 0, 1]
Twc:
[0.95265007, -0.092994809, 0.28949916, -3.4570093;
 -0.24332769, 0.33779457, 0.90922302, -4.1353407;
 -0.18234426, -0.93661451, 0.29917181, -4.2839484;
 0, 0, 0, 1]
Ow:
[1.505924;
 -2.9369965;
 6.0423851]
Keyframe: 122 Frame: 596 Frame from vFrameID : 597
Tcw:
[0.95581847, -0.24119401, -0.16803704, 1.5250417;
 -0.083539397, 0.32519123, -0.9419511, -2.9435384;
 0.28183714, 0.91437197, 0.2906746, 6.1356626;
 0, 0, 0, 1]
Twc:
[0.95581847, -0.083539397, 0.28183714, -3.432822;
 -0.24119401, 0.32519123, 0.91437197, -4.285234;
 -0.16803704, -0.9419511, 0.2906746, -4.2998867;
 0, 0, 0, 1]
Ow:
[1.5250417;
 -2.9435384;
 6.1356626]
Keyframe: 123 Frame: 602 Frame from vFrameID : 603
Tcw:
[0.96678263, -0.2226917, -0.12545803, 1.5537462;
 -0.042503759, 0.34393555, -0.93803078, -3.0401714;
 0.25204116, 0.91220433, 0.3230457, 6.2108507;
 0, 0, 0, 1]
Twc:
[0.96678263, -0.042503759, 0.25204116, -3.1967435;
 -0.2226917, 0.34393555, 0.91220433, -4.2739353;
 -0.12545803, -0.93803078, 0.3230457, -4.6632328;
 0, 0, 0, 1]
Ow:
[1.5537462;
 -3.0401714;
 6.2108507]
Keyframe: 124 Frame: 609 Frame from vFrameID : 610
Tcw:
[0.95051521, -0.22527178, -0.21394736, 1.5438101;
 -0.11457721, 0.38592279, -0.91538823, -3.0598035;
 0.28877831, 0.89460397, 0.34101447, 6.3363132;
 0, 0, 0, 1]
Twc:
[0.95051521, -0.11457721, 0.28877831, -3.6477885;
 -0.22527178, 0.38592279, 0.89460397, -4.1398659;
 -0.21394736, -0.91538823, 0.34101447, -4.6313887;
 0, 0, 0, 1]
Ow:
[1.5438101;
 -3.0598035;
 6.3363132]
Keyframe: 125 Frame: 614 Frame from vFrameID : 615
Tcw:
[0.94778615, -0.23465812, -0.21595594, 1.6101391;
 -0.11440571, 0.38191262, -0.91709, -2.985961;
 0.29767892, 0.89391178, 0.33512527, 6.3817091;
 0, 0, 0, 1]
Twc:
[0.94778615, -0.11440571, 0.29767892, -3.767379;
 -0.23465812, 0.38191262, 0.89391178, -4.1864767;
 -0.21595594, -0.91709, 0.33512527, -4.5293479;
 0, 0, 0, 1]
Ow:
[1.6101391;
 -2.985961;
 6.3817091]
Keyframe: 126 Frame: 618 Frame from vFrameID : 619
Tcw:
[0.93983907, -0.23368859, -0.24918309, 1.6261668;
 -0.14693758, 0.38196898, -0.91241932, -3.0977747;
 0.30840221, 0.89414167, 0.32465172, 6.4504304;
 0, 0, 0, 1]
Twc:
[0.93983907, -0.14693758, 0.30840221, -3.9728415;
 -0.23368859, 0.38196898, 0.89414167, -4.2043281;
 -0.24918309, -0.91241932, 0.32465172, -4.5153995;
 0, 0, 0, 1]
Ow:
[1.6261668;
 -3.0977747;
 6.4504304]
Keyframe: 127 Frame: 623 Frame from vFrameID : 624
Tcw:
[0.93030822, -0.23549032, -0.28119558, 1.6698748;
 -0.16691166, 0.41085935, -0.89628965, -3.1625903;
 0.32659936, 0.88076043, 0.34291974, 6.5190678;
 0, 0, 0, 1]
Twc:
[0.93030822, -0.16691166, 0.32659936, -4.2104945;
 -0.23549032, 0.41085935, 0.88076043, -4.0491176;
 -0.28119558, -0.89628965, 0.34291974, -4.6005526;
 0, 0, 0, 1]
Ow:
[1.6698748;
 -3.1625903;
 6.5190678]
Keyframe: 128 Frame: 628 Frame from vFrameID : 629
Tcw:
[0.93610358, -0.22798726, -0.26782808, 1.6680683;
 -0.15079534, 0.42779148, -0.89120996, -3.1781571;
 0.3177591, 0.87465209, 0.36607772, 6.5987234;
 0, 0, 0, 1]
Twc:
[0.93610358, -0.15079534, 0.3177591, -4.1375403;
 -0.22798726, 0.42779148, 0.87465209, -4.0317001;
 -0.26782808, -0.89120996, 0.36607772, -4.8012953;
 0, 0, 0, 1]
Ow:
[1.6680683;
 -3.1781571;
 6.5987234]
Keyframe: 129 Frame: 633 Frame from vFrameID : 634
Tcw:
[0.94099844, -0.22460057, -0.25313345, 1.6872572;
 -0.14335322, 0.41302192, -0.89936799, -3.2147274;
 0.30654821, 0.88259137, 0.35645574, 6.7321658;
 0, 0, 0, 1]
Twc:
[0.94099844, -0.14335322, 0.30654821, -4.1122813;
 -0.22460057, 0.41302192, 0.88259137, -4.2350397;
 -0.25313345, -0.89936799, 0.35645574, -4.8638411;
 0, 0, 0, 1]
Ow:
[1.6872572;
 -3.2147274;
 6.7321658]
Keyframe: 130 Frame: 638 Frame from vFrameID : 639
Tcw:
[0.94875622, -0.20857674, -0.23739716, 1.6989461;
 -0.14046699, 0.39458668, -0.90805858, -3.2731802;
 0.28307366, 0.89487267, 0.34506842, 6.8451672;
 0, 0, 0, 1]
Twc:
[0.94875622, -0.14046699, 0.28307366, -4.009346;
 -0.20857674, 0.39458668, 0.89487267, -4.4796391;
 -0.23739716, -0.90805858, 0.34506842, -4.9309654;
 0, 0, 0, 1]
Ow:
[1.6989461;
 -3.2731802;
 6.8451672]
Keyframe: 131 Frame: 643 Frame from vFrameID : 644
Tcw:
[0.95528388, -0.19451797, -0.22270034, 1.7079655;
 -0.12656642, 0.41168112, -0.90249634, -3.3485501;
 0.26723325, 0.89032656, 0.36865288, 6.9234028;
 0, 0, 0, 1]
Twc:
[0.95528388, -0.12656642, 0.26723325, -3.9055696;
 -0.19451797, 0.41168112, 0.89032656, -4.4533248;
 -0.22270034, -0.90249634, 0.36865288, -5.1940222;
 0, 0, 0, 1]
Ow:
[1.7079655;
 -3.3485501;
 6.9234028]
Keyframe: 132 Frame: 649 Frame from vFrameID : 650
Tcw:
[0.9524129, -0.21108788, -0.21988994, 1.8029941;
 -0.12592404, 0.3844786, -0.91450495, -3.3756299;
 0.2775839, 0.89867574, 0.33960134, 7.0990176;
 0, 0, 0, 1]
Twc:
[0.9524129, -0.12592404, 0.2775839, -4.1128407;
 -0.21108788, 0.3844786, 0.89867574, -4.7012677;
 -0.21988994, -0.91450495, 0.33960134, -5.1014061;
 0, 0, 0, 1]
Ow:
[1.8029941;
 -3.3756299;
 7.0990176]
Keyframe: 133 Frame: 655 Frame from vFrameID : 656
Tcw:
[0.93750662, -0.2420433, -0.24999274, 1.6379727;
 -0.14716521, 0.37522069, -0.9151786, -3.393188;
 0.31531531, 0.89477623, 0.31615153, 7.2658753;
 0, 0, 0, 1]
Twc:
[0.93750662, -0.14716521, 0.31531531, -4.3260112;
 -0.2420433, 0.37522069, 0.89477623, -4.8316779;
 -0.24999274, -0.9151786, 0.31615153, -4.9930091;
 0, 0, 0, 1]
Ow:
[1.6379727;
 -3.393188;
 7.2658753]
Keyframe: 134 Frame: 660 Frame from vFrameID : 661
Tcw:
[0.92589128, -0.27251843, -0.2616469, 1.6981176;
 -0.1414009, 0.39225096, -0.90892518, -3.4080291;
 0.35033008, 0.87856299, 0.32464737, 7.4557991;
 0, 0, 0, 1]
Twc:
[0.92589128, -0.1414009, 0.35033008, -4.6661615;
 -0.27251843, 0.39225096, 0.87856299, -4.7508187;
 -0.2616469, -0.90892518, 0.32464737, -5.073842;
 0, 0, 0, 1]
Ow:
[1.6981176;
 -3.4080291;
 7.4557991]
Keyframe: 135 Frame: 666 Frame from vFrameID : 667
Tcw:
[0.93558747, -0.2611593, -0.23763821, 1.7039784;
 -0.11620159, 0.40779674, -0.90564841, -3.4572508;
 0.33342659, 0.87492722, 0.3511824, 7.5041804;
 0, 0, 0, 1]
Twc:
[0.93558747, -0.11620159, 0.33342659, -4.4980521;
 -0.2611593, 0.40779674, 0.87492722, -4.7107463;
 -0.23763821, -0.90564841, 0.3511824, -5.3614593;
 0, 0, 0, 1]
Ow:
[1.7039784;
 -3.4572508;
 7.5041804]
Keyframe: 136 Frame: 671 Frame from vFrameID : 672
Tcw:
[0.93502802, -0.2596758, -0.24143554, 1.6877868;
 -0.12044027, 0.40782931, -0.90507978, -3.4386809;
 0.3334918, 0.87535352, 0.35005641, 7.748395;
 0, 0, 0, 1]
Twc:
[0.93502802, -0.12044027, 0.3334918, -4.5763097;
 -0.2596758, 0.40782931, 0.87535352, -4.9419122;
 -0.24143554, -0.90507978, 0.35005641, -5.4171638;
 0, 0, 0, 1]
Ow:
[1.6877868;
 -3.4386809;
 7.748395]
Keyframe: 137 Frame: 677 Frame from vFrameID : 678
Tcw:
[0.94355136, -0.25847688, -0.20712444, 1.7334012;
 -0.084835507, 0.41587889, -0.9054544, -3.370507;
 0.32017773, 0.87191421, 0.37047508, 7.7372108;
 0, 0, 0, 1]
Twc:
[0.94355136, -0.084835507, 0.32017773, -4.3987741;
 -0.25847688, 0.41587889, 0.87191421, -4.8964176;
 -0.20712444, -0.9054544, 0.37047508, -5.5592542;
 0, 0, 0, 1]
Ow:
[1.7334012;
 -3.370507;
 7.7372108]
Keyframe: 138 Frame: 683 Frame from vFrameID : 684
Tcw:
[0.93896782, -0.25904489, -0.22635184, 1.7295357;
 -0.10720348, 0.40487769, -0.90806466, -3.4674704;
 0.32687435, 0.87690926, 0.35239661, 7.7964764;
 0, 0, 0, 1]
Twc:
[0.93896782, -0.10720348, 0.32687435, -4.5441709;
 -0.25904489, 0.40487769, 0.87690926, -4.9848728;
 -0.22635184, -0.90806466, 0.35239661, -5.5046558;
 0, 0, 0, 1]
Ow:
[1.7295357;
 -3.4674704;
 7.7964764]
Keyframe: 139 Frame: 689 Frame from vFrameID : 690
Tcw:
[0.92564082, -0.27929801, -0.25530696, 1.7441711;
 -0.111886, 0.44251639, -0.88975322, -3.3039904;
 0.36148381, 0.85215718, 0.3783617, 7.8265734;
 0, 0, 0, 1]
Twc:
[0.92564082, -0.111886, 0.36148381, -4.8133259;
 -0.27929801, 0.44251639, 0.85215718, -4.7202578;
 -0.25530696, -0.88975322, 0.3783617, -5.4557128;
 0, 0, 0, 1]
Ow:
[1.7441711;
 -3.3039904;
 7.8265734]
Keyframe: 140 Frame: 695 Frame from vFrameID : 696
Tcw:
[0.92134655, -0.28006881, -0.26959607, 1.7262502;
 -0.12449864, 0.44439802, -0.8871361, -3.2359829;
 0.36826712, 0.85092413, 0.37457639, 7.8862686;
 0, 0, 0, 1]
Twc:
[0.92134655, -0.12449864, 0.36826712, -4.8976035;
 -0.28006881, 0.44439802, 0.85092413, -4.7890835;
 -0.26959607, -0.8871361, 0.37457639, -5.3593774;
 0, 0, 0, 1]
Ow:
[1.7262502;
 -3.2359829;
 7.8862686]
Keyframe: 141 Frame: 702 Frame from vFrameID : 703
Tcw:
[0.93357021, -0.27604765, -0.22857039, 1.7121962;
 -0.090256579, 0.43611985, -0.89535087, -3.2315228;
 0.34684357, 0.85650289, 0.38223338, 7.9434166;
 0, 0, 0, 1]
Twc:
[0.93357021, -0.090256579, 0.34684357, -4.6452446;
 -0.27604765, 0.43611985, 0.85650289, -4.9215803;
 -0.22857039, -0.89535087, 0.38223338, -5.5382285;
 0, 0, 0, 1]
Ow:
[1.7121962;
 -3.2315228;
 7.9434166]
Keyframe: 142 Frame: 708 Frame from vFrameID : 709
Tcw:
[0.95303166, -0.24348289, -0.18012968, 1.615002;
 -0.052192241, 0.45381564, -0.88956583, -3.3418109;
 0.29833972, 0.85718578, 0.41979277, 8.1294689;
 0, 0, 0, 1]
Twc:
[0.95303166, -0.052192241, 0.29833972, -4.1389084;
 -0.24348289, 0.45381564, 0.85718578, -5.0586739;
 -0.18012968, -0.88956583, 0.41979277, -6.094543;
 0, 0, 0, 1]
Ow:
[1.615002;
 -3.3418109;
 8.1294689]
Keyframe: 143 Frame: 716 Frame from vFrameID : 717
Tcw:
[0.94790822, -0.24824469, -0.19961099, 1.6222087;
 -0.062433295, 0.46969718, -0.8806172, -3.5161691;
 0.31236526, 0.84720665, 0.4297311, 8.1950731;
 0, 0, 0, 1]
Twc:
[0.94790822, -0.062433295, 0.31236526, -4.3170872;
 -0.24824469, 0.46969718, 0.84720665, -4.8886819;
 -0.19961099, -0.8806172, 0.4297311, -6.2942662;
 0, 0, 0, 1]
Ow:
[1.6222087;
 -3.5161691;
 8.1950731]
Keyframe: 144 Frame: 723 Frame from vFrameID : 724
Tcw:
[0.93447685, -0.26072744, -0.24243394, 1.720953;
 -0.095450155, 0.47254601, -0.87612188, -3.5690231;
 0.34299019, 0.84185594, 0.41669685, 8.4889727;
 0, 0, 0, 1]
Twc:
[0.93447685, -0.095450155, 0.34299019, -4.8604889;
 -0.26072744, 0.47254601, 0.84185594, -5.0112653;
 -0.24243394, -0.87612188, 0.41669685, -6.2470102;
 0, 0, 0, 1]
Ow:
[1.720953;
 -3.5690231;
 8.4889727]
Keyframe: 145 Frame: 731 Frame from vFrameID : 732
Tcw:
[0.93336058, -0.25586632, -0.25173497, 1.7685834;
 -0.09600798, 0.49781379, -0.86195356, -3.5340896;
 0.34586203, 0.82868201, 0.44007456, 8.4766378;
 0, 0, 0, 1]
Twc:
[0.93336058, -0.09600798, 0.34586203, -4.9217739;
 -0.25586632, 0.49781379, 0.82868201, -4.8125978;
 -0.25173497, -0.86195356, 0.44007456, -6.3313589;
 0, 0, 0, 1]
Ow:
[1.7685834;
 -3.5340896;
 8.4766378]
Keyframe: 146 Frame: 739 Frame from vFrameID : 740
Tcw:
[0.93110996, -0.24475336, -0.27042559, 1.8669674;
 -0.10559963, 0.52877319, -0.84216845, -3.6372313;
 0.34911734, 0.81270826, 0.4665001, 8.5016451;
 0, 0, 0, 1]
Twc:
[0.93110996, -0.10559963, 0.34911734, -5.0905142;
 -0.24475336, 0.52877319, 0.81270826, -4.5291405;
 -0.27042559, -0.84216845, 0.4665001, -6.5243039;
 0, 0, 0, 1]
Ow:
[1.8669674;
 -3.6372313;
 8.5016451]
Keyframe: 147 Frame: 747 Frame from vFrameID : 748
Tcw:
[0.93800807, -0.23776758, -0.25220516, 1.6930467;
 -0.11027822, 0.48509821, -0.86747819, -3.0920119;
 0.32860246, 0.84151429, 0.42880547, 8.8050632;
 0, 0, 0, 1]
Twc:
[0.93800807, -0.11027822, 0.32860246, -4.8224382;
 -0.23776758, 0.48509821, 0.84151429, -5.5071054;
 -0.25220516, -0.86747819, 0.42880547, -6.0309172;
 0, 0, 0, 1]
Ow:
[1.6930467;
 -3.0920119;
 8.8050632]
Keyframe: 148 Frame: 754 Frame from vFrameID : 755
Tcw:
[0.91236973, -0.24665688, -0.3267138, 1.8513007;
 -0.16211367, 0.51514769, -0.84163058, -3.164701;
 0.37589982, 0.82084298, 0.43001869, 8.9620209;
 0, 0, 0, 1]
Twc:
[0.91236973, -0.16211367, 0.37589982, -5.5709343;
 -0.24665688, 0.51514769, 0.82084298, -5.2694879;
 -0.3267138, -0.84163058, 0.43001869, -5.9125004;
 0, 0, 0, 1]
Ow:
[1.8513007;
 -3.164701;
 8.9620209]
Keyframe: 149 Frame: 761 Frame from vFrameID : 762
Tcw:
[0.90801758, -0.27664241, -0.3145999, 1.7537678;
 -0.13230368, 0.5231601, -0.8419022, -3.1941106;
 0.39749196, 0.80608469, 0.43843773, 9.13937;
 0, 0, 0, 1]
Twc:
[0.90801758, -0.13230368, 0.39749196, -5.6478705;
 -0.27664241, 0.5231601, 0.80608469, -5.2109079;
 -0.3145999, -0.8419022, 0.43843773, -6.1444378;
 0, 0, 0, 1]
Ow:
[1.7537678;
 -3.1941106;
 9.13937]
Keyframe: 150 Frame: 766 Frame from vFrameID : 767
Tcw:
[0.91646141, -0.25481418, -0.30849341, 1.7962679;
 -0.12763174, 0.54455048, -0.82896018, -3.245214;
 0.37922105, 0.79908359, 0.46653709, 9.1542654;
 0, 0, 0, 1]
Twc:
[0.91646141, -0.12763174, 0.37922105, -5.5318923;
 -0.25481418, 0.54455048, 0.79908359, -5.0901256;
 -0.30849341, -0.82896018, 0.46653709, -6.4068208;
 0, 0, 0, 1]
Ow:
[1.7962679;
 -3.245214;
 9.1542654]
Keyframe: 151 Frame: 772 Frame from vFrameID : 773
Tcw:
[0.94135159, -0.2233813, -0.25289914, 1.7647738;
 -0.090518735, 0.55484337, -0.82701582, -3.2646914;
 0.32505926, 0.80140477, 0.50208247, 9.2105064;
 0, 0, 0, 1]
Twc:
[0.94135159, -0.090518735, 0.32505926, -4.9507494;
 -0.2233813, 0.55484337, 0.80140477, -5.1757345;
 -0.25289914, -0.82701582, 0.50208247, -6.8780761;
 0, 0, 0, 1]
Ow:
[1.7647738;
 -3.2646914;
 9.2105064]
Keyframe: 152 Frame: 777 Frame from vFrameID : 778
Tcw:
[0.94810009, -0.21275893, -0.23630448, 1.7911586;
 -0.07971219, 0.56039679, -0.82437944, -3.3433404;
 0.30781835, 0.8004306, 0.51435274, 9.2988749;
 0, 0, 0, 1]
Twc:
[0.94810009, -0.07971219, 0.30781835, -4.8270669;
 -0.21275893, 0.56039679, 0.8004306, -5.1884212;
 -0.23630448, -0.82437944, 0.51435274, -7.1158237;
 0, 0, 0, 1]
Ow:
[1.7911586;
 -3.3433404;
 9.2988749]
Keyframe: 153 Frame: 782 Frame from vFrameID : 783
Tcw:
[0.93500572, -0.22344199, -0.27538696, 1.897053;
 -0.11427379, 0.54528999, -0.83042175, -3.4979992;
 0.33571684, 0.80791861, 0.48431572, 9.4006853;
 0, 0, 0, 1]
Twc:
[0.93500572, -0.11427379, 0.33571684, -5.3294535;
 -0.22344199, 0.54528999, 0.80791861, -5.2636828;
 -0.27538696, -0.83042175, 0.48431572, -6.9352903;
 0, 0, 0, 1]
Ow:
[1.897053;
 -3.4979992;
 9.4006853]
Keyframe: 154 Frame: 787 Frame from vFrameID : 788
Tcw:
[0.92827839, -0.23983857, -0.2842125, 1.9307215;
 -0.099369653, 0.5764907, -0.81103897, -3.4944906;
 0.35836428, 0.78111202, 0.51131117, 9.4212856;
 0, 0, 0, 1]
Twc:
[0.92827839, -0.099369653, 0.35836428, -5.5157452;
 -0.23983857, 0.5764907, 0.78111202, -4.8814759;
 -0.2842125, -0.81103897, 0.51131117, -7.1026411;
 0, 0, 0, 1]
Ow:
[1.9307215;
 -3.4944906;
 9.4212856]
Keyframe: 155 Frame: 793 Frame from vFrameID : 794
Tcw:
[0.91960698, -0.2547321, -0.29905602, 1.7424066;
 -0.094514832, 0.59543782, -0.79782248, -3.3427904;
 0.38130027, 0.76194841, 0.52349281, 9.5139694;
 0, 0, 0, 1]
Twc:
[0.91960698, -0.094514832, 0.38130027, -5.5459518;
 -0.2547321, 0.59543782, 0.76194841, -4.8148832;
 -0.29905602, -0.79782248, 0.52349281, -7.1263714;
 0, 0, 0, 1]
Ow:
[1.7424066;
 -3.3427904;
 9.5139694]
Keyframe: 156 Frame: 798 Frame from vFrameID : 799
Tcw:
[0.92367494, -0.26346922, -0.27822393, 1.5670514;
 -0.077204823, 0.58324045, -0.8086223, -3.4459565;
 0.37531853, 0.7683844, 0.5183835, 9.6400232;
 0, 0, 0, 1]
Twc:
[0.92367494, -0.077204823, 0.37531853, -5.3315701;
 -0.26346922, 0.58324045, 0.7683844, -4.9845524;
 -0.27822393, -0.8086223, 0.5183835, -7.3477144;
 0, 0, 0, 1]
Ow:
[1.5670514;
 -3.4459565;
 9.6400232]
Keyframe: 157 Frame: 803 Frame from vFrameID : 804
Tcw:
[0.92852008, -0.24105258, -0.28239003, 1.5247366;
 -0.085160047, 0.60203254, -0.79391724, -3.3776631;
 0.36138377, 0.76121646, 0.53847122, 9.5147829;
 0, 0, 0, 1]
Twc:
[0.92852008, -0.085160047, 0.36138377, -5.1418791;
 -0.24105258, 0.60203254, 0.76121646, -4.8418045;
 -0.28239003, -0.79391724, 0.53847122, -7.3744516;
 0, 0, 0, 1]
Ow:
[1.5247366;
 -3.3776631;
 9.5147829]
Keyframe: 158 Frame: 807 Frame from vFrameID : 808
Tcw:
[0.93315411, -0.21904121, -0.28503388, 1.5158036;
 -0.090896741, 0.62337059, -0.77662528, -3.3921707;
 0.34779471, 0.75061977, 0.5617907, 9.5148125;
 0, 0, 0, 1]
Twc:
[0.93315411, -0.090896741, 0.34779471, -5.0320168;
 -0.21904121, 0.62337059, 0.75061977, -4.6954031;
 -0.28503388, -0.77662528, 0.5617907, -7.5477238;
 0, 0, 0, 1]
Ow:
[1.5158036;
 -3.3921707;
 9.5148125]
Keyframe: 159 Frame: 811 Frame from vFrameID : 812
Tcw:
[0.93460542, -0.20783736, -0.28864565, 1.538357;
 -0.10746662, 0.60858768, -0.78617555, -3.3980873;
 0.33906284, 0.76578373, 0.54645377, 9.6151543;
 0, 0, 0, 1]
Twc:
[0.93460542, -0.10746662, 0.33906284, -5.0630794;
 -0.20783736, 0.60858768, 0.76578373, -4.9753661;
 -0.28864565, -0.78617555, 0.54645377, -7.4816899;
 0, 0, 0, 1]
Ow:
[1.538357;
 -3.3980873;
 9.6151543]
Keyframe: 160 Frame: 816 Frame from vFrameID : 817
Tcw:
[0.91290474, -0.25452995, -0.31909153, 1.5569189;
 -0.1132682, 0.59307951, -0.79713672, -3.4743078;
 0.39214185, 0.76385283, 0.512595, 9.6787891;
 0, 0, 0, 1]
Twc:
[0.91290474, -0.1132682, 0.39214185, -5.6103058;
 -0.25452995, 0.59307951, 0.76385283, -4.9363475;
 -0.31909153, -0.79713672, 0.512595, -7.2339978;
 0, 0, 0, 1]
Ow:
[1.5569189;
 -3.4743078;
 9.6787891]
Keyframe: 161 Frame: 821 Frame from vFrameID : 822
Tcw:
[0.90668243, -0.26474518, -0.32838541, 1.515429;
 -0.11248633, 0.59856135, -0.79314005, -3.4206946;
 0.40653881, 0.75606501, 0.51292485, 9.8212843;
 0, 0, 0, 1]
Twc:
[0.90668243, -0.11248633, 0.40653881, -5.7515273;
 -0.26474518, 0.59856135, 0.75606501, -4.976831;
 -0.32838541, -0.79314005, 0.51292485, -7.2530255;
 0, 0, 0, 1]
Ow:
[1.515429;
 -3.4206946;
 9.8212843]
Keyframe: 162 Frame: 826 Frame from vFrameID : 827
Tcw:
[0.89607888, -0.31502309, -0.31273487, 1.5743442;
 -0.051543836, 0.62591666, -0.77818477, -3.3421841;
 0.44089213, 0.71343452, 0.54463321, 9.8812561;
 0, 0, 0, 1]
Twc:
[0.89607888, -0.051543836, 0.44089213, -5.9395733;
 -0.31502309, 0.62591666, 0.71343452, -4.4617448;
 -0.31273487, -0.77818477, 0.54463321, -7.4901443;
 0, 0, 0, 1]
Ow:
[1.5743442;
 -3.3421841;
 9.8812561]
Keyframe: 163 Frame: 831 Frame from vFrameID : 832
Tcw:
[0.91381723, -0.27343771, -0.30028298, 1.571003;
 -0.080151804, 0.60341632, -0.79338795, -3.3600819;
 0.39813784, 0.74907976, 0.52949572, 9.8855114;
 0, 0, 0, 1]
Twc:
[0.91381723, -0.080151804, 0.39813784, -5.6407223;
 -0.27343771, 0.60341632, 0.74907976, -4.947937;
 -0.30028298, -0.79338795, 0.52949572, -7.4284387;
 0, 0, 0, 1]
Ow:
[1.571003;
 -3.3600819;
 9.8855114]
Keyframe: 164 Frame: 835 Frame from vFrameID : 836
Tcw:
[0.90207124, -0.23092984, -0.36460781, 1.5703435;
 -0.1476897, 0.62863201, -0.76355064, -3.3637235;
 0.40553078, 0.74262589, 0.53296489, 9.8864822;
 0, 0, 0, 1]
Twc:
[0.90207124, -0.1476897, 0.40553078, -5.9226222;
 -0.23092984, 0.62863201, 0.74262589, -4.8647747;
 -0.36460781, -0.76355064, 0.53296489, -7.2649617;
 0, 0, 0, 1]
Ow:
[1.5703435;
 -3.3637235;
 9.8864822]
Keyframe: 165 Frame: 840 Frame from vFrameID : 841
Tcw:
[0.91090322, -0.24594688, -0.33130866, 1.5816875;
 -0.11065087, 0.62792712, -0.77036607, -3.3604989;
 0.39750683, 0.73838854, 0.5447666, 9.896862;
 0, 0, 0, 1]
Twc:
[0.91090322, -0.11065087, 0.39750683, -5.7466769;
 -0.24594688, 0.62792712, 0.73838854, -4.8085694;
 -0.33130866, -0.77036607, 0.5447666, -7.4562674;
 0, 0, 0, 1]
Ow:
[1.5816875;
 -3.3604989;
 9.896862]
Keyframe: 166 Frame: 845 Frame from vFrameID : 846
Tcw:
[0.90860504, -0.28562328, -0.30472323, 1.6016006;
 -0.087422401, 0.5833776, -0.80748242, -3.2920361;
 0.4084045, 0.76032221, 0.50508994, 9.9532022;
 0, 0, 0, 1]
Twc:
[0.90860504, -0.087422401, 0.4084045, -5.8079529;
 -0.28562328, 0.5833776, 0.76032221, -5.1896873;
 -0.30472323, -0.80748242, 0.50508994, -7.1974792;
 0, 0, 0, 1]
Ow:
[1.6016006;
 -3.2920361;
 9.9532022]
Keyframe: 167 Frame: 850 Frame from vFrameID : 851
Tcw:
[0.90337241, -0.2639071, -0.33804047, 1.5855422;
 -0.12714913, 0.58797652, -0.79882205, -3.294193;
 0.40957469, 0.76461536, 0.49760619, 9.9707222;
 0, 0, 0, 1]
Twc:
[0.90337241, -0.12714913, 0.40957469, -5.9349442;
 -0.2639071, 0.58797652, 0.76461536, -5.2684236;
 -0.33804047, -0.79882205, 0.49760619, -7.0569906;
 0, 0, 0, 1]
Ow:
[1.5855422;
 -3.294193;
 9.9707222]
Keyframe: 168 Frame: 854 Frame from vFrameID : 855
Tcw:
[0.89608955, -0.288041, -0.33772162, 1.5623639;
 -0.11116289, 0.59097612, -0.79899311, -3.3202276;
 0.42972818, 0.75351155, 0.49754807, 9.9917545;
 0, 0, 0, 1]
Twc:
[0.89608955, -0.11116289, 0.42972818, -6.0628424;
 -0.288041, 0.59097612, 0.75351155, -5.1167016;
 -0.33772162, -0.79899311, 0.49754807, -7.0965734;
 0, 0, 0, 1]
Ow:
[1.5623639;
 -3.3202276;
 9.9917545]
Keyframe: 169 Frame: 861 Frame from vFrameID : 862
Tcw:
[0.9001646, -0.2265012, -0.37202266, 1.5451543;
 -0.16643211, 0.61044955, -0.7743718, -3.3069324;
 0.4024972, 0.75897861, 0.51180804, 10.030915;
 0, 0, 0, 1]
Twc:
[0.9001646, -0.16643211, 0.4024972, -5.9786887;
 -0.2265012, 0.61044955, 0.75897861, -5.2445555;
 -0.37202266, -0.7743718, 0.51180804, -7.1198659;
 0, 0, 0, 1]
Ow:
[1.5451543;
 -3.3069324;
 10.030915]
Keyframe: 170 Frame: 868 Frame from vFrameID : 869
Tcw:
[0.91358387, -0.22591475, -0.33812284, 1.5285628;
 -0.14220746, 0.60149354, -0.78611869, -3.348289;
 0.3809745, 0.76626891, 0.51738799, 10.080645;
 0, 0, 0, 1]
Twc:
[0.91358387, -0.14220746, 0.3809745, -5.7130899;
 -0.22591475, 0.60149354, 0.76626891, -5.3651857;
 -0.33812284, -0.78611869, 0.51738799, -7.3309155;
 0, 0, 0, 1]
Ow:
[1.5285628;
 -3.348289;
 10.080645]
Keyframe: 171 Frame: 874 Frame from vFrameID : 875
Tcw:
[0.93120754, -0.18782051, -0.31237155, 1.5224698;
 -0.14400432, 0.59770757, -0.78867507, -3.3622026;
 0.33483621, 0.77940303, 0.52954286, 10.117508;
 0, 0, 0, 1]
Twc:
[0.93120754, -0.14400432, 0.33483621, -5.2896147;
 -0.18782051, 0.59770757, 0.77940303, -5.5900507;
 -0.31237155, -0.78867507, 0.52954286, -7.5337629;
 0, 0, 0, 1]
Ow:
[1.5224698;
 -3.3622026;
 10.117508]
Keyframe: 172 Frame: 880 Frame from vFrameID : 881
Tcw:
[0.94298595, -0.17134368, -0.28533983, 1.5519602;
 -0.13345611, 0.59071898, -0.79576415, -3.2522948;
 0.30490482, 0.78847474, 0.53417283, 10.187975;
 0, 0, 0, 1]
Twc:
[0.94298595, -0.13345611, 0.30490482, -5.0038776;
 -0.17134368, 0.59071898, 0.78847474, -5.84585;
 -0.28533983, -0.79576415, 0.53417283, -7.5873628;
 0, 0, 0, 1]
Ow:
[1.5519602;
 -3.2522948;
 10.187975]
Keyframe: 173 Frame: 887 Frame from vFrameID : 888
Tcw:
[0.90965211, -0.29084915, -0.2965464, 1.5084975;
 -0.051825423, 0.6288808, -0.77577257, -3.2974346;
 0.41212511, 0.72105181, 0.55698937, 10.340467;
 0, 0, 0, 1]
Twc:
[0.90965211, -0.051825423, 0.41212511, -5.8046656;
 -0.29084915, 0.6288808, 0.72105181, -4.9435744;
 -0.2965464, -0.77577257, 0.55698937, -7.8702507;
 0, 0, 0, 1]
Ow:
[1.5084975;
 -3.2974346;
 10.340467]
Keyframe: 174 Frame: 894 Frame from vFrameID : 895
Tcw:
[0.90383434, -0.28002423, -0.32352737, 1.5657296;
 -0.064606085, 0.65813208, -0.75012547, -3.1866026;
 0.42297703, 0.69889098, 0.57675111, 10.372627;
 0, 0, 0, 1]
Twc:
[0.90383434, -0.064606085, 0.42297703, -6.0084167;
 -0.28002423, 0.65813208, 0.69889098, -4.7136879;
 -0.32352737, -0.75012547, 0.57675111, -7.866219;
 0, 0, 0, 1]
Ow:
[1.5657296;
 -3.1866026;
 10.372627]
Keyframe: 175 Frame: 902 Frame from vFrameID : 903
Tcw:
[0.88991702, -0.27525169, -0.36370903, 1.539675;
 -0.085572876, 0.68248284, -0.72587496, -3.2125459;
 0.44802347, 0.67709213, 0.583799, 10.428753;
 0, 0, 0, 1]
Twc:
[0.88991702, -0.085572876, 0.44802347, -6.3174157;
 -0.27525169, 0.68248284, 0.67709213, -4.444921;
 -0.36370903, -0.72587496, 0.583799, -7.8602085;
 0, 0, 0, 1]
Ow:
[1.539675;
 -3.2125459;
 10.428753]
Keyframe: 176 Frame: 909 Frame from vFrameID : 910
Tcw:
[0.9016701, -0.28592587, -0.32440317, 1.548063;
 -0.066964343, 0.64882016, -0.75798959, -3.1738868;
 0.42720813, 0.70517999, 0.56587487, 10.450266;
 0, 0, 0, 1]
Twc:
[0.9016701, -0.066964343, 0.42720813, -6.0728178;
 -0.28592587, 0.64882016, 0.70517999, -4.8674054;
 -0.32440317, -0.75798959, 0.56587487, -7.8171196;
 0, 0, 0, 1]
Ow:
[1.548063;
 -3.1738868;
 10.450266]
Keyframe: 177 Frame: 917 Frame from vFrameID : 918
Tcw:
[0.93011272, -0.22438622, -0.29075968, 1.4783492;
 -0.070727155, 0.66742104, -0.74131429, -3.0910046;
 0.36039981, 0.71007043, 0.60490656, 10.54215;
 0, 0, 0, 1]
Twc:
[0.93011272, -0.070727155, 0.36039981, -5.3930387;
 -0.22438622, 0.66742104, 0.71007043, -5.0909472;
 -0.29075968, -0.74131429, 0.60490656, -8.2385778;
 0, 0, 0, 1]
Ow:
[1.4783492;
 -3.0910046;
 10.54215]
Keyframe: 178 Frame: 924 Frame from vFrameID : 925
Tcw:
[0.93872947, -0.16614449, -0.3019653, 1.4885147;
 -0.12803504, 0.64533257, -0.75309557, -3.016742;
 0.31999072, 0.74561512, 0.5845204, 10.601816;
 0, 0, 0, 1]
Twc:
[0.93872947, -0.12803504, 0.31999072, -5.176044;
 -0.16614449, 0.64533257, 0.74561512, -5.7107635;
 -0.3019653, -0.75309557, 0.5845204, -8.019392;
 0, 0, 0, 1]
Ow:
[1.4885147;
 -3.016742;
 10.601816]
Keyframe: 179 Frame: 930 Frame from vFrameID : 931
Tcw:
[0.94302881, -0.13894159, -0.30231097, 1.4984825;
 -0.14195004, 0.65376198, -0.74326676, -3.109519;
 0.30091009, 0.74383503, 0.59679359, 10.620927;
 0, 0, 0, 1]
Twc:
[0.94302881, -0.14195004, 0.30091009, -5.0504522;
 -0.13894159, 0.65376198, 0.74383503, -5.6591306;
 -0.30231097, -0.74326676, 0.59679359, -8.1966953;
 0, 0, 0, 1]
Ow:
[1.4984825;
 -3.109519;
 10.620927]
Keyframe: 180 Frame: 939 Frame from vFrameID : 940
Tcw:
[0.92594481, -0.16090284, -0.34166729, 1.4903843;
 -0.16015537, 0.65202147, -0.74109262, -3.1399851;
 0.34201834, 0.74093074, 0.57796639, 10.725586;
 0, 0, 0, 1]
Twc:
[0.92594481, -0.16015537, 0.34201834, -5.5512457;
 -0.16090284, 0.65202147, 0.74093074, -5.6597714;
 -0.34166729, -0.74109262, 0.57796639, -8.0168333;
 0, 0, 0, 1]
Ow:
[1.4903843;
 -3.1399851;
 10.725586]
Keyframe: 181 Frame: 947 Frame from vFrameID : 948
Tcw:
[0.92136073, -0.15896679, -0.35471666, 1.5070817;
 -0.18492235, 0.62341255, -0.75971079, -3.1469545;
 0.34190363, 0.76556277, 0.54499137, 10.780366;
 0, 0, 0, 1]
Twc:
[0.92136073, -0.18492235, 0.34190363, -5.656354;
 -0.15896679, 0.62341255, 0.76556277, -6.0516195;
 -0.35471666, -0.75971079, 0.54499137, -7.7313943;
 0, 0, 0, 1]
Ow:
[1.5070817;
 -3.1469545;
 10.780366]
Keyframe: 182 Frame: 955 Frame from vFrameID : 956
Tcw:
[0.95343357, -0.15324336, -0.25977096, 1.4912724;
 -0.093864188, 0.66776228, -0.73843282, -3.162766;
 0.28662518, 0.72842985, 0.62228286, 10.81897;
 0, 0, 0, 1]
Twc:
[0.95343357, -0.093864188, 0.28662518, -4.8196888;
 -0.15324336, 0.66776228, 0.72842985, -5.5403571;
 -0.25977096, -0.73843282, 0.62228286, -8.6805611;
 0, 0, 0, 1]
Ow:
[1.4912724;
 -3.162766;
 10.81897]
Keyframe: 183 Frame: 964 Frame from vFrameID : 965
Tcw:
[0.96558756, -0.11576679, -0.23289204, 1.5367322;
 -0.089547344, 0.69273108, -0.71561509, -3.184751;
 0.24417602, 0.71184391, 0.65852588, 10.850977;
 0, 0, 0, 1]
Twc:
[0.96558756, -0.089547344, 0.24417602, -4.4185839;
 -0.11576679, 0.69273108, 0.71184391, -5.3401232;
 -0.23289204, -0.71561509, 0.65852588, -9.0668125;
 0, 0, 0, 1]
Ow:
[1.5367322;
 -3.184751;
 10.850977]
Keyframe: 184 Frame: 970 Frame from vFrameID : 971
Tcw:
[0.96600813, -0.12630117, -0.22555774, 1.5074074;
 -0.081482679, 0.67928559, -0.72933644, -3.1696107;
 0.24533418, 0.72292399, 0.645904, 10.849109;
 0, 0, 0, 1]
Twc:
[0.96600813, -0.081482679, 0.24533418, -4.3760934;
 -0.12630117, 0.67928559, 0.72292399, -5.4996228;
 -0.22555774, -0.72933644, 0.645904, -8.9791889;
 0, 0, 0, 1]
Ow:
[1.5074074;
 -3.1696107;
 10.849109]
Keyframe: 185 Frame: 979 Frame from vFrameID : 980
Tcw:
[0.95460576, -0.13030419, -0.26785943, 1.5114949;
 -0.11091159, 0.67909282, -0.72562492, -3.169558;
 0.27645338, 0.72239447, 0.63381368, 10.850637;
 0, 0, 0, 1]
Twc:
[0.95460576, -0.11091159, 0.27645338, -4.7941175;
 -0.13030419, 0.67909282, 0.72239447, -5.4890618;
 -0.26785943, -0.72562492, 0.63381368, -8.7723246;
 0, 0, 0, 1]
Ow:
[1.5114949;
 -3.169558;
 10.850637]
Keyframe: 186 Frame: 987 Frame from vFrameID : 988
Tcw:
[0.94109994, -0.17333418, -0.29032084, 1.5176041;
 -0.10352283, 0.66967517, -0.73540342, -3.1742182;
 0.32189122, 0.72214293, 0.61228722, 10.853925;
 0, 0, 0, 1]
Twc:
[0.94109994, -0.10352283, 0.32189122, -5.2506042;
 -0.17333418, 0.66967517, 0.72214293, -5.4493375;
 -0.29032084, -0.73540342, 0.61228722, -8.5394583;
 0, 0, 0, 1]
Ow:
[1.5176041;
 -3.1742182;
 10.853925]
Keyframe: 187 Frame: 994 Frame from vFrameID : 995
Tcw:
[0.93656349, -0.1873152, -0.29624626, 1.5154953;
 -0.099875465, 0.66754818, -0.73783761, -3.1720767;
 0.33596683, 0.7206195, 0.60649306, 10.854671;
 0, 0, 0, 1]
Twc:
[0.93656349, -0.099875465, 0.33596683, -5.3829799;
 -0.1873152, 0.66754818, 0.7206195, -5.4206986;
 -0.29624626, -0.73783761, 0.60649306, -8.4748001;
 0, 0, 0, 1]
Ow:
[1.5154953;
 -3.1720767;
 10.854671]
Keyframe: 188 Frame: 1001 Frame from vFrameID : 1002
Tcw:
[0.94633442, -0.1736917, -0.2725479, 1.5188556;
 -0.089136213, 0.67032987, -0.73669028, -3.1675143;
 0.31065401, 0.72144926, 0.61887401, 10.854568;
 0, 0, 0, 1]
Twc:
[0.94633442, -0.089136213, 0.31065401, -5.0917006;
 -0.1736917, 0.67032987, 0.72144926, -5.4439282;
 -0.2725479, -0.73669028, 0.61887401, -8.637126;
 0, 0, 0, 1]
Ow:
[1.5188556;
 -3.1675143;
 10.854568]
Keyframe: 189 Frame: 1008 Frame from vFrameID : 1009
Tcw:
[0.95301312, -0.15622233, -0.25953922, 1.5197818;
 -0.088519648, 0.6757558, -0.73179126, -3.1663229;
 0.28970724, 0.72038096, 0.63017535, 10.858063;
 0, 0, 0, 1]
Twc:
[0.95301312, -0.088519648, 0.28970724, -4.8743134;
 -0.15622233, 0.6757558, 0.72038096, -5.4448571;
 -0.25953922, -0.73179126, 0.63017535, -8.7651281;
 0, 0, 0, 1]
Ow:
[1.5197818;
 -3.1663229;
 10.858063]
Keyframe: 190 Frame: 1015 Frame from vFrameID : 1016
Tcw:
[0.95789254, -0.14117283, -0.2500242, 1.5183601;
 -0.093256496, 0.67060298, -0.73593128, -3.1668048;
 0.27156046, 0.7282595, 0.62920034, 10.856384;
 0, 0, 0, 1]
Twc:
[0.95789254, -0.093256496, 0.27156046, -4.6979156;
 -0.14117283, 0.67060298, 0.7282595, -5.568244;
 -0.2500242, -0.73593128, 0.62920034, -8.781764;
 0, 0, 0, 1]
Ow:
[1.5183601;
 -3.1668048;
 10.856384]
Keyframe: 191 Frame: 1022 Frame from vFrameID : 1023
Tcw:
[0.95676237, -0.13515429, -0.25756362, 1.5230381;
 -0.10397159, 0.66808069, -0.73678905, -3.1675315;
 0.27165347, 0.73171139, 0.62514228, 10.861198;
 0, 0, 0, 1]
Twc:
[0.95676237, -0.10397159, 0.27165347, -4.7370014;
 -0.13515429, 0.66808069, 0.73171139, -5.6252508;
 -0.25756362, -0.73678905, 0.62514228, -8.7313175;
 0, 0, 0, 1]
Ow:
[1.5230381;
 -3.1675315;
 10.861198]
Keyframe: 192 Frame: 1030 Frame from vFrameID : 1031
Tcw:
[0.95904529, -0.14854613, -0.24117675, 1.5195208;
 -0.083926968, 0.66419703, -0.74283141, -3.1693089;
 0.27053362, 0.73265022, 0.62452799, 10.862782;
 0, 0, 0, 1]
Twc:
[0.95904529, -0.083926968, 0.27053362, -4.6620274;
 -0.14854613, 0.66419703, 0.73265022, -5.6278553;
 -0.24117675, -0.74283141, 0.62452799, -8.7719011;
 0, 0, 0, 1]
Ow:
[1.5195208;
 -3.1693089;
 10.862782]
Keyframe: 193 Frame: 1037 Frame from vFrameID : 1038
Tcw:
[0.96067947, -0.14232902, -0.2384059, 1.5358655;
 -0.087002546, 0.66108161, -0.74525279, -3.1564066;
 0.26367685, 0.736691, 0.62270451, 10.871157;
 0, 0, 0, 1]
Twc:
[0.96067947, -0.087002546, 0.26367685, -4.6165624;
 -0.14232902, 0.66108161, 0.736691, -5.7034426;
 -0.2384059, -0.74525279, 0.62270451, -8.7556801;
 0, 0, 0, 1]
Ow:
[1.5358655;
 -3.1564066;
 10.871157]
Keyframe: 194 Frame: 1045 Frame from vFrameID : 1046
Tcw:
[0.96156305, -0.13272598, -0.24037535, 1.5303411;
 -0.092405148, 0.66794086, -0.73845536, -3.1624482;
 0.25856873, 0.73228335, 0.63000268, 10.873344;
 0, 0, 0, 1]
Twc:
[0.96156305, -0.092405148, 0.25856873, -4.575253;
 -0.13272598, 0.66794086, 0.73228335, -5.6469235;
 -0.24037535, -0.73845536, 0.63000268, -8.8177061;
 0, 0, 0, 1]
Ow:
[1.5303411;
 -3.1624482;
 10.873344]
Keyframe: 195 Frame: 1054 Frame from vFrameID : 1055
Tcw:
[0.9576512, -0.12173443, -0.2609309, 1.5234656;
 -0.11364461, 0.67284727, -0.7310003, -3.170357;
 0.26455456, 0.72969669, 0.6305185, 10.868363;
 0, 0, 0, 1]
Twc:
[0.9576512, -0.11364461, 0.26455456, -4.6945176;
 -0.12173443, 0.67284727, 0.72969669, -5.6119847;
 -0.2609309, -0.7310003, 0.6305185, -8.7727175;
 0, 0, 0, 1]
Ow:
[1.5234656;
 -3.170357;
 10.868363]
Keyframe: 196 Frame: 1060 Frame from vFrameID : 1061
Tcw:
[0.9535166, -0.15133055, -0.26058626, 1.5250087;
 -0.09065228, 0.68064755, -0.72698081, -3.1747804;
 0.2873818, 0.716811, 0.63529027, 10.867594;
 0, 0, 0, 1]
Twc:
[0.9535166, -0.09065228, 0.2873818, -4.8650703;
 -0.15133055, 0.68064755, 0.716811, -5.3983231;
 -0.26058626, -0.72698081, 0.63529027, -8.8146839;
 0, 0, 0, 1]
Ow:
[1.5250087;
 -3.1747804;
 10.867594]
