Keyframe: 0 Frame: 0 Frame from vFrameID : 96
Tcw:
[1, 0, 0, 0;
 0, 1, 0, 0;
 0, 0, 1, 0;
 0, 0, 0, 1]
Twc:
[1, 0, 0, 0;
 0, 1, 0, 0;
 0, 0, 1, 0;
 0, 0, 0, 1]
Ow:
[0;
 0;
 0]
Keyframe: 1 Frame: 95 Frame from vFrameID : 96
Tcw:
[0.9996298, 0.027135031, 0.0019989666, 0.0095180292;
 -0.027143043, 0.99962318, 0.0040959138, 0.00090790226;
 -0.0018870705, -0.0041486556, 0.99998963, -0.020125505;
 0, 0, 0, 1]
Twc:
[0.9996298, -0.027143043, -0.0018870705, -0.0095278407;
 0.027135031, 0.99962318, -0.0041486556, -0.0012493259;
 0.0019989666, 0.0040959138, 0.99998963, 0.020102551;
 0, 0, 0, 1]
Ow:
[0.0095180292;
 0.00090790226;
 -0.020125505]
Keyframe: 2 Frame: 98 Frame from vFrameID : 99
Tcw:
[0.99993181, 0.0099749826, -0.0060769464, 0.0084090075;
 -0.0099424953, 0.99993622, 0.0053529809, 0.0019024719;
 0.0061299549, -0.0052921958, 0.99996722, -0.019939635;
 0, 0, 0, 1]
Twc:
[0.99993181, -0.0099424953, 0.0061299549, -0.008267289;
 0.0099749826, 0.99993622, -0.0052921958, -0.0020917549;
 -0.0060769464, 0.0053529809, 0.99996722, 0.019979898;
 0, 0, 0, 1]
Ow:
[0.0084090075;
 0.0019024719;
 -0.019939635]
Keyframe: 3 Frame: 100 Frame from vFrameID : 101
Tcw:
[0.99994653, 0.0044039926, -0.0093584629, 0.007859638;
 -0.0043500462, 0.99997383, 0.0057770531, 0.0021035327;
 0.0093836607, -0.0057360344, 0.9999395, -0.019986745;
 0, 0, 0, 1]
Twc:
[0.99994653, -0.0043500462, 0.0093836607, -0.0076625179;
 0.0044039926, 0.99997383, -0.0057360344, -0.0022527361;
 -0.0093584629, 0.0057770531, 0.9999395, 0.020046938;
 0, 0, 0, 1]
Ow:
[0.007859638;
 0.0021035327;
 -0.019986745]
Keyframe: 4 Frame: 102 Frame from vFrameID : 103
Tcw:
[0.99980938, -0.0029683257, -0.019297488, 0.0075565474;
 0.0031264408, 0.99996173, 0.0081685474, 0.0020576764;
 0.019272503, -0.0082273223, 0.99978042, -0.020972814;
 0, 0, 0, 1]
Twc:
[0.99980938, 0.0031264408, 0.019272503, -0.0071573416;
 -0.0029683257, 0.99996173, -0.0082273223, -0.0022077176;
 -0.019297488, 0.0081685474, 0.99978042, 0.021097222;
 0, 0, 0, 1]
Ow:
[0.0075565474;
 0.0020576764;
 -0.020972814]
Keyframe: 5 Frame: 104 Frame from vFrameID : 105
Tcw:
[0.99950695, -0.0080879377, -0.030339682, 0.0067890268;
 0.0083318586, 0.9999339, 0.0079218848, 0.0020709962;
 0.030273605, -0.008170764, 0.99950826, -0.021738337;
 0, 0, 0, 1]
Twc:
[0.99950695, 0.0083318586, 0.030273605, -0.0061448361;
 -0.0080879377, 0.9999339, -0.008170764, -0.0021935692;
 -0.030339682, 0.0079218848, 0.99950826, 0.021917218;
 0, 0, 0, 1]
Ow:
[0.0067890268;
 0.0020709962;
 -0.021738337]
Keyframe: 6 Frame: 106 Frame from vFrameID : 107
Tcw:
[0.99892837, -0.011476667, -0.04483752, 0.0050267298;
 0.012057888, 0.99984646, 0.01271395, 0.0015368125;
 0.044684723, -0.013240972, 0.99891341, -0.022243021;
 0, 0, 0, 1]
Twc:
[0.99892837, 0.012057888, 0.044684723, -0.0040459502;
 -0.011476667, 0.99984646, -0.013240972, -0.0017734057;
 -0.04483752, 0.01271395, 0.99891341, 0.022424698;
 0, 0, 0, 1]
Ow:
[0.0050267298;
 0.0015368125;
 -0.022243021]
Keyframe: 7 Frame: 109 Frame from vFrameID : 110
Tcw:
[0.99829483, -0.0058913101, -0.058075666, 0.0056631365;
 0.0065935208, 0.99990737, 0.011907104, 0.00070563419;
 0.05800014, -0.012269723, 0.99824119, -0.0201545;
 0, 0, 0, 1]
Twc:
[0.99829483, 0.0065935208, 0.05800014, -0.0044891685;
 -0.0058913101, 0.99990737, -0.012269723, -0.00091949565;
 -0.058075666, 0.011907104, 0.99824119, 0.020439539;
 0, 0, 0, 1]
Ow:
[0.0056631365;
 0.00070563419;
 -0.0201545]
Keyframe: 8 Frame: 111 Frame from vFrameID : 112
Tcw:
[0.99820656, -0.0048931772, -0.05966327, 0.0049659568;
 0.0054690032, 0.99993998, 0.009491791, 0.00034688192;
 0.059613246, -0.0098010665, 0.99817342, -0.019187488;
 0, 0, 0, 1]
Twc:
[0.99820656, 0.0054690032, 0.059613246, -0.0038151192;
 -0.0048931772, 0.99993998, -0.0098010665, -0.00051061972;
 -0.05966327, 0.009491791, 0.99817342, 0.019445434;
 0, 0, 0, 1]
Ow:
[0.0049659568;
 0.00034688192;
 -0.019187488]
Keyframe: 9 Frame: 114 Frame from vFrameID : 115
Tcw:
[0.99858707, -0.0073234253, -0.052632481, 0.0048062238;
 0.0077126329, 0.99994439, 0.0071955151, 0.00018988948;
 0.052576859, -0.0075912834, 0.99858803, -0.016899941;
 0, 0, 0, 1]
Twc:
[0.99858707, 0.0077126329, 0.052576859, -0.003912352;
 -0.0073234253, 0.99994439, -0.0075912834, -0.00028297317;
 -0.052632481, 0.0071955151, 0.99858803, 0.017127678;
 0, 0, 0, 1]
Ow:
[0.0048062238;
 0.00018988948;
 -0.016899941]
Keyframe: 10 Frame: 117 Frame from vFrameID : 118
Tcw:
[0.99928951, -0.0098401951, -0.036381226, 0.0047091763;
 0.0099526811, 0.99994624, 0.0029120403, 0.00018790993;
 0.036350615, -0.0032720622, 0.99933374, -0.01263308;
 0, 0, 0, 1]
Twc:
[0.99928951, 0.0099526811, 0.036350615, -0.0042484808;
 -0.0098401951, 0.99994624, -0.0032720622, -0.00018289682;
 -0.036381226, 0.0029120403, 0.99933374, 0.012795442;
 0, 0, 0, 1]
Ow:
[0.0047091763;
 0.00018790993;
 -0.01263308]
Keyframe: 11 Frame: 121 Frame from vFrameID : 122
Tcw:
[0.99979872, 0.0014478213, -0.02001098, 0.005190176;
 -0.0016768731, 0.99993324, -0.011434274, -0.00030651543;
 0.019993089, 0.011465528, 0.9997344, -0.0080560204;
 0, 0, 0, 1]
Twc:
[0.99979872, -0.0016768731, 0.019993089, -0.0050285808;
 0.0014478213, 0.99993324, 0.011465528, 0.00039134704;
 -0.02001098, -0.011434274, 0.9997344, 0.0081542358;
 0, 0, 0, 1]
Ow:
[0.005190176;
 -0.00030651543;
 -0.0080560204]
Keyframe: 12 Frame: 125 Frame from vFrameID : 126
Tcw:
[0.99999654, -0.0025938579, -0.00036094859, 0.0053838729;
 0.002587449, 0.99985641, -0.016748359, 8.4783824e-05;
 0.00040433963, 0.016747368, 0.99985969, -0.0055171777;
 0, 0, 0, 1]
Twc:
[0.99999654, 0.002587449, 0.00040433963, -0.0053818431;
 -0.0025938579, 0.99985641, 0.016747368, 2.1591553e-05;
 -0.00036094859, -0.016748359, 0.99985969, 0.0055197668;
 0, 0, 0, 1]
Ow:
[0.0053838729;
 8.4783824e-05;
 -0.0055171777]
Keyframe: 13 Frame: 129 Frame from vFrameID : 130
Tcw:
[0.99971318, -0.0069879149, 0.022906281, 0.0048808497;
 0.0071987961, 0.99993235, -0.0091367727, 0.0010515797;
 -0.022840885, 0.0092990501, 0.99969584, -0.0017617411;
 0, 0, 0, 1]
Twc:
[0.99971318, 0.0071987961, -0.022840885, -0.0049272599;
 -0.0069879149, 0.99993235, 0.0092990501, -0.0010010191;
 0.022906281, -0.0091367727, 0.99969584, 0.0016590114;
 0, 0, 0, 1]
Ow:
[0.0048808497;
 0.0010515797;
 -0.0017617411]
Keyframe: 14 Frame: 134 Frame from vFrameID : 135
Tcw:
[0.99920839, -0.0049552042, 0.039471816, 0.0050271014;
 0.0051584374, 0.99997395, -0.0050486294, 0.0029824746;
 -0.039445769, 0.0052482458, 0.99920791, 0.0030345193;
 0, 0, 0, 1]
Twc:
[0.99920839, 0.0051584374, -0.039445769, -0.0049188081;
 -0.0049552042, 0.99997395, 0.0052482458, -0.0029734126;
 0.039471816, -0.0050486294, 0.99920791, -0.0032154871;
 0, 0, 0, 1]
Ow:
[0.0050271014;
 0.0029824746;
 0.0030345193]
Keyframe: 15 Frame: 139 Frame from vFrameID : 140
Tcw:
[0.9995802, -0.012935463, 0.02592581, 0.00520558;
 0.013068939, 0.99990219, -0.0049855239, 0.0044159852;
 -0.025858782, 0.0053222533, 0.99965143, 0.0075560352;
 0, 0, 0, 1]
Twc:
[0.9995802, 0.013068939, -0.025858782, -0.0050657168;
 -0.012935463, 0.99990219, 0.0053222533, -0.0043884316;
 0.02592581, -0.0049855239, 0.99965143, -0.0076663448;
 0, 0, 0, 1]
Ow:
[0.00520558;
 0.0044159852;
 0.0075560352]
Keyframe: 16 Frame: 143 Frame from vFrameID : 144
Tcw:
[0.9993785, -0.0068915095, 0.034571037, 0.0074649239;
 0.0067449142, 0.99996775, 0.0043552299, 0.005386292;
 -0.034599937, -0.0041193445, 0.99939275, 0.012903283;
 0, 0, 0, 1]
Twc:
[0.9993785, 0.0067449142, -0.034599937, -0.0070501617;
 -0.0068915095, 0.99996775, -0.0041193445, -0.005281521;
 0.034571037, 0.0043552299, 0.99939275, -0.013176977;
 0, 0, 0, 1]
Ow:
[0.0074649239;
 0.005386292;
 0.012903283]
Keyframe: 17 Frame: 147 Frame from vFrameID : 148
Tcw:
[0.99987137, -0.0019066065, 0.015923291, 0.01150094;
 0.0017941706, 0.99997336, 0.0070724012, 0.0065081329;
 -0.015936352, -0.0070429225, 0.99984819, 0.01923856;
 0, 0, 0, 1]
Twc:
[0.99987137, 0.0017941706, -0.015936352, -0.011204544;
 -0.0019066065, 0.99997336, -0.0070429225, -0.0063505359;
 0.015923291, 0.0070724012, 0.99984819, -0.0194648;
 0, 0, 0, 1]
Ow:
[0.01150094;
 0.0065081329;
 0.01923856]
Keyframe: 18 Frame: 151 Frame from vFrameID : 152
Tcw:
[0.99996114, 0.0085609481, -0.0021064957, 0.017035041;
 -0.0085770665, 0.99993306, -0.0077657155, 0.0052230707;
 0.0020398728, 0.0077834814, 0.99996763, 0.028081575;
 0, 0, 0, 1]
Twc:
[0.99996114, -0.0085770665, 0.0020398728, -0.017046863;
 0.0085609481, 0.99993306, 0.0077834814, -0.0055871294;
 -0.0021064957, -0.0077657155, 0.99996763, -0.028004222;
 0, 0, 0, 1]
Ow:
[0.017035041;
 0.0052230707;
 0.028081575]
Keyframe: 19 Frame: 155 Frame from vFrameID : 156
Tcw:
[0.99975687, 0.014194459, -0.016875027, 0.019564178;
 -0.014268105, 0.99988919, -0.0042518442, 0.0046782796;
 0.016812803, 0.0044915848, 0.99984854, 0.032227717;
 0, 0, 0, 1]
Twc:
[0.99975687, -0.014268105, 0.016812803, -0.020034507;
 0.014194459, 0.99988919, 0.0044915848, -0.0051002176;
 -0.016875027, -0.0042518442, 0.99984854, -0.031872801;
 0, 0, 0, 1]
Ow:
[0.019564178;
 0.0046782796;
 0.032227717]
Keyframe: 20 Frame: 159 Frame from vFrameID : 160
Tcw:
[0.99969703, 0.020670984, -0.013362622, 0.021746133;
 -0.02051791, 0.99972343, 0.01149266, 0.0033906461;
 0.01359649, -0.011215005, 0.99984467, 0.036456712;
 0, 0, 0, 1]
Twc:
[0.99969703, -0.02051791, 0.01359649, -0.022165658;
 0.020670984, 0.99972343, -0.011215005, -0.00343036;
 -0.013362622, 0.01149266, 0.99984467, -0.036199428;
 0, 0, 0, 1]
Ow:
[0.021746133;
 0.0033906461;
 0.036456712]
Keyframe: 21 Frame: 164 Frame from vFrameID : 165
Tcw:
[0.99991322, 0.0091822091, 0.0094442973, 0.024501694;
 -0.0094165066, 0.99964136, 0.025070516, 0.0007204318;
 -0.0092107067, -0.025157273, 0.99964106, 0.044185691;
 0, 0, 0, 1]
Twc:
[0.99991322, -0.0094165066, -0.0092107067, -0.024085803;
 0.0091822091, 0.99964136, -0.025157273, 0.00016643843;
 0.0094442973, 0.025070516, 0.99964106, -0.044419296;
 0, 0, 0, 1]
Ow:
[0.024501694;
 0.0007204318;
 0.044185691]
Keyframe: 22 Frame: 169 Frame from vFrameID : 170
Tcw:
[0.99957448, 0.0036724887, 0.028937705, 0.026430422;
 -0.0040927907, 0.99988681, 0.01447855, -0.00084699853;
 -0.028881257, -0.014590825, 0.99947637, 0.056131642;
 0, 0, 0, 1]
Twc:
[0.99957448, -0.0040927907, -0.028881257, -0.024801489;
 0.0036724887, 0.99988681, -0.014590825, 0.0015688442;
 0.028937705, 0.01447855, 0.99947637, -0.056854822;
 0, 0, 0, 1]
Ow:
[0.026430422;
 -0.00084699853;
 0.056131642]
Keyframe: 23 Frame: 174 Frame from vFrameID : 175
Tcw:
[0.99747807, -0.010633292, 0.070174567, 0.031380255;
 0.0096456204, 0.9998498, 0.014398372, -0.0030634634;
 -0.070317127, -0.013685183, 0.9974308, 0.064266108;
 0, 0, 0, 1]
Twc:
[0.99747807, 0.0096456204, -0.070317127, -0.026752558;
 -0.010633292, 0.9998498, -0.013685183, 0.0042761718;
 0.070174567, 0.014398372, 0.9974308, -0.066258982;
 0, 0, 0, 1]
Ow:
[0.031380255;
 -0.0030634634;
 0.064266108]
Keyframe: 24 Frame: 179 Frame from vFrameID : 180
Tcw:
[0.99614882, 0.00027757126, 0.087677889, 0.03521819;
 -0.002648955, 0.99963379, 0.026931349, -0.003494133;
 -0.087638304, -0.027059887, 0.99578476, 0.073663853;
 0, 0, 0, 1]
Twc:
[0.99614882, -0.002648955, -0.087638304, -0.02863604;
 0.00027757126, 0.99963379, -0.027059887, 0.0054764133;
 0.087677889, 0.026931349, 0.99578476, -0.076347098;
 0, 0, 0, 1]
Ow:
[0.03521819;
 -0.003494133;
 0.073663853]
Keyframe: 25 Frame: 185 Frame from vFrameID : 186
Tcw:
[0.99961108, 0.023115352, 0.015598545, 0.04188104;
 -0.023059171, 0.99972701, -0.0037719691, -0.0060524726;
 -0.015681477, 0.0034108127, 0.99987119, 0.082307555;
 0, 0, 0, 1]
Twc:
[0.99961108, -0.023059171, -0.015681477, -0.040713616;
 0.023115352, 0.99972701, 0.0034108127, 0.0048019895;
 0.015598545, -0.0037719691, 0.99987119, -0.08297307;
 0, 0, 0, 1]
Ow:
[0.04188104;
 -0.0060524726;
 0.082307555]
Keyframe: 26 Frame: 191 Frame from vFrameID : 192
Tcw:
[0.99977237, 0.020710928, 0.005125524, 0.045160491;
 -0.02077117, 0.99971235, 0.011993109, -0.0081448974;
 -0.0048756613, -0.012096843, 0.99991494, 0.089539744;
 0, 0, 0, 1]
Twc:
[0.99977237, -0.02077117, -0.0048756613, -0.044882827;
 0.020710928, 0.99971235, -0.012096843, 0.0082903868;
 0.005125524, 0.011993109, 0.99991494, -0.08966592;
 0, 0, 0, 1]
Ow:
[0.045160491;
 -0.0081448974;
 0.089539744]
Keyframe: 27 Frame: 196 Frame from vFrameID : 197
Tcw:
[0.99970764, 0.019893516, 0.013743457, 0.047253586;
 -0.019898042, 0.99980199, 0.00019275246, -0.0074778828;
 -0.013736902, -0.000466164, 0.99990553, 0.097216442;
 0, 0, 0, 1]
Twc:
[0.99970764, -0.019898042, -0.013736902, -0.046053112;
 0.019893516, 0.99980199, -0.000466164, 0.0065816808;
 0.013743457, 0.00019275246, 0.99990553, -0.097855248;
 0, 0, 0, 1]
Ow:
[0.047253586;
 -0.0074778828;
 0.097216442]
Keyframe: 28 Frame: 202 Frame from vFrameID : 203
Tcw:
[0.99875349, 0.012075724, 0.048431441, 0.04950336;
 -0.011628545, 0.99988723, -0.0095044198, -0.0073397402;
 -0.048540752, 0.0089293849, 0.99878126, 0.10414686;
 0, 0, 0, 1]
Twc:
[0.99875349, -0.011628545, -0.048540752, -0.04447164;
 0.012075724, 0.99988723, 0.0089293849, 0.0058111558;
 0.048431441, -0.0095044198, 0.99878126, -0.10648722;
 0, 0, 0, 1]
Ow:
[0.04950336;
 -0.0073397402;
 0.10414686]
Keyframe: 29 Frame: 208 Frame from vFrameID : 209
Tcw:
[0.99855614, 0.0049405098, 0.053490896, 0.052355498;
 -0.0054267244, 0.99994522, 0.008948246, -0.0063805366;
 -0.053443756, -0.009225606, 0.99852824, 0.11004552;
 0, 0, 0, 1]
Twc:
[0.99855614, -0.0054267244, -0.053443756, -0.046433281;
 0.0049405098, 0.99994522, -0.009225606, 0.0071367612;
 0.053490896, 0.008948246, 0.99852824, -0.11262701;
 0, 0, 0, 1]
Ow:
[0.052355498;
 -0.0063805366;
 0.11004552]
Keyframe: 30 Frame: 214 Frame from vFrameID : 215
Tcw:
[0.99952286, 0.0051586237, 0.03045447, 0.056472883;
 -0.0060148509, 0.9995873, 0.028090663, -0.0052903257;
 -0.030296991, -0.028260438, 0.99914134, 0.11723162;
 0, 0, 0, 1]
Twc:
[0.99952286, -0.0060148509, -0.030296991, -0.052925989;
 0.0051586237, 0.9995873, -0.028260438, 0.0083098365;
 0.03045447, 0.028090663, 0.99914134, -0.1187022;
 0, 0, 0, 1]
Ow:
[0.056472883;
 -0.0052903257;
 0.11723162]
Keyframe: 31 Frame: 220 Frame from vFrameID : 221
Tcw:
[0.99991304, 0.013166293, -0.00074545876, 0.064749375;
 -0.013163731, 0.99990779, 0.0033419379, -0.0029835468;
 0.00078939094, -0.0033318342, 0.99999416, 0.12890872;
 0, 0, 0, 1]
Twc:
[0.99991304, -0.013163731, 0.00078939094, -0.064884774;
 0.013166293, 0.99990779, -0.0033318342, 0.0025602649;
 -0.00074545876, 0.0033419379, 0.99999416, -0.12884973;
 0, 0, 0, 1]
Ow:
[0.064749375;
 -0.0029835468;
 0.12890872]
Keyframe: 32 Frame: 226 Frame from vFrameID : 227
Tcw:
[0.99951655, 0.029774802, -0.0089487666, 0.069136828;
 -0.029611463, 0.99940187, 0.01786219, -0.003057447;
 0.0094752572, -0.017588569, 0.99980038, 0.13668361;
 0, 0, 0, 1]
Twc:
[0.99951655, -0.029611463, 0.0094752572, -0.070489056;
 0.029774802, 0.99940187, -0.017588569, 0.0034011516;
 -0.0089487666, 0.01786219, 0.99980038, -0.13598303;
 0, 0, 0, 1]
Ow:
[0.069136828;
 -0.003057447;
 0.13668361]
Keyframe: 33 Frame: 232 Frame from vFrameID : 233
Tcw:
[0.99998927, 0.00061172695, 0.0045884987, 0.07150007;
 -0.00060638285, 0.99999917, -0.0011659791, -0.0026562568;
 -0.0045892079, 0.0011631842, 0.99998879, 0.14574255;
 0, 0, 0, 1]
Twc:
[0.99998927, -0.00060638285, -0.0045892079, -0.070832074;
 0.00061172695, 0.99999917, 0.0011631842, 0.0024429904;
 0.0045884987, -0.0011659791, 0.99998879, -0.14607209;
 0, 0, 0, 1]
Ow:
[0.07150007;
 -0.0026562568;
 0.14574255]
Keyframe: 34 Frame: 238 Frame from vFrameID : 239
Tcw:
[0.99927604, 0.00405293, 0.037828621, 0.075417042;
 -0.0041578603, 0.99998772, 0.0026955709, -0.003932334;
 -0.037817229, -0.0028509055, 0.99928063, 0.15312018;
 0, 0, 0, 1]
Twc:
[0.99927604, -0.0041578603, -0.037817229, -0.069588207;
 0.00405293, 0.99998772, -0.0028509055, 0.0040631569;
 0.037828621, 0.0026955709, 0.99928063, -0.15585235;
 0, 0, 0, 1]
Ow:
[0.075417042;
 -0.003932334;
 0.15312018]
Keyframe: 35 Frame: 244 Frame from vFrameID : 245
Tcw:
[0.99999112, -0.00086971297, 0.0041178982, 0.078288347;
 0.00078053441, 0.99976623, 0.021608617, -0.0054035867;
 -0.0041357288, -0.021605212, 0.99975801, 0.15960342;
 0, 0, 0, 1]
Twc:
[0.99999112, 0.00078053441, -0.0041357288, -0.077623367;
 -0.00086971297, 0.99976623, -0.021605212, 0.0089186784;
 0.0041178982, 0.021608617, 0.99975801, -0.15977043;
 0, 0, 0, 1]
Ow:
[0.078288347;
 -0.0054035867;
 0.15960342]
Keyframe: 36 Frame: 250 Frame from vFrameID : 251
Tcw:
[0.99892354, 0.01504056, -0.043880343, 0.081477165;
 -0.014739556, 0.99986565, 0.007175161, -0.004192654;
 0.043982364, -0.0065206606, 0.99901104, 0.16350885;
 0, 0, 0, 1]
Twc:
[0.99892354, -0.014739556, 0.043982364, -0.088642769;
 0.01504056, 0.99986565, -0.0065206606, 0.0040328139;
 -0.043880343, 0.007175161, 0.99901104, -0.15974182;
 0, 0, 0, 1]
Ow:
[0.081477165;
 -0.004192654;
 0.16350885]
Keyframe: 37 Frame: 256 Frame from vFrameID : 257
Tcw:
[0.99887156, 0.024371507, -0.040762529, 0.083546281;
 -0.022926452, 0.99910486, 0.035550036, -0.0032348367;
 0.041592449, -0.03457538, 0.99853623, 0.16920176;
 0, 0, 0, 1]
Twc:
[0.99887156, -0.022926452, 0.041592449, -0.090563685;
 0.024371507, 0.99910486, -0.03457538, 0.0070460089;
 -0.040762529, 0.035550036, 0.99853623, -0.16543354;
 0, 0, 0, 1]
Ow:
[0.083546281;
 -0.0032348367;
 0.16920176]
Keyframe: 38 Frame: 262 Frame from vFrameID : 263
Tcw:
[0.99974167, 0.018298067, -0.013483209, 0.083836935;
 -0.017986163, 0.99957591, 0.022901937, -0.0039438726;
 0.013896552, -0.022653511, 0.99964678, 0.17217143;
 0, 0, 0, 1]
Twc:
[0.99974167, -0.017986163, 0.013896552, -0.086278796;
 0.018298067, 0.99957591, -0.022653511, 0.0063084336;
 -0.013483209, 0.022901937, 0.99964678, -0.17088991;
 0, 0, 0, 1]
Ow:
[0.083836935;
 -0.0039438726;
 0.17217143]
Keyframe: 39 Frame: 268 Frame from vFrameID : 269
Tcw:
[0.99995363, -0.0011795637, 0.009558375, 0.084447555;
 0.000729953, 0.99889904, 0.046906076, -0.0036722207;
 -0.00960318, -0.046896923, 0.99885356, 0.17644972;
 0, 0, 0, 1]
Twc:
[0.99995363, 0.000729953, -0.00960318, -0.082746476;
 -0.0011795637, 0.99889904, -0.046896923, 0.012042738;
 0.009558375, 0.046906076, 0.99885356, -0.17688237;
 0, 0, 0, 1]
Ow:
[0.084447555;
 -0.0036722207;
 0.17644972]
Keyframe: 40 Frame: 274 Frame from vFrameID : 275
Tcw:
[0.99998373, -0.0049418746, -0.0028575268, 0.085467026;
 0.0050684819, 0.99892205, 0.046141863, -0.002514937;
 0.0026264191, -0.046155594, 0.99893081, 0.17988902;
 0, 0, 0, 1]
Twc:
[0.99998373, 0.0050684819, 0.0026264191, -0.085925348;
 -0.0049418746, 0.99892205, -0.046155594, 0.011237478;
 -0.0028575268, 0.046141863, 0.99893081, -0.17933643;
 0, 0, 0, 1]
Ow:
[0.085467026;
 -0.002514937;
 0.17988902]
Keyframe: 41 Frame: 280 Frame from vFrameID : 281
Tcw:
[0.99914086, 0.01379241, -0.03908021, 0.087815925;
 -0.012376006, 0.99926591, 0.036256485, -0.0020494387;
 0.039551582, -0.035741679, 0.99857807, 0.18551676;
 0, 0, 0, 1]
Twc:
[0.99914086, -0.012376006, 0.039551582, -0.095103338;
 0.01379241, 0.99926591, -0.035741679, 0.0074674212;
 -0.03908021, 0.036256485, 0.99857807, -0.18174681;
 0, 0, 0, 1]
Ow:
[0.087815925;
 -0.0020494387;
 0.18551676]
Keyframe: 42 Frame: 286 Frame from vFrameID : 287
Tcw:
[0.99850279, 0.013229345, -0.053077146, 0.089667067;
 -0.010259029, 0.9983865, 0.055849463, -0.0011061355;
 0.053730357, -0.055221323, 0.9970274, 0.19037271;
 0, 0, 0, 1]
Twc:
[0.99850279, -0.010259029, 0.053730357, -0.09977296;
 0.013229345, 0.9983865, -0.055221323, 0.010430747;
 -0.053077146, 0.055849463, 0.9970274, -0.18498576;
 0, 0, 0, 1]
Ow:
[0.089667067;
 -0.0011061355;
 0.19037271]
Keyframe: 43 Frame: 292 Frame from vFrameID : 293
Tcw:
[0.99981701, 0.0040484904, -0.018695161, 0.091009803;
 -0.0031297589, 0.99879813, 0.048913106, -0.00018980261;
 0.018870715, -0.048845645, 0.99862808, 0.19505307;
 0, 0, 0, 1]
Twc:
[0.99981701, -0.0031297589, 0.018870715, -0.094674535;
 0.0040484904, 0.99879813, -0.048845645, 0.0093486141;
 -0.018695161, 0.048913106, 0.99862808, -0.19307473;
 0, 0, 0, 1]
Ow:
[0.091009803;
 -0.00018980261;
 0.19505307]
Keyframe: 44 Frame: 298 Frame from vFrameID : 299
Tcw:
[0.99995786, -0.0067015323, 0.0062732319, 0.090737559;
 0.0063841888, 0.9987632, 0.049308583, 0.00038154516;
 -0.0065959161, -0.049266458, 0.99876392, 0.19911186;
 0, 0, 0, 1]
Twc:
[0.99995786, 0.0063841888, -0.0065959161, -0.089422844;
 -0.0067015323, 0.9987632, -0.049266458, 0.010036544;
 0.0062732319, 0.049308583, 0.99876392, -0.19945377;
 0, 0, 0, 1]
Ow:
[0.090737559;
 0.00038154516;
 0.19911186]
Keyframe: 45 Frame: 304 Frame from vFrameID : 305
Tcw:
[0.99973708, -0.022001166, 0.0064606857, 0.091837533;
 0.021656571, 0.99855012, 0.049281184, 0.0011720173;
 -0.0075355624, -0.049128309, 0.99876404, 0.20398961;
 0, 0, 0, 1]
Twc:
[0.99973708, 0.021656571, -0.0075355624, -0.090301596;
 -0.022001166, 0.99855012, -0.049128309, 0.01087188;
 0.0064606857, 0.049281184, 0.99876404, -0.20438859;
 0, 0, 0, 1]
Ow:
[0.091837533;
 0.0011720173;
 0.20398961]
Keyframe: 46 Frame: 310 Frame from vFrameID : 311
Tcw:
[0.99901283, 0.007918884, -0.043711308, 0.094608948;
 -0.0057903347, 0.99880111, 0.048609197, 0.0011083633;
 0.044043832, -0.048308108, 0.99786097, 0.20740426;
 0, 0, 0, 1]
Twc:
[0.99901283, -0.0057903347, 0.044043832, -0.10364401;
 0.007918884, 0.99880111, -0.048308108, 0.008163075;
 -0.043711308, 0.048609197, 0.99786097, -0.202879;
 0, 0, 0, 1]
Ow:
[0.094608948;
 0.0011083633;
 0.20740426]
Keyframe: 47 Frame: 316 Frame from vFrameID : 317
Tcw:
[0.99780971, 0.011897154, -0.065070853, 0.095761254;
 -0.0072801309, 0.99746853, 0.070735991, 0.0015323972;
 0.065747686, -0.070107333, 0.99537039, 0.21047539;
 0, 0, 0, 1]
Twc:
[0.99780971, -0.0072801309, 0.065747686, -0.10937862;
 0.011897154, 0.99746853, -0.070107333, 0.012088063;
 -0.065070853, 0.070735991, 0.99537039, -0.2033781;
 0, 0, 0, 1]
Ow:
[0.095761254;
 0.0015323972;
 0.21047539]
Keyframe: 48 Frame: 322 Frame from vFrameID : 323
Tcw:
[0.99880236, -0.0024899647, -0.048862994, 0.096482202;
 0.004955587, 0.99871665, 0.050403848, 0.0024269801;
 0.048674781, -0.050585628, 0.9975329, 0.21430442;
 0, 0, 0, 1]
Twc:
[0.99880236, 0.004955587, 0.048674781, -0.10680991;
 -0.0024899647, 0.99871665, -0.050585628, 0.008657095;
 -0.048862994, 0.050403848, 0.9975329, -0.20918362;
 0, 0, 0, 1]
Ow:
[0.096482202;
 0.0024269801;
 0.21430442]
Keyframe: 49 Frame: 328 Frame from vFrameID : 329
Tcw:
[0.99984604, -0.0096265022, -0.014669143, 0.09715341;
 0.010399002, 0.99851215, 0.053528786, 0.002589317;
 0.014132022, -0.053673089, 0.99845856, 0.21714398;
 0, 0, 0, 1]
Twc:
[0.99984604, 0.010399002, 0.014132022, -0.10023407;
 -0.0096265022, 0.99851215, -0.053673089, 0.010004573;
 -0.014669143, 0.053528786, 0.99845856, -0.21552272;
 0, 0, 0, 1]
Ow:
[0.09715341;
 0.002589317;
 0.21714398]
Keyframe: 50 Frame: 334 Frame from vFrameID : 335
Tcw:
[0.999659, -0.023214102, -0.011957677, 0.097796395;
 0.023922032, 0.99773157, 0.062924646, 0.0036233841;
 0.010469812, -0.063189238, 0.99794662, 0.22069041;
 0, 0, 0, 1]
Twc:
[0.999659, 0.023922032, 0.010469812, -0.10016032;
 -0.023214102, 0.99773157, -0.063189238, 0.012600351;
 -0.011957677, 0.062924646, 0.99794662, -0.21929584;
 0, 0, 0, 1]
Ow:
[0.097796395;
 0.0036233841;
 0.22069041]
Keyframe: 51 Frame: 340 Frame from vFrameID : 341
Tcw:
[0.99879301, -0.0012772836, -0.049100671, 0.099826887;
 0.0043150107, 0.99807853, 0.061811239, 0.0037253071;
 0.048927374, -0.061948504, 0.9968794, 0.22341874;
 0, 0, 0, 1]
Twc:
[0.99879301, 0.0043150107, 0.048927374, -0.11065377;
 -0.0012772836, 0.99807853, -0.061948504, 0.010249815;
 -0.049100671, 0.061811239, 0.9968794, -0.21805023;
 0, 0, 0, 1]
Ow:
[0.099826887;
 0.0037253071;
 0.22341874]
Keyframe: 52 Frame: 346 Frame from vFrameID : 347
Tcw:
[0.99820513, -0.0025524243, -0.059832994, 0.10102215;
 0.0063113617, 0.99801123, 0.062719338, 0.0038549909;
 0.059553914, -0.062984392, 0.99623609, 0.2266022;
 0, 0, 0, 1]
Twc:
[0.99820513, 0.0063113617, 0.059553914, -0.11436021;
 -0.0025524243, 0.99801123, -0.062984392, 0.010682929;
 -0.059832994, 0.062719338, 0.99623609, -0.21994661;
 0, 0, 0, 1]
Ow:
[0.10102215;
 0.0038549909;
 0.2266022]
Keyframe: 53 Frame: 352 Frame from vFrameID : 353
Tcw:
[0.99966753, -0.017336154, -0.019085675, 0.10108459;
 0.018298522, 0.99850738, 0.051460594, 0.0046033943;
 0.018165059, -0.051792726, 0.99849266, 0.22921944;
 0, 0, 0, 1]
Twc:
[0.99966753, 0.018298522, 0.018165059, -0.105299;
 -0.017336154, 0.99850738, -0.051792726, 0.009027794;
 -0.019085675, 0.051460594, 0.99849266, -0.22718154;
 0, 0, 0, 1]
Ow:
[0.10108459;
 0.0046033943;
 0.22921944]
Keyframe: 54 Frame: 358 Frame from vFrameID : 359
Tcw:
[0.99860847, -0.031068649, 0.042613186, 0.10127574;
 0.027898876, 0.99693704, 0.073062696, 0.005119401;
 -0.044752624, -0.071772166, 0.99641657, 0.23151766;
 0, 0, 0, 1]
Twc:
[0.99860847, 0.027898876, -0.044752624, -0.090916611;
 -0.031068649, 0.99693704, -0.071772166, 0.014659304;
 0.042613186, 0.073062696, 0.99641657, -0.23537774;
 0, 0, 0, 1]
Ow:
[0.10127574;
 0.005119401;
 0.23151766]
Keyframe: 55 Frame: 364 Frame from vFrameID : 365
Tcw:
[0.99849826, -0.030868202, 0.045258347, 0.10141507;
 0.026754113, 0.99568588, 0.08884763, 0.0056270082;
 -0.047805663, -0.087503359, 0.99501646, 0.2337696;
 0, 0, 0, 1]
Twc:
[0.99849826, 0.026754113, -0.047805663, -0.090237811;
 -0.030868202, 0.99568588, -0.087503359, 0.017983394;
 0.045258347, 0.08884763, 0.99501646, -0.23769443;
 0, 0, 0, 1]
Ow:
[0.10141507;
 0.0056270082;
 0.2337696]
Keyframe: 56 Frame: 370 Frame from vFrameID : 371
Tcw:
[0.99973607, -0.011713129, -0.019764693, 0.10352522;
 0.012849319, 0.9982121, 0.058373839, 0.0062679793;
 0.019045616, -0.058612395, 0.99809915, 0.23701957;
 0, 0, 0, 1]
Twc:
[0.99973607, 0.012849319, 0.019045616, -0.10809261;
 -0.011713129, 0.9982121, -0.058612395, 0.0088481139;
 -0.019764693, 0.058373839, 0.99809915, -0.23488875;
 0, 0, 0, 1]
Ow:
[0.10352522;
 0.0062679793;
 0.23701957]
Keyframe: 57 Frame: 377 Frame from vFrameID : 378
Tcw:
[0.99869597, -0.011626598, -0.049711101, 0.10395294;
 0.015832432, 0.99624938, 0.085067384, 0.0066207033;
 0.048535608, -0.085743502, 0.99513435, 0.23900405;
 0, 0, 0, 1]
Twc:
[0.99869597, 0.015832432, 0.048535608, -0.11552241;
 -0.011626598, 0.99624938, -0.085743502, 0.01510579;
 -0.049711101, 0.085067384, 0.99513435, -0.23323672;
 0, 0, 0, 1]
Ow:
[0.10395294;
 0.0066207033;
 0.23900405]
Keyframe: 58 Frame: 383 Frame from vFrameID : 384
Tcw:
[0.99958533, -0.0097007602, -0.027111158, 0.10445093;
 0.011831136, 0.99676007, 0.079557687, 0.0072779991;
 0.026251549, -0.079845451, 0.99646151, 0.24138881;
 0, 0, 0, 1]
Twc:
[0.99958533, 0.011831136, 0.026251549, -0.11083055;
 -0.0097007602, 0.99676007, -0.079845451, 0.013032634;
 -0.027111158, 0.079557687, 0.99646151, -0.23828189;
 0, 0, 0, 1]
Ow:
[0.10445093;
 0.0072779991;
 0.24138881]
Keyframe: 59 Frame: 390 Frame from vFrameID : 391
Tcw:
[0.99891275, -0.034667026, 0.031168843, 0.10483289;
 0.032341987, 0.99686319, 0.072234273, 0.007806588;
 -0.033575218, -0.07114768, 0.99690056, 0.24398264;
 0, 0, 0, 1]
Twc:
[0.99891275, 0.032341987, -0.033575218, -0.096779615;
 -0.034667026, 0.99686319, -0.07114768, 0.013210941;
 0.031168843, 0.072234273, 0.99690056, -0.24705786;
 0, 0, 0, 1]
Ow:
[0.10483289;
 0.007806588;
 0.24398264]
Keyframe: 60 Frame: 396 Frame from vFrameID : 397
Tcw:
[0.99883938, -0.026135394, 0.04045726, 0.10541087;
 0.022506827, 0.99589419, 0.087682195, 0.0083225509;
 -0.042582758, -0.08666987, 0.99532658, 0.24581783;
 0, 0, 0, 1]
Twc:
[0.99883938, 0.022506827, -0.042582758, -0.095008247;
 -0.026135394, 0.99589419, -0.08666987, 0.015771573;
 0.04045726, 0.087682195, 0.99532658, -0.2496634;
 0, 0, 0, 1]
Ow:
[0.10541087;
 0.0083225509;
 0.24581783]
Keyframe: 61 Frame: 403 Frame from vFrameID : 404
Tcw:
[0.9976579, -0.022044448, -0.064751253, 0.10610615;
 0.026333049, 0.99746257, 0.066143304, 0.0088333972;
 0.063128859, -0.067693487, 0.99570698, 0.24806041;
 0, 0, 0, 1]
Twc:
[0.9976579, 0.026333049, 0.063128859, -0.12175003;
 -0.022044448, 0.99746257, -0.067693487, 0.010320143;
 -0.064751253, 0.066143304, 0.99570698, -0.24070923;
 0, 0, 0, 1]
Ow:
[0.10610615;
 0.0088333972;
 0.24806041]
Keyframe: 62 Frame: 409 Frame from vFrameID : 410
Tcw:
[0.99577034, -0.018743837, -0.089945078, 0.10696492;
 0.027327254, 0.99508601, 0.095168509, 0.009080017;
 0.087719269, -0.09722393, 0.99138933, 0.24993721;
 0, 0, 0, 1]
Twc:
[0.99577034, 0.027327254, 0.087719269, -0.12868492;
 -0.018743837, 0.99508601, -0.09722393, 0.017269412;
 -0.089945078, 0.095168509, 0.99138933, -0.23902825;
 0, 0, 0, 1]
Ow:
[0.10696492;
 0.009080017;
 0.24993721]
Keyframe: 63 Frame: 415 Frame from vFrameID : 416
Tcw:
[0.99919999, -0.022466699, -0.033085521, 0.10765125;
 0.024598001, 0.99755019, 0.065486677, 0.0095161293;
 0.0315332, -0.066248126, 0.9973048, 0.25245303;
 0, 0, 0, 1]
Twc:
[0.99919999, 0.024598001, 0.0315332, -0.11575986;
 -0.022466699, 0.99755019, -0.066248126, 0.0096502928;
 -0.033085521, 0.065486677, 0.9973048, -0.2488341;
 0, 0, 0, 1]
Ow:
[0.10765125;
 0.0095161293;
 0.25245303]
Keyframe: 64 Frame: 422 Frame from vFrameID : 423
Tcw:
[0.99975109, -0.021859052, 0.0044645406, 0.10822953;
 0.02155878, 0.99803478, 0.058836933, 0.0098145436;
 -0.0057418863, -0.058726039, 0.99825764, 0.25439316;
 0, 0, 0, 1]
Twc:
[0.99975109, 0.02155878, -0.0057418863, -0.10695347;
 -0.021859052, 0.99803478, -0.058726039, 0.0075100414;
 0.0044645406, 0.058836933, 0.99825764, -0.25501058;
 0, 0, 0, 1]
Ow:
[0.10822953;
 0.0098145436;
 0.25439316]
Keyframe: 65 Frame: 428 Frame from vFrameID : 429
Tcw:
[0.99949551, -0.017155712, -0.026728367, 0.1087996;
 0.018153615, 0.99912983, 0.037550893, 0.010110133;
 0.026060896, -0.038017165, 0.99893719, 0.25606036;
 0, 0, 0, 1]
Twc:
[0.99949551, 0.018153615, 0.026060896, -0.11560141;
 -0.017155712, 0.99912983, -0.038017165, 0.0014998886;
 -0.026728367, 0.037550893, 0.99893719, -0.25325984;
 0, 0, 0, 1]
Ow:
[0.1087996;
 0.010110133;
 0.25606036]
Keyframe: 66 Frame: 435 Frame from vFrameID : 436
Tcw:
[0.99618739, -0.011064072, -0.086534902, 0.1098276;
 0.015134742, 0.99880236, 0.046527091, 0.01040089;
 0.085916482, -0.047659386, 0.99516177, 0.2577112;
 0, 0, 0, 1]
Twc:
[0.99618739, 0.015134742, 0.085916482, -0.13170794;
 -0.011064072, 0.99880236, -0.047659386, 0.0031090637;
 -0.086534902, 0.046527091, 0.99516177, -0.24744433;
 0, 0, 0, 1]
Ow:
[0.1098276;
 0.01040089;
 0.2577112]
Keyframe: 67 Frame: 442 Frame from vFrameID : 443
Tcw:
[0.99818218, -0.020473108, -0.056684572, 0.11029246;
 0.02447311, 0.99719054, 0.070795871, 0.011094963;
 0.055075906, -0.072054423, 0.99587893, 0.26009557;
 0, 0, 0, 1]
Twc:
[0.99818218, 0.02447311, 0.055075906, -0.12468851;
 -0.020473108, 0.99719054, -0.072054423, 0.0099352757;
 -0.056684572, 0.070795871, 0.99587893, -0.25355729;
 0, 0, 0, 1]
Ow:
[0.11029246;
 0.011094963;
 0.26009557]
Keyframe: 68 Frame: 449 Frame from vFrameID : 450
Tcw:
[0.99963307, -0.025163934, 0.010021747, 0.110977;
 0.024541205, 0.99801224, 0.0580451, 0.011464881;
 -0.01146247, -0.057777859, 0.99826366, 0.26197451;
 0, 0, 0, 1]
Twc:
[0.99963307, 0.024541205, -0.01146247, -0.10821477;
 -0.025163934, 0.99801224, -0.057777859, 0.0064868522;
 0.010021747, 0.0580451, 0.99826366, -0.26329729;
 0, 0, 0, 1]
Ow:
[0.110977;
 0.011464881;
 0.26197451]
Keyframe: 69 Frame: 455 Frame from vFrameID : 456
Tcw:
[0.99949712, -0.022475746, 0.022369703, 0.11126266;
 0.020962238, 0.99761689, 0.065735593, 0.011706654;
 -0.02379385, -0.065233618, 0.99758631, 0.26364005;
 0, 0, 0, 1]
Twc:
[0.99949712, 0.020962238, -0.02379385, -0.10517909;
 -0.022475746, 0.99761689, -0.065233618, 0.0080201495;
 0.022369703, 0.065735593, 0.99758631, -0.26626217;
 0, 0, 0, 1]
Ow:
[0.11126266;
 0.011706654;
 0.26364005]
Keyframe: 70 Frame: 461 Frame from vFrameID : 462
Tcw:
[0.99767601, -0.015300468, -0.066396683, 0.11185005;
 0.019553319, 0.99776584, 0.063882597, 0.011919516;
 0.065270908, -0.065032408, 0.9957462, 0.26532263;
 0, 0, 0, 1]
Twc:
[0.99767601, 0.019553319, 0.065270908, -0.12914102;
 -0.015300468, 0.99776584, -0.065032408, 0.0070730411;
 -0.066396683, 0.063882597, 0.9957462, -0.25752896;
 0, 0, 0, 1]
Ow:
[0.11185005;
 0.011919516;
 0.26532263]
Keyframe: 71 Frame: 468 Frame from vFrameID : 469
Tcw:
[0.99650043, 0.0014547212, -0.083574645, 0.11276814;
 0.0044189249, 0.99753356, 0.070052274, 0.012297759;
 0.083470419, -0.07017643, 0.9940362, 0.26708233;
 0, 0, 0, 1]
Twc:
[0.99650043, 0.0044189249, 0.083470419, -0.13472132;
 0.0014547212, 0.99753356, -0.07017643, 0.0063114124;
 -0.083574645, 0.070052274, 0.9940362, -0.25692645;
 0, 0, 0, 1]
Ow:
[0.11276814;
 0.012297759;
 0.26708233]
Keyframe: 72 Frame: 474 Frame from vFrameID : 475
Tcw:
[0.99836767, 0.0041060499, -0.056966059, 0.11302291;
 -0.00045234349, 0.9979496, 0.064003475, 0.012546754;
 0.057112053, -0.063873231, 0.99632245, 0.26838908;
 0, 0, 0, 1]
Twc:
[0.99836767, -0.00045234349, 0.057112053, -0.128161;
 0.0041060499, 0.9979496, -0.063873231, 0.0041577714;
 -0.056966059, 0.064003475, 0.99632245, -0.26176661;
 0, 0, 0, 1]
Ow:
[0.11302291;
 0.012546754;
 0.26838908]
Keyframe: 73 Frame: 480 Frame from vFrameID : 481
Tcw:
[0.99901271, -0.0286637, -0.033941679, 0.11299919;
 0.031651337, 0.9953447, 0.091033332, 0.012784634;
 0.031174319, -0.092017755, 0.99526924, 0.26948112;
 0, 0, 0, 1]
Twc:
[0.99901271, 0.031651337, 0.031174319, -0.12169316;
 -0.0286637, 0.9953447, -0.092017755, 0.015310905;
 -0.033941679, 0.091033332, 0.99526924, -0.26553473;
 0, 0, 0, 1]
Ow:
[0.11299919;
 0.012784634;
 0.26948112]
Keyframe: 74 Frame: 488 Frame from vFrameID : 489
Tcw:
[0.9984262, -0.041687816, -0.037514057, 0.11346343;
 0.045349613, 0.9936741, 0.10273844, 0.013118582;
 0.032993805, -0.10427799, 0.99400073, 0.27122617;
 0, 0, 0, 1]
Twc:
[0.9984262, 0.045349613, 0.032993805, -0.12282856;
 -0.041687816, 0.9936741, -0.10427799, 0.019977367;
 -0.037514057, 0.10273844, 0.99400073, -0.26669031;
 0, 0, 0, 1]
Ow:
[0.11346343;
 0.013118582;
 0.27122617]
Keyframe: 75 Frame: 496 Frame from vFrameID : 497
Tcw:
[0.99706429, -0.03222771, -0.06945654, 0.11423847;
 0.039489403, 0.99359751, 0.10585178, 0.013401481;
 0.065600485, -0.10828383, 0.99195319, 0.27269998;
 0, 0, 0, 1]
Twc:
[0.99706429, 0.039489403, 0.065600485, -0.13232157;
 -0.03222771, 0.99359751, -0.10828383, 0.019894965;
 -0.06945654, 0.10585178, 0.99195319, -0.2639896;
 0, 0, 0, 1]
Ow:
[0.11423847;
 0.013401481;
 0.27269998]
Keyframe: 76 Frame: 503 Frame from vFrameID : 504
Tcw:
[0.99856722, -0.029553264, -0.044610847, 0.11439352;
 0.033890981, 0.99442631, 0.099838458, 0.013754759;
 0.041411646, -0.10120732, 0.99400312, 0.27385935;
 0, 0, 0, 1]
Twc:
[0.99856722, 0.033890981, 0.041411646, -0.12603675;
 -0.029553264, 0.99442631, -0.10120732, 0.01741918;
 -0.044610847, 0.099838458, 0.99400312, -0.26848713;
 0, 0, 0, 1]
Ow:
[0.11439352;
 0.013754759;
 0.27385935]
Keyframe: 77 Frame: 510 Frame from vFrameID : 511
Tcw:
[0.99872857, -0.048810821, -0.012600356, 0.11460197;
 0.04959302, 0.99618036, 0.071869925, 0.013844071;
 0.0090441965, -0.072403438, 0.99733442, 0.27526391;
 0, 0, 0, 1]
Twc:
[0.99872857, 0.04959302, 0.0090441965, -0.11763237;
 -0.048810821, 0.99618036, -0.072403438, 0.011732678;
 -0.012600356, 0.071869925, 0.99733442, -0.27408111;
 0, 0, 0, 1]
Ow:
[0.11460197;
 0.013844071;
 0.27526391]
Keyframe: 78 Frame: 517 Frame from vFrameID : 518
Tcw:
[0.99895251, -0.044352405, 0.011257745, 0.11490977;
 0.043404512, 0.99632972, 0.073777735, 0.014203021;
 -0.014488647, -0.073211819, 0.99721116, 0.27645317;
 0, 0, 0, 1]
Twc:
[0.99895251, 0.043404512, -0.014488647, -0.11140044;
 -0.044352405, 0.99632972, -0.073211819, 0.011185273;
 0.011257745, 0.073777735, 0.99721116, -0.27802369;
 0, 0, 0, 1]
Ow:
[0.11490977;
 0.014203021;
 0.27645317]
Keyframe: 79 Frame: 524 Frame from vFrameID : 525
Tcw:
[0.99904478, -0.020913688, -0.038369413, 0.11551427;
 0.02343525, 0.9975118, 0.066490792, 0.014343177;
 0.036883377, -0.067326471, 0.99704903, 0.27742308;
 0, 0, 0, 1]
Twc:
[0.99904478, 0.02343525, 0.036883377, -0.12597236;
 -0.020913688, 0.9975118, -0.067326471, 0.0067862584;
 -0.038369413, 0.066490792, 0.99704903, -0.27312589;
 0, 0, 0, 1]
Ow:
[0.11551427;
 0.014343177;
 0.27742308]
Keyframe: 80 Frame: 532 Frame from vFrameID : 533
Tcw:
[0.99876839, -0.011700632, -0.048215993, 0.11576103;
 0.015714554, 0.99636459, 0.083729573, 0.014610631;
 0.047061019, -0.084384143, 0.99532133, 0.2785905;
 0, 0, 0, 1]
Twc:
[0.99876839, 0.015714554, 0.047061019, -0.12895882;
 -0.011700632, 0.99636459, -0.084384143, 0.010305583;
 -0.048215993, 0.083729573, 0.99532133, -0.27292889;
 0, 0, 0, 1]
Ow:
[0.11576103;
 0.014610631;
 0.2785905]
Keyframe: 81 Frame: 540 Frame from vFrameID : 541
Tcw:
[0.99944502, -0.031312823, -0.011364575, 0.11615419;
 0.032025751, 0.99708945, 0.069187753, 0.015085259;
 0.0091650337, -0.069513313, 0.99753892, 0.28018972;
 0, 0, 0, 1]
Twc:
[0.99944502, 0.032025751, 0.0091650337, -0.1191408;
 -0.031312823, 0.99708945, -0.069513313, 0.0080726799;
 -0.011364575, 0.069187753, 0.99753892, -0.27922383;
 0, 0, 0, 1]
Ow:
[0.11615419;
 0.015085259;
 0.28018972]
Keyframe: 82 Frame: 548 Frame from vFrameID : 549
Tcw:
[0.99915224, -0.038219146, 0.015300874, 0.11639307;
 0.03696885, 0.99649709, 0.075012617, 0.015345082;
 -0.018114194, -0.074383371, 0.99706519, 0.28142065;
 0, 0, 0, 1]
Twc:
[0.99915224, 0.03696885, -0.018114194, -0.11176398;
 -0.038219146, 0.99649709, -0.074383371, 0.010090131;
 0.015300874, 0.075012617, 0.99706519, -0.28352675;
 0, 0, 0, 1]
Ow:
[0.11639307;
 0.015345082;
 0.28142065]
Keyframe: 83 Frame: 556 Frame from vFrameID : 557
Tcw:
[0.99954075, -0.022749169, -0.020020105, 0.1170284;
 0.023749908, 0.99840307, 0.051256493, 0.015495969;
 0.018822091, -0.051708426, 0.99848485, 0.282666;
 0, 0, 0, 1]
Twc:
[0.99954075, 0.023749908, 0.018822091, -0.12266304;
 -0.022749169, 0.99840307, -0.051708426, 0.0018072908;
 -0.020020105, 0.051256493, 0.99848485, -0.28068906;
 0, 0, 0, 1]
Ow:
[0.1170284;
 0.015495969;
 0.282666]
Keyframe: 84 Frame: 564 Frame from vFrameID : 565
Tcw:
[0.99948019, -0.0070983027, -0.031448726, 0.11743528;
 0.0088252006, 0.99844086, 0.055117581, 0.01565606;
 0.03100845, -0.055366471, 0.99798447, 0.28392777;
 0, 0, 0, 1]
Twc:
[0.99948019, 0.0088252006, 0.03100845, -0.12631655;
 -0.0070983027, 0.99844086, -0.055366471, 0.00092201913;
 -0.031448726, 0.055117581, 0.99798447, -0.28052524;
 0, 0, 0, 1]
Ow:
[0.11743528;
 0.01565606;
 0.28392777]
Keyframe: 85 Frame: 572 Frame from vFrameID : 573
Tcw:
[0.99946499, -0.025581671, -0.02037972, 0.11757591;
 0.026502874, 0.99857622, 0.046293311, 0.0160322;
 0.019166443, -0.046808664, 0.99871999, 0.28519207;
 0, 0, 0, 1]
Twc:
[0.99946499, 0.026502874, 0.019166443, -0.12340402;
 -0.025581671, 0.99857622, -0.046808664, 0.00034787346;
 -0.02037972, 0.046293311, 0.99871999, -0.28317302;
 0, 0, 0, 1]
Ow:
[0.11757591;
 0.0160322;
 0.28519207]
Keyframe: 86 Frame: 580 Frame from vFrameID : 581
Tcw:
[0.99916863, -0.038181938, -0.014288797, 0.11799938;
 0.038855605, 0.99797869, 0.050286934, 0.016270153;
 0.012339862, -0.050800327, 0.99863261, 0.28642929;
 0, 0, 0, 1]
Twc:
[0.99916863, 0.038855605, 0.012339862, -0.12206797;
 -0.038181938, 0.99797869, -0.050800327, 0.0028188801;
 -0.014288797, 0.050286934, 0.99863261, -0.28516972;
 0, 0, 0, 1]
Ow:
[0.11799938;
 0.016270153;
 0.28642929]
Keyframe: 87 Frame: 588 Frame from vFrameID : 589
Tcw:
[0.99812919, -0.023797579, -0.05631914, 0.11880763;
 0.027621118, 0.99729496, 0.068116046, 0.016738836;
 0.054545797, -0.069544211, 0.99608654, 0.28777316;
 0, 0, 0, 1]
Twc:
[0.99812919, 0.027621118, 0.054545797, -0.13474451;
 -0.023797579, 0.99729496, -0.069544211, 0.006146735;
 -0.05631914, 0.068116046, 0.99608654, -0.28109601;
 0, 0, 0, 1]
Ow:
[0.11880763;
 0.016738836;
 0.28777316]
Keyframe: 88 Frame: 596 Frame from vFrameID : 597
Tcw:
[0.9973613, -0.0084366454, -0.072105579, 0.11908922;
 0.012674821, 0.99820554, 0.058523484, 0.016950376;
 0.07148245, -0.059282985, 0.99567854, 0.28885737;
 0, 0, 0, 1]
Twc:
[0.9973613, 0.012674821, 0.07148245, -0.13963805;
 -0.0084366454, 0.99820554, -0.059282985, 0.0012090813;
 -0.072105579, 0.058523484, 0.99567854, -0.2800141;
 0, 0, 0, 1]
Ow:
[0.11908922;
 0.016950376;
 0.28885737]
Keyframe: 89 Frame: 605 Frame from vFrameID : 606
Tcw:
[0.9968164, -0.041934989, -0.067812838, 0.11927579;
 0.044402409, 0.99838996, 0.035296787, 0.017373594;
 0.066223487, -0.038195468, 0.99707347, 0.29024836;
 0, 0, 0, 1]
Twc:
[0.9968164, 0.044402409, 0.066223487, -0.13888873;
 -0.041934989, 0.99838996, -0.038195468, -0.0012576219;
 -0.067812838, 0.035296787, 0.99707347, -0.28192374;
 0, 0, 0, 1]
Ow:
[0.11927579;
 0.017373594;
 0.29024836]
Keyframe: 90 Frame: 615 Frame from vFrameID : 616
Tcw:
[0.99820596, -0.028811628, -0.052486017, 0.11971892;
 0.031430572, 0.99826574, 0.049775615, 0.017738856;
 0.05096088, -0.051335983, 0.99738038, 0.29179966;
 0, 0, 0, 1]
Twc:
[0.99820596, 0.031430572, 0.05096088, -0.13493204;
 -0.028811628, 0.99826574, -0.051335983, 0.00072102615;
 -0.052486017, 0.049775615, 0.99738038, -0.28563464;
 0, 0, 0, 1]
Ow:
[0.11971892;
 0.017738856;
 0.29179966]
Keyframe: 91 Frame: 625 Frame from vFrameID : 626
Tcw:
[0.9934718, -0.02525264, -0.11124778, 0.12015568;
 0.030517336, 0.9984808, 0.045878101, 0.017968027;
 0.10992023, -0.048973586, 0.99273318, 0.29303998;
 0, 0, 0, 1]
Twc:
[0.9934718, 0.030517336, 0.10992023, -0.15213063;
 -0.02525264, 0.9984808, -0.048973586, -0.0005552636;
 -0.11124778, 0.045878101, 0.99273318, -0.27836779;
 0, 0, 0, 1]
Ow:
[0.12015568;
 0.017968027;
 0.29303998]
Keyframe: 92 Frame: 635 Frame from vFrameID : 636
Tcw:
[0.99667847, -0.034577854, -0.073732033, 0.12040524;
 0.037793677, 0.99837393, 0.042674996, 0.018233607;
 0.072136529, -0.045319855, 0.99636459, 0.2943804;
 0, 0, 0, 1]
Twc:
[0.99667847, 0.037793677, 0.072136529, -0.14193001;
 -0.034577854, 0.99837393, -0.045319855, -0.00069932546;
 -0.073732033, 0.042674996, 0.99636459, -0.28521061;
 0, 0, 0, 1]
Ow:
[0.12040524;
 0.018233607;
 0.2943804]
Keyframe: 93 Frame: 644 Frame from vFrameID : 645
Tcw:
[0.99869442, -0.035337344, -0.03688829, 0.12075634;
 0.03710093, 0.99814492, 0.048272751, 0.018540274;
 0.035114028, -0.049578317, 0.99815279, 0.29545718;
 0, 0, 0, 1]
Twc:
[0.99869442, 0.03710093, 0.035114028, -0.13166125;
 -0.035337344, 0.99814492, -0.049578317, 0.00040959835;
 -0.03688829, 0.048272751, 0.99815279, -0.29135191;
 0, 0, 0, 1]
Ow:
[0.12075634;
 0.018540274;
 0.29545718]
Keyframe: 94 Frame: 653 Frame from vFrameID : 654
Tcw:
[0.99683124, -0.022530505, -0.076287635, 0.12132988;
 0.025489794, 0.99895096, 0.038042247, 0.018638432;
 0.075350493, -0.039866257, 0.99635988, 0.29636812;
 0, 0, 0, 1]
Twc:
[0.99683124, 0.025489794, 0.075350493, -0.14375199;
 -0.022530505, 0.99895096, -0.039866257, -0.0040701707;
 -0.076287635, 0.038042247, 0.99635988, -0.28674236;
 0, 0, 0, 1]
Ow:
[0.12132988;
 0.018638432;
 0.29636812]
Keyframe: 95 Frame: 660 Frame from vFrameID : 661
Tcw:
[0.99810231, -0.024321264, -0.056571171, 0.12153479;
 0.02547151, 0.99948138, 0.019701242, 0.018785873;
 0.056062672, -0.021104809, 0.99820417, 0.29728976;
 0, 0, 0, 1]
Twc:
[0.99810231, 0.02547151, 0.056062672, -0.13844952;
 -0.024321264, 0.99948138, -0.021104809, -0.009546008;
 -0.056571171, 0.019701242, 0.99820417, -0.29025063;
 0, 0, 0, 1]
Ow:
[0.12153479;
 0.018785873;
 0.29728976]
Keyframe: 96 Frame: 667 Frame from vFrameID : 668
Tcw:
[0.99870825, -0.045353502, -0.022909569, 0.12155221;
 0.04587955, 0.99868256, 0.022983205, 0.018899178;
 0.021837017, -0.024004597, 0.99947333, 0.29807508;
 0, 0, 0, 1]
Twc:
[0.99870825, 0.04587955, 0.021837017, -0.12877136;
 -0.045353502, 0.99868256, -0.024004597, -0.0062062889;
 -0.022909569, 0.022983205, 0.99947333, -0.29556772;
 0, 0, 0, 1]
Ow:
[0.12155221;
 0.018899178;
 0.29807508]
Keyframe: 97 Frame: 674 Frame from vFrameID : 675
Tcw:
[0.99880368, -0.048866544, 0.0018155231, 0.12180624;
 0.04871022, 0.99750614, 0.051076364, 0.019072754;
 -0.0043069208, -0.050926823, 0.99869311, 0.29889178;
 0, 0, 0, 1]
Twc:
[0.99880368, 0.04871022, -0.0043069208, -0.12130225;
 -0.048866544, 0.99750614, -0.050926823, 0.0021486676;
 0.0018155231, 0.051076364, 0.99869311, -0.29969645;
 0, 0, 0, 1]
Ow:
[0.12180624;
 0.019072754;
 0.29889178]
Keyframe: 98 Frame: 681 Frame from vFrameID : 682
Tcw:
[0.99921042, -0.034636978, -0.0194628, 0.12220597;
 0.035198074, 0.99895173, 0.029266881, 0.019126929;
 0.018428681, -0.029928824, 0.99938214, 0.29967922;
 0, 0, 0, 1]
Twc:
[0.99921042, 0.035198074, 0.018428681, -0.12830541;
 -0.034636978, 0.99895173, -0.029928824, -0.005904987;
 -0.0194628, 0.029266881, 0.99938214, -0.29767537;
 0, 0, 0, 1]
Ow:
[0.12220597;
 0.019126929;
 0.29967922]
Keyframe: 99 Frame: 687 Frame from vFrameID : 688
Tcw:
[0.999129, -0.031058731, -0.027866781, 0.12245157;
 0.032068204, 0.9988175, 0.036540598, 0.01924669;
 0.026698925, -0.03740241, 0.99894357, 0.30028653;
 0, 0, 0, 1]
Twc:
[0.999129, 0.032068204, 0.026698925, -0.13097946;
 -0.031058731, 0.9988175, -0.03740241, -0.0041893004;
 -0.027866781, 0.036540598, 0.99894357, -0.29726022;
 0, 0, 0, 1]
Ow:
[0.12245157;
 0.01924669;
 0.30028653]
Keyframe: 100 Frame: 694 Frame from vFrameID : 695
Tcw:
[0.99834198, -0.046124827, -0.034435194, 0.12254076;
 0.047101554, 0.99849445, 0.028113, 0.019424606;
 0.033086643, -0.02968834, 0.99901146, 0.30111298;
 0, 0, 0, 1]
Twc:
[0.99834198, 0.047101554, 0.033086643, -0.13321534;
 -0.046124827, 0.99849445, -0.02968834, -0.0048036459;
 -0.034435194, 0.028113, 0.99901146, -0.29714167;
 0, 0, 0, 1]
Ow:
[0.12254076;
 0.019424606;
 0.30111298]
Keyframe: 101 Frame: 700 Frame from vFrameID : 701
Tcw:
[0.99777508, -0.064795509, -0.015699759, 0.12270976;
 0.065331236, 0.99719852, 0.036426693, 0.019527521;
 0.01329549, -0.03737133, 0.99921298, 0.30171227;
 0, 0, 0, 1]
Twc:
[0.99777508, 0.065331236, 0.01329549, -0.1277239;
 -0.064795509, 0.99719852, -0.03737133, -0.00024638398;
 -0.015699759, 0.036426693, 0.99921298, -0.30025962;
 0, 0, 0, 1]
Ow:
[0.12270976;
 0.019527521;
 0.30171227]
Keyframe: 102 Frame: 706 Frame from vFrameID : 707
Tcw:
[0.99786079, -0.065182358, -0.0050062104, 0.12298449;
 0.065350287, 0.99664128, 0.049350962, 0.019611988;
 0.0017725838, -0.04957255, 0.99876893, 0.30231762;
 0, 0, 0, 1]
Twc:
[0.99786079, 0.065350287, 0.0017725838, -0.12453894;
 -0.065182358, 0.99664128, -0.04957255, 0.0034569555;
 -0.0050062104, 0.049350962, 0.99876893, -0.30229762;
 0, 0, 0, 1]
Ow:
[0.12298449;
 0.019611988;
 0.30231762]
Keyframe: 103 Frame: 712 Frame from vFrameID : 713
Tcw:
[0.9976362, -0.049502309, -0.047660135, 0.12354871;
 0.05171553, 0.99758422, 0.04638179, 0.0198013;
 0.045248989, -0.048736922, 0.99778616, 0.30302018;
 0, 0, 0, 1]
Twc:
[0.9976362, 0.05171553, 0.045248989, -0.13799207;
 -0.049502309, 0.99758422, -0.048736922, 0.0011307555;
 -0.047660135, 0.04638179, 0.99778616, -0.29737943;
 0, 0, 0, 1]
Ow:
[0.12354871;
 0.0198013;
 0.30302018]
Keyframe: 104 Frame: 718 Frame from vFrameID : 719
Tcw:
[0.99705029, -0.043967664, -0.062909551, 0.12380829;
 0.047575802, 0.99723685, 0.057054818, 0.019832993;
 0.060227156, -0.059879493, 0.99638706, 0.30361652;
 0, 0, 0, 1]
Twc:
[0.99705029, 0.047575802, 0.060227156, -0.14267261;
 -0.043967664, 0.99723685, -0.059879493, 0.0038457736;
 -0.062909551, 0.057054818, 0.99638706, -0.29586241;
 0, 0, 0, 1]
Ow:
[0.12380829;
 0.019832993;
 0.30361652]
Keyframe: 105 Frame: 724 Frame from vFrameID : 725
Tcw:
[0.99811703, -0.040426489, -0.046131629, 0.12397571;
 0.042613432, 0.99796414, 0.047451228, 0.019995205;
 0.044119425, -0.049327705, 0.99780774, 0.30427808;
 0, 0, 0, 1]
Twc:
[0.99811703, 0.042613432, 0.044119425, -0.13801891;
 -0.040426489, 0.99796414, -0.049327705, 6.6744578e-05;
 -0.046131629, 0.047451228, 0.99780774, -0.29884061;
 0, 0, 0, 1]
Ow:
[0.12397571;
 0.019995205;
 0.30427808]
Keyframe: 106 Frame: 729 Frame from vFrameID : 730
Tcw:
[0.99789858, -0.062483113, -0.017155446, 0.12383446;
 0.063107565, 0.99725777, 0.038656775, 0.020143393;
 0.014693006, -0.039658178, 0.99910527, 0.30489004;
 0, 0, 0, 1]
Twc:
[0.99789858, 0.063107565, 0.014693006, -0.12932518;
 -0.062483113, 0.99725777, -0.039658178, -0.00025920832;
 -0.017155446, 0.038656775, 0.99910527, -0.3032715;
 0, 0, 0, 1]
Ow:
[0.12383446;
 0.020143393;
 0.30489004]
Keyframe: 107 Frame: 734 Frame from vFrameID : 735
Tcw:
[0.99767035, -0.065866672, -0.01776154, 0.12394135;
 0.066818669, 0.99597353, 0.059766591, 0.020193122;
 0.013753396, -0.060814157, 0.99805433, 0.30539873;
 0, 0, 0, 1]
Twc:
[0.99767035, 0.066818669, 0.013753396, -0.12920216;
 -0.065866672, 0.99597353, -0.060814157, 0.0066243564;
 -0.01776154, 0.059766591, 0.99805433, -0.30381003;
 0, 0, 0, 1]
Ow:
[0.12394135;
 0.020193122;
 0.30539873]
Keyframe: 108 Frame: 739 Frame from vFrameID : 740
Tcw:
[0.99713176, -0.062439017, -0.04277363, 0.12407696;
 0.064046577, 0.99724948, 0.037303384, 0.020332012;
 0.040326793, -0.039935894, 0.99838811, 0.30604434;
 0, 0, 0, 1]
Twc:
[0.99713176, 0.064046577, 0.040326793, -0.13736507;
 -0.062439017, 0.99724948, -0.039935894, -0.00030669055;
 -0.04277363, 0.037303384, 0.99838811, -0.30100226;
 0, 0, 0, 1]
Ow:
[0.12407696;
 0.020332012;
 0.30604434]
Keyframe: 109 Frame: 744 Frame from vFrameID : 745
Tcw:
[0.99480641, -0.052601933, -0.087139353, 0.1242215;
 0.055965159, 0.99776125, 0.03661181, 0.020320237;
 0.085018411, -0.04129843, 0.99552315, 0.30658621;
 0, 0, 0, 1]
Twc:
[0.99480641, 0.055965159, 0.085018411, -0.15077905;
 -0.052601933, 0.99776125, -0.04129843, -0.001078925;
 -0.087139353, 0.03661181, 0.99552315, -0.29513302;
 0, 0, 0, 1]
Ow:
[0.1242215;
 0.020320237;
 0.30658621]
Keyframe: 110 Frame: 749 Frame from vFrameID : 750
Tcw:
[0.99374026, -0.04459906, -0.10242642, 0.12437999;
 0.048868891, 0.99802136, 0.039561775, 0.020447224;
 0.10045934, -0.044319592, 0.99395359, 0.30693731;
 0, 0, 0, 1]
Twc:
[0.99374026, 0.048868891, 0.10045934, -0.15543537;
 -0.04459906, 0.99802136, -0.044319592, -0.0012561978;
 -0.10242642, 0.039561775, 0.99395359, -0.29315057;
 0, 0, 0, 1]
Ow:
[0.12437999;
 0.020447224;
 0.30693731]
Keyframe: 111 Frame: 755 Frame from vFrameID : 756
Tcw:
[0.99520016, -0.049352471, -0.084504649, 0.12441747;
 0.053638007, 0.99734682, 0.049216472, 0.020622186;
 0.08185149, -0.053512901, 0.99520689, 0.30771616;
 0, 0, 0, 1]
Twc:
[0.99520016, 0.053638007, 0.08185149, -0.15011343;
 -0.049352471, 0.99734682, -0.053512901, 0.00203962;
 -0.084504649, 0.049216472, 0.99520689, -0.29674232;
 0, 0, 0, 1]
Ow:
[0.12441747;
 0.020622186;
 0.30771616]
Keyframe: 112 Frame: 761 Frame from vFrameID : 762
Tcw:
[0.99676019, -0.050822824, -0.062338784, 0.12457497;
 0.053459194, 0.99771237, 0.041377667, 0.020636849;
 0.060093246, -0.044576194, 0.99719697, 0.30829185;
 0, 0, 0, 1]
Twc:
[0.99676019, 0.053459194, 0.060093246, -0.14380087;
 -0.050822824, 0.99771237, -0.044576194, -0.00051591086;
 -0.062338784, 0.041377667, 0.99719697, -0.30051574;
 0, 0, 0, 1]
Ow:
[0.12457497;
 0.020636849;
 0.30829185]
Keyframe: 113 Frame: 766 Frame from vFrameID : 767
Tcw:
[0.99796361, -0.04972934, -0.039945818, 0.12465484;
 0.051379237, 0.99782085, 0.041396942, 0.020697184;
 0.037800126, -0.043365028, 0.99834394, 0.30873078;
 0, 0, 0, 1]
Twc:
[0.99796361, 0.051379237, 0.037800126, -0.13713446;
 -0.04972934, 0.99782085, -0.043365028, -0.0010649612;
 -0.039945818, 0.041396942, 0.99834394, -0.30409688;
 0, 0, 0, 1]
Ow:
[0.12465484;
 0.020697184;
 0.30873078]
Keyframe: 114 Frame: 772 Frame from vFrameID : 773
Tcw:
[0.99663049, -0.040228579, -0.071479231, 0.12484376;
 0.042398982, 0.9986766, 0.029110253, 0.020778887;
 0.070213571, -0.032042813, 0.9970172, 0.30928308;
 0, 0, 0, 1]
Twc:
[0.99663049, 0.042398982, 0.070213571, -0.14701998;
 -0.040228579, 0.9986766, -0.032042813, -0.0058188001;
 -0.071479231, 0.029110253, 0.9970172, -0.30004171;
 0, 0, 0, 1]
Ow:
[0.12484376;
 0.020778887;
 0.30928308]
Keyframe: 115 Frame: 778 Frame from vFrameID : 779
Tcw:
[0.99312705, -0.033313483, -0.1122003, 0.12500656;
 0.0373789, 0.99871141, 0.034326464, 0.02089949;
 0.11091219, -0.038284462, 0.99309254, 0.30992961;
 0, 0, 0, 1]
Twc:
[0.99312705, 0.0373789, 0.11091219, -0.15930356;
 -0.033313483, 0.99871141, -0.038284462, -0.0048426669;
 -0.1122003, 0.034326464, 0.99309254, -0.29448041;
 0, 0, 0, 1]
Ow:
[0.12500656;
 0.02089949;
 0.30992961]
Keyframe: 116 Frame: 783 Frame from vFrameID : 784
Tcw:
[0.9958843, -0.031917583, -0.084827572, 0.12505504;
 0.035058424, 0.99874395, 0.035797831, 0.020913575;
 0.083578445, -0.038624421, 0.99575239, 0.31041443;
 0, 0, 0, 1]
Twc:
[0.9958843, 0.035058424, 0.083578445, -0.15121751;
 -0.031917583, 0.99874395, -0.038624421, -0.0049062744;
 -0.084827572, 0.035797831, 0.99575239, -0.29923645;
 0, 0, 0, 1]
Ow:
[0.12505504;
 0.020913575;
 0.31041443]
Keyframe: 117 Frame: 789 Frame from vFrameID : 790
Tcw:
[0.99846339, -0.047053367, -0.029272554, 0.12507382;
 0.047906458, 0.99842614, 0.029158095, 0.021089673;
 0.027854497, -0.030515635, 0.9991461, 0.31093493;
 0, 0, 0, 1]
Twc:
[0.99846339, 0.047906458, 0.027854497, -0.1345529;
 -0.047053367, 0.99842614, -0.030515635, -0.0056829611;
 -0.029272554, 0.029158095, 0.9991461, -0.30762312;
 0, 0, 0, 1]
Ow:
[0.12507382;
 0.021089673;
 0.31093493]
Keyframe: 118 Frame: 795 Frame from vFrameID : 796
Tcw:
[0.99839336, -0.056405153, 0.0054035345, 0.12518519;
 0.056051057, 0.99708492, 0.051767886, 0.021219753;
 -0.0083077587, -0.051381841, 0.99864453, 0.31154111;
 0, 0, 0, 1]
Twc:
[0.99839336, 0.056051057, -0.0083077587, -0.12358524;
 -0.056405153, 0.99708492, -0.051381841, 0.0019107489;
 0.0054035345, 0.051767886, 0.99864453, -0.31289378;
 0, 0, 0, 1]
Ow:
[0.12518519;
 0.021219753;
 0.31154111]
Keyframe: 119 Frame: 801 Frame from vFrameID : 802
Tcw:
[0.99782169, -0.050076276, -0.042945214, 0.12542449;
 0.052552387, 0.99689674, 0.058610339, 0.021312073;
 0.039876953, -0.06073954, 0.99735677, 0.31203759;
 0, 0, 0, 1]
Twc:
[0.99782169, 0.052552387, 0.039876953, -0.13871437;
 -0.050076276, 0.99689674, -0.06073954, 0.0039878758;
 -0.042945214, 0.058610339, 0.99735677, -0.30707553;
 0, 0, 0, 1]
Ow:
[0.12542449;
 0.021312073;
 0.31203759]
Keyframe: 120 Frame: 807 Frame from vFrameID : 808
Tcw:
[0.99777108, -0.035050273, -0.056783255, 0.12566406;
 0.038446464, 0.99746585, 0.059864871, 0.021359216;
 0.054541077, -0.061914552, 0.99659014, 0.31246269;
 0, 0, 0, 1]
Twc:
[0.99777108, 0.038446464, 0.054541077, -0.1432472;
 -0.035050273, 0.99746585, -0.061914552, 0.0024454605;
 -0.056783255, 0.059864871, 0.99659014, -0.30554029;
 0, 0, 0, 1]
Ow:
[0.12566406;
 0.021359216;
 0.31246269]
Keyframe: 121 Frame: 813 Frame from vFrameID : 814
Tcw:
[0.99901605, -0.029701056, -0.032935284, 0.12580162;
 0.031055881, 0.99865919, 0.041417316, 0.021445215;
 0.031660985, -0.042399399, 0.99859893, 0.31305349;
 0, 0, 0, 1]
Twc:
[0.99901605, 0.031055881, 0.031660985, -0.13625543;
 -0.029701056, 0.99865919, -0.042399399, -0.0044067395;
 -0.032935284, 0.041417316, 0.99859893, -0.30935979;
 0, 0, 0, 1]
Ow:
[0.12580162;
 0.021445215;
 0.31305349]
Keyframe: 122 Frame: 819 Frame from vFrameID : 820
Tcw:
[0.99908233, -0.042692903, 0.0034395191, 0.12583648;
 0.04256881, 0.99862999, 0.030430572, 0.021593798;
 -0.0047339764, -0.03025623, 0.99953097, 0.31353009;
 0, 0, 0, 1]
Twc:
[0.99908233, 0.04256881, -0.0047339764, -0.12515599;
 -0.042692903, 0.99862999, -0.03025623, -0.0067056525;
 0.0034395191, 0.030430572, 0.99953097, -0.31447294;
 0, 0, 0, 1]
Ow:
[0.12583648;
 0.021593798;
 0.31353009]
Keyframe: 123 Frame: 825 Frame from vFrameID : 826
Tcw:
[0.99885452, -0.047157045, -0.0081174755, 0.1260356;
 0.047398753, 0.99833953, 0.032733619, 0.021690581;
 0.0065603759, -0.033080883, 0.99943113, 0.31412601;
 0, 0, 0, 1]
Twc:
[0.99885452, 0.047398753, 0.0065603759, -0.12898012;
 -0.047157045, 0.99833953, -0.033080883, -0.0053195329;
 -0.0081174755, 0.032733619, 0.99943113, -0.31363425;
 0, 0, 0, 1]
Ow:
[0.1260356;
 0.021690581;
 0.31412601]
Keyframe: 124 Frame: 832 Frame from vFrameID : 833
Tcw:
[0.99466401, -0.033976823, -0.097412147, 0.12638929;
 0.036475096, 0.9990468, 0.02398086, 0.021750072;
 0.096504502, -0.027406015, 0.99495518, 0.31463468;
 0, 0, 0, 1]
Twc:
[0.99466401, 0.036475096, 0.096504502, -0.15687189;
 -0.033976823, 0.9990468, -0.027406015, -0.00881215;
 -0.097412147, 0.02398086, 0.99495518, -0.30125713;
 0, 0, 0, 1]
Ow:
[0.12638929;
 0.021750072;
 0.31463468]
Keyframe: 125 Frame: 838 Frame from vFrameID : 839
Tcw:
[0.98915869, -0.028016305, -0.14415325, 0.12665592;
 0.033113755, 0.99890387, 0.033083972, 0.021821605;
 0.14306836, -0.037498754, 0.98900217, 0.31504637;
 0, 0, 0, 1]
Twc:
[0.98915869, 0.033113755, 0.14306836, -0.17107856;
 -0.028016305, 0.99890387, -0.037498754, -0.0064354087;
 -0.14415325, 0.033083972, 0.98900217, -0.29404563;
 0, 0, 0, 1]
Ow:
[0.12665592;
 0.021821605;
 0.31504637]
Keyframe: 126 Frame: 844 Frame from vFrameID : 845
Tcw:
[0.99038625, -0.028422924, -0.13537802, 0.12675512;
 0.032306377, 0.99912465, 0.026575573, 0.021888059;
 0.13450415, -0.030693654, 0.99043757, 0.31547651;
 0, 0, 0, 1]
Twc:
[0.99038625, 0.032306377, 0.13450415, -0.16867657;
 -0.028422924, 0.99912465, -0.030693654, -0.0085830204;
 -0.13537802, 0.026575573, 0.99043757, -0.2958816;
 0, 0, 0, 1]
Ow:
[0.12675512;
 0.021888059;
 0.31547651]
Keyframe: 127 Frame: 851 Frame from vFrameID : 852
Tcw:
[0.9936704, -0.047694184, -0.10170712, 0.12676185;
 0.051574402, 0.99802488, 0.035867468, 0.021781217;
 0.099795565, -0.040885925, 0.99416757, 0.31558484;
 0, 0, 0, 1]
Twc:
[0.9936704, 0.051574402, 0.099795565, -0.15857683;
 -0.047694184, 0.99802488, -0.040885925, -0.0027894131;
 -0.10170712, 0.035867468, 0.99416757, -0.30163288;
 0, 0, 0, 1]
Ow:
[0.12676185;
 0.021781217;
 0.31558484]
Keyframe: 128 Frame: 858 Frame from vFrameID : 859
Tcw:
[0.99578184, -0.047448967, -0.078530706, 0.12689213;
 0.051165935, 0.99762952, 0.046015389, 0.021784961;
 0.076161169, -0.049839389, 0.99584913, 0.31604713;
 0, 0, 0, 1]
Twc:
[0.99578184, 0.051165935, 0.076161169, -0.15154205;
 -0.047448967, 0.99762952, -0.049839389, 3.9176746e-05;
 -0.078530706, 0.046015389, 0.99584913, -0.30577278;
 0, 0, 0, 1]
Ow:
[0.12689213;
 0.021784961;
 0.31604713]
Keyframe: 129 Frame: 865 Frame from vFrameID : 866
Tcw:
[0.99421817, -0.05106898, -0.094457328, 0.12697603;
 0.053813599, 0.99819291, 0.02673973, 0.021860749;
 0.092921063, -0.031668212, 0.99516976, 0.31637585;
 0, 0, 0, 1]
Twc:
[0.99421817, 0.053813599, 0.092921063, -0.15681627;
 -0.05106898, 0.99819291, -0.031668212, -0.0053176484;
 -0.094457328, 0.02673973, 0.99516976, -0.3034384;
 0, 0, 0, 1]
Ow:
[0.12697603;
 0.021860749;
 0.31637585]
Keyframe: 130 Frame: 872 Frame from vFrameID : 873
Tcw:
[0.99765664, -0.038644128, -0.056461055, 0.12703051;
 0.040548604, 0.99863303, 0.032983478, 0.021947546;
 0.055109255, -0.0351956, 0.99785984, 0.31683594;
 0, 0, 0, 1]
Twc:
[0.99765664, 0.040548604, 0.055109255, -0.14508337;
 -0.038644128, 0.99863303, -0.0351956, -0.005857328;
 -0.056461055, 0.032983478, 0.99785984, -0.30970949;
 0, 0, 0, 1]
Ow:
[0.12703051;
 0.021947546;
 0.31683594]
Keyframe: 131 Frame: 878 Frame from vFrameID : 879
Tcw:
[0.99827671, -0.058642179, -0.0021770266, 0.12705338;
 0.058669139, 0.99815494, 0.015643058, 0.022027504;
 0.0012556668, -0.015743826, 0.99987525, 0.31703204;
 0, 0, 0, 1]
Twc:
[0.99827671, 0.058669139, 0.0012556668, -0.12852485;
 -0.058642179, 0.99815494, -0.015743826, -0.0095448773;
 -0.0021770266, 0.015643058, 0.99987525, -0.31706047;
 0, 0, 0, 1]
Ow:
[0.12705338;
 0.022027504;
 0.31703204]
Keyframe: 132 Frame: 885 Frame from vFrameID : 886
Tcw:
[0.99869639, -0.050662618, 0.0062279003, 0.12708195;
 0.050218198, 0.99705684, 0.05792895, 0.022069633;
 -0.009144403, -0.057540681, 0.99830127, 0.31737554;
 0, 0, 0, 1]
Twc:
[0.99869639, 0.050218198, -0.009144403, -0.12512237;
 -0.050662618, 0.99705684, -0.057540681, 0.0026956289;
 0.0062279003, 0.05792895, 0.99830127, -0.31890634;
 0, 0, 0, 1]
Ow:
[0.12708195;
 0.022069633;
 0.31737554]
Keyframe: 133 Frame: 892 Frame from vFrameID : 893
Tcw:
[0.99866945, -0.034345083, -0.038467176, 0.12722513;
 0.035747536, 0.99869829, 0.036384117, 0.022078965;
 0.03716749, -0.037710816, 0.99859726, 0.31767493;
 0, 0, 0, 1]
Twc:
[0.99866945, 0.035747536, 0.03716749, -0.13965231;
 -0.034345083, 0.99869829, -0.037710816, -0.0057008839;
 -0.038467176, 0.036384117, 0.99859726, -0.31313866;
 0, 0, 0, 1]
Ow:
[0.12722513;
 0.022078965;
 0.31767493]
Keyframe: 134 Frame: 898 Frame from vFrameID : 899
Tcw:
[0.99475068, -0.02874222, -0.098208599, 0.12731668;
 0.029454362, 0.99954927, 0.005808875, 0.022117963;
 0.097997375, -0.0086710537, 0.9951489, 0.31787649;
 0, 0, 0, 1]
Twc:
[0.99475068, 0.029454362, 0.097997375, -0.15845089;
 -0.02874222, 0.99954927, -0.0086710537, -0.015692305;
 -0.098208599, 0.005808875, 0.9951489, -0.30395931;
 0, 0, 0, 1]
Ow:
[0.12731668;
 0.022117963;
 0.31787649]
Keyframe: 135 Frame: 904 Frame from vFrameID : 905
Tcw:
[0.99729967, -0.028331105, -0.067754976, 0.12740259;
 0.030153446, 0.99920636, 0.026026137, 0.022190088;
 0.066963851, -0.027998904, 0.99736249, 0.3181076;
 0, 0, 0, 1]
Twc:
[0.99729967, 0.030153446, 0.066963851, -0.14902937;
 -0.028331105, 0.99920636, -0.027998904, -0.0096563585;
 -0.067754976, 0.026026137, 0.99736249, -0.30921394;
 0, 0, 0, 1]
Ow:
[0.12740259;
 0.022190088;
 0.3181076]
Keyframe: 136 Frame: 911 Frame from vFrameID : 912
Tcw:
[0.99844873, -0.051216073, -0.021840256, 0.12741579;
 0.051710691, 0.99840367, 0.02271764, 0.022264741;
 0.020641884, -0.023811774, 0.99950331, 0.31833878;
 0, 0, 0, 1]
Twc:
[0.99844873, 0.051710691, 0.020641884, -0.13494058;
 -0.051216073, 0.99840367, -0.023811774, -0.0081232535;
 -0.021840256, 0.02271764, 0.99950331, -0.31590369;
 0, 0, 0, 1]
Ow:
[0.12741579;
 0.022264741;
 0.31833878]
Keyframe: 137 Frame: 917 Frame from vFrameID : 918
Tcw:
[0.99886388, -0.046398018, -0.010870653, 0.12750828;
 0.046747994, 0.99830997, 0.034522127, 0.022299185;
 0.0092505235, -0.034991086, 0.99934483, 0.31855288;
 0, 0, 0, 1]
Twc:
[0.99886388, 0.046747994, 0.0092505235, -0.13135265;
 -0.046398018, 0.99830997, -0.034991086, -0.0051988568;
 -0.010870653, 0.034522127, 0.99934483, -0.31772789;
 0, 0, 0, 1]
Ow:
[0.12750828;
 0.022299185;
 0.31855288]
Keyframe: 138 Frame: 924 Frame from vFrameID : 925
Tcw:
[0.99817926, -0.026125951, -0.054365754, 0.12763;
 0.027554454, 0.99929005, 0.025694154, 0.022350799;
 0.05365587, -0.027145389, 0.99819046, 0.31880313;
 0, 0, 0, 1]
Twc:
[0.99817926, 0.027554454, 0.05365587, -0.14511913;
 -0.026125951, 0.99929005, -0.027145389, -0.01034644;
 -0.054365754, 0.025694154, 0.99819046, -0.31186184;
 0, 0, 0, 1]
Ow:
[0.12763;
 0.022350799;
 0.31880313]
Keyframe: 139 Frame: 931 Frame from vFrameID : 932
Tcw:
[0.99576312, -0.023112258, -0.089003555, 0.12773624;
 0.028006684, 0.99814045, 0.054141011, 0.022352645;
 0.087586723, -0.056404319, 0.99455875, 0.31902176;
 0, 0, 0, 1]
Twc:
[0.99576312, 0.028006684, 0.087586723, -0.15576313;
 -0.023112258, 0.99814045, -0.056404319, -0.0013646012;
 -0.089003555, 0.054141011, 0.99455875, -0.30712712;
 0, 0, 0, 1]
Ow:
[0.12773624;
 0.022352645;
 0.31902176]
Keyframe: 140 Frame: 938 Frame from vFrameID : 939
Tcw:
[0.99796742, -0.033984698, -0.053908199, 0.12778465;
 0.035621915, 0.99892372, 0.029705834, 0.022434831;
 0.052840635, -0.031565767, 0.99810392, 0.31926858;
 0, 0, 0, 1]
Twc:
[0.99796742, 0.035621915, 0.052840635, -0.14519446;
 -0.033984698, 0.99892372, -0.031565767, -0.0079900036;
 -0.053908199, 0.029705834, 0.99810392, -0.31244105;
 0, 0, 0, 1]
Ow:
[0.12778465;
 0.022434831;
 0.31926858]
Keyframe: 141 Frame: 944 Frame from vFrameID : 945
Tcw:
[0.99859065, -0.050394014, -0.016646804, 0.12777962;
 0.051144354, 0.99752581, 0.048234202, 0.022500463;
 0.014174901, -0.049017616, 0.99869734, 0.31948456;
 0, 0, 0, 1]
Twc:
[0.99859065, 0.051144354, 0.014174901, -0.13327898;
 -0.050394014, 0.99752581, -0.049017616, -0.00034509276;
 -0.016646804, 0.048234202, 0.99869734, -0.31802654;
 0, 0, 0, 1]
Ow:
[0.12777962;
 0.022500463;
 0.31948456]
Keyframe: 142 Frame: 950 Frame from vFrameID : 951
Tcw:
[0.99822199, -0.047249813, -0.03633583, 0.1278639;
 0.048830375, 0.99784112, 0.043916676, 0.022574142;
 0.034182329, -0.045612887, 0.99837422, 0.31972075;
 0, 0, 0, 1]
Twc:
[0.99822199, 0.048830375, 0.034182329, -0.13966766;
 -0.047249813, 0.99784112, -0.045612887, -0.0019004766;
 -0.03633583, 0.043916676, 0.99837422, -0.31554627;
 0, 0, 0, 1]
Ow:
[0.1278639;
 0.022574142;
 0.31972075]
Keyframe: 143 Frame: 956 Frame from vFrameID : 957
Tcw:
[0.99445403, -0.027276013, -0.10157353, 0.12796746;
 0.029969236, 0.99923605, 0.025083823, 0.022597784;
 0.10081174, -0.027988791, 0.99451172, 0.3198916;
 0, 0, 0, 1]
Twc:
[0.99445403, 0.029969236, 0.10081174, -0.16018383;
 -0.027276013, 0.99923605, -0.027988791, -0.010136698;
 -0.10157353, 0.025083823, 0.99451172, -0.30570468;
 0, 0, 0, 1]
Ow:
[0.12796746;
 0.022597784;
 0.3198916]
Keyframe: 144 Frame: 963 Frame from vFrameID : 964
Tcw:
[0.99264795, -0.035100639, -0.11583604, 0.12803796;
 0.039768919, 0.99847698, 0.038238138, 0.022634001;
 0.11431743, -0.042563684, 0.99253201, 0.32009214;
 0, 0, 0, 1]
Twc:
[0.99264795, 0.039768919, 0.11431743, -0.16458885;
 -0.035100639, 0.99847698, -0.042563684, -0.0044810143;
 -0.11583604, 0.038238138, 0.99253201, -0.30373579;
 0, 0, 0, 1]
Ow:
[0.12803796;
 0.022634001;
 0.32009214]
Keyframe: 145 Frame: 969 Frame from vFrameID : 970
Tcw:
[0.99492633, -0.027513109, -0.096771181, 0.12808487;
 0.02961353, 0.99935454, 0.0203359, 0.022682577;
 0.096149214, -0.023098458, 0.99509889, 0.32031894;
 0, 0, 0, 1]
Twc:
[0.99492633, 0.02961353, 0.096149214, -0.15890513;
 -0.027513109, 0.99935454, -0.023098458, -0.011745051;
 -0.096771181, 0.0203359, 0.99509889, -0.30681536;
 0, 0, 0, 1]
Ow:
[0.12808487;
 0.022682577;
 0.32031894]
Keyframe: 146 Frame: 975 Frame from vFrameID : 976
Tcw:
[0.99676728, -0.046444256, -0.065558821, 0.12810332;
 0.048249189, 0.99849111, 0.026221307, 0.022716859;
 0.064242072, -0.029299701, 0.99750412, 0.32045972;
 0, 0, 0, 1]
Twc:
[0.99676728, 0.048249189, 0.064242072, -0.14937225;
 -0.046444256, 0.99849111, -0.029299701, -0.0073435451;
 -0.065558821, 0.026221307, 0.99750412, -0.31185725;
 0, 0, 0, 1]
Ow:
[0.12810332;
 0.022716859;
 0.32045972]
Keyframe: 147 Frame: 981 Frame from vFrameID : 982
Tcw:
[0.99801779, -0.043647159, -0.045336928, 0.12814558;
 0.045572922, 0.99806297, 0.042348996, 0.022750655;
 0.043400694, -0.044331189, 0.9980737, 0.32060504;
 0, 0, 0, 1]
Twc:
[0.99801779, 0.045572922, 0.043400694, -0.14284286;
 -0.043647159, 0.99806297, -0.044331189, -0.0029005939;
 -0.045336928, 0.042348996, 0.9980737, -0.3151412;
 0, 0, 0, 1]
Ow:
[0.12814558;
 0.022750655;
 0.32060504]
Keyframe: 148 Frame: 987 Frame from vFrameID : 988
Tcw:
[0.99580735, -0.034340546, -0.084784672, 0.12821576;
 0.035310932, 0.99932665, 0.009971872, 0.022740053;
 0.084385142, -0.012923889, 0.99634939, 0.32071763;
 0, 0, 0, 1]
Twc:
[0.99580735, 0.035310932, 0.084385142, -0.15554497;
 -0.034340546, 0.99932665, -0.012923889, -0.01417682;
 -0.084784672, 0.009971872, 0.99634939, -0.30890286;
 0, 0, 0, 1]
Ow:
[0.12821576;
 0.022740053;
 0.32071763]
Keyframe: 149 Frame: 993 Frame from vFrameID : 994
Tcw:
[0.99450296, -0.027002014, -0.10116666, 0.12824737;
 0.029942036, 0.99916899, 0.027656032, 0.02276985;
 0.10033582, -0.030533141, 0.99448502, 0.32082924;
 0, 0, 0, 1]
Twc:
[0.99450296, 0.029942036, 0.10033582, -0.16041483;
 -0.027002014, 0.99916899, -0.030533141, -0.0094920639;
 -0.10116666, 0.027656032, 0.99448502, -0.30671522;
 0, 0, 0, 1]
Ow:
[0.12824737;
 0.02276985;
 0.32082924]
Keyframe: 150 Frame: 999 Frame from vFrameID : 1000
Tcw:
[0.99658537, -0.021240564, -0.079790324, 0.12825973;
 0.024103194, 0.99909359, 0.035086706, 0.02278934;
 0.078972735, -0.036890101, 0.99619395, 0.32092151;
 0, 0, 0, 1]
Twc:
[0.99658537, 0.024103194, 0.078972735, -0.1537151;
 -0.021240564, 0.99909359, -0.036890101, -0.0082055479;
 -0.079790324, 0.035086706, 0.99619395, -0.31026581;
 0, 0, 0, 1]
Ow:
[0.12825973;
 0.02278934;
 0.32092151]
Keyframe: 151 Frame: 1005 Frame from vFrameID : 1006
Tcw:
[0.99870598, -0.034667842, -0.03720827, 0.12825535;
 0.035507984, 0.99912363, 0.02216118, 0.02280508;
 0.036407385, -0.023453696, 0.99906176, 0.32102203;
 0, 0, 0, 1]
Twc:
[0.99870598, 0.035507984, 0.036407385, -0.14058673;
 -0.034667842, 0.99912363, -0.023453696, -0.010809604;
 -0.03720827, 0.02216118, 0.99906176, -0.31645408;
 0, 0, 0, 1]
Ow:
[0.12825535;
 0.02280508;
 0.32102203]
Keyframe: 152 Frame: 1011 Frame from vFrameID : 1012
Tcw:
[0.99942905, -0.029529149, -0.01641896, 0.12829268;
 0.029905204, 0.99928463, 0.023150407, 0.022813177;
 0.015723603, -0.023628203, 0.99959713, 0.32110241;
 0, 0, 0, 1]
Twc:
[0.99942905, 0.029905204, 0.015723603, -0.13395055;
 -0.029529149, 0.99928463, -0.023628203, -0.011421411;
 -0.01641896, 0.023150407, 0.99959713, -0.31939477;
 0, 0, 0, 1]
Ow:
[0.12829268;
 0.022813177;
 0.32110241]
Keyframe: 153 Frame: 1017 Frame from vFrameID : 1018
Tcw:
[0.997123, -0.040794678, -0.063886531, 0.12830581;
 0.04100062, 0.99915731, 0.0019152859, 0.022829244;
 0.063754559, -0.0045291632, 0.99795532, 0.32115558;
 0, 0, 0, 1]
Twc:
[0.997123, 0.04100062, 0.063754559, -0.14934783;
 -0.040794678, 0.99915731, -0.0045291632, -0.016121246;
 -0.063886531, 0.0019152859, 0.99795532, -0.31234562;
 0, 0, 0, 1]
Ow:
[0.12830581;
 0.022829244;
 0.32115558]
Keyframe: 154 Frame: 1023 Frame from vFrameID : 1024
Tcw:
[0.99184197, -0.027601475, -0.12444963, 0.12834284;
 0.026826145, 0.99960887, -0.0079018557, 0.022833394;
 0.12461906, 0.0044988878, 0.99219447, 0.32118231;
 0, 0, 0, 1]
Twc:
[0.99184197, 0.026826145, 0.12461906, -0.16793379;
 -0.027601475, 0.99960887, 0.0044988878, -0.020726975;
 -0.12444963, -0.0079018557, 0.99219447, -0.30252266;
 0, 0, 0, 1]
Ow:
[0.12834284;
 0.022833394;
 0.32118231]
Keyframe: 155 Frame: 1029 Frame from vFrameID : 1030
Tcw:
[0.99033999, -0.038644217, -0.1331664, 0.12833284;
 0.04070517, 0.99908936, 0.012787998, 0.022836642;
 0.13255095, -0.018085027, 0.9910112, 0.32122356;
 0, 0, 0, 1]
Twc:
[0.99033999, 0.04070517, 0.13255095, -0.1706012;
 -0.038644217, 0.99908936, -0.018085027, -0.012047188;
 -0.1331664, 0.012787998, 0.9910112, -0.30153853;
 0, 0, 0, 1]
Ow:
[0.12833284;
 0.022836642;
 0.32122356]
