Keyframe: 0 Frame: 0 Frame from vFrameID : 32
Tcw:
[0.99879903, -0.048616618, -0.0060732304, 0.051765222;
 0.030568752, 0.71523786, -0.69821227, -0.041165568;
 0.038288523, 0.69718808, 0.71586502, 0.0072928593;
 0, 0, 0, 1]
Twc:
[0.99879903, 0.030568752, 0.038288523, -0.05072391;
 -0.048616618, 0.71523786, 0.69718808, 0.026875326;
 -0.0060732304, -0.69821227, 0.71586502, -0.033648625;
 0, 0, 0, 1]
Ow:
[0.051765222;
 -0.041165568;
 0.0072928593]
Keyframe: 1 Frame: 31 Frame from vFrameID : 32
Tcw:
[0.99849862, -0.054030109, -0.0090135653, 0.050162323;
 0.032410193, 0.71539259, -0.69797069, -0.038073447;
 0.044159669, 0.6966306, 0.71606964, 0.010090344;
 0, 0, 0, 1]
Twc:
[0.99849862, 0.032410193, 0.044159669, -0.049298629;
 -0.054030109, 0.71539259, 0.6966306, 0.022918494;
 -0.0090135653, -0.69797069, 0.71606964, -0.033347394;
 0, 0, 0, 1]
Ow:
[0.050162323;
 -0.038073447;
 0.010090344]
Keyframe: 2 Frame: 34 Frame from vFrameID : 35
Tcw:
[0.99830085, -0.057266291, -0.010768849, 0.051784374;
 0.033768095, 0.71917355, -0.69400948, -0.041050874;
 0.047488019, 0.69246662, 0.71988535, 0.0074601956;
 0, 0, 0, 1]
Twc:
[0.99830085, 0.033768095, 0.047488019, -0.050664447;
 -0.057266291, 0.71917355, 0.69246662, 0.027322264;
 -0.010768849, -0.69400948, 0.71988535, -0.033302523;
 0, 0, 0, 1]
Ow:
[0.051784374;
 -0.041050874;
 0.0074601956]
Keyframe: 3 Frame: 38 Frame from vFrameID : 39
Tcw:
[0.99815726, -0.059697356, -0.010879355, 0.052433301;
 0.035920862, 0.72580129, -0.68696594, -0.041659467;
 0.0489063, 0.68530923, 0.72660816, 0.0063552856;
 0, 0, 0, 1]
Twc:
[0.99815726, 0.035920862, 0.0489063, -0.051151045;
 -0.059697356, 0.72580129, 0.68530923, 0.029011287;
 -0.010879355, -0.68696594, 0.72660816, -0.032665998;
 0, 0, 0, 1]
Ow:
[0.052433301;
 -0.041659467;
 0.0063552856]
Keyframe: 4 Frame: 40 Frame from vFrameID : 41
Tcw:
[0.99786091, -0.063958757, -0.013523421, 0.052737221;
 0.03762947, 0.73111677, -0.68121386, -0.042129993;
 0.053456791, 0.6792478, 0.73195958, 0.0060151964;
 0, 0, 0, 1]
Twc:
[0.99786091, 0.03762947, 0.053456791, -0.051360637;
 -0.063958757, 0.73111677, 0.6792478, 0.030089142;
 -0.013523421, -0.68121386, 0.73195958, -0.032389227;
 0, 0, 0, 1]
Ow:
[0.052737221;
 -0.042129993;
 0.0060151964]
Keyframe: 5 Frame: 42 Frame from vFrameID : 43
Tcw:
[0.99774486, -0.065065145, -0.016482962, 0.052601181;
 0.036602482, 0.73327911, -0.67894179, -0.042675264;
 0.056262057, 0.6768074, 0.73400706, 0.0065928474;
 0, 0, 0, 1]
Twc:
[0.99774486, 0.036602482, 0.056262057, -0.051291466;
 -0.065065145, 0.73327911, 0.6768074, 0.030253299;
 -0.016482962, -0.67894179, 0.73400706, -0.032946195;
 0, 0, 0, 1]
Ow:
[0.052601181;
 -0.042675264;
 0.0065928474]
Keyframe: 6 Frame: 45 Frame from vFrameID : 46
Tcw:
[0.99614131, -0.074339867, -0.046648718, 0.053485073;
 0.020678606, 0.7153669, -0.69844294, -0.050240844;
 0.085293107, 0.69478327, 0.71414375, 0.013913278;
 0, 0, 0, 1]
Twc:
[0.99614131, 0.020678606, 0.085293107, -0.053426486;
 -0.074339867, 0.7153669, 0.69478327, 0.03025;
 -0.046648718, -0.69844294, 0.71414375, -0.042531438;
 0, 0, 0, 1]
Ow:
[0.053485073;
 -0.050240844;
 0.013913278]
Keyframe: 7 Frame: 49 Frame from vFrameID : 50
Tcw:
[0.99546617, -0.072291352, -0.06181429, 0.050619416;
 0.0047482899, 0.68684286, -0.72679043, -0.05472495;
 0.094997361, 0.72320181, 0.68407208, 0.017048167;
 0, 0, 0, 1]
Twc:
[0.99546617, 0.0047482899, 0.094997361, -0.051749598;
 -0.072291352, 0.68684286, 0.72320181, 0.028917521;
 -0.06181429, -0.72679043, 0.68407208, -0.048306745;
 0, 0, 0, 1]
Ow:
[0.050619416;
 -0.05472495;
 0.017048167]
Keyframe: 8 Frame: 53 Frame from vFrameID : 54
Tcw:
[0.99655682, -0.057161354, -0.060059343, 0.050382011;
 -0.0067528957, 0.66600388, -0.74591768, -0.064688288;
 0.082637422, 0.74375492, 0.66332471, 0.013503417;
 0, 0, 0, 1]
Twc:
[0.99655682, -0.0067528957, 0.082637422, -0.051761255;
 -0.057161354, 0.66600388, 0.74375492, 0.03591932;
 -0.060059343, -0.74591768, 0.66332471, -0.054183379;
 0, 0, 0, 1]
Ow:
[0.050382011;
 -0.064688288;
 0.013503417]
Keyframe: 9 Frame: 58 Frame from vFrameID : 59
Tcw:
[0.99869603, -0.042155553, -0.028795896, 0.050328635;
 0.0070825722, 0.67300498, -0.73960406, -0.066879943;
 0.050558198, 0.73843563, 0.67242593, 0.014239099;
 0, 0, 0, 1]
Twc:
[0.99869603, 0.0070825722, 0.050558198, -0.050509229;
 -0.042155553, 0.67300498, 0.73843563, 0.036617506;
 -0.028795896, -0.73960406, 0.67242593, -0.057590161;
 0, 0, 0, 1]
Ow:
[0.050328635;
 -0.066879943;
 0.014239099]
Keyframe: 10 Frame: 62 Frame from vFrameID : 63
Tcw:
[0.99858588, -0.049053531, 0.020492705, 0.051123321;
 0.048349343, 0.67773086, -0.73371881, -0.068975344;
 0.022102959, 0.73367202, 0.67914414, 0.016469432;
 0, 0, 0, 1]
Twc:
[0.99858588, 0.048349343, 0.022102959, -0.048080139;
 -0.049053531, 0.67773086, 0.73367202, 0.037171338;
 0.020492705, -0.73371881, 0.67914414, -0.062841281;
 0, 0, 0, 1]
Ow:
[0.051123321;
 -0.068975344;
 0.016469432]
Keyframe: 11 Frame: 67 Frame from vFrameID : 68
Tcw:
[0.99954414, -0.019437652, 0.023102073, 0.052512631;
 0.030122075, 0.69390839, -0.71943295, -0.06918551;
 -0.0020466365, 0.71980089, 0.69417757, 0.020213634;
 0, 0, 0, 1]
Twc:
[0.99954414, 0.030122075, -0.0020466365, -0.05036331;
 -0.019437652, 0.69390839, 0.71980089, 0.034479335;
 0.023102073, -0.71943295, 0.69417757, -0.065019339;
 0, 0, 0, 1]
Ow:
[0.052512631;
 -0.06918551;
 0.020213634]
Keyframe: 12 Frame: 72 Frame from vFrameID : 73
Tcw:
[0.99932009, -0.0038217062, 0.036671259, 0.056041762;
 0.028923802, 0.69806856, -0.71544653, -0.074876837;
 -0.022864824, 0.71602076, 0.69770443, 0.025672106;
 0, 0, 0, 1]
Twc:
[0.99932009, 0.028923802, -0.022864824, -0.053250946;
 -0.0038217062, 0.69806856, 0.71602076, 0.034101576;
 0.036671259, -0.71544653, 0.69770443, -0.073537037;
 0, 0, 0, 1]
Ow:
[0.056041762;
 -0.074876837;
 0.025672106]
Keyframe: 13 Frame: 77 Frame from vFrameID : 78
Tcw:
[0.99998516, 0.00062544621, 0.0054088901, 0.062046506;
 0.0036137034, 0.66682905, -0.745202, -0.090318285;
 -0.0040728888, 0.74521047, 0.66681689, 0.044467211;
 0, 0, 0, 1]
Twc:
[0.99998516, 0.0036137034, -0.0040728888, -0.061538093;
 0.00062544621, 0.66682905, 0.74521047, 0.027050616;
 0.0054088901, -0.745202, 0.66681689, -0.097292453;
 0, 0, 0, 1]
Ow:
[0.062046506;
 -0.090318285;
 0.044467211]
Keyframe: 14 Frame: 83 Frame from vFrameID : 84
Tcw:
[0.99887848, -0.015235947, -0.04482976, 0.069792219;
 -0.024162244, 0.65022254, -0.75935948, -0.13307808;
 0.04071888, 0.75959104, 0.64912516, 0.07286872;
 0, 0, 0, 1]
Twc:
[0.99887848, -0.024162244, 0.04071888, -0.075896546;
 -0.015235947, 0.65022254, 0.75959104, 0.032243297;
 -0.04482976, -0.75935948, 0.64912516, -0.14522626;
 0, 0, 0, 1]
Ow:
[0.069792219;
 -0.13307808;
 0.07286872]
Keyframe: 15 Frame: 88 Frame from vFrameID : 89
Tcw:
[0.99794424, -0.020592848, -0.060689259, 0.080302566;
 -0.031936478, 0.66122133, -0.74951082, -0.16568452;
 0.055563591, 0.74990821, 0.65920436, 0.084547691;
 0, 0, 0, 1]
Twc:
[0.99794424, -0.031936478, 0.055563591, -0.090126641;
 -0.020592848, 0.66122133, 0.74990821, 0.047804784;
 -0.060689259, -0.74951082, 0.65920436, -0.17504303;
 0, 0, 0, 1]
Ow:
[0.080302566;
 -0.16568452;
 0.084547691]
Keyframe: 16 Frame: 95 Frame from vFrameID : 96
Tcw:
[0.99676341, 0.0012663417, -0.080380879, 0.086188465;
 -0.060071245, 0.67620474, -0.73426062, -0.21153462;
 0.053424109, 0.73671269, 0.67409217, 0.10680783;
 0, 0, 0, 1]
Twc:
[0.99676341, -0.060071245, 0.053424109, -0.10432277;
 0.0012663417, 0.67620474, 0.73671269, 0.064244874;
 -0.080380879, -0.73426062, 0.67409217, -0.22039196;
 0, 0, 0, 1]
Ow:
[0.086188465;
 -0.21153462;
 0.10680783]
Keyframe: 17 Frame: 101 Frame from vFrameID : 102
Tcw:
[0.99825245, 0.011198384, -0.058023036, 0.049154337;
 -0.050392315, 0.67416841, -0.73685652, -0.25455809;
 0.030865695, 0.73849273, 0.6735546, 0.13743526;
 0, 0, 0, 1]
Twc:
[0.99825245, -0.050392315, 0.030865695, -0.066138245;
 0.011198384, 0.67416841, 0.73849273, 0.06956964;
 -0.058023036, -0.73685652, 0.6735546, -0.27729085;
 0, 0, 0, 1]
Ow:
[0.049154337;
 -0.25455809;
 0.13743526]
Keyframe: 18 Frame: 108 Frame from vFrameID : 109
Tcw:
[0.99971104, 0.02388983, -0.0026779869, 0.049395856;
 -0.018816814, 0.70832169, -0.70563895, -0.26244873;
 -0.014960718, 0.7054854, 0.70856655, 0.15333769;
 0, 0, 0, 1]
Twc:
[0.99971104, -0.018816814, -0.014960718, -0.052025989;
 0.02388983, 0.70832169, 0.7054854, 0.076540567;
 -0.0026779869, -0.70563895, 0.70856655, -0.29371169;
 0, 0, 0, 1]
Ow:
[0.049395856;
 -0.26244873;
 0.15333769]
Keyframe: 19 Frame: 115 Frame from vFrameID : 116
Tcw:
[0.99988353, 0.013922184, 0.0062494082, 0.039487496;
 -0.0055675372, 0.7140891, -0.70003271, -0.27402723;
 -0.014208619, 0.69991642, 0.71408343, 0.17823428;
 0, 0, 0, 1]
Twc:
[0.99988353, -0.0055675372, -0.014208619, -0.038476091;
 0.013922184, 0.7140891, 0.69991642, 0.070381001;
 0.0062494082, -0.70003271, 0.71408343, -0.31934896;
 0, 0, 0, 1]
Ow:
[0.039487496;
 -0.27402723;
 0.17823428]
Keyframe: 20 Frame: 122 Frame from vFrameID : 123
Tcw:
[0.9993149, -0.0079249255, -0.036151614, 0.035446808;
 -0.020443978, 0.69604945, -0.71770275, -0.30380854;
 0.030851051, 0.71795011, 0.69541055, 0.21491836;
 0, 0, 0, 1]
Twc:
[0.9993149, -0.020443978, 0.030851051, -0.048264034;
 -0.0079249255, 0.69604945, 0.71795011, 0.057446014;
 -0.036151614, -0.71770275, 0.69541055, -0.36621925;
 0, 0, 0, 1]
Ow:
[0.035446808;
 -0.30380854;
 0.21491836]
Keyframe: 21 Frame: 131 Frame from vFrameID : 132
Tcw:
[0.9920572, -0.012813323, -0.12513342, 0.011636421;
 -0.082640678, 0.68358988, -0.7251727, -0.42131454;
 0.094831809, 0.72975385, 0.67710131, 0.31948045;
 0, 0, 0, 1]
Twc:
[0.9920572, -0.082640678, 0.094831809, -0.076658621;
 -0.012813323, 0.68358988, 0.72975385, 0.055013344;
 -0.12513342, -0.7251727, 0.67710131, -0.52039033;
 0, 0, 0, 1]
Ow:
[0.011636421;
 -0.42131454;
 0.31948045]
Keyframe: 22 Frame: 138 Frame from vFrameID : 139
Tcw:
[0.99227875, -0.0024155565, -0.12400441, 0.021371275;
 -0.088077947, 0.69019687, -0.71824127, -0.43028823;
 0.087322406, 0.72361761, 0.68465495, 0.34354842;
 0, 0, 0, 1]
Twc:
[0.99227875, -0.088077947, 0.087322406, -0.089104638;
 -0.0024155565, 0.69019687, 0.72361761, 0.048437532;
 -0.12400441, -0.71824127, 0.68465495, -0.54161274;
 0, 0, 0, 1]
Ow:
[0.021371275;
 -0.43028823;
 0.34354842]
Keyframe: 23 Frame: 145 Frame from vFrameID : 146
Tcw:
[0.99570477, 0.041351814, -0.082837656, 0.026721906;
 -0.088869959, 0.67778742, -0.72986734, -0.45064443;
 0.025964983, 0.7340942, 0.67855108, 0.3761127;
 0, 0, 0, 1]
Twc:
[0.99570477, -0.088869959, 0.025964983, -0.076421641;
 0.041351814, 0.67778742, 0.7340942, 0.028233964;
 -0.082837656, -0.72986734, 0.67855108, -0.58190876;
 0, 0, 0, 1]
Ow:
[0.026721906;
 -0.45064443;
 0.3761127]
Keyframe: 24 Frame: 152 Frame from vFrameID : 153
Tcw:
[0.99819428, 0.054549612, -0.025148958, 0.028019395;
 -0.056100279, 0.69698608, -0.71488684, -0.46252117;
 -0.021468325, 0.71500683, 0.69878781, 0.39465886;
 0, 0, 0, 1]
Twc:
[0.99819428, -0.056100279, -0.021468325, -0.045443699;
 0.054549612, 0.69698608, 0.71500683, 0.038658578;
 -0.025148958, -0.71488684, 0.69878781, -0.60572839;
 0, 0, 0, 1]
Ow:
[0.028019395;
 -0.46252117;
 0.39465886]
Keyframe: 25 Frame: 160 Frame from vFrameID : 161
Tcw:
[0.99902928, 0.040696643, 0.016861161, 0.023488332;
 -0.017046109, 0.71008879, -0.70390576, -0.4905591;
 -0.040619522, 0.70293504, 0.7100932, 0.44077057;
 0, 0, 0, 1]
Twc:
[0.99902928, -0.017046109, -0.040619522, -0.013923766;
 0.040696643, 0.71008879, 0.70293504, 0.037551548;
 0.016861161, -0.70390576, 0.7100932, -0.65869159;
 0, 0, 0, 1]
Ow:
[0.023488332;
 -0.4905591;
 0.44077057]
Keyframe: 26 Frame: 169 Frame from vFrameID : 170
Tcw:
[0.99674165, 0.0018920596, -0.080637962, 0.031753674;
 -0.059820764, 0.68795413, -0.7232846, -0.54121798;
 0.054106724, 0.7257517, 0.68582577, 0.49156675;
 0, 0, 0, 1]
Twc:
[0.99674165, -0.059820764, 0.054106724, -0.090623349;
 0.0018920596, 0.68795413, 0.7257517, 0.015517689;
 -0.080637962, -0.7232846, 0.68582577, -0.7260232;
 0, 0, 0, 1]
Ow:
[0.031753674;
 -0.54121798;
 0.49156675]
Keyframe: 27 Frame: 176 Frame from vFrameID : 177
Tcw:
[0.99652123, -0.012415202, -0.082409218, 0.024295982;
 -0.049667392, 0.70557493, -0.70689261, -0.5520137;
 0.066922091, 0.70852655, 0.7025038, 0.52057862;
 0, 0, 0, 1]
Twc:
[0.99652123, -0.049667392, 0.066922091, -0.086466752;
 -0.012415202, 0.70557493, 0.70852655, 0.020944878;
 -0.082409218, -0.70689261, 0.7025038, -0.75392061;
 0, 0, 0, 1]
Ow:
[0.024295982;
 -0.5520137;
 0.52057862]
Keyframe: 28 Frame: 182 Frame from vFrameID : 183
Tcw:
[0.9976061, -0.0066351551, -0.068833053, 0.046860255;
 -0.043212853, 0.71729088, -0.69543254, -0.58917612;
 0.053987622, 0.69674224, 0.71528703, 0.58451605;
 0, 0, 0, 1]
Twc:
[0.9976061, -0.043212853, 0.053987622, -0.1037647;
 -0.0066351551, 0.71729088, 0.69674224, 0.015664518;
 -0.068833053, -0.69543254, 0.71528703, -0.8246035;
 0, 0, 0, 1]
Ow:
[0.046860255;
 -0.58917612;
 0.58451605]
Keyframe: 29 Frame: 186 Frame from vFrameID : 187
Tcw:
[0.99888259, 0.0095885498, -0.04627759, 0.045938354;
 -0.038983498, 0.72074062, -0.6921078, -0.59996307;
 0.026717829, 0.69313854, 0.72030908, 0.59330893;
 0, 0, 0, 1]
Twc:
[0.99888259, -0.038983498, 0.026717829, -0.085127607;
 0.0095885498, 0.72074062, 0.69313854, 0.02073203;
 -0.04627759, -0.6921078, 0.72030908, -0.84047902;
 0, 0, 0, 1]
Ow:
[0.045938354;
 -0.59996307;
 0.59330893]
Keyframe: 30 Frame: 190 Frame from vFrameID : 191
Tcw:
[0.99943852, 0.030819619, -0.013145975, 0.033010051;
 -0.031388145, 0.72390687, -0.68918329, -0.59464419;
 -0.011723906, 0.68920898, 0.72446775, 0.60379189;
 0, 0, 0, 1]
Twc:
[0.99943852, -0.031388145, -0.011723906, -0.044577494;
 0.030819619, 0.72390687, 0.68920898, 0.013310874;
 -0.013145975, -0.68918329, 0.72446775, -0.84681273;
 0, 0, 0, 1]
Ow:
[0.033010051;
 -0.59464419;
 0.60379189]
Keyframe: 31 Frame: 194 Frame from vFrameID : 195
Tcw:
[0.99919713, 0.037610613, 0.01380337, 0.043457292;
 -0.018025374, 0.72972775, -0.68350017, -0.61943322;
 -0.035779562, 0.6827026, 0.72981983, 0.63537008;
 0, 0, 0, 1]
Twc:
[0.99919713, -0.018025374, -0.035779562, -0.031854656;
 0.037610613, 0.72972775, 0.6827026, 0.016614389;
 0.01380337, -0.68350017, 0.72981983, -0.88768822;
 0, 0, 0, 1]
Ow:
[0.043457292;
 -0.61943322;
 0.63537008]
Keyframe: 32 Frame: 199 Frame from vFrameID : 200
Tcw:
[0.99893266, 0.044364452, 0.01285932, 0.039202705;
 -0.023774231, 0.73251301, -0.68033779, -0.67016429;
 -0.039602432, 0.67930591, 0.73278588, 0.69519138;
 0, 0, 0, 1]
Twc:
[0.99893266, -0.023774231, -0.039602432, -0.027562235;
 0.044364452, 0.73251301, 0.67930591, 0.016917245;
 0.01285932, -0.68033779, 0.73278588, -0.96586859;
 0, 0, 0, 1]
Ow:
[0.039202705;
 -0.67016429;
 0.69519138]
Keyframe: 33 Frame: 204 Frame from vFrameID : 205
Tcw:
[0.99884963, 0.038858224, -0.028097402, 0.037415914;
 -0.047453631, 0.71671569, -0.69574904, -0.68160057;
 -0.0068977247, 0.69628203, 0.71773517, 0.71025443;
 0, 0, 0, 1]
Twc:
[0.99884963, -0.047453631, -0.0068977247, -0.064818159;
 0.038858224, 0.71671569, 0.69628203, -0.0074774548;
 -0.028097402, -0.69574904, 0.71773517, -0.98294628;
 0, 0, 0, 1]
Ow:
[0.037415914;
 -0.68160057;
 0.71025443]
Keyframe: 34 Frame: 210 Frame from vFrameID : 211
Tcw:
[0.99805123, 0.011864845, -0.061261654, 0.035036124;
 -0.049885996, 0.74148071, -0.66911715, -0.70753175;
 0.037485361, 0.67086929, 0.74062759, 0.7510922;
 0, 0, 0, 1]
Twc:
[0.99805123, -0.049885996, 0.037485361, -0.098418728;
 0.011864845, 0.74148071, 0.67086929, 0.020320725;
 -0.061261654, -0.66911715, 0.74062759, -1.0275549;
 0, 0, 0, 1]
Ow:
[0.035036124;
 -0.70753175;
 0.7510922]
Keyframe: 35 Frame: 215 Frame from vFrameID : 216
Tcw:
[0.99932778, 0.0073425984, -0.035917476, 0.032003585;
 -0.029342288, 0.74754071, -0.6635676, -0.72085708;
 0.021977464, 0.66417545, 0.7472536, 0.77670437;
 0, 0, 0, 1]
Twc:
[0.99932778, -0.029342288, 0.021977464, -0.070203662;
 0.0073425984, 0.74754071, 0.66417545, 0.022767007;
 -0.035917476, -0.6635676, 0.7472536, -1.0575831;
 0, 0, 0, 1]
Ow:
[0.032003585;
 -0.72085708;
 0.77670437]
Keyframe: 36 Frame: 221 Frame from vFrameID : 222
Tcw:
[0.99869895, 0.044270109, 0.025308695, -0.02109921;
 -0.015929084, 0.74230558, -0.66987216, -0.78756362;
 -0.048442099, 0.66859752, 0.74204499, 0.83555537;
 0, 0, 0, 1]
Twc:
[0.99869895, -0.015929084, -0.048442099, 0.049002651;
 0.044270109, 0.74230558, 0.66859752, 0.026896669;
 0.025308695, -0.66987216, 0.74204499, -1.1470526;
 0, 0, 0, 1]
Ow:
[-0.02109921;
 -0.78756362;
 0.83555537]
Keyframe: 37 Frame: 227 Frame from vFrameID : 228
Tcw:
[0.99661362, 0.045417134, 0.068545833, -0.0088987872;
 0.010233211, 0.75863189, -0.65143919, -0.79439682;
 -0.081587553, 0.64993459, 0.75559807, 0.85931206;
 0, 0, 0, 1]
Twc:
[0.99661362, 0.010233211, -0.081587553, 0.087107047;
 0.045417134, 0.75863189, 0.64993459, 0.044562221;
 0.068545833, -0.65143919, 0.75559807, -1.1661857;
 0, 0, 0, 1]
Ow:
[-0.0088987872;
 -0.79439682;
 0.85931206]
Keyframe: 38 Frame: 233 Frame from vFrameID : 234
Tcw:
[0.99950862, 0.031063126, 0.0041987249, -0.005767053;
 -0.020619925, 0.75246322, -0.65831143, -0.86972868;
 -0.023608597, 0.65790135, 0.75273401, 0.92896843;
 0, 0, 0, 1]
Twc:
[0.99950862, -0.020619925, -0.023608597, 0.0097621204;
 0.031063126, 0.75246322, 0.65790135, 0.043448426;
 0.0041987249, -0.65831143, 0.75273401, -1.2717942;
 0, 0, 0, 1]
Ow:
[-0.005767053;
 -0.86972868;
 0.92896843]
Keyframe: 39 Frame: 240 Frame from vFrameID : 241
Tcw:
[0.99817491, -0.013042252, -0.058964483, 0.037875943;
 -0.030152647, 0.73834443, -0.67374945, -0.84297484;
 0.052323308, 0.67429769, 0.73660362, 1.0213144;
 0, 0, 0, 1]
Twc:
[0.99817491, -0.030152647, 0.052323308, -0.11666328;
 -0.013042252, 0.73834443, 0.67429769, -0.065770179;
 -0.058964483, -0.67374945, 0.73660362, -1.3180244;
 0, 0, 0, 1]
Ow:
[0.037875943;
 -0.84297484;
 1.0213144]
Keyframe: 40 Frame: 249 Frame from vFrameID : 250
Tcw:
[0.99875593, 0.0074805273, -0.049301408, 0.029147729;
 -0.038747072, 0.73876196, -0.67285174, -0.8968128;
 0.031388719, 0.67392492, 0.73813272, 1.0964664;
 0, 0, 0, 1]
Twc:
[0.99875593, -0.038747072, 0.031388719, -0.09827701;
 0.0074805273, 0.73876196, 0.67392492, -0.076622918;
 -0.049301408, -0.67285174, 0.73813272, -1.4113227;
 0, 0, 0, 1]
Ow:
[0.029147729;
 -0.8968128;
 1.0964664]
Keyframe: 41 Frame: 256 Frame from vFrameID : 257
Tcw:
[0.99922603, 0.037600514, -0.011558249, 0.014297804;
 -0.035952885, 0.75372589, -0.6562047, -0.92308939;
 -0.015961884, 0.65611237, 0.75449437, 1.1316878;
 0, 0, 0, 1]
Twc:
[0.99922603, -0.035952885, -0.015961884, -0.029410599;
 0.037600514, 0.75372589, 0.65611237, -0.047295537;
 -0.011558249, -0.6562047, 0.75449437, -1.4594225;
 0, 0, 0, 1]
Ow:
[0.014297804;
 -0.92308939;
 1.1316878]
Keyframe: 42 Frame: 264 Frame from vFrameID : 265
Tcw:
[0.99970275, 0.018371806, -0.016028346, 0.0021265503;
 -0.024376521, 0.74062574, -0.67147541, -0.9827525;
 -0.00046520916, 0.67166656, 0.74085343, 1.2466217;
 0, 0, 0, 1]
Twc:
[0.99970275, -0.024376521, -0.00046520916, -0.025502063;
 0.018371806, 0.74062574, 0.67166656, -0.10950138;
 -0.016028346, -0.67147541, 0.74085343, -1.5834241;
 0, 0, 0, 1]
Ow:
[0.0021265503;
 -0.9827525;
 1.2466217]
Keyframe: 43 Frame: 271 Frame from vFrameID : 272
Tcw:
[0.9920004, 0.014722462, -0.12537314, 0.056452259;
 -0.096225671, 0.73102593, -0.67553067, -1.0653112;
 0.08170554, 0.68219084, 0.72659469, 1.3549975;
 0, 0, 0, 1]
Twc:
[0.9920004, -0.096225671, 0.08170554, -0.26922175;
 0.014722462, 0.73102593, 0.68219084, -0.14642802;
 -0.12537314, -0.67553067, 0.72659469, -1.6971068;
 0, 0, 0, 1]
Ow:
[0.056452259;
 -1.0653112;
 1.3549975]
Keyframe: 44 Frame: 280 Frame from vFrameID : 281
Tcw:
[0.99225712, 0.016705688, -0.12307188, 0.050027713;
 -0.095881447, 0.73289263, -0.67355412, -1.1035094;
 0.078946285, 0.68013918, 0.72881967, 1.4285263;
 0, 0, 0, 1]
Twc:
[0.99225712, -0.095881447, 0.078946285, -0.26822332;
 0.016705688, 0.73289263, 0.68013918, -0.16367862;
 -0.12307188, -0.67355412, 0.72881967, -1.7782545;
 0, 0, 0, 1]
Ow:
[0.050027713;
 -1.1035094;
 1.4285263]
Keyframe: 45 Frame: 289 Frame from vFrameID : 290
Tcw:
[0.99859506, 0.037964787, -0.036968105, 0.025678366;
 -0.052979469, 0.72936404, -0.68207133, -1.1333412;
 0.0010685131, 0.68307161, 0.73035061, 1.4883261;
 0, 0, 0, 1]
Twc:
[0.99859506, -0.052979469, 0.0010685131, -0.087276399;
 0.037964787, 0.72936404, 0.68307161, -0.1909899;
 -0.036968105, -0.68207133, 0.73035061, -1.8590702;
 0, 0, 0, 1]
Ow:
[0.025678366;
 -1.1333412;
 1.4883261]
Keyframe: 46 Frame: 296 Frame from vFrameID : 297
Tcw:
[0.99769777, 0.055248268, -0.039329946, 0.0087072924;
 -0.067365177, 0.74049354, -0.66867876, -1.2071371;
 -0.0078197718, 0.66978872, 0.74251056, 1.5462075;
 0, 0, 0, 1]
Twc:
[0.99769777, -0.067365177, -0.0078197718, -0.077915259;
 0.055248268, 0.74049354, 0.66978872, -0.14223625;
 -0.039329946, -0.66867876, 0.74251056, -1.9549198;
 0, 0, 0, 1]
Ow:
[0.0087072924;
 -1.2071371;
 1.5462075]
Keyframe: 47 Frame: 302 Frame from vFrameID : 303
Tcw:
[0.99692905, 0.022863919, -0.07489837, -0.0005748868;
 -0.066836163, 0.74684447, -0.66163152, -1.222793;
 0.040809944, 0.66460556, 0.74607909, 1.5923905;
 0, 0, 0, 1]
Twc:
[0.99692905, -0.066836163, 0.040809944, -0.14613904;
 0.022863919, 0.74684447, 0.66460556, -0.14506234;
 -0.07489837, -0.66163152, 0.74607909, -1.9971306;
 0, 0, 0, 1]
Ow:
[-0.0005748868;
 -1.222793;
 1.5923905]
Keyframe: 48 Frame: 308 Frame from vFrameID : 309
Tcw:
[0.99547148, 0.016531015, -0.093612418, -0.0077572465;
 -0.073692359, 0.75627381, -0.65009183, -1.2437165;
 0.06004994, 0.65404636, 0.75406718, 1.6259997;
 0, 0, 0, 1]
Twc:
[0.99547148, -0.073692359, 0.06004994, -0.18157147;
 0.016531015, 0.75627381, 0.65404636, -0.12276082;
 -0.093612418, -0.65009183, 0.75406718, -2.0353692;
 0, 0, 0, 1]
Ow:
[-0.0077572465;
 -1.2437165;
 1.6259997]
Keyframe: 49 Frame: 314 Frame from vFrameID : 315
Tcw:
[0.99840194, 0.019648485, -0.052985635, -0.023766704;
 -0.049665835, 0.75239229, -0.65684026, -1.2637056;
 0.026960069, 0.65842217, 0.75216579, 1.6638303;
 0, 0, 0, 1]
Twc:
[0.99840194, -0.049665835, 0.026960069, -0.08389125;
 0.019648485, 0.75239229, 0.65842217, -0.14423332;
 -0.052985635, -0.65684026, 0.75216579, -2.0827882;
 0, 0, 0, 1]
Ow:
[-0.023766704;
 -1.2637056;
 1.6638303]
Keyframe: 50 Frame: 321 Frame from vFrameID : 322
Tcw:
[0.99925965, 0.037891407, -0.0066607092, -0.0034596538;
 -0.033592001, 0.77493036, -0.63115335, -1.2826219;
 -0.018753704, 0.6309098, 0.77562946, 1.7026005;
 0, 0, 0, 1]
Twc:
[0.99925965, -0.033592001, -0.018753704, -0.0076986742;
 0.037891407, 0.77493036, 0.6309098, -0.080113761;
 -0.0066607092, -0.63115335, 0.77562946, -2.1301413;
 0, 0, 0, 1]
Ow:
[-0.0034596538;
 -1.2826219;
 1.7026005]
Keyframe: 51 Frame: 326 Frame from vFrameID : 327
Tcw:
[0.99915481, 0.040867046, 0.0044278833, -0.021622414;
 -0.029159943, 0.78057909, -0.62437648, -1.329712;
 -0.028972736, 0.62371963, 0.781111, 1.7124475;
 0, 0, 0, 1]
Twc:
[0.99915481, -0.029159943, -0.028972736, 0.032444101;
 0.040867046, 0.78057909, 0.62371963, -0.029258108;
 0.0044278833, -0.62437648, 0.781111, -2.1677568;
 0, 0, 0, 1]
Ow:
[-0.021622414;
 -1.329712;
 1.7124475]
Keyframe: 52 Frame: 332 Frame from vFrameID : 333
Tcw:
[0.99727684, -0.028627047, -0.06796591, -0.077674285;
 -0.021404216, 0.76956677, -0.6382075, -1.3910469;
 0.070574306, 0.63792431, 0.7668584, 1.8836015;
 0, 0, 0, 1]
Twc:
[0.99727684, -0.021404216, 0.070574306, -0.085245378;
 -0.028627047, 0.76956677, 0.63792431, -0.1333154;
 -0.06796591, -0.6382075, 0.7668584, -2.3375115;
 0, 0, 0, 1]
Ow:
[-0.077674285;
 -1.3910469;
 1.8836015]
Keyframe: 53 Frame: 337 Frame from vFrameID : 338
Tcw:
[0.99544418, -0.016415838, -0.093922094, -0.078028977;
 -0.046426218, 0.77694863, -0.62784982, -1.3999486;
 0.083279319, 0.62934995, 0.7726469, 1.8982141;
 0, 0, 0, 1]
Twc:
[0.99544418, -0.046426218, 0.083279319, -0.1454028;
 -0.016415838, 0.77694863, 0.62934995, -0.10823364;
 -0.093922094, -0.62784982, 0.7726469, -2.3529353;
 0, 0, 0, 1]
Ow:
[-0.078028977;
 -1.3999486;
 1.8982141]
Keyframe: 54 Frame: 342 Frame from vFrameID : 343
Tcw:
[0.9956876, -0.0015358021, -0.092756569, -0.033842325;
 -0.057943266, 0.7705459, -0.6347453, -1.3974078;
 0.072448038, 0.63738269, 0.76713401, 1.9448254;
 0, 0, 0, 1]
Twc:
[0.9956876, -0.057943266, 0.072448038, -0.18817277;
 -0.0015358021, 0.7705459, 0.63738269, -0.16288321;
 -0.092756569, -0.6347453, 0.76713401, -2.3820789;
 0, 0, 0, 1]
Ow:
[-0.033842325;
 -1.3974078;
 1.9448254]
Keyframe: 55 Frame: 348 Frame from vFrameID : 349
Tcw:
[0.99965554, 0.017593049, -0.019473772, -0.084465593;
 -0.026013231, 0.76241463, -0.64656574, -1.448967;
 0.0034720264, 0.64684963, 0.76260966, 1.9921317;
 0, 0, 0, 1]
Twc:
[0.99965554, -0.026013231, 0.0034720264, 0.039827451;
 0.017593049, 0.76241463, 0.64684963, -0.18241003;
 -0.019473772, -0.64656574, 0.76260966, -2.4577162;
 0, 0, 0, 1]
Ow:
[-0.084465593;
 -1.448967;
 1.9921317]
Keyframe: 56 Frame: 354 Frame from vFrameID : 355
Tcw:
[0.99862975, 0.047982942, -0.02088635, -0.076489344;
 -0.050436616, 0.77605504, -0.62864512, -1.4789743;
 -0.013955285, 0.62883717, 0.77741176, 2.0597072;
 0, 0, 0, 1]
Twc:
[0.99862975, -0.050436616, -0.013955285, 0.030533869;
 0.047982942, 0.77605504, 0.62883717, -0.14378475;
 -0.02088635, -0.62864512, 0.77741176, -2.5325882;
 0, 0, 0, 1]
Ow:
[-0.076489344;
 -1.4789743;
 2.0597072]
Keyframe: 57 Frame: 359 Frame from vFrameID : 360
Tcw:
[0.99874723, 0.031627685, -0.038776789, -0.075035982;
 -0.049173094, 0.76391035, -0.64344621, -1.5005345;
 0.0092712743, 0.64454687, 0.76450855, 2.0993824;
 0, 0, 0, 1]
Twc:
[0.99874723, -0.049173094, 0.0092712743, -0.018307898;
 0.031627685, 0.76391035, 0.64454687, -0.20450339;
 -0.038776789, -0.64344621, 0.76450855, -2.5734186;
 0, 0, 0, 1]
Ow:
[-0.075035982;
 -1.5005345;
 2.0993824]
Keyframe: 58 Frame: 365 Frame from vFrameID : 366
Tcw:
[0.99331123, 0.020686626, -0.11359976, -0.053831875;
 -0.090498425, 0.75049728, -0.65464789, -1.542312;
 0.071713857, 0.6605497, 0.74734944, 2.1594684;
 0, 0, 0, 1]
Twc:
[0.99331123, -0.090498425, 0.071713857, -0.24096882;
 0.020686626, 0.75049728, 0.6605497, -0.26782161;
 -0.11359976, -0.65464789, 0.74734944, -2.6296642;
 0, 0, 0, 1]
Ow:
[-0.053831875;
 -1.542312;
 2.1594684]
Keyframe: 59 Frame: 371 Frame from vFrameID : 372
Tcw:
[0.99175507, 0.027985647, -0.12505485, -0.095421135;
 -0.10572598, 0.73013783, -0.67507094, -1.6613445;
 0.072414972, 0.68272656, 0.72707665, 2.4367604;
 0, 0, 0, 1]
Twc:
[0.99175507, -0.10572598, 0.072414972, -0.25747085;
 0.027985647, 0.73013783, 0.68272656, -0.44796026;
 -0.12505485, -0.67507094, 0.72707665, -2.9051702;
 0, 0, 0, 1]
Ow:
[-0.095421135;
 -1.6613445;
 2.4367604]
Keyframe: 60 Frame: 375 Frame from vFrameID : 376
Tcw:
[0.99365598, 0.041628432, -0.10447452, -0.10072184;
 -0.10062639, 0.74393612, -0.66063106, -1.6669987;
 0.050221339, 0.66695291, 0.74340546, 2.4347949;
 0, 0, 0, 1]
Twc:
[0.99365598, -0.10062639, 0.050221339, -0.18993984;
 0.041628432, 0.74393612, 0.66695291, -0.37955987;
 -0.10447452, -0.66063106, 0.74340546, -2.9218338;
 0, 0, 0, 1]
Ow:
[-0.10072184;
 -1.6669987;
 2.4347949]
Keyframe: 61 Frame: 378 Frame from vFrameID : 379
Tcw:
[0.99551135, 0.047680676, -0.081754178, -0.10282053;
 -0.090327188, 0.73653346, -0.67034274, -1.6826583;
 0.028252296, 0.67471844, 0.73753428, 2.4544971;
 0, 0, 0, 1]
Twc:
[0.99551135, -0.090327188, 0.028252296, -0.11897597;
 0.047680676, 0.73653346, 0.67471844, -0.41185778;
 -0.081754178, -0.67034274, 0.73753428, -2.9466398;
 0, 0, 0, 1]
Ow:
[-0.10282053;
 -1.6826583;
 2.4544971]
Keyframe: 62 Frame: 383 Frame from vFrameID : 384
Tcw:
[0.99712801, 0.062200136, -0.043207284, -0.097044572;
 -0.075199641, 0.74545968, -0.66229516, -1.6833875;
 -0.0089855623, 0.66364223, 0.74799615, 2.4583848;
 0, 0, 0, 1]
Twc:
[0.99712801, -0.075199641, -0.0089855623, -0.0077343034;
 0.062200136, 0.74545968, 0.66364223, -0.37055427;
 -0.043207284, -0.66229516, 0.74799615, -2.9579546;
 0, 0, 0, 1]
Ow:
[-0.097044572;
 -1.6833875;
 2.4583848]
Keyframe: 63 Frame: 388 Frame from vFrameID : 389
Tcw:
[0.99841028, 0.052495345, -0.02052228, -0.13017873;
 -0.052509449, 0.73394763, -0.67717326, -1.7860889;
 -0.020486165, 0.67717433, 0.73553741, 2.6297679;
 0, 0, 0, 1]
Twc:
[0.99841028, -0.052509449, -0.020486165, 0.090059094;
 0.052495345, 0.73394763, 0.67717433, -0.46308169;
 -0.02052228, -0.67717326, 0.73553741, -3.1464558;
 0, 0, 0, 1]
Ow:
[-0.13017873;
 -1.7860889;
 2.6297679]
Keyframe: 64 Frame: 393 Frame from vFrameID : 394
Tcw:
[0.9976545, 0.050290082, -0.046436906, -0.1178568;
 -0.068446167, 0.74060565, -0.66844475, -1.7913067;
 0.00077529228, 0.67005539, 0.7423107, 2.6061859;
 0, 0, 0, 1]
Twc:
[0.9976545, -0.068446167, 0.00077529228, -0.0070482735;
 0.050290082, 0.74060565, 0.67005539, -0.41370988;
 -0.046436906, -0.66844475, 0.7423107, -3.1374624;
 0, 0, 0, 1]
Ow:
[-0.1178568;
 -1.7913067;
 2.6061859]
Keyframe: 65 Frame: 399 Frame from vFrameID : 400
Tcw:
[0.99607104, 0.026549241, -0.084484629, -0.12040666;
 -0.074913822, 0.76137394, -0.64397019, -1.8019397;
 0.047227476, 0.64776909, 0.76037145, 2.6222956;
 0, 0, 0, 1]
Twc:
[0.99607104, -0.074913822, 0.047227476, -0.13890101;
 0.026549241, 0.76137394, 0.64776909, -0.32349551;
 -0.084484629, -0.64397019, 0.76037145, -3.1644869;
 0, 0, 0, 1]
Ow:
[-0.12040666;
 -1.8019397;
 2.6222956]
Keyframe: 66 Frame: 405 Frame from vFrameID : 406
Tcw:
[0.99865079, 0.02569332, -0.045127187, -0.12558238;
 -0.048325866, 0.77788591, -0.62654459, -1.8220503;
 0.019005794, 0.62788004, 0.77807802, 2.6477671;
 0, 0, 0, 1]
Twc:
[0.99865079, -0.048325866, 0.019005794, -0.012962124;
 0.02569332, 0.77788591, 0.62788004, -0.24190634;
 -0.045127187, -0.62654459, 0.77807802, -3.2074325;
 0, 0, 0, 1]
Ow:
[-0.12558238;
 -1.8220503;
 2.6477671]
Keyframe: 67 Frame: 411 Frame from vFrameID : 412
Tcw:
[0.99909854, 0.04242022, -0.00161435, -0.11282486;
 -0.034467131, 0.78841072, -0.61418283, -1.8318286;
 -0.024781002, 0.61368483, 0.7891621, 2.6653595;
 0, 0, 0, 1]
Twc:
[0.99909854, -0.034467131, -0.024781002, 0.11563554;
 0.04242022, 0.78841072, 0.61368483, -0.18667127;
 -0.00161435, -0.61418283, 0.7891621, -3.2286606;
 0, 0, 0, 1]
Ow:
[-0.11282486;
 -1.8318286;
 2.6653595]
Keyframe: 68 Frame: 418 Frame from vFrameID : 419
Tcw:
[0.99953711, 0.028732782, -0.0099993581, -0.19142938;
 -0.028632924, 0.77737939, -0.62838, -1.8947651;
 -0.010281811, 0.62837547, 0.77784222, 2.8637784;
 0, 0, 0, 1]
Twc:
[0.99953711, -0.028632924, -0.010281811, 0.16653293;
 0.028732782, 0.77737939, 0.62837547, -0.32107651;
 -0.0099993581, -0.62838, 0.77784222, -3.4201148;
 0, 0, 0, 1]
Ow:
[-0.19142938;
 -1.8947651;
 2.8637784]
Keyframe: 69 Frame: 424 Frame from vFrameID : 425
Tcw:
[0.99912971, -0.00047315843, -0.041709069, -0.18664505;
 -0.025538314, 0.78366882, -0.62065369, -1.9259874;
 0.032979764, 0.62117869, 0.78297472, 2.874507;
 0, 0, 0, 1]
Twc:
[0.99912971, -0.025538314, 0.032979764, 0.042495586;
 -0.00047315843, 0.78366882, 0.62117869, -0.27633449;
 -0.041709069, -0.62065369, 0.78297472, -3.4538219;
 0, 0, 0, 1]
Ow:
[-0.18664505;
 -1.9259874;
 2.874507]
Keyframe: 70 Frame: 430 Frame from vFrameID : 431
Tcw:
[0.99826521, 0.0056932126, -0.058601912, -0.18686417;
 -0.039718449, 0.79984909, -0.59888548, -1.943345;
 0.043463103, 0.60017413, 0.79868764, 2.8895187;
 0, 0, 0, 1]
Twc:
[0.99826521, -0.039718449, 0.043463103, -0.016234122;
 0.0056932126, 0.79984909, 0.60017413, -0.17876782;
 -0.058601912, -0.59888548, 0.79868764, -3.4826148;
 0, 0, 0, 1]
Ow:
[-0.18686417;
 -1.943345;
 2.8895187]
Keyframe: 71 Frame: 436 Frame from vFrameID : 437
Tcw:
[0.99939209, 0.0016484319, -0.034824565, -0.18424025;
 -0.022168064, 0.8009941, -0.59826171, -1.9532228;
 0.026908075, 0.59867001, 0.80054367, 2.9088826;
 0, 0, 0, 1]
Twc:
[0.99939209, -0.022168064, 0.026908075, 0.062556654;
 0.0016484319, 0.8009941, 0.59867001, -0.17663722;
 -0.034824565, -0.59826171, 0.80054367, -3.5036421;
 0, 0, 0, 1]
Ow:
[-0.18424025;
 -1.9532228;
 2.9088826]
Keyframe: 72 Frame: 442 Frame from vFrameID : 443
Tcw:
[0.99988514, 0.014869547, -0.0029274097, -0.18517965;
 -0.013622195, 0.79717773, -0.60359102, -1.9606974;
 -0.0066414592, 0.60356158, 0.79728872, 2.928396;
 0, 0, 0, 1]
Twc:
[0.99988514, -0.013622195, -0.0066414592, 0.17789821;
 0.014869547, 0.79717773, 0.60356158, -0.20168969;
 -0.0029274097, -0.60359102, 0.79728872, -3.5187786;
 0, 0, 0, 1]
Ow:
[-0.18517965;
 -1.9606974;
 2.928396]
Keyframe: 73 Frame: 447 Frame from vFrameID : 448
Tcw:
[0.99947923, 0.031929534, -0.0046651009, -0.18509999;
 -0.028512461, 0.80616695, -0.59100074, -1.9784408;
 -0.015109528, 0.59082597, 0.80665755, 2.9796011;
 0, 0, 0, 1]
Twc:
[0.99947923, -0.028512461, -0.015109528, 0.17361373;
 0.031929534, 0.80616695, 0.59082597, -0.15956195;
 -0.0046651009, -0.59100074, 0.80665755, -3.5736411;
 0, 0, 0, 1]
Ow:
[-0.18509999;
 -1.9784408;
 2.9796011]
Keyframe: 74 Frame: 452 Frame from vFrameID : 453
Tcw:
[0.99929178, 0.01619133, -0.033967499, -0.179637;
 -0.033391133, 0.79774046, -0.6020757, -1.9853039;
 0.017348843, 0.6027835, 0.79771614, 3.0033412;
 0, 0, 0, 1]
Twc:
[0.99929178, -0.033391133, 0.017348843, 0.061113734;
 0.01619133, 0.79774046, 0.6027835, -0.22369856;
 -0.033967499, -0.6020757, 0.79771614, -3.5972188;
 0, 0, 0, 1]
Ow:
[-0.179637;
 -1.9853039;
 3.0033412]
Keyframe: 75 Frame: 457 Frame from vFrameID : 458
Tcw:
[0.9988625, 0.010574177, -0.046495527, -0.18536347;
 -0.036364388, 0.79965729, -0.59935457, -1.9960902;
 0.030842805, 0.60036361, 0.79913223, 3.0333176;
 0, 0, 0, 1]
Twc:
[0.9988625, -0.036364388, 0.030842805, 0.019010019;
 0.010574177, 0.79965729, 0.60036361, -0.22294524;
 -0.046495527, -0.59935457, 0.79913223, -3.6290059;
 0, 0, 0, 1]
Ow:
[-0.18536347;
 -1.9960902;
 3.0333176]
Keyframe: 76 Frame: 463 Frame from vFrameID : 464
Tcw:
[0.99669629, 0.019939253, -0.07873334, -0.19000489;
 -0.062276281, 0.80989653, -0.58325744, -2.0252569;
 0.052136142, 0.58623379, 0.80846262, 3.088289;
 0, 0, 0, 1]
Twc:
[0.99669629, -0.062276281, 0.052136142, -0.097759791;
 0.019939253, 0.80989653, 0.58623379, -0.16642214;
 -0.07873334, -0.58325744, 0.80846262, -3.6929722;
 0, 0, 0, 1]
Ow:
[-0.19000489;
 -2.0252569;
 3.088289]
Keyframe: 77 Frame: 467 Frame from vFrameID : 468
Tcw:
[0.99716574, 0.026662944, -0.070353195, -0.19086376;
 -0.063086353, 0.80583835, -0.58876538, -2.0347195;
 0.04099508, 0.59153503, 0.80523646, 3.1097693;
 0, 0, 0, 1]
Twc:
[0.99716574, -0.063086353, 0.04099508, -0.065525495;
 0.026662944, 0.80583835, 0.59153503, -0.19479352;
 -0.070353195, -0.58876538, 0.80523646, -3.7154999;
 0, 0, 0, 1]
Ow:
[-0.19086376;
 -2.0347195;
 3.1097693]
Keyframe: 78 Frame: 472 Frame from vFrameID : 473
Tcw:
[0.99840915, 0.045367427, -0.033481035, -0.19678339;
 -0.056345411, 0.78074354, -0.62230599, -2.0419652;
 -0.00209232, 0.6232025, 0.7820577, 3.1437094;
 0, 0, 0, 1]
Twc:
[0.99840915, -0.056345411, -0.00209232, 0.087992609;
 0.045367427, 0.78074354, 0.6232025, -0.35598883;
 -0.033481035, -0.62230599, 0.7820577, -3.735878;
 0, 0, 0, 1]
Ow:
[-0.19678339;
 -2.0419652;
 3.1437094]
Keyframe: 79 Frame: 477 Frame from vFrameID : 478
Tcw:
[0.9988209, 0.048540752, -0.00076870964, -0.25938943;
 -0.038253359, 0.7771908, -0.62810117, -2.1471398;
 -0.02989107, 0.62739003, 0.77813131, 3.3451698;
 0, 0, 0, 1]
Twc:
[0.9988209, -0.038253359, -0.02989107, 0.27693897;
 0.048540752, 0.7771908, 0.62739003, -0.41739753;
 -0.00076870964, -0.62810117, 0.77813131, -3.9518018;
 0, 0, 0, 1]
Ow:
[-0.25938943;
 -2.1471398;
 3.3451698]
Keyframe: 80 Frame: 482 Frame from vFrameID : 483
Tcw:
[0.99916154, 0.03785447, -0.015596257, -0.25392994;
 -0.039471786, 0.78951079, -0.6124661, -2.1577661;
 -0.010871166, 0.6125682, 0.79034299, 3.3658025;
 0, 0, 0, 1]
Twc:
[0.99916154, -0.039471786, -0.010871166, 0.20513637;
 0.03785447, 0.78951079, 0.6125682, -0.34859169;
 -0.015596257, -0.6124661, 0.79034299, -3.9856575;
 0, 0, 0, 1]
Ow:
[-0.25392994;
 -2.1577661;
 3.3658025]
Keyframe: 81 Frame: 487 Frame from vFrameID : 488
Tcw:
[0.99938655, 0.0061835567, -0.03447235, -0.28006124;
 -0.025802141, 0.79556149, -0.60532314, -2.1729155;
 0.023681825, 0.60584128, 0.79523301, 3.4044657;
 0, 0, 0, 1]
Twc:
[0.99938655, -0.025802141, 0.023681825, 0.14319961;
 0.0061835567, 0.79556149, 0.60584128, -0.33214605;
 -0.03447235, -0.60532314, 0.79523301, -4.0323138;
 0, 0, 0, 1]
Ow:
[-0.28006124;
 -2.1729155;
 3.4044657]
Keyframe: 82 Frame: 494 Frame from vFrameID : 495
Tcw:
[0.99811298, -0.019211523, -0.058321245, -0.28154883;
 -0.017957147, 0.81694937, -0.57642978, -2.19082;
 0.058719598, 0.57638937, 0.81506276, 3.4463484;
 0, 0, 0, 1]
Twc:
[0.99811298, -0.017957147, 0.058719598, 0.039308485;
 -0.019211523, 0.81694937, 0.57638937, -0.20205848;
 -0.058321245, -0.57642978, 0.81506276, -4.0882645;
 0, 0, 0, 1]
Ow:
[-0.28154883;
 -2.19082;
 3.4463484]
Keyframe: 83 Frame: 500 Frame from vFrameID : 501
Tcw:
[0.99814987, -0.012701132, -0.059459902, -0.26970521;
 -0.023372881, 0.82264, -0.56808197, -2.214277;
 0.056129377, 0.56842071, 0.82082117, 3.4897542;
 0, 0, 0, 1]
Twc:
[0.99814987, -0.023372881, 0.056129377, 0.021574458;
 -0.012701132, 0.82264, 0.56842071, -0.16552137;
 -0.059459902, -0.56808197, 0.82082117, -4.1383915;
 0, 0, 0, 1]
Ow:
[-0.26970521;
 -2.214277;
 3.4897542]
Keyframe: 84 Frame: 506 Frame from vFrameID : 507
Tcw:
[0.99962974, 0.0096648969, -0.025435684, -0.28245398;
 -0.022232898, 0.8290413, -0.55874515, -2.2088678;
 0.015687019, 0.55910379, 0.82894927, 3.5217078;
 0, 0, 0, 1]
Twc:
[0.99962974, -0.022232898, 0.015687019, 0.17799479;
 0.0096648969, 0.8290413, 0.55910379, -0.13502756;
 -0.025435684, -0.55874515, 0.82894927, -4.1606956;
 0, 0, 0, 1]
Ow:
[-0.28245398;
 -2.2088678;
 3.5217078]
Keyframe: 85 Frame: 512 Frame from vFrameID : 513
Tcw:
[0.99961281, 0.026543029, 0.0083477348, -0.24893069;
 -0.01724978, 0.82655996, -0.56258428, -2.2471671;
 -0.021832595, 0.56222248, 0.82669777, 3.5700285;
 0, 0, 0, 1]
Twc:
[0.99961281, -0.01724978, -0.021832595, 0.28801417;
 0.026543029, 0.82655996, 0.56222248, -0.14312454;
 0.0083477348, -0.56258428, 0.82669777, -4.2134776;
 0, 0, 0, 1]
Ow:
[-0.24893069;
 -2.2471671;
 3.5700285]
Keyframe: 86 Frame: 517 Frame from vFrameID : 518
Tcw:
[0.99967331, -0.0012683994, -0.025527721, -0.24623518;
 -0.013130135, 0.83141893, -0.55549091, -2.2747743;
 0.021928815, 0.55564463, 0.83113068, 3.6327031;
 0, 0, 0, 1]
Twc:
[0.99967331, -0.013130135, 0.021928815, 0.13662577;
 -0.0012683994, 0.83141893, 0.55564463, -0.12751359;
 -0.025527721, -0.55549091, 0.83113068, -4.2891531;
 0, 0, 0, 1]
Ow:
[-0.24623518;
 -2.2747743;
 3.6327031]
Keyframe: 87 Frame: 521 Frame from vFrameID : 522
Tcw:
[0.99803638, 0.0074156458, -0.062195949, -0.24437195;
 -0.042660572, 0.80753374, -0.58827657, -2.2875018;
 0.04586288, 0.58977473, 0.80626446, 3.6747386;
 0, 0, 0, 1]
Twc:
[0.99803638, -0.042660572, 0.04586288, -0.022228131;
 0.0074156458, 0.80753374, 0.58977473, -0.31822065;
 -0.062195949, -0.58827657, 0.80626446, -4.3236938;
 0, 0, 0, 1]
Ow:
[-0.24437195;
 -2.2875018;
 3.6747386]
Keyframe: 88 Frame: 526 Frame from vFrameID : 527
Tcw:
[0.99710667, 0.0030211452, -0.075955287, -0.25229377;
 -0.047113989, 0.80870491, -0.58632463, -2.2654974;
 0.059654042, 0.58820677, 0.80650741, 3.7391;
 0, 0, 0, 1]
Twc:
[0.99710667, -0.047113989, 0.059654042, -0.078225255;
 0.0030211452, 0.80870491, 0.58820677, -0.3664825;
 -0.075955287, -0.58632463, 0.80650741, -4.3630919;
 0, 0, 0, 1]
Ow:
[-0.25229377;
 -2.2654974;
 3.7391]
Keyframe: 89 Frame: 532 Frame from vFrameID : 533
Tcw:
[0.9977845, 0.012492923, -0.065345146, -0.26628992;
 -0.047979563, 0.81554377, -0.57670295, -2.2855101;
 0.046087123, 0.57856053, 0.81433636, 3.775723;
 0, 0, 0, 1]
Twc:
[0.9977845, -0.047979563, 0.046087123, -0.017970014;
 0.012492923, 0.81554377, 0.57856053, -0.317224;
 -0.065345146, -0.57670295, 0.81433636, -4.4101696;
 0, 0, 0, 1]
Ow:
[-0.26628992;
 -2.2855101;
 3.775723]
Keyframe: 90 Frame: 537 Frame from vFrameID : 538
Tcw:
[0.99786061, 0.038304482, -0.052981373, -0.25854424;
 -0.062002916, 0.81146759, -0.58109891, -2.3125267;
 0.020733975, 0.58314073, 0.81210649, 3.8160253;
 0, 0, 0, 1]
Twc:
[0.99786061, -0.062002916, 0.020733975, 0.035486329;
 0.038304482, 0.81146759, 0.58314073, -0.33883563;
 -0.052981373, -0.58109891, 0.81210649, -4.4565239;
 0, 0, 0, 1]
Ow:
[-0.25854424;
 -2.3125267;
 3.8160253]
Keyframe: 91 Frame: 542 Frame from vFrameID : 543
Tcw:
[0.99874258, 0.042887263, -0.025960142, -0.29138625;
 -0.050062902, 0.82598794, -0.56146026, -2.3272312;
 -0.0026367297, 0.56205392, 0.8270964, 3.8553617;
 0, 0, 0, 1]
Twc:
[0.99874258, -0.050062902, -0.0026367297, 0.18467747;
 0.042887263, 0.82598794, 0.56205392, -0.2321595;
 -0.025960142, -0.56146026, 0.8270964, -4.5029678;
 0, 0, 0, 1]
Ow:
[-0.29138625;
 -2.3272312;
 3.8553617]
Keyframe: 92 Frame: 548 Frame from vFrameID : 549
Tcw:
[0.99651366, 0.014256098, -0.082202673, -0.29547328;
 -0.058344346, 0.8233732, -0.56449318, -2.3535161;
 0.059636008, 0.56732124, 0.82133442, 3.9370894;
 0, 0, 0, 1]
Twc:
[0.99651366, -0.058344346, 0.059636008, -0.077663474;
 0.014256098, 0.8233732, 0.56732124, -0.29155979;
 -0.082202673, -0.56449318, 0.82133442, -4.5864992;
 0, 0, 0, 1]
Ow:
[-0.29547328;
 -2.3535161;
 3.9370894]
Keyframe: 93 Frame: 553 Frame from vFrameID : 554
Tcw:
[0.99072188, 0.01805561, -0.13470025, -0.30729946;
 -0.089096062, 0.83472353, -0.54341382, -2.3984327;
 0.1026258, 0.5503732, 0.82858753, 3.9611068;
 0, 0, 0, 1]
Twc:
[0.99072188, -0.089096062, 0.1026258, -0.31575432;
 0.01805561, 0.83472353, 0.5503732, -0.17251024;
 -0.13470025, -0.54341382, 0.82858753, -4.6268582;
 0, 0, 0, 1]
Ow:
[-0.30729946;
 -2.3984327;
 3.9611068]
Keyframe: 94 Frame: 559 Frame from vFrameID : 560
Tcw:
[0.99301893, -0.0095633324, -0.11756696, -0.40799296;
 -0.053924005, 0.84965277, -0.52457821, -2.392678;
 0.10490781, 0.52725577, 0.84320557, 4.0002708;
 0, 0, 0, 1]
Twc:
[0.99301893, -0.053924005, 0.10490781, -0.14353767;
 -0.0095633324, 0.84965277, 0.52725577, -0.080122039;
 -0.11756696, -0.52457821, 0.84320557, -4.6761642;
 0, 0, 0, 1]
Ow:
[-0.40799296;
 -2.392678;
 4.0002708]
Keyframe: 95 Frame: 565 Frame from vFrameID : 566
Tcw:
[0.99326992, -0.001573283, -0.11581181, -0.33200282;
 -0.063046232, 0.83144635, -0.5520165, -2.3910155;
 0.097159781, 0.55560285, 0.82575142, 4.0368447;
 0, 0, 0, 1]
Twc:
[0.99326992, -0.063046232, 0.097159781, -0.21319507;
 -0.001573283, 0.83144635, 0.55560285, -0.25540367;
 -0.11581181, -0.5520165, 0.82575142, -4.6917601;
 0, 0, 0, 1]
Ow:
[-0.33200282;
 -2.3910155;
 4.0368447]
Keyframe: 96 Frame: 570 Frame from vFrameID : 571
Tcw:
[0.99695867, 0.03123405, -0.071398832, -0.37639949;
 -0.065101877, 0.83739543, -0.54270679, -2.4482832;
 0.042838126, 0.54570448, 0.83688205, 4.1046634;
 0, 0, 0, 1]
Twc:
[0.99695867, -0.065101877, 0.042838126, 0.040030852;
 0.03123405, 0.83739543, 0.54570448, -0.17799537;
 -0.071398832, -0.54270679, 0.83688205, -4.7906933;
 0, 0, 0, 1]
Ow:
[-0.37639949;
 -2.4482832;
 4.1046634]
Keyframe: 97 Frame: 575 Frame from vFrameID : 576
Tcw:
[0.99795216, 0.044620521, -0.04583133, -0.38324982;
 -0.061695591, 0.86060947, -0.50551456, -2.4998007;
 0.016886555, 0.50730693, 0.86159998, 4.1971631;
 0, 0, 0, 1]
Twc:
[0.99795216, -0.061695591, 0.016886555, 0.1573627;
 0.044620521, 0.86060947, 0.50730693, 0.039202861;
 -0.04583133, -0.50551456, 0.86159998, -4.8975263;
 0, 0, 0, 1]
Ow:
[-0.38324982;
 -2.4998007;
 4.1971631]
Keyframe: 98 Frame: 579 Frame from vFrameID : 580
Tcw:
[0.99768138, 0.029975137, -0.061101228, -0.39778593;
 -0.057769891, 0.84761107, -0.52746379, -2.4641049;
 0.035979278, 0.52977067, 0.84737748, 4.2380638;
 0, 0, 0, 1]
Twc:
[0.99768138, -0.057769891, 0.035979278, 0.10203004;
 0.029975137, 0.84761107, 0.52977067, -0.14467525;
 -0.061101228, -0.52746379, 0.84737748, -4.9152713;
 0, 0, 0, 1]
Ow:
[-0.39778593;
 -2.4641049;
 4.2380638]
Keyframe: 99 Frame: 583 Frame from vFrameID : 584
Tcw:
[0.99437755, 0.0076586595, -0.10561552, -0.31267864;
 -0.061714794, 0.85239857, -0.51923788, -2.4667175;
 0.086049847, 0.52283651, 0.84807867, 4.2952509;
 0, 0, 0, 1]
Twc:
[0.99437755, -0.061714794, 0.086049847, -0.21091802;
 0.0076586595, 0.85239857, 0.52283651, -0.14069268;
 -0.10561552, -0.51923788, 0.84807867, -4.9565473;
 0, 0, 0, 1]
Ow:
[-0.31267864;
 -2.4667175;
 4.2952509]
Keyframe: 100 Frame: 588 Frame from vFrameID : 589
Tcw:
[0.98583704, 0.07020811, -0.15230276, -0.352429;
 -0.13901781, 0.85007739, -0.5079788, -2.661134;
 0.093804903, 0.5219571, 0.84779799, 4.3769832;
 0, 0, 0, 1]
Twc:
[0.98583704, -0.13901781, 0.093804903, -0.43308988;
 0.07020811, 0.85007739, 0.5219571, 0.0023156181;
 -0.15230276, -0.5079788, 0.84779799, -5.1162729;
 0, 0, 0, 1]
Ow:
[-0.352429;
 -2.661134;
 4.3769832]
Keyframe: 101 Frame: 592 Frame from vFrameID : 593
Tcw:
[0.98714763, 0.076348461, -0.14039409, -0.33233711;
 -0.14082326, 0.83089763, -0.53831029, -2.5869973;
 0.075553946, 0.55116248, 0.83097023, 4.4219933;
 0, 0, 0, 1]
Twc:
[0.98714763, -0.14082326, 0.075553946, -0.37034267;
 0.076348461, 0.83089763, 0.55116248, -0.26233336;
 -0.14039409, -0.53831029, 0.83097023, -5.1138101;
 0, 0, 0, 1]
Ow:
[-0.33233711;
 -2.5869973;
 4.4219933]
Keyframe: 102 Frame: 597 Frame from vFrameID : 598
Tcw:
[0.99408436, 0.090015136, -0.060774319, -0.40995678;
 -0.10860968, 0.82168919, -0.55949157, -2.601413;
 -0.00042510792, 0.56278253, 0.8266049, 4.4898515;
 0, 0, 0, 1]
Twc:
[0.99408436, -0.10860968, -0.00042510792, 0.12690167;
 0.090015136, 0.82168919, 0.56278253, -0.35235459;
 -0.060774319, -0.55949157, 0.8266049, -5.1917167;
 0, 0, 0, 1]
Ow:
[-0.40995678;
 -2.601413;
 4.4898515]
Keyframe: 103 Frame: 604 Frame from vFrameID : 605
Tcw:
[0.99486363, 0.10046539, 0.012370547, -0.41172814;
 -0.07724677, 0.83249336, -0.5486235, -2.6092932;
 -0.065416075, 0.54484999, 0.83597803, 4.5718899;
 0, 0, 0, 1]
Twc:
[0.99486363, -0.07724677, -0.065416075, 0.50712895;
 0.10046539, 0.83249336, 0.54484999, -0.27741027;
 0.012370547, -0.5486235, 0.83597803, -5.2484255;
 0, 0, 0, 1]
Ow:
[-0.41172814;
 -2.6092932;
 4.5718899]
Keyframe: 104 Frame: 610 Frame from vFrameID : 611
Tcw:
[0.99619263, 0.086115927, -0.013575208, -0.45950788;
 -0.079369046, 0.83146143, -0.54988402, -2.6677291;
 -0.036066506, 0.54886788, 0.83513069, 4.6467266;
 0, 0, 0, 1]
Twc:
[0.99619263, -0.079369046, -0.036066506, 0.41361445;
 0.086115927, 0.83146143, 0.54886788, -0.29275429;
 -0.013575208, -0.54988402, 0.83513069, -5.3538036;
 0, 0, 0, 1]
Ow:
[-0.45950788;
 -2.6677291;
 4.6467266]
Keyframe: 105 Frame: 616 Frame from vFrameID : 617
Tcw:
[0.99285072, 0.073797241, -0.093815736, -0.44121706;
 -0.11293863, 0.83517492, -0.53826362, -2.6895044;
 0.03863018, 0.54501081, 0.8375386, 4.7624226;
 0, 0, 0, 1]
Twc:
[0.99285072, -0.11293863, 0.03863018, -0.049659453;
 0.073797241, 0.83517492, 0.54501081, -0.31680477;
 -0.093815736, -0.53826362, 0.8375386, -5.4777679;
 0, 0, 0, 1]
Ow:
[-0.44121706;
 -2.6895044;
 4.7624226]
Keyframe: 106 Frame: 622 Frame from vFrameID : 623
Tcw:
[0.99632496, 0.053952493, -0.066526413, -0.47730196;
 -0.081109077, 0.84391403, -0.53031164, -2.6866062;
 0.027530938, 0.53375858, 0.84518862, 4.7762213;
 0, 0, 0, 1]
Twc:
[0.99632496, -0.081109077, 0.027530938, 0.12614582;
 0.053952493, 0.84391403, 0.53375858, -0.2563329;
 -0.066526413, -0.53031164, 0.84518862, -5.4932995;
 0, 0, 0, 1]
Ow:
[-0.47730196;
 -2.6866062;
 4.7762213]
Keyframe: 107 Frame: 625 Frame from vFrameID : 626
Tcw:
[0.99824136, 0.05907806, -0.0048959316, -0.50055653;
 -0.052326322, 0.83931315, -0.54112422, -2.6814482;
 -0.027859351, 0.54042876, 0.84092844, 4.7877436;
 0, 0, 0, 1]
Twc:
[0.99824136, -0.052326322, -0.027859351, 0.49274933;
 0.05907806, 0.83931315, 0.54042876, -0.30728793;
 -0.0048959316, -0.54112422, 0.84092844, -5.4795971;
 0, 0, 0, 1]
Ow:
[-0.50055653;
 -2.6814482;
 4.7877436]
Keyframe: 108 Frame: 630 Frame from vFrameID : 631
Tcw:
[0.99740416, 0.068936847, 0.020799644, -0.45403004;
 -0.045022406, 0.82247949, -0.56701016, -2.66223;
 -0.056195173, 0.56460184, 0.82344818, 4.8331356;
 0, 0, 0, 1]
Twc:
[0.99740416, -0.045022406, -0.056195173, 0.60459036;
 0.068936847, 0.82247949, 0.56460184, -0.50786811;
 0.020799644, -0.56701016, 0.82344818, -5.4799042;
 0, 0, 0, 1]
Ow:
[-0.45403004;
 -2.66223;
 4.8331356]
Keyframe: 109 Frame: 634 Frame from vFrameID : 635
Tcw:
[0.99693179, 0.063153856, -0.046245098, -0.3270984;
 -0.078224957, 0.82500458, -0.55968595, -2.6378114;
 0.0028060945, 0.5615862, 0.8274135, 4.8508263;
 0, 0, 0, 1]
Twc:
[0.99693179, -0.078224957, 0.0028060945, 0.10614023;
 0.063153856, 0.82500458, 0.5615862, -0.52729321;
 -0.046245098, -0.55968595, 0.8274135, -5.5051117;
 0, 0, 0, 1]
Ow:
[-0.3270984;
 -2.6378114;
 4.8508263]
Keyframe: 110 Frame: 641 Frame from vFrameID : 642
Tcw:
[0.99898863, 0.040962093, 0.018542722, -0.49404564;
 -0.023296952, 0.82426274, -0.56572801, -2.6703544;
 -0.038457479, 0.56472385, 0.82438338, 4.928678;
 0, 0, 0, 1]
Twc:
[0.99898863, -0.023296952, -0.038457479, 0.62087941;
 0.040962093, 0.82426274, 0.56472385, -0.56203163;
 0.018542722, -0.56572801, 0.82438338, -5.5646539;
 0, 0, 0, 1]
Ow:
[-0.49404564;
 -2.6703544;
 4.928678]
Keyframe: 111 Frame: 647 Frame from vFrameID : 648
Tcw:
[0.99581993, 0.064472213, -0.064699046, -0.46503073;
 -0.088600397, 0.85397011, -0.51272309, -2.7258873;
 0.022194657, 0.51631224, 0.85611278, 4.960413;
 0, 0, 0, 1]
Twc:
[0.99581993, -0.088600397, 0.022194657, 0.11147753;
 0.064472213, 0.85397011, 0.51631224, -0.20331405;
 -0.064699046, -0.51272309, 0.85611278, -5.6743851;
 0, 0, 0, 1]
Ow:
[-0.46503073;
 -2.7258873;
 4.960413]
Keyframe: 112 Frame: 652 Frame from vFrameID : 653
Tcw:
[0.99506736, 0.058268294, -0.080285661, -0.46419692;
 -0.089860901, 0.87228322, -0.48067352, -2.7282403;
 0.042023811, 0.48551705, 0.87321657, 4.9754062;
 0, 0, 0, 1]
Twc:
[0.99506736, -0.089860901, 0.042023811, 0.0076595508;
 0.058268294, 0.87228322, 0.48551705, -0.0087984093;
 -0.080285661, -0.48067352, 0.87321657, -5.6932683;
 0, 0, 0, 1]
Ow:
[-0.46419692;
 -2.7282403;
 4.9754062]
Keyframe: 113 Frame: 659 Frame from vFrameID : 660
Tcw:
[0.99658859, 0.064329781, -0.051699758, -0.45376712;
 -0.081387535, 0.86992896, -0.48641509, -2.7249424;
 0.01368414, 0.48896345, 0.87219691, 4.9920421;
 0, 0, 0, 1]
Twc:
[0.99658859, -0.081387535, 0.01368414, 0.162131;
 0.064329781, 0.86992896, 0.48896345, -0.04122911;
 -0.051699758, -0.48641509, 0.87219691, -5.7029567;
 0, 0, 0, 1]
Ow:
[-0.45376712;
 -2.7249424;
 4.9920421]
Keyframe: 114 Frame: 667 Frame from vFrameID : 668
Tcw:
[0.99614441, 0.086115338, -0.016747998, -0.46222022;
 -0.08371643, 0.87602687, -0.47494054, -2.7496161;
 -0.026227968, 0.47451144, 0.87985849, 5.0451698;
 0, 0, 0, 1]
Twc:
[0.99614441, -0.08371643, -0.026227968, 0.36257458;
 0.086115338, 0.87602687, 0.47451144, 0.054550909;
 -0.016747998, -0.47494054, 0.87985849, -5.7526813;
 0, 0, 0, 1]
Ow:
[-0.46222022;
 -2.7496161;
 5.0451698]
Keyframe: 115 Frame: 673 Frame from vFrameID : 674
Tcw:
[0.99542129, 0.06722188, -0.067953803, -0.46265143;
 -0.091887482, 0.86878902, -0.48658228, -2.7554944;
 0.026328541, 0.49059844, 0.87098795, 5.0773621;
 0, 0, 0, 1]
Twc:
[0.99542129, -0.091887482, 0.026328541, 0.073658086;
 0.06722188, 0.86878902, 0.49059844, -0.0659023;
 -0.067953803, -0.48658228, 0.87098795, -5.7945347;
 0, 0, 0, 1]
Ow:
[-0.46265143;
 -2.7554944;
 5.0773621]
Keyframe: 116 Frame: 680 Frame from vFrameID : 681
Tcw:
[0.98850429, 0.085839458, -0.12446233, -0.47022411;
 -0.13585858, 0.86553377, -0.48207232, -2.7688999;
 0.06634552, 0.49343985, 0.86724585, 5.1204095;
 0, 0, 0, 1]
Twc:
[0.98850429, -0.13585858, 0.06634552, -0.25107655;
 0.085839458, 0.86553377, 0.49343985, -0.089673676;
 -0.12446233, -0.48207232, 0.86724585, -5.8339891;
 0, 0, 0, 1]
Ow:
[-0.47022411;
 -2.7688999;
 5.1204095]
Keyframe: 117 Frame: 686 Frame from vFrameID : 687
Tcw:
[0.98981208, 0.075978942, -0.12041274, -0.5460003;
 -0.12753595, 0.84911019, -0.51258808, -2.8182325;
 0.063297778, 0.52272284, 0.85014957, 5.25143;
 0, 0, 0, 1]
Twc:
[0.98981208, -0.12753595, 0.063297778, -0.15139204;
 0.075978942, 0.84911019, 0.52272284, -0.31056792;
 -0.12041274, -0.51258808, 0.85014957, -5.9748383;
 0, 0, 0, 1]
Ow:
[-0.5460003;
 -2.8182325;
 5.25143]
Keyframe: 118 Frame: 693 Frame from vFrameID : 694
Tcw:
[0.99228674, 0.046861596, -0.11476498, -0.55576909;
 -0.10042296, 0.84666353, -0.5225668, -2.8357105;
 0.072679006, 0.53006119, 0.84483898, 5.4025688;
 0, 0, 0, 1]
Twc:
[0.99228674, -0.10042296, 0.072679006, -0.12594151;
 0.046861596, 0.84666353, 0.53006119, -0.43675485;
 -0.11476498, -0.5225668, 0.84483898, -6.1099319;
 0, 0, 0, 1]
Ow:
[-0.55576909;
 -2.8357105;
 5.4025688]
Keyframe: 119 Frame: 699 Frame from vFrameID : 700
Tcw:
[0.99155903, 0.046845, -0.12089763, -0.55940169;
 -0.10191474, 0.85801846, -0.50340617, -2.8452065;
 0.080150329, 0.51147819, 0.85555011, 5.4203973;
 0, 0, 0, 1]
Twc:
[0.99155903, -0.10191474, 0.080150329, -0.16973534;
 0.046845, 0.85801846, 0.51147819, -0.30496994;
 -0.12089763, -0.50340617, 0.85555011, -6.1373463;
 0, 0, 0, 1]
Ow:
[-0.55940169;
 -2.8452065;
 5.4203973]
Keyframe: 120 Frame: 705 Frame from vFrameID : 706
Tcw:
[0.98137802, 0.021383749, -0.19089255, -0.57051015;
 -0.11834323, 0.85008562, -0.51317579, -2.8561385;
 0.15130138, 0.52621025, 0.83678591, 5.4489112;
 0, 0, 0, 1]
Twc:
[0.98137802, -0.11834323, 0.15130138, -0.60254639;
 0.021383749, 0.85008562, 0.52621025, -0.42711124;
 -0.19089255, -0.51317579, 0.83678591, -6.1341791;
 0, 0, 0, 1]
Ow:
[-0.57051015;
 -2.8561385;
 5.4489112]
Keyframe: 121 Frame: 711 Frame from vFrameID : 712
Tcw:
[0.97650123, -0.0084573217, -0.21534595, -0.57201618;
 -0.10340361, 0.85831308, -0.50259954, -2.8583653;
 0.1890849, 0.51305664, 0.83726925, 5.4741778;
 0, 0, 0, 1]
Twc:
[0.97650123, -0.10340361, 0.1890849, -0.77207518;
 -0.0084573217, 0.85831308, 0.51305664, -0.36002851;
 -0.21534595, -0.50259954, 0.83726925, -6.1431556;
 0, 0, 0, 1]
Ow:
[-0.57201618;
 -2.8583653;
 5.4741778]
Keyframe: 122 Frame: 719 Frame from vFrameID : 720
Tcw:
[0.98384619, 0.0032922891, -0.17898552, -0.57420665;
 -0.089142419, 0.8760643, -0.47388288, -2.8757098;
 0.15524267, 0.48218307, 0.86220598, 5.4999208;
 0, 0, 0, 1]
Twc:
[0.98384619, -0.089142419, 0.15524267, -0.54523915;
 0.0032922891, 0.8760643, 0.48218307, -0.13077171;
 -0.17898552, -0.47388288, 0.86220598, -6.2075891;
 0, 0, 0, 1]
Ow:
[-0.57420665;
 -2.8757098;
 5.4999208]
Keyframe: 123 Frame: 725 Frame from vFrameID : 726
Tcw:
[0.99177372, 0.054936875, -0.11561495, -0.58180255;
 -0.10471617, 0.86766797, -0.48599058, -2.8918498;
 0.073616579, 0.49409947, 0.86628306, 5.5326705;
 0, 0, 0, 1]
Twc:
[0.99177372, -0.10471617, 0.073616579, -0.13310321;
 0.054936875, 0.86766797, 0.49409947, -0.19256164;
 -0.11561495, -0.48599058, 0.86628306, -6.2655354;
 0, 0, 0, 1]
Ow:
[-0.58180255;
 -2.8918498;
 5.5326705]
Keyframe: 124 Frame: 731 Frame from vFrameID : 732
Tcw:
[0.99084538, 0.089073263, -0.10144637, -0.58239865;
 -0.1261743, 0.87827021, -0.46121743, -2.901819;
 0.048015177, 0.46979508, 0.88146871, 5.5664005;
 0, 0, 0, 1]
Twc:
[0.99084538, -0.1261743, 0.048015177, -0.056339663;
 0.089073263, 0.87827021, 0.46979508, -0.014610489;
 -0.10144637, -0.46121743, 0.88146871, -6.3040595;
 0, 0, 0, 1]
Ow:
[-0.58239865;
 -2.901819;
 5.5664005]
Keyframe: 125 Frame: 737 Frame from vFrameID : 738
Tcw:
[0.99285007, 0.052014507, -0.1074397, -0.58095556;
 -0.095037021, 0.88905913, -0.44781899, -2.9052589;
 0.072227158, 0.45482787, 0.88764566, 5.5972695;
 0, 0, 0, 1]
Twc:
[0.99285007, -0.095037021, 0.072227158, -0.10358033;
 0.052014507, 0.88905913, 0.45482787, 0.067371108;
 -0.1074397, -0.44781899, 0.88764566, -6.33184;
 0, 0, 0, 1]
Ow:
[-0.58095556;
 -2.9052589;
 5.5972695]
Keyframe: 126 Frame: 743 Frame from vFrameID : 744
Tcw:
[0.98783791, 0.037806597, -0.15082069, -0.56674969;
 -0.10304162, 0.88558406, -0.45290542, -2.9081013;
 0.11644158, 0.46293795, 0.8787092, 5.6347299;
 0, 0, 0, 1]
Twc:
[0.98783791, -0.10304162, 0.11644158, -0.39591545;
 0.037806597, 0.88558406, 0.46293795, -0.011735181;
 -0.15082069, -0.45290542, 0.8787092, -6.3538609;
 0, 0, 0, 1]
Ow:
[-0.56674969;
 -2.9081013;
 5.6347299]
Keyframe: 127 Frame: 750 Frame from vFrameID : 751
Tcw:
[0.98748499, 0.065456115, -0.14348848, -0.62029529;
 -0.12343403, 0.88708103, -0.44480482, -2.9741457;
 0.09817072, 0.45694941, 0.88405865, 5.7617702;
 0, 0, 0, 1]
Twc:
[0.98748499, -0.12343403, 0.09817072, -0.32021561;
 0.065456115, 0.88708103, 0.45694941, 0.046072669;
 -0.14348848, -0.44480482, 0.88405865, -6.5056624;
 0, 0, 0, 1]
Ow:
[-0.62029529;
 -2.9741457;
 5.7617702]
Keyframe: 128 Frame: 755 Frame from vFrameID : 756
Tcw:
[0.99561125, 0.06325613, -0.068970539, -0.6398344;
 -0.087961085, 0.88414806, -0.4588519, -2.9812481;
 0.03195497, 0.46290484, 0.88583183, 5.7906075;
 0, 0, 0, 1]
Twc:
[0.99561125, -0.087961085, 0.03195497, 0.18975379;
 0.06325613, 0.88414806, 0.46290484, -0.0041619665;
 -0.068970539, -0.4588519, 0.88583183, -6.5415854;
 0, 0, 0, 1]
Ow:
[-0.6398344;
 -2.9812481;
 5.7906075]
Keyframe: 129 Frame: 760 Frame from vFrameID : 761
Tcw:
[0.99364018, 0.09525767, -0.060043331, -0.63450438;
 -0.11192518, 0.8939141, -0.43403959, -2.9989872;
 0.012327978, 0.43799955, 0.89889067, 5.8435807;
 0, 0, 0, 1]
Twc:
[0.99364018, -0.11192518, 0.012327978, 0.22276728;
 0.09525767, 0.8939141, 0.43799955, 0.18179277;
 -0.060043331, -0.43403959, 0.89889067, -6.5925169;
 0, 0, 0, 1]
Ow:
[-0.63450438;
 -2.9989872;
 5.8435807]
Keyframe: 130 Frame: 766 Frame from vFrameID : 767
Tcw:
[0.99254322, 0.098737039, -0.071477212, -0.62899756;
 -0.12023745, 0.88939363, -0.44104636, -3.0055394;
 0.020023765, 0.4463518, 0.89463353, 5.8655095;
 0, 0, 0, 1]
Twc:
[0.99254322, -0.12023745, 0.020023765, 0.14547926;
 0.098737039, 0.88939363, 0.4463518, 0.1171323;
 -0.071477212, -0.44104636, 0.89463353, -6.6180224;
 0, 0, 0, 1]
Ow:
[-0.62899756;
 -3.0055394;
 5.8655095]
Keyframe: 131 Frame: 772 Frame from vFrameID : 773
Tcw:
[0.99066198, 0.076447479, -0.11289212, -0.61694896;
 -0.11990036, 0.8826707, -0.45444074, -3.0063875;
 0.064905718, 0.46373296, 0.88359433, 5.8902931;
 0, 0, 0, 1]
Twc:
[0.99066198, -0.11990036, 0.064905718, -0.13159275;
 0.076447479, 0.8826707, 0.46373296, -0.030708747;
 -0.11289212, -0.45444074, 0.88359433, -6.6405034;
 0, 0, 0, 1]
Ow:
[-0.61694896;
 -3.0063875;
 5.8902931]
Keyframe: 132 Frame: 779 Frame from vFrameID : 780
Tcw:
[0.9944641, 0.061889917, -0.084916711, -0.61677814;
 -0.091898367, 0.90412199, -0.41727465, -3.0288339;
 0.050949972, 0.42276835, 0.90480441, 5.9265184;
 0, 0, 0, 1]
Twc:
[0.9944641, -0.091898367, 0.050949972, 0.033062853;
 0.061889917, 0.90412199, 0.42276835, 0.27106339;
 -0.084916711, -0.41727465, 0.90480441, -6.6785703;
 0, 0, 0, 1]
Ow:
[-0.61677814;
 -3.0288339;
 5.9265184]
Keyframe: 133 Frame: 786 Frame from vFrameID : 787
Tcw:
[0.99496388, 0.082338288, -0.057160385, -0.62383711;
 -0.098994769, 0.89661908, -0.43159506, -3.0365815;
 0.015714293, 0.43508005, 0.90025461, 5.9810557;
 0, 0, 0, 1]
Twc:
[0.99496388, -0.098994769, 0.015714293, 0.22610167;
 0.082338288, 0.89661908, 0.43508005, 0.17178439;
 -0.057160385, -0.43159506, 0.90025461, -6.7307053;
 0, 0, 0, 1]
Ow:
[-0.62383711;
 -3.0365815;
 5.9810557]
Keyframe: 134 Frame: 793 Frame from vFrameID : 794
Tcw:
[0.99565893, 0.091405474, 0.017558465, -0.63738322;
 -0.074190311, 0.89329463, -0.4433063, -3.0447288;
 -0.056205507, 0.44007921, 0.89619821, 6.0354972;
 0, 0, 0, 1]
Twc:
[0.99565893, -0.074190311, -0.056205507, 0.74795508;
 0.091405474, 0.89329463, 0.44007921, 0.12200347;
 0.017558465, -0.4433063, 0.89619821, -6.7475576;
 0, 0, 0, 1]
Ow:
[-0.63738322;
 -3.0447288;
 6.0354972]
Keyframe: 135 Frame: 799 Frame from vFrameID : 800
Tcw:
[0.9955343, 0.092850283, -0.017036831, -0.63051176;
 -0.091716692, 0.9086237, -0.40741989, -3.0924897;
 -0.022348983, 0.40716305, 0.913082, 6.0856695;
 0, 0, 0, 1]
Twc:
[0.9955343, -0.091716692, -0.022348983, 0.48007169;
 0.092850283, 0.9086237, 0.40716305, 0.39059275;
 -0.017036831, -0.40741989, 0.913082, -6.8273993;
 0, 0, 0, 1]
Ow:
[-0.63051176;
 -3.0924897;
 6.0856695]
Keyframe: 136 Frame: 804 Frame from vFrameID : 805
Tcw:
[0.99233478, 0.074202619, -0.098821349, -0.6334163;
 -0.10842813, 0.90643996, -0.40817884, -3.0801127;
 0.059287678, 0.41576508, 0.90753752, 6.1096735;
 0, 0, 0, 1]
Twc:
[0.99233478, -0.10842813, 0.059287678, -0.067638218;
 0.074202619, 0.90643996, 0.41576508, 0.29874936;
 -0.098821349, -0.40817884, 0.90753752, -6.8645902;
 0, 0, 0, 1]
Ow:
[-0.6334163;
 -3.0801127;
 6.1096735]
Keyframe: 137 Frame: 811 Frame from vFrameID : 812
Tcw:
[0.9771896, 0.081867509, -0.1959545, -0.63018847;
 -0.15630019, 0.90192026, -0.40262899, -3.0790205;
 0.14377309, 0.42407259, 0.89414304, 6.1493325;
 0, 0, 0, 1]
Twc:
[0.9771896, -0.15630019, 0.14377309, -0.74954647;
 0.081867509, 0.90192026, 0.42407259, 0.22085983;
 -0.1959545, -0.40262899, 0.89414304, -6.8615737;
 0, 0, 0, 1]
Ow:
[-0.63018847;
 -3.0790205;
 6.1493325]
Keyframe: 138 Frame: 818 Frame from vFrameID : 819
Tcw:
[0.98471773, 0.064029723, -0.16196063, -0.63950634;
 -0.13050219, 0.88710052, -0.44274351, -3.1092622;
 0.11532661, 0.45711359, 0.8818996, 6.2101598;
 0, 0, 0, 1]
Twc:
[0.98471773, -0.13050219, 0.11532661, -0.4922291;
 0.064029723, 0.88710052, 0.45711359, -0.039572716;
 -0.16196063, -0.44274351, 0.8818996, -6.9569182;
 0, 0, 0, 1]
Ow:
[-0.63950634;
 -3.1092622;
 6.2101598]
Keyframe: 139 Frame: 824 Frame from vFrameID : 825
Tcw:
[0.99022239, 0.092055216, -0.10481169, -0.64360541;
 -0.1290388, 0.8899036, -0.43751636, -3.1112103;
 0.052996643, 0.44676325, 0.89308113, 6.2369604;
 0, 0, 0, 1]
Twc:
[0.99022239, -0.1290388, 0.052996643, -0.094692275;
 0.092055216, 0.8899036, 0.44676325, 0.041479602;
 -0.10481169, -0.43751636, 0.89308113, -6.9987745;
 0, 0, 0, 1]
Ow:
[-0.64360541;
 -3.1112103;
 6.2369604]
Keyframe: 140 Frame: 831 Frame from vFrameID : 832
Tcw:
[0.99288023, 0.10668929, -0.052974373, -0.64272416;
 -0.11908573, 0.89926523, -0.42088082, -3.1255128;
 0.0027345342, 0.42419273, 0.90556782, 6.2766194;
 0, 0, 0, 1]
Twc:
[0.99288023, -0.11908573, 0.0027345342, 0.24878047;
 0.10668929, 0.89926523, 0.42419273, 0.21674064;
 -0.052974373, -0.42088082, 0.90556782, -7.0334206;
 0, 0, 0, 1]
Ow:
[-0.64272416;
 -3.1255128;
 6.2766194]
Keyframe: 141 Frame: 838 Frame from vFrameID : 839
Tcw:
[0.99334365, 0.086021468, -0.076607794, -0.64216751;
 -0.11061483, 0.89791077, -0.42605239, -3.1344121;
 0.032137305, 0.43169039, 0.90144914, 6.3187008;
 0, 0, 0, 1]
Twc:
[0.99334365, -0.11061483, 0.032137305, 0.088114522;
 0.086021468, 0.89791077, 0.43169039, 0.1419401;
 -0.076607794, -0.42605239, 0.90144914, -7.0806065;
 0, 0, 0, 1]
Ow:
[-0.64216751;
 -3.1344121;
 6.3187008]
Keyframe: 142 Frame: 845 Frame from vFrameID : 846
Tcw:
[0.99258906, 0.069879785, -0.099417172, -0.65559244;
 -0.10464761, 0.90741777, -0.40699124, -3.1500101;
 0.061772443, 0.41437882, 0.90800571, 6.3822398;
 0, 0, 0, 1]
Twc:
[0.99258906, -0.10464761, 0.061772443, -0.073153704;
 0.069879785, 0.90741777, 0.41437882, 0.25952268;
 -0.099417172, -0.40699124, 0.90800571, -7.1423135;
 0, 0, 0, 1]
Ow:
[-0.65559244;
 -3.1500101;
 6.3822398]
Keyframe: 143 Frame: 852 Frame from vFrameID : 853
Tcw:
[0.99319649, 0.089345217, -0.074686967, -0.6640656;
 -0.1121043, 0.90716243, -0.40557238, -3.1602151;
 0.03151726, 0.4111858, 0.91100651, 6.4371581;
 0, 0, 0, 1]
Twc:
[0.99319649, -0.1121043, 0.03151726, 0.10239235;
 0.089345217, 0.90716243, 0.4111858, 0.27929124;
 -0.074686967, -0.40557238, 0.91100651, -7.1955862;
 0, 0, 0, 1]
Ow:
[-0.6640656;
 -3.1602151;
 6.4371581]
Keyframe: 144 Frame: 858 Frame from vFrameID : 859
Tcw:
[0.99406379, 0.10259736, -0.03620632, -0.67502964;
 -0.10816745, 0.89617747, -0.43030888, -3.1645429;
 -0.011701267, 0.43167081, 0.90195531, 6.4693222;
 0, 0, 0, 1]
Twc:
[0.99406379, -0.10816745, -0.011701267, 0.40442127;
 0.10259736, 0.89617747, 0.43167081, 0.11263077;
 -0.03620632, -0.43030888, 0.90195531, -7.2212105;
 0, 0, 0, 1]
Ow:
[-0.67502964;
 -3.1645429;
 6.4693222]
Keyframe: 145 Frame: 864 Frame from vFrameID : 865
Tcw:
[0.99622607, 0.085928641, -0.012244241, -0.66554594;
 -0.084135979, 0.92137074, -0.37946948, -3.1707072;
 -0.02132581, 0.37906757, 0.92512321, 6.4920688;
 0, 0, 0, 1]
Twc:
[0.99622607, -0.084135979, -0.02132581, 0.53471231;
 0.085928641, 0.92137074, 0.37906757, 0.51765341;
 -0.012244241, -0.37946948, 0.92512321, -7.2172995;
 0, 0, 0, 1]
Ow:
[-0.66554594;
 -3.1707072;
 6.4920688]
Keyframe: 146 Frame: 870 Frame from vFrameID : 871
Tcw:
[0.99801451, 0.04294366, -0.046074647, -0.69296247;
 -0.057412162, 0.92108786, -0.38509873, -3.192822;
 0.025901249, 0.38697937, 0.9217245, 6.5693297;
 0, 0, 0, 1]
Twc:
[0.99801451, -0.057412162, 0.025901249, 0.33812594;
 0.04294366, 0.92108786, 0.38697937, 0.42843267;
 -0.046074647, -0.38509873, 0.9217245, -7.3165922;
 0, 0, 0, 1]
Ow:
[-0.69296247;
 -3.192822;
 6.5693297]
Keyframe: 147 Frame: 875 Frame from vFrameID : 876
Tcw:
[0.99587941, 0.038599148, -0.082062617, -0.68195379;
 -0.066600293, 0.92546594, -0.37293062, -3.1714189;
 0.061551351, 0.37685931, 0.92422318, 6.5917253;
 0, 0, 0, 1]
Twc:
[0.99587941, -0.066600293, 0.061551351, 0.062196769;
 0.038599148, 0.92546594, 0.37685931, 0.47720978;
 -0.082062617, -0.37293062, 0.92422318, -7.3309073;
 0, 0, 0, 1]
Ow:
[-0.68195379;
 -3.1714189;
 6.5917253]
Keyframe: 148 Frame: 882 Frame from vFrameID : 883
Tcw:
[0.99024719, 0.057502367, -0.12690136, -0.77413154;
 -0.11185383, 0.87116545, -0.47807896, -3.1985269;
 0.083061412, 0.48761076, 0.86910099, 6.8323979;
 0, 0, 0, 1]
Twc:
[0.99024719, -0.11185383, 0.083061412, -0.15869448;
 0.057502367, 0.87116545, 0.48761076, -0.50059021;
 -0.12690136, -0.47807896, 0.86910099, -7.5654306;
 0, 0, 0, 1]
Ow:
[-0.77413154;
 -3.1985269;
 6.8323979]
Keyframe: 149 Frame: 887 Frame from vFrameID : 888
Tcw:
[0.99186635, 0.075454168, -0.10250765, -0.7730664;
 -0.11532398, 0.87355286, -0.47286978, -3.2012904;
 0.053865854, 0.48084521, 0.87514931, 6.8463006;
 0, 0, 0, 1]
Twc:
[0.99186635, -0.11532398, 0.053865854, 0.028811147;
 0.075454168, 0.87355286, 0.48084521, -0.43718344;
 -0.10250765, -0.47286978, 0.87514931, -7.5845742;
 0, 0, 0, 1]
Ow:
[-0.7730664;
 -3.2012904;
 6.8463006]
Keyframe: 150 Frame: 892 Frame from vFrameID : 893
Tcw:
[0.99634135, 0.073524073, -0.04356762, -0.79352742;
 -0.085311562, 0.88597238, -0.45582333, -3.2030606;
 0.0050857184, 0.45787245, 0.88900334, 6.8901792;
 0, 0, 0, 1]
Twc:
[0.99634135, -0.085311562, 0.0050857184, 0.48232457;
 0.073524073, 0.88597238, 0.45787245, -0.25865689;
 -0.04356762, -0.45582333, 0.88900334, -7.6199946;
 0, 0, 0, 1]
Ow:
[-0.79352742;
 -3.2030606;
 6.8901792]
Keyframe: 151 Frame: 897 Frame from vFrameID : 898
Tcw:
[0.99526489, 0.079359114, -0.056123909, -0.79727232;
 -0.096154273, 0.88830453, -0.44907615, -3.215219;
 0.01421684, 0.45234627, 0.89172906, 6.9151196;
 0, 0, 0, 1]
Twc:
[0.99526489, -0.096154273, 0.01421684, 0.38602901;
 0.079359114, 0.88830453, 0.45234627, -0.20866433;
 -0.056123909, -0.44907615, 0.89172906, -7.6550374;
 0, 0, 0, 1]
Ow:
[-0.79727232;
 -3.215219;
 6.9151196]
Keyframe: 152 Frame: 901 Frame from vFrameID : 902
Tcw:
[0.99422097, 0.057230044, -0.090825953, -0.7957021;
 -0.091471039, 0.89447063, -0.43767041, -3.2210526;
 0.056193247, 0.44344905, 0.89453632, 6.9255247;
 0, 0, 0, 1]
Twc:
[0.99422097, -0.091471039, 0.056193247, 0.10730293;
 0.057230044, 0.89447063, 0.44344905, -0.14444251;
 -0.090825953, -0.43767041, 0.89453632, -7.6771636;
 0, 0, 0, 1]
Ow:
[-0.7957021;
 -3.2210526;
 6.9255247]
Keyframe: 153 Frame: 905 Frame from vFrameID : 906
Tcw:
[0.98857915, 0.046726447, -0.14327572, -0.79785287;
 -0.10371377, 0.90070939, -0.42186016, -3.2332067;
 0.10933777, 0.43190181, 0.89526874, 6.9543314;
 0, 0, 0, 1]
Twc:
[0.98857915, -0.10371377, 0.10933777, -0.30695838;
 0.046726447, 0.90070939, 0.43190181, -0.054127667;
 -0.14327572, -0.42186016, 0.89526874, -7.7042694;
 0, 0, 0, 1]
Ow:
[-0.79785287;
 -3.2332067;
 6.9543314]
Keyframe: 154 Frame: 910 Frame from vFrameID : 911
Tcw:
[0.98638231, 0.056547899, -0.15444188, -0.80285132;
 -0.1164325, 0.90331054, -0.41288447, -3.2356467;
 0.11616122, 0.42524397, 0.8975935, 6.9661574;
 0, 0, 0, 1]
Twc:
[0.98638231, -0.1164325, 0.11616122, -0.39401352;
 0.056547899, 0.90331054, 0.42524397, 0.0058767335;
 -0.15444188, -0.41288447, 0.8975935, -7.7127199;
 0, 0, 0, 1]
Ow:
[-0.80285132;
 -3.2356467;
 6.9661574]
Keyframe: 155 Frame: 915 Frame from vFrameID : 916
Tcw:
[0.99288225, 0.066772617, -0.098622002, -0.81148279;
 -0.10221963, 0.9027195, -0.4179098, -3.2460785;
 0.061123073, 0.42501634, 0.90311962, 7.0092092;
 0, 0, 0, 1]
Twc:
[0.99288225, -0.10221963, 0.061123073, 0.045469481;
 0.066772617, 0.9027195, 0.42501634, 0.0054549482;
 -0.098622002, -0.4179098, 0.90311962, -7.7667532;
 0, 0, 0, 1]
Ow:
[-0.81148279;
 -3.2460785;
 7.0092092]
Keyframe: 156 Frame: 919 Frame from vFrameID : 920
Tcw:
[0.99374908, 0.070308246, -0.086715259, -0.81209278;
 -0.10133156, 0.89404684, -0.43636239, -3.2537031;
 0.04684763, 0.4424217, 0.89558268, 7.0362053;
 0, 0, 0, 1]
Twc:
[0.99374908, -0.10133156, 0.04684763, 0.14768405;
 0.070308246, 0.89404684, 0.4424217, -0.14691019;
 -0.086715259, -0.43636239, 0.89558268, -7.791718;
 0, 0, 0, 1]
Ow:
[-0.81209278;
 -3.2537031;
 7.0362053]
Keyframe: 157 Frame: 923 Frame from vFrameID : 924
Tcw:
[0.99257761, 0.098003067, -0.072007783, -0.80842286;
 -0.11944526, 0.89691794, -0.42575932, -3.2601895;
 0.022859355, 0.43120015, 0.90196669, 7.0370693;
 0, 0, 0, 1]
Twc:
[0.99257761, -0.11944526, 0.022859355, 0.25214535;
 0.098003067, 0.89691794, 0.43120015, -0.031034974;
 -0.072007783, -0.42575932, 0.90196669, -7.7934709;
 0, 0, 0, 1]
Ow:
[-0.80842286;
 -3.2601895;
 7.0370693]
Keyframe: 158 Frame: 927 Frame from vFrameID : 928
Tcw:
[0.99187207, 0.10976998, -0.064345896, -0.80921215;
 -0.12648, 0.90575176, -0.40449545, -3.2701671;
 0.01387995, 0.40934622, 0.91227353, 7.0594444;
 0, 0, 0, 1]
Twc:
[0.99187207, -0.12648, 0.01387995, 0.29103944;
 0.10976998, 0.90575176, 0.40934622, 0.16102991;
 -0.064345896, -0.40449545, 0.91227353, -7.8149819;
 0, 0, 0, 1]
Ow:
[-0.80921215;
 -3.2701671;
 7.0594444]
Keyframe: 159 Frame: 932 Frame from vFrameID : 933
Tcw:
[0.9945758, 0.082963794, -0.062737085, -0.81423986;
 -0.10147647, 0.90635926, -0.41014075, -3.2775109;
 0.022835502, 0.41428244, 0.90986186, 7.0895495;
 0, 0, 0, 1]
Twc:
[0.9945758, -0.10147647, 0.022835502, 0.31533965;
 0.082963794, 0.90635926, 0.41428244, 0.10107899;
 -0.062737085, -0.41014075, 0.90986186, -7.8458347;
 0, 0, 0, 1]
Ow:
[-0.81423986;
 -3.2775109;
 7.0895495]
Keyframe: 160 Frame: 938 Frame from vFrameID : 939
Tcw:
[0.99508113, 0.045965426, -0.087753989, -0.81523901;
 -0.077469975, 0.91316986, -0.40014896, -3.2953739;
 0.061741281, 0.40497896, 0.91223902, 7.1227803;
 0, 0, 0, 1]
Twc:
[0.99508113, -0.077469975, 0.061741281, 0.11616679;
 0.045965426, 0.91316986, 0.40497896, 0.16213256;
 -0.087753989, -0.40014896, 0.91223902, -7.8878593;
 0, 0, 0, 1]
Ow:
[-0.81523901;
 -3.2953739;
 7.1227803]
Keyframe: 161 Frame: 944 Frame from vFrameID : 945
Tcw:
[0.9930675, 0.055701237, -0.10351004, -0.82045776;
 -0.09045887, 0.92446584, -0.37037832, -3.2975833;
 0.075060964, 0.37717408, 0.92309564, 7.1474686;
 0, 0, 0, 1]
Twc:
[0.9930675, -0.09045887, 0.075060964, -0.02002166;
 0.055701237, 0.92446584, 0.37717408, 0.39836389;
 -0.10351004, -0.37037832, 0.92309564, -7.9040761;
 0, 0, 0, 1]
Ow:
[-0.82045776;
 -3.2975833;
 7.1474686]
Keyframe: 162 Frame: 950 Frame from vFrameID : 951
Tcw:
[0.99185592, 0.098967589, -0.080170423, -0.83930254;
 -0.12063502, 0.93189132, -0.34209022, -3.3405223;
 0.040854279, 0.34897557, 0.93624091, 7.2441969;
 0, 0, 0, 1]
Twc:
[0.99185592, -0.12063502, 0.040854279, 0.13352674;
 0.098967589, 0.93189132, 0.34897557, 0.66801989;
 -0.080170423, -0.34209022, 0.93624091, -7.9923606;
 0, 0, 0, 1]
Ow:
[-0.83930254;
 -3.3405223;
 7.2441969]
Keyframe: 163 Frame: 957 Frame from vFrameID : 958
Tcw:
[0.99452835, 0.090098999, -0.052873235, -0.84064221;
 -0.10310548, 0.92801571, -0.35798895, -3.3308032;
 0.016812747, 0.3614817, 0.93222761, 7.2757916;
 0, 0, 0, 1]
Twc:
[0.99452835, -0.10310548, 0.016812747, 0.37029237;
 0.090098999, 0.92801571, 0.3614817, 0.53671336;
 -0.052873235, -0.35798895, 0.93222761, -8.0195322;
 0, 0, 0, 1]
Ow:
[-0.84064221;
 -3.3308032;
 7.2757916]
Keyframe: 164 Frame: 964 Frame from vFrameID : 965
Tcw:
[0.99371284, 0.11195867, -0.00015887475, -0.83405948;
 -0.10570947, 0.9377774, -0.3307552, -3.3348351;
 -0.03688192, 0.3286925, 0.94371659, 7.2935648;
 0, 0, 0, 1]
Twc:
[0.99371284, -0.10570947, -0.03688192, 0.74529266;
 0.11195867, 0.9377774, 0.3286925, 0.82337326;
 -0.00015887475, -0.3307552, 0.94371659, -7.9862046;
 0, 0, 0, 1]
Ow:
[-0.83405948;
 -3.3348351;
 7.2935648]
Keyframe: 165 Frame: 971 Frame from vFrameID : 972
Tcw:
[0.99390292, 0.10514569, -0.033187095, -0.82118165;
 -0.11017617, 0.93545276, -0.33584121, -3.3286409;
 -0.004267293, 0.33744997, 0.94133377, 7.2999897;
 0, 0, 0, 1]
Twc:
[0.99390292, -0.11017617, -0.004267293, 0.48058909;
 0.10514569, 0.93545276, 0.33744997, 0.73674887;
 -0.033187095, -0.33584121, 0.94133377, -8.0168743;
 0, 0, 0, 1]
Ow:
[-0.82118165;
 -3.3286409;
 7.2999897]
Keyframe: 166 Frame: 980 Frame from vFrameID : 981
Tcw:
[0.99159712, 0.097381145, -0.085159324, -0.82083708;
 -0.121233, 0.92922872, -0.34905085, -3.3311205;
 0.045141518, 0.35644194, 0.93322635, 7.4185905;
 0, 0, 0, 1]
Twc:
[0.99159712, -0.121233, 0.045141518, 0.075211488;
 0.097381145, 0.92922872, 0.35644194, 0.53101057;
 -0.085159324, -0.34905085, 0.93322635, -8.1558561;
 0, 0, 0, 1]
Ow:
[-0.82083708;
 -3.3311205;
 7.4185905]
Keyframe: 167 Frame: 987 Frame from vFrameID : 988
Tcw:
[0.9918623, 0.1181338, -0.047471542, -0.82183945;
 -0.12731487, 0.92108476, -0.36795887, -3.3341036;
 0.00025693388, 0.3710084, 0.92862946, 7.4447613;
 0, 0, 0, 1]
Twc:
[0.9918623, -0.12731487, 0.00025693388, 0.38875782;
 0.1181338, 0.92108476, 0.3710084, 0.4060103;
 -0.047471542, -0.36795887, 0.92862946, -8.1792517;
 0, 0, 0, 1]
Ow:
[-0.82183945;
 -3.3341036;
 7.4447613]
Keyframe: 168 Frame: 995 Frame from vFrameID : 996
Tcw:
[0.98873824, 0.14770481, 0.024082104, -0.81809461;
 -0.13251278, 0.93885571, -0.31778973, -3.3336697;
 -0.069548696, 0.31101969, 0.94785535, 7.4415956;
 0, 0, 0, 1]
Twc:
[0.98873824, -0.13251278, -0.069548696, 0.88468087;
 0.14770481, 0.93885571, 0.31101969, 0.9361884;
 0.024082104, -0.31778973, 0.94785535, -8.0932608;
 0, 0, 0, 1]
Ow:
[-0.81809461;
 -3.3336697;
 7.4415956]
Keyframe: 169 Frame: 1003 Frame from vFrameID : 1004
Tcw:
[0.99299067, 0.11555264, -0.02484151, -0.85054696;
 -0.11729033, 0.93747652, -0.32769006, -3.3526502;
 -0.014577121, 0.32830685, 0.94445866, 7.5669141;
 0, 0, 0, 1]
Twc:
[0.99299067, -0.11729033, -0.014577121, 0.56165558;
 0.11555264, 0.93747652, 0.32830685, 0.75704408;
 -0.02484151, -0.32769006, 0.94445866, -8.2663965;
 0, 0, 0, 1]
Ow:
[-0.85054696;
 -3.3526502;
 7.5669141]
Keyframe: 170 Frame: 1009 Frame from vFrameID : 1010
Tcw:
[0.99334759, 0.077554353, -0.085123144, -0.9009937;
 -0.10651398, 0.89973933, -0.42323035, -3.3392673;
 0.04376528, 0.42948166, 0.90201449, 7.7532072;
 0, 0, 0, 1]
Twc:
[0.99334759, -0.10651398, 0.04376528, 0.19999997;
 0.077554353, 0.89973933, 0.42948166, -0.25551388;
 -0.085123144, -0.42323035, 0.90201449, -8.4834795;
 0, 0, 0, 1]
Ow:
[-0.9009937;
 -3.3392673;
 7.7532072]
Keyframe: 171 Frame: 1014 Frame from vFrameID : 1015
Tcw:
[0.99203801, 0.076029629, -0.10039973, -0.89699525;
 -0.1085797, 0.9202379, -0.37599552, -3.3431356;
 0.063804835, 0.38390321, 0.92116624, 7.7548103;
 0, 0, 0, 1]
Twc:
[0.99203801, -0.1085797, 0.063804835, 0.032062244;
 0.076029629, 0.9202379, 0.38390321, 0.16758175;
 -0.10039973, -0.37599552, 0.92116624, -8.4905319;
 0, 0, 0, 1]
Ow:
[-0.89699525;
 -3.3431356;
 7.7548103]
Keyframe: 172 Frame: 1019 Frame from vFrameID : 1020
Tcw:
[0.99123496, 0.082472183, -0.10320631, -0.89552534;
 -0.1148391, 0.92408562, -0.36452407, -3.3467331;
 0.065308362, 0.37318113, 0.925457, 7.7650347;
 0, 0, 0, 1]
Twc:
[0.99123496, -0.1148391, 0.065308362, -0.0037814905;
 0.082472183, 0.92408562, 0.37318113, 0.2687594;
 -0.10320631, -0.36452407, 0.925457, -8.4985943;
 0, 0, 0, 1]
Ow:
[-0.89552534;
 -3.3467331;
 7.7650347]
Keyframe: 173 Frame: 1025 Frame from vFrameID : 1026
Tcw:
[0.99496585, 0.083796717, -0.054964006, -0.89868653;
 -0.098541975, 0.91786307, -0.38446954, -3.346653;
 0.018232148, 0.38795033, 0.92149991, 7.7692904;
 0, 0, 0, 1]
Twc:
[0.99496585, -0.098541975, 0.018232148, 0.42272577;
 0.083796717, 0.91786307, 0.38795033, 0.13297734;
 -0.054964006, -0.38446954, 0.92149991, -8.4954824;
 0, 0, 0, 1]
Ow:
[-0.89868653;
 -3.346653;
 7.7692904]
Keyframe: 174 Frame: 1031 Frame from vFrameID : 1032
Tcw:
[0.99452305, 0.10312396, -0.017008821, -0.89957714;
 -0.10258665, 0.93200624, -0.34762099, -3.352066;
 -0.019995725, 0.347462, 0.93748087, 7.780612;
 0, 0, 0, 1]
Twc:
[0.99452305, -0.10258665, -0.019995725, 0.70635194;
 0.10312396, 0.93200624, 0.347462, 0.51344764;
 -0.017008821, -0.34762099, 0.93748087, -8.4747238;
 0, 0, 0, 1]
Ow:
[-0.89957714;
 -3.352066;
 7.780612]
Keyframe: 175 Frame: 1037 Frame from vFrameID : 1038
Tcw:
[0.995565, 0.069027483, -0.063918501, -0.90662086;
 -0.086601086, 0.93785906, -0.33603662, -3.3510106;
 0.036750786, 0.34008169, 0.93967754, 7.8036013;
 0, 0, 0, 1]
Twc:
[0.995565, -0.086601086, 0.036750786, 0.32561037;
 0.069027483, 0.93785906, 0.34008169, 0.55149525;
 -0.063918501, -0.33603662, 0.93967754, -8.516881;
 0, 0, 0, 1]
Ow:
[-0.90662086;
 -3.3510106;
 7.8036013]
Keyframe: 176 Frame: 1044 Frame from vFrameID : 1045
Tcw:
[0.99155223, 0.03674994, -0.12439273, -0.91032881;
 -0.075222991, 0.94420159, -0.32066321, -3.3616252;
 0.10566746, 0.32731155, 0.93898964, 7.8272567;
 0, 0, 0, 1]
Twc:
[0.99155223, -0.075222991, 0.10566746, -0.17731932;
 0.03674994, 0.94420159, 0.32731155, 0.64555472;
 -0.12439273, -0.32066321, 0.93898964, -8.5409012;
 0, 0, 0, 1]
Ow:
[-0.91032881;
 -3.3616252;
 7.8272567]
Keyframe: 177 Frame: 1051 Frame from vFrameID : 1052
Tcw:
[0.99130291, 0.060370043, -0.11693585, -0.92281568;
 -0.095789872, 0.94029677, -0.32659805, -3.3590932;
 0.090237662, 0.33495888, 0.93790174, 7.8715425;
 0, 0, 0, 1]
Twc:
[0.99130291, -0.095789872, 0.090237662, -0.11728688;
 0.060370043, 0.94029677, 0.33495888, 0.57761186;
 -0.11693585, -0.32659805, 0.93790174, -8.5877171;
 0, 0, 0, 1]
Ow:
[-0.92281568;
 -3.3590932;
 7.8715425]
Keyframe: 178 Frame: 1057 Frame from vFrameID : 1058
Tcw:
[0.99224186, 0.089208998, -0.086590275, -0.9144156;
 -0.11185428, 0.94460028, -0.30857563, -3.3752744;
 0.054265477, 0.31586713, 0.94725037, 7.8827639;
 0, 0, 0, 1]
Twc:
[0.99224186, -0.11185428, 0.054265477, 0.10202061;
 0.089208998, 0.94460028, 0.31586713, 0.77995318;
 -0.086590275, -0.30857563, 0.94725037, -8.5876579;
 0, 0, 0, 1]
Ow:
[-0.9144156;
 -3.3752744;
 7.8827639]
