Keyframe: 0 Frame: 0 Frame from vFrameID : 77
Tcw:
[0.99617225, 0.083500281, 0.025856247, 0.046220168;
 -0.0015189168, 0.31228852, -0.9499861, 0.011203118;
 -0.087398715, 0.94631052, 0.31121999, -0.034479573;
 0, 0, 0, 1]
Twc:
[0.99617225, -0.0015189168, -0.087398715, -0.049039699;
 0.083500281, 0.31228852, 0.94631052, 0.025270384;
 0.025856247, -0.9499861, 0.31121999, 0.02017846;
 0, 0, 0, 1]
Ow:
[0.046220168;
 0.011203118;
 -0.034479573]
Keyframe: 1 Frame: 113 Frame from vFrameID : 77
Tcw:
[0.99644834, 0.082725957, 0.015719101, 0.049520954;
 -0.01051786, 0.30748677, -0.95149422, 0.011944135;
 -0.083546691, 0.94794953, 0.30726478, -0.033322167;
 0, 0, 0, 1]
Twc:
[0.99644834, -0.01051786, -0.083546691, -0.052003406;
 0.082725957, 0.30748677, 0.94794953, 0.023818398;
 0.015719101, -0.95149422, 0.30726478, 0.020825079;
 0, 0, 0, 1]
Ow:
[0.049520954;
 0.011944135;
 -0.033322167]
Keyframe: 2 Frame: 117 Frame from vFrameID : 118
Tcw:
[0.99716532, 0.07523153, 0.0012215852, 0.053900797;
 -0.022155771, 0.30910459, -0.95076996, 0.0075572226;
 -0.071905479, 0.94804776, 0.30989522, -0.032284413;
 0, 0, 0, 1]
Twc:
[0.99716532, -0.022155771, -0.071905479, -0.055901997;
 0.07523153, 0.30910459, 0.94804776, 0.024216151;
 0.0012215852, -0.95076996, 0.30989522, 0.01712412;
 0, 0, 0, 1]
Ow:
[0.053900797;
 0.0075572226;
 -0.032284413]
Keyframe: 3 Frame: 119 Frame from vFrameID : 120
Tcw:
[0.99758339, 0.069459632, -0.0016661, 0.052932102;
 -0.023041084, 0.30810443, -0.95107347, 0.0049829362;
 -0.065547884, 0.9488135, 0.30896026, -0.031975981;
 0, 0, 0, 1]
Twc:
[0.99758339, -0.023041084, -0.065547884, -0.05478533;
 0.069459632, 0.30810443, 0.9488135, 0.025127333;
 -0.0016661, -0.95107347, 0.30896026, 0.014706637;
 0, 0, 0, 1]
Ow:
[0.052932102;
 0.0049829362;
 -0.031975981]
Keyframe: 4 Frame: 122 Frame from vFrameID : 123
Tcw:
[0.99772632, 0.067295134, 0.003674981, 0.052712664;
 -0.017661095, 0.31369019, -0.94936115, 0.0024371073;
 -0.065040193, 0.94713771, 0.31416547, -0.032816149;
 0, 0, 0, 1]
Twc:
[0.99772632, -0.017661095, -0.065040193, -0.054684144;
 0.067295134, 0.31369019, 0.94713771, 0.02676961;
 0.003674981, -0.94936115, 0.31416547, 0.012429678;
 0, 0, 0, 1]
Ow:
[0.052712664;
 0.0024371073;
 -0.032816149]
Keyframe: 5 Frame: 125 Frame from vFrameID : 126
Tcw:
[0.99734735, 0.072591379, 0.0053565861, 0.056897726;
 -0.018004399, 0.31733045, -0.94814408, 0.0019961353;
 -0.07052689, 0.94553256, 0.31779566, -0.028952593;
 0, 0, 0, 1]
Twc:
[0.99734735, -0.018004399, -0.07052689, -0.058752798;
 0.072591379, 0.31733045, 0.94553256, 0.022611903;
 0.0053565861, -0.94814408, 0.31779566, 0.010788856;
 0, 0, 0, 1]
Ow:
[0.056897726;
 0.0019961353;
 -0.028952593]
Keyframe: 6 Frame: 130 Frame from vFrameID : 131
Tcw:
[0.99666005, 0.080408178, 0.01425851, 0.058365542;
 -0.011807032, 0.31465477, -0.94913274, -0.0032145579;
 -0.080804542, 0.94579434, 0.3145532, -0.025294261;
 0, 0, 0, 1]
Twc:
[0.99666005, -0.011807032, -0.080804542, -0.060252447;
 0.080408178, 0.31465477, 0.94579434, 0.020241577;
 0.01425851, -0.94913274, 0.3145532, 0.004073143;
 0, 0, 0, 1]
Ow:
[0.058365542;
 -0.0032145579;
 -0.025294261]
Keyframe: 7 Frame: 135 Frame from vFrameID : 136
Tcw:
[0.99537569, 0.095246375, 0.012465031, 0.066178188;
 -0.014245242, 0.27469367, -0.96142626, -0.0014597503;
 -0.09499643, 0.95680279, 0.27478018, 0.0047958861;
 0, 0, 0, 1]
Twc:
[0.99537569, -0.014245242, -0.09499643, -0.065437362;
 0.095246375, 0.27469367, 0.95680279, -0.010490965;
 0.012465031, -0.96142626, 0.27478018, -0.00354617;
 0, 0, 0, 1]
Ow:
[0.066178188;
 -0.0014597503;
 0.0047958861]
Keyframe: 8 Frame: 141 Frame from vFrameID : 142
Tcw:
[0.99456841, 0.10230792, 0.019150758, 0.073912516;
 -0.009353199, 0.27109474, -0.96250725, 0.00098372344;
 -0.10366379, 0.95710015, 0.27057916, 0.029388968;
 0, 0, 0, 1]
Twc:
[0.99456841, -0.009353199, -0.10366379, -0.070455283;
 0.10230792, 0.27109474, 0.95710015, -0.035956707;
 0.019150758, -0.96250725, 0.27057916, -0.0084206825;
 0, 0, 0, 1]
Ow:
[0.073912516;
 0.00098372344;
 0.029388968]
Keyframe: 9 Frame: 147 Frame from vFrameID : 148
Tcw:
[0.99559027, 0.09275949, 0.013990286, 0.079466388;
 -0.012937266, 0.28347909, -0.95889115, -0.0033267494;
 -0.092912205, 0.95448166, 0.28342909, 0.039976664;
 0, 0, 0, 1]
Twc:
[0.99559027, -0.012937266, -0.092912205, -0.075444683;
 0.09275949, 0.28347909, 0.95448166, -0.044585194;
 0.013990286, -0.95889115, 0.28342909, -0.015632298;
 0, 0, 0, 1]
Ow:
[0.079466388;
 -0.0033267494;
 0.039976664]
Keyframe: 10 Frame: 153 Frame from vFrameID : 154
Tcw:
[0.99707061, 0.07648655, 0.00019244825, 0.088125207;
 -0.020662049, 0.27176914, -0.96214062, -0.0012250561;
 -0.073643118, 0.95931816, 0.27255338, 0.054956108;
 0, 0, 0, 1]
Twc:
[0.99707061, -0.020662049, -0.073643118, -0.083845221;
 0.07648655, 0.27176914, 0.95931816, -0.059127856;
 0.00019244825, -0.96214062, 0.27255338, -0.016174112;
 0, 0, 0, 1]
Ow:
[0.088125207;
 -0.0012250561;
 0.054956108]
Keyframe: 11 Frame: 159 Frame from vFrameID : 160
Tcw:
[0.99795884, 0.059964102, -0.021965478, 0.10480103;
 -0.03641624, 0.25180489, -0.96709263, 0.0028262082;
 -0.052459829, 0.96591854, 0.25347459, 0.098479837;
 0, 0, 0, 1]
Twc:
[0.99795884, -0.03641624, -0.052459829, -0.09931796;
 0.059964102, 0.25180489, 0.96591854, -0.10211945;
 -0.021965478, -0.96709263, 0.25347459, -0.019926924;
 0, 0, 0, 1]
Ow:
[0.10480103;
 0.0028262082;
 0.098479837]
Keyframe: 12 Frame: 166 Frame from vFrameID : 167
Tcw:
[0.99780452, 0.065366097, -0.010647166, 0.12529214;
 -0.027605519, 0.26436889, -0.96402645, -0.012822051;
 -0.060199872, 0.96220392, 0.26559293, 0.10954537;
 0, 0, 0, 1]
Twc:
[0.99780452, -0.027605519, -0.060199872, -0.1187764;
 0.065366097, 0.26436889, 0.96220392, -0.11020509;
 -0.010647166, -0.96402645, 0.26559293, -0.040121268;
 0, 0, 0, 1]
Ow:
[0.12529214;
 -0.012822051;
 0.10954537]
Keyframe: 13 Frame: 173 Frame from vFrameID : 174
Tcw:
[0.99657708, 0.081573971, 0.013407307, 0.13115549;
 -0.0080167279, 0.25678045, -0.96643651, -0.007671278;
 -0.082278796, 0.96302104, 0.25655547, 0.13953608;
 0, 0, 0, 1]
Twc:
[0.99657708, -0.0080167279, -0.082278796, -0.11928719;
 0.081573971, 0.25678045, 0.96302104, -0.14310521;
 0.013407307, -0.96643651, 0.25655547, -0.044970989;
 0, 0, 0, 1]
Ow:
[0.13115549;
 -0.007671278;
 0.13953608]
Keyframe: 14 Frame: 181 Frame from vFrameID : 182
Tcw:
[0.99214792, 0.11212586, 0.055410374, 0.14986114;
 0.022214089, 0.27800992, -0.96032131, -0.017652579;
 -0.12308148, 0.95401168, 0.27333617, 0.19091931;
 0, 0, 0, 1]
Twc:
[0.99214792, 0.022214089, -0.12308148, -0.12479366;
 0.11212586, 0.27800992, 0.95401168, -0.19403496;
 0.055410374, -0.96032131, 0.27333617, -0.077441163;
 0, 0, 0, 1]
Ow:
[0.14986114;
 -0.017652579;
 0.19091931]
Keyframe: 15 Frame: 189 Frame from vFrameID : 190
Tcw:
[0.99211532, 0.11954238, 0.037641335, 0.14936432;
 0.0021000602, 0.28444225, -0.95869088, -0.028814394;
 -0.12531097, 0.95121092, 0.28194848, 0.19982105;
 0, 0, 0, 1]
Twc:
[0.99211532, 0.0021000602, -0.12531097, -0.12308634;
 0.11954238, 0.28444225, 0.95121092, -0.19973131;
 0.037641335, -0.95869088, 0.28194848, -0.08958561;
 0, 0, 0, 1]
Ow:
[0.14936432;
 -0.028814394;
 0.19982105]
Keyframe: 16 Frame: 198 Frame from vFrameID : 199
Tcw:
[0.99526554, 0.096843757, -0.0082313744, 0.18003477;
 -0.03516978, 0.27989629, -0.95938581, -0.049753699;
 -0.090606593, 0.95513314, 0.28197709, 0.23425883;
 0, 0, 0, 1]
Twc:
[0.99526554, -0.03516978, -0.090606593, -0.15970685;
 0.096843757, 0.27989629, 0.95513314, -0.22725774;
 -0.0082313744, -0.95938581, 0.28197709, -0.11230669;
 0, 0, 0, 1]
Ow:
[0.18003477;
 -0.049753699;
 0.23425883]
Keyframe: 17 Frame: 207 Frame from vFrameID : 208
Tcw:
[0.99800456, 0.06299556, -0.0042952062, 0.19017935;
 -0.022456476, 0.29054236, -0.95659858, -0.053254925;
 -0.059013523, 0.95478618, 0.29137725, 0.25151101;
 0, 0, 0, 1]
Twc:
[0.99800456, -0.022456476, -0.059013523, -0.17615323;
 0.06299556, 0.29054236, 0.95478618, -0.23664688;
 -0.0042952062, -0.95659858, 0.29137725, -0.12341131;
 0, 0, 0, 1]
Ow:
[0.19017935;
 -0.053254925;
 0.25151101]
Keyframe: 18 Frame: 217 Frame from vFrameID : 218
Tcw:
[0.99348158, 0.11154977, 0.023472762, 0.19018202;
 -0.0095120734, 0.28632069, -0.95808661, -0.055686727;
 -0.11359508, 0.95161813, 0.2855154, 0.27473745;
 0, 0, 0, 1]
Twc:
[0.99348158, -0.0095120734, -0.11359508, -0.15826319;
 0.11154977, 0.28632069, 0.95161813, -0.26671565;
 0.023472762, -0.95808661, 0.2855154, -0.13625859;
 0, 0, 0, 1]
Ow:
[0.19018202;
 -0.055686727;
 0.27473745]
Keyframe: 19 Frame: 227 Frame from vFrameID : 228
Tcw:
[0.99453664, 0.097858742, 0.036339998, 0.20735931;
 0.0064252382, 0.29007709, -0.95698172, -0.060073271;
 -0.10419042, 0.95198685, 0.28786352, 0.30953258;
 0, 0, 0, 1]
Twc:
[0.99453664, 0.0064252382, -0.10419042, -0.17359009;
 0.097858742, 0.29007709, 0.95198685, -0.297537;
 0.036339998, -0.95698172, 0.28786352, -0.1541276;
 0, 0, 0, 1]
Ow:
[0.20735931;
 -0.060073271;
 0.30953258]
Keyframe: 20 Frame: 237 Frame from vFrameID : 238
Tcw:
[0.99638706, 0.084887914, -0.0026240598, 0.20929006;
 -0.027059976, 0.28803107, -0.95723867, -0.071998365;
 -0.080502182, 0.95385122, 0.28928751, 0.32288948;
 0, 0, 0, 1]
Twc:
[0.99638706, -0.027059976, -0.080502182, -0.18448886;
 0.084887914, 0.28803107, 0.95385122, -0.30501696;
 -0.0026240598, -0.95723867, 0.28928751, -0.16177832;
 0, 0, 0, 1]
Ow:
[0.20929006;
 -0.071998365;
 0.32288948]
Keyframe: 21 Frame: 248 Frame from vFrameID : 249
Tcw:
[0.99620903, 0.086865224, -0.0046958956, 0.22731394;
 -0.027458055, 0.26276237, -0.96446979, -0.083293661;
 -0.082544982, 0.96094245, 0.26415139, 0.35832876;
 0, 0, 0, 1]
Twc:
[0.99620903, -0.027458055, -0.082544982, -0.19916102;
 0.086865224, 0.26276237, 0.96094245, -0.34219253;
 -0.0046958956, -0.96446979, 0.26415139, -0.17391981;
 0, 0, 0, 1]
Ow:
[0.22731394;
 -0.083293661;
 0.35832876]
Keyframe: 22 Frame: 259 Frame from vFrameID : 260
Tcw:
[0.99488682, 0.096340008, 0.030312313, 0.23921005;
 0.0042398856, 0.26002812, -0.96559173, -0.1029825;
 -0.10090717, 0.960783, 0.25829008, 0.37064561;
 0, 0, 0, 1]
Twc:
[0.99488682, 0.0042398856, -0.10090717, -0.20014949;
 0.096340008, 0.26002812, 0.960783, -0.35237715;
 0.030312313, -0.96559173, 0.25829008, -0.20242415;
 0, 0, 0, 1]
Ow:
[0.23921005;
 -0.1029825;
 0.37064561]
Keyframe: 23 Frame: 270 Frame from vFrameID : 271
Tcw:
[0.99694782, 0.072465323, -0.029049316, 0.27000061;
 -0.047385011, 0.26593328, -0.96282613, -0.084390961;
 -0.062046327, 0.9612639, 0.26855534, 0.43371409;
 0, 0, 0, 1]
Twc:
[0.99694782, -0.047385011, -0.062046327, -0.24626501;
 0.072465323, 0.26593328, 0.9612639, -0.41403699;
 -0.029049316, -0.96282613, 0.26855534, -0.18988673;
 0, 0, 0, 1]
Ow:
[0.27000061;
 -0.084390961;
 0.43371409]
Keyframe: 24 Frame: 282 Frame from vFrameID : 283
Tcw:
[0.99836278, 0.057199188, 0.00023850273, 0.29333922;
 -0.015848871, 0.28063005, -0.95968515, -0.087565988;
 -0.054960143, 0.95811015, 0.28107715, 0.49248967;
 0, 0, 0, 1]
Twc:
[0.99836278, -0.015848871, -0.054960143, -0.26717946;
 0.057199188, 0.28063005, 0.95811015, -0.46406445;
 0.00023850273, -0.95968515, 0.28107715, -0.22253332;
 0, 0, 0, 1]
Ow:
[0.29333922;
 -0.087565988;
 0.49248967]
Keyframe: 25 Frame: 292 Frame from vFrameID : 293
Tcw:
[0.99678183, 0.075750023, 0.026228558, 0.29946932;
 0.0049493108, 0.26841381, -0.96329099, -0.11615349;
 -0.080009423, 0.96032077, 0.26717508, 0.51011813;
 0, 0, 0, 1]
Twc:
[0.99678183, 0.0049493108, -0.080009423, -0.25711641;
 0.075750023, 0.26841381, 0.96032077, -0.48138461;
 0.026228558, -0.96329099, 0.26717508, -0.25603512;
 0, 0, 0, 1]
Ow:
[0.29946932;
 -0.11615349;
 0.51011813]
Keyframe: 26 Frame: 302 Frame from vFrameID : 303
Tcw:
[0.99780005, 0.066213273, -0.0032951862, 0.31166565;
 -0.02061907, 0.26271158, -0.96465409, -0.12605518;
 -0.063007221, 0.96259981, 0.2634989, 0.52991515;
 0, 0, 0, 1]
Twc:
[0.99780005, -0.02061907, -0.063007221, -0.28019065;
 0.066213273, 0.26271158, 0.96259981, -0.4976165;
 -0.0032951862, -0.96465409, 0.2634989, -0.2602047;
 0, 0, 0, 1]
Ow:
[0.31166565;
 -0.12605518;
 0.52991515]
Keyframe: 27 Frame: 310 Frame from vFrameID : 311
Tcw:
[0.99799711, 0.045833241, -0.043601017, 0.32538232;
 -0.055168811, 0.2933439, -0.95441383, -0.12211353;
 -0.030953787, 0.95490766, 0.29528493, 0.54649979;
 0, 0, 0, 1]
Twc:
[0.99799711, -0.055168811, -0.030953787, -0.31455126;
 0.045833241, 0.2933439, 0.95490766, -0.50094891;
 -0.043601017, -0.95441383, 0.29528493, -0.263733;
 0, 0, 0, 1]
Ow:
[0.32538232;
 -0.12211353;
 0.54649979]
Keyframe: 28 Frame: 318 Frame from vFrameID : 319
Tcw:
[0.99778891, 0.066431902, 0.0020257058, 0.33372116;
 -0.018858144, 0.31220716, -0.94982684, -0.12859732;
 -0.063731246, 0.94768852, 0.31276962, 0.57360345;
 0, 0, 0, 1]
Twc:
[0.99778891, -0.018858144, -0.063731246, -0.29885191;
 0.066431902, 0.31220716, 0.94768852, -0.52561814;
 0.0020257058, -0.94982684, 0.31276962, -0.30222696;
 0, 0, 0, 1]
Ow:
[0.33372116;
 -0.12859732;
 0.57360345]
Keyframe: 29 Frame: 325 Frame from vFrameID : 326
Tcw:
[0.99728894, 0.063843593, 0.036588382, 0.33781084;
 0.014629645, 0.31527486, -0.94888765, -0.14827298;
 -0.072115794, 0.94685042, 0.31348613, 0.59322286;
 0, 0, 0, 1]
Twc:
[0.99728894, 0.014629645, -0.072115794, -0.29194513;
 0.063843593, 0.31527486, 0.94685042, -0.53651363;
 0.036588382, -0.94888765, 0.31348613, -0.33902147;
 0, 0, 0, 1]
Ow:
[0.33781084;
 -0.14827298;
 0.59322286]
Keyframe: 30 Frame: 332 Frame from vFrameID : 333
Tcw:
[0.99623001, 0.081193812, 0.030550778, 0.35408494;
 0.0040536113, 0.30821195, -0.95130908, -0.1531412;
 -0.086656526, 0.94784647, 0.30672085, 0.59548843;
 0, 0, 0, 1]
Twc:
[0.99623001, 0.0040536113, -0.086656526, -0.30052632;
 0.081193812, 0.30821195, 0.94784647, -0.54598123;
 0.030550778, -0.95130908, 0.30672085, -0.33915091;
 0, 0, 0, 1]
Ow:
[0.35408494;
 -0.1531412;
 0.59548843]
Keyframe: 31 Frame: 339 Frame from vFrameID : 340
Tcw:
[0.99788481, 0.064276949, -0.0097129038, 0.36480194;
 -0.027309259, 0.27891514, -0.95992738, -0.14511473;
 -0.058992125, 0.95816219, 0.28008056, 0.62567431;
 0, 0, 0, 1]
Twc:
[0.99788481, -0.027309259, -0.058992125, -0.33108345;
 0.064276949, 0.27891514, 0.95816219, -0.58247113;
 -0.0097129038, -0.95992738, 0.28008056, -0.31099552;
 0, 0, 0, 1]
Ow:
[0.36480194;
 -0.14511473;
 0.62567431]
Keyframe: 32 Frame: 347 Frame from vFrameID : 348
Tcw:
[0.99826217, 0.050481264, -0.03040144, 0.38715088;
 -0.043818198, 0.2909216, -0.95574296, -0.15047784;
 -0.039402675, 0.95541418, 0.29262802, 0.63324314;
 0, 0, 0, 1]
Twc:
[0.99826217, -0.043818198, -0.039402675, -0.36812031;
 0.050481264, 0.2909216, 0.95541418, -0.5807761;
 -0.03040144, -0.95574296, 0.29262802, -0.31735286;
 0, 0, 0, 1]
Ow:
[0.38715088;
 -0.15047784;
 0.63324314]
Keyframe: 33 Frame: 355 Frame from vFrameID : 356
Tcw:
[0.99840891, 0.045605239, -0.033163413, 0.39652994;
 -0.044498954, 0.27600044, -0.96012688, -0.15249641;
 -0.034633696, 0.96007496, 0.27759069, 0.64185894;
 0, 0, 0, 1]
Twc:
[0.99840891, -0.044498954, -0.034633696, -0.38045502;
 0.045605239, 0.27600044, 0.96007496, -0.59222746;
 -0.033163413, -0.96012688, 0.27759069, -0.31143966;
 0, 0, 0, 1]
Ow:
[0.39652994;
 -0.15249641;
 0.64185894]
Keyframe: 34 Frame: 362 Frame from vFrameID : 363
Tcw:
[0.99809116, 0.058096722, -0.020948809, 0.40761971;
 -0.036101859, 0.27364612, -0.96115267, -0.17070806;
 -0.050107259, 0.96007425, 0.27522117, 0.64947838;
 0, 0, 0, 1]
Twc:
[0.99809116, -0.036101859, -0.050107259, -0.38046092;
 0.058096722, 0.27364612, 0.96007425, -0.60051525;
 -0.020948809, -0.96115267, 0.27522117, -0.33428755;
 0, 0, 0, 1]
Ow:
[0.40761971;
 -0.17070806;
 0.64947838]
Keyframe: 35 Frame: 369 Frame from vFrameID : 370
Tcw:
[0.99733299, 0.068314664, 0.025690004, 0.41572201;
 0.0044283373, 0.29469979, -0.95557964, -0.17370909;
 -0.072850943, 0.95314485, 0.29361132, 0.68288475;
 0, 0, 0, 1]
Twc:
[0.99733299, 0.0044283373, -0.072850943, -0.36409527;
 0.068314664, 0.29469979, 0.95314485, -0.62809598;
 0.025690004, -0.95557964, 0.29361132, -0.37717545;
 0, 0, 0, 1]
Ow:
[0.41572201;
 -0.17370909;
 0.68288475]
Keyframe: 36 Frame: 377 Frame from vFrameID : 378
Tcw:
[0.997711, 0.057344213, 0.03583866, 0.42945933;
 0.016419683, 0.30868471, -0.95102268, -0.17463292;
 -0.065598495, 0.94943428, 0.30703655, 0.70012116;
 0, 0, 0, 1]
Twc:
[0.997711, 0.016419683, -0.065598495, -0.379682;
 0.057344213, 0.30868471, 0.94943428, -0.63543946;
 0.03583866, -0.95102268, 0.30703655, -0.39643389;
 0, 0, 0, 1]
Ow:
[0.42945933;
 -0.17463292;
 0.70012116]
Keyframe: 37 Frame: 385 Frame from vFrameID : 386
Tcw:
[0.99654329, 0.079590656, -0.023808798, 0.45389724;
 -0.044649411, 0.27145028, -0.96141624, -0.18987384;
 -0.070056841, 0.95915592, 0.27406564, 0.71510154;
 0, 0, 0, 1]
Twc:
[0.99654329, -0.044649411, -0.070056841, -0.41070822;
 0.079590656, 0.27145028, 0.95915592, -0.67047852;
 -0.023808798, -0.96141624, 0.27406564, -0.36772579;
 0, 0, 0, 1]
Ow:
[0.45389724;
 -0.18987384;
 0.71510154]
Keyframe: 38 Frame: 393 Frame from vFrameID : 394
Tcw:
[0.99840045, 0.055687383, -0.0097689554, 0.43105477;
 -0.023663467, 0.25466409, -0.96674001, -0.20757824;
 -0.05134742, 0.96542484, 0.25557449, 0.74123669;
 0, 0, 0, 1]
Twc:
[0.99840045, -0.023663467, -0.05134742, -0.39721671;
 0.055687383, 0.25466409, 0.96542484, -0.68674988;
 -0.0097689554, -0.96674001, 0.25557449, -0.38590443;
 0, 0, 0, 1]
Ow:
[0.43105477;
 -0.20757824;
 0.74123669]
Keyframe: 39 Frame: 401 Frame from vFrameID : 402
Tcw:
[0.99713391, 0.074884169, 0.010787033, 0.45132816;
 -0.0091689704, 0.26113617, -0.96525842, -0.21448356;
 -0.075099461, 0.96239299, 0.26107433, 0.74687308;
 0, 0, 0, 1]
Twc:
[0.99713391, -0.0091689704, -0.075099461, -0.39591143;
 0.074884169, 0.26113617, 0.96239299, -0.69657338;
 0.010787033, -0.96525842, 0.26107433, -0.40688995;
 0, 0, 0, 1]
Ow:
[0.45132816;
 -0.21448356;
 0.74687308]
Keyframe: 40 Frame: 409 Frame from vFrameID : 410
Tcw:
[0.99608368, 0.083648004, 0.028641703, 0.47347149;
 0.0069965315, 0.24835584, -0.96864361, -0.20717552;
 -0.088138439, 0.96505046, 0.24679795, 0.77142966;
 0, 0, 0, 1]
Twc:
[0.99608368, 0.0069965315, -0.088138439, -0.4021751;
 0.083648004, 0.24835584, 0.96505046, -0.73262018;
 0.028641703, -0.96864361, 0.24679795, -0.4046275;
 0, 0, 0, 1]
Ow:
[0.47347149;
 -0.20717552;
 0.77142966]
Keyframe: 41 Frame: 417 Frame from vFrameID : 418
Tcw:
[0.998532, 0.050971054, 0.018325301, 0.49629089;
 0.0040113111, 0.26780599, -0.9634645, -0.22133231;
 -0.054016426, 0.96212363, 0.2672084, 0.78615564;
 0, 0, 0, 1]
Twc:
[0.998532, 0.0040113111, -0.054016426, -0.4522092;
 0.050971054, 0.26780599, 0.96212363, -0.72240126;
 0.018325301, -0.9634645, 0.2672084, -0.43240789;
 0, 0, 0, 1]
Ow:
[0.49629089;
 -0.22133231;
 0.78615564]
Keyframe: 42 Frame: 424 Frame from vFrameID : 425
Tcw:
[0.99935168, 0.034086581, -0.01159165, 0.49382389;
 -0.020425351, 0.27162546, -0.96218628, -0.22414458;
 -0.029649053, 0.9617992, 0.27214557, 0.80111092;
 0, 0, 0, 1]
Twc:
[0.99935168, -0.020425351, -0.029649053, -0.47432977;
 0.034086581, 0.27162546, 0.9617992, -0.72645724;
 -0.01159165, -0.96218628, 0.27214557, -0.42796341;
 0, 0, 0, 1]
Ow:
[0.49382389;
 -0.22414458;
 0.80111092]
Keyframe: 43 Frame: 432 Frame from vFrameID : 433
Tcw:
[0.99946254, 0.032358944, -0.0052466751, 0.50875425;
 -0.014252677, 0.28481141, -0.95847762, -0.24340454;
 -0.029521011, 0.95803726, 0.28511953, 0.80735368;
 0, 0, 0, 1]
Twc:
[0.99946254, -0.014252677, -0.029521011, -0.48811615;
 0.032358944, 0.28481141, 0.95803726, -0.72061324;
 -0.0052466751, -0.95847762, 0.28511953, -0.46082082;
 0, 0, 0, 1]
Ow:
[0.50875425;
 -0.24340454;
 0.80735368]
Keyframe: 44 Frame: 441 Frame from vFrameID : 442
Tcw:
[0.99881053, 0.046094835, 0.01590124, 0.49730319;
 0.0030693379, 0.26602724, -0.96396065, -0.24556041;
 -0.048663769, 0.96286279, 0.26556933, 0.82646221;
 0, 0, 0, 1]
Twc:
[0.99881053, 0.0030693379, -0.048663769, -0.45573914;
 0.046094835, 0.26602724, 0.96286279, -0.75336707;
 0.01590124, -0.96396065, 0.26556933, -0.46410128;
 0, 0, 0, 1]
Ow:
[0.49730319;
 -0.24556041;
 0.82646221]
Keyframe: 45 Frame: 449 Frame from vFrameID : 450
Tcw:
[0.99783152, 0.055841342, 0.034842122, 0.50079638;
 0.018418133, 0.27131936, -0.96231312, -0.25898406;
 -0.063190199, 0.96086812, 0.26970252, 0.83848143;
 0, 0, 0, 1]
Twc:
[0.99783152, 0.018418133, -0.063190199, -0.44195664;
 0.055841342, 0.27131936, 0.96086812, -0.76336783;
 0.034842122, -0.96231312, 0.26970252, -0.49281314;
 0, 0, 0, 1]
Ow:
[0.50079638;
 -0.25898406;
 0.83848143]
Keyframe: 46 Frame: 456 Frame from vFrameID : 457
Tcw:
[0.99811441, 0.053351872, 0.030351195, 0.51723874;
 0.014319137, 0.27844393, -0.96034575, -0.27575254;
 -0.05968735, 0.95896953, 0.27715495, 0.84324259;
 0, 0, 0, 1]
Twc:
[0.99811441, 0.014319137, -0.05968735, -0.46198401;
 0.053351872, 0.27844393, 0.95896953, -0.75945795;
 0.030351195, -0.96034575, 0.27715495, -0.51422542;
 0, 0, 0, 1]
Ow:
[0.51723874;
 -0.27575254;
 0.84324259]
Keyframe: 47 Frame: 464 Frame from vFrameID : 465
Tcw:
[0.9985218, 0.052529328, -0.013957965, 0.53764683;
 -0.02732295, 0.26312649, -0.96437436, -0.28066498;
 -0.046985228, 0.96333021, 0.26417279, 0.86721152;
 0, 0, 0, 1]
Twc:
[0.9985218, -0.02732295, -0.046985228, -0.50377458;
 0.052529328, 0.26312649, 0.96333021, -0.78980291;
 -0.013957965, -0.96437436, 0.26417279, -0.49225536;
 0, 0, 0, 1]
Ow:
[0.53764683;
 -0.28066498;
 0.86721152]
Keyframe: 48 Frame: 471 Frame from vFrameID : 472
Tcw:
[0.99831319, 0.057303205, -0.0093315691, 0.55269051;
 -0.025209345, 0.28305525, -0.95877224, -0.3077735;
 -0.052299373, 0.95739025, 0.28402236, 0.87544918;
 0, 0, 0, 1]
Twc:
[0.99831319, -0.025209345, -0.052299373, -0.5137316;
 0.057303205, 0.28305525, 0.95739025, -0.7827006;
 -0.0093315691, -0.95877224, 0.28402236, -0.5385744;
 0, 0, 0, 1]
Ow:
[0.55269051;
 -0.3077735;
 0.87544918]
Keyframe: 49 Frame: 478 Frame from vFrameID : 479
Tcw:
[0.99709982, 0.075918049, 0.0053246366, 0.57293928;
 -0.01575573, 0.27437016, -0.96149504, -0.29788974;
 -0.074455753, 0.95862269, 0.27477059, 0.89392525;
 0, 0, 0, 1]
Twc:
[0.99709982, -0.01575573, -0.074455753, -0.5094133;
 0.075918049, 0.27437016, 0.95862269, -0.81870139;
 0.0053246366, -0.96149504, 0.27477059, -0.53509456;
 0, 0, 0, 1]
Ow:
[0.57293928;
 -0.29788974;
 0.89392525]
Keyframe: 50 Frame: 486 Frame from vFrameID : 487
Tcw:
[0.9970271, 0.071234487, 0.029370474, 0.5874694;
 0.0088127833, 0.27325165, -0.9619022, -0.30610147;
 -0.07654614, 0.95930141, 0.27181152, 0.91607529;
 0, 0, 0, 1]
Twc:
[0.9970271, 0.0088127833, -0.07654614, -0.51290321;
 0.071234487, 0.27325165, 0.95930141, -0.83699769;
 0.029370474, -0.9619022, 0.27181152, -0.56069374;
 0, 0, 0, 1]
Ow:
[0.5874694;
 -0.30610147;
 0.91607529]
Keyframe: 51 Frame: 493 Frame from vFrameID : 494
Tcw:
[0.99729156, 0.06821727, 0.027494628, 0.59525794;
 0.0075528007, 0.27686098, -0.96088028, -0.30819023;
 -0.07316082, 0.95848548, 0.2755959, 0.93673348;
 0, 0, 0, 1]
Twc:
[0.99729156, 0.0075528007, -0.07316082, -0.52278578;
 0.06821727, 0.27686098, 0.95848548, -0.85312647;
 0.027494628, -0.96088028, 0.2755959, -0.57066023;
 0, 0, 0, 1]
Ow:
[0.59525794;
 -0.30819023;
 0.93673348]
Keyframe: 52 Frame: 501 Frame from vFrameID : 502
Tcw:
[0.99851429, 0.053738113, -0.0090226596, 0.61495376;
 -0.022439444, 0.25462729, -0.96677887, -0.31841463;
 -0.049655456, 0.965545, 0.25545484, 0.96513772;
 0, 0, 0, 1]
Twc:
[0.99851429, -0.022439444, -0.049655456, -0.57326078;
 0.053738113, 0.25462729, 0.965545, -0.88385326;
 -0.0090226596, -0.96677887, 0.25545484, -0.54883713;
 0, 0, 0, 1]
Ow:
[0.61495376;
 -0.31841463;
 0.96513772]
Keyframe: 53 Frame: 509 Frame from vFrameID : 510
Tcw:
[0.99845868, 0.054540642, -0.010273665, 0.61928874;
 -0.024123555, 0.25977913, -0.96536672, -0.31640202;
 -0.049982835, 0.96412659, 0.26069444, 0.99406934;
 0, 0, 0, 1]
Twc:
[0.99845868, -0.024123555, -0.049982835, -0.57628053;
 0.054540642, 0.25977913, 0.96412659, -0.90999049;
 -0.010273665, -0.96536672, 0.26069444, -0.55822998;
 0, 0, 0, 1]
Ow:
[0.61928874;
 -0.31640202;
 0.99406934]
Keyframe: 54 Frame: 517 Frame from vFrameID : 518
Tcw:
[0.99801415, 0.058192927, 0.024111299, 0.6255601;
 0.0093709305, 0.24135387, -0.97039193, -0.33042431;
 -0.062289301, 0.96869081, 0.24032925, 1.0184073;
 0, 0, 0, 1]
Twc:
[0.99801415, 0.0093709305, -0.062289301, -0.55778557;
 0.058192927, 0.24135387, 0.96869081, -0.94317579;
 0.024111299, -0.97039193, 0.24032925, -0.58047724;
 0, 0, 0, 1]
Ow:
[0.6255601;
 -0.33042431;
 1.0184073]
Keyframe: 55 Frame: 526 Frame from vFrameID : 527
Tcw:
[0.99665618, 0.068086118, 0.045174163, 0.64099061;
 0.026875449, 0.24894302, -0.96814519, -0.3437244;
 -0.077163041, 0.96612197, 0.24628074, 1.0334294;
 0, 0, 0, 1]
Twc:
[0.99665618, 0.026875449, -0.077163041, -0.54986703;
 0.068086118, 0.24894302, 0.96612197, -0.95649356;
 0.045174163, -0.96814519, 0.24628074, -0.61624509;
 0, 0, 0, 1]
Ow:
[0.64099061;
 -0.3437244;
 1.0334294]
Keyframe: 56 Frame: 534 Frame from vFrameID : 535
Tcw:
[0.99928343, 0.037836671, -0.0010214837, 0.66452175;
 -0.0098777525, 0.2346337, -0.97203368, -0.32782662;
 -0.036538843, 0.97134721, 0.23483931, 1.0618861;
 0, 0, 0, 1]
Twc:
[0.99928343, -0.0098777525, -0.036538843, -0.62848365;
 0.037836671, 0.2346337, 0.97134721, -0.97968417;
 -0.0010214837, -0.97203368, 0.23483931, -0.56735229;
 0, 0, 0, 1]
Ow:
[0.66452175;
 -0.32782662;
 1.0618861]
Keyframe: 57 Frame: 542 Frame from vFrameID : 543
Tcw:
[0.99948531, 0.03049651, -0.0099545689, 0.66512704;
 -0.017120723, 0.24466363, -0.96945685, -0.32096803;
 -0.027129529, 0.96912831, 0.24505982, 1.0898457;
 0, 0, 0, 1]
Twc:
[0.99948531, -0.017120723, -0.027129529, -0.64071292;
 0.03049651, 0.24466363, 0.96912831, -0.9979552;
 -0.0099545689, -0.96945685, 0.24505982, -0.571621;
 0, 0, 0, 1]
Ow:
[0.66512704;
 -0.32096803;
 1.0898457]
Keyframe: 58 Frame: 549 Frame from vFrameID : 550
Tcw:
[0.9988423, 0.046364829, 0.012822476, 0.67057371;
 0.00053439959, 0.25583947, -0.96671915, -0.33030587;
 -0.048102263, 0.96560681, 0.2555185, 1.1165669;
 0, 0, 0, 1]
Twc:
[0.9988423, 0.00053439959, -0.048102263, -0.61591148;
 0.046364829, 0.25583947, 0.96560681, -1.0247502;
 0.012822476, -0.96671915, 0.2555185, -0.61321491;
 0, 0, 0, 1]
Ow:
[0.67057371;
 -0.33030587;
 1.1165669]
Keyframe: 59 Frame: 557 Frame from vFrameID : 558
Tcw:
[0.99822384, 0.052226301, 0.028662875, 0.67670566;
 0.014081722, 0.26064426, -0.96533221, -0.33321178;
 -0.057886545, 0.96402127, 0.25944588, 1.1378622;
 0, 0, 0, 1]
Twc:
[0.99822384, 0.014081722, -0.057886545, -0.60494465;
 0.052226301, 0.26064426, 0.96402127, -1.0454154;
 0.028662875, -0.96533221, 0.25944588, -0.63627005;
 0, 0, 0, 1]
Ow:
[0.67670566;
 -0.33321178;
 1.1378622]
Keyframe: 60 Frame: 565 Frame from vFrameID : 566
Tcw:
[0.99926776, 0.036094524, 0.012695671, 0.6906603;
 0.0024160349, 0.27162182, -0.96240103, -0.33416343;
 -0.038185827, 0.96172696, 0.27133572, 1.1568892;
 0, 0, 0, 1]
Twc:
[0.99926776, 0.0024160349, -0.038185827, -0.64517039;
 0.036094524, 0.27162182, 0.96172696, -1.0467746;
 0.012695671, -0.96240103, 0.27133572, -0.64427298;
 0, 0, 0, 1]
Ow:
[0.6906603;
 -0.33416343;
 1.1568892]
Keyframe: 61 Frame: 574 Frame from vFrameID : 575
Tcw:
[0.9993543, 0.011807426, -0.033935376, 0.70892829;
 -0.035839904, 0.2604208, -0.9648298, -0.33088323;
 -0.0025546784, 0.96542299, 0.26067582, 1.1906075;
 0, 0, 0, 1]
Twc:
[0.9993543, -0.035839904, -0.0025546784, -0.71728766;
 0.011807426, 0.2604208, 0.96542299, -1.0716418;
 -0.033935376, -0.9648298, 0.26067582, -0.60555089;
 0, 0, 0, 1]
Ow:
[0.70892829;
 -0.33088323;
 1.1906075]
Keyframe: 62 Frame: 582 Frame from vFrameID : 583
Tcw:
[0.99977994, 0.020644259, 0.0037257059, 0.69433963;
 -0.0013558273, 0.24082151, -0.97056848, -0.33929467;
 -0.020933896, 0.97034985, 0.24079651, 1.2133101;
 0, 0, 0, 1]
Twc:
[0.99977994, -0.0013558273, -0.020933896, -0.66924757;
 0.020644259, 0.24082151, 0.97034985, -1.10996;
 0.0037257059, -0.97056848, 0.24079651, -0.62405646;
 0, 0, 0, 1]
Ow:
[0.69433963;
 -0.33929467;
 1.2133101]
Keyframe: 63 Frame: 592 Frame from vFrameID : 593
Tcw:
[0.99750435, 0.042737123, 0.056201246, 0.6718505;
 0.043795556, 0.24983218, -0.96729821, -0.3592445;
 -0.055380423, 0.96734554, 0.247337, 1.2294266;
 0, 0, 0, 1]
Twc:
[0.99750435, 0.043795556, -0.055380423, -0.58635437;
 0.042737123, 0.24983218, 0.96734554, -1.1282425;
 0.056201246, -0.96729821, 0.247337, -0.68933809;
 0, 0, 0, 1]
Ow:
[0.6718505;
 -0.3592445;
 1.2294266]
Keyframe: 64 Frame: 601 Frame from vFrameID : 602
Tcw:
[0.99839532, 0.032015312, 0.046709377, 0.68748921;
 0.037364624, 0.24736415, -0.96820188, -0.36275744;
 -0.04255151, 0.9683935, 0.24577098, 1.2459105;
 0, 0, 0, 1]
Twc:
[0.99839532, 0.037364624, -0.04255151, -0.61981636;
 0.032015312, 0.24736415, 0.9683935, -1.1388086;
 0.046709377, -0.96820188, 0.24577098, -0.68954325;
 0, 0, 0, 1]
Ow:
[0.68748921;
 -0.36275744;
 1.2459105]
Keyframe: 65 Frame: 610 Frame from vFrameID : 611
Tcw:
[0.9997648, 0.017325886, -0.013043764, 0.71081555;
 -0.016883502, 0.24431425, -0.96954912, -0.36381346;
 -0.01361152, 0.96954131, 0.24454932, 1.2626141;
 0, 0, 0, 1]
Twc:
[0.9997648, -0.016883502, -0.01361152, -0.69960475;
 0.017325886, 0.24431425, 0.96954131, -1.1475872;
 -0.013043764, -0.96954912, 0.24454932, -0.65223467;
 0, 0, 0, 1]
Ow:
[0.71081555;
 -0.36381346;
 1.2626141]
Keyframe: 66 Frame: 619 Frame from vFrameID : 620
Tcw:
[0.99982613, -0.0039392682, -0.018226303, 0.74010676;
 -0.016836653, 0.2294243, -0.97318089, -0.36591768;
 0.0080151772, 0.97331852, 0.22931808, 1.2929281;
 0, 0, 0, 1]
Twc:
[0.99982613, -0.016836653, 0.0080151772, -0.75650197;
 -0.0039392682, 0.2294243, 0.97331852, -1.1715651;
 -0.018226303, -0.97318089, 0.22931808, -0.63910645;
 0, 0, 0, 1]
Ow:
[0.74010676;
 -0.36591768;
 1.2929281]
Keyframe: 67 Frame: 627 Frame from vFrameID : 628
Tcw:
[0.99990088, 0.0023102479, 0.013888003, 0.75292993;
 0.013022332, 0.22315444, -0.9746961, -0.36503261;
 -0.0053509595, 0.97478038, 0.22310224, 1.3057773;
 0, 0, 0, 1]
Twc:
[0.99990088, 0.013022332, -0.0053509595, -0.74111456;
 0.0023102479, 0.22315444, 0.97478038, -1.1931268;
 0.013888003, -0.9746961, 0.22310224, -0.65757436;
 0, 0, 0, 1]
Ow:
[0.75292993;
 -0.36503261;
 1.3057773]
Keyframe: 68 Frame: 635 Frame from vFrameID : 636
Tcw:
[0.99997282, -0.00081614096, 0.0073294742, 0.7685464;
 0.0073240171, 0.22630382, -0.97402924, -0.35716063;
 -0.00086374284, 0.97405642, 0.22630364, 1.3183458;
 0, 0, 0, 1]
Twc:
[0.99997282, 0.0073240171, -0.00086374284, -0.76477093;
 -0.00081614096, 0.22630382, 0.97405642, -1.2026892;
 0.0073294742, -0.97402924, 0.22630364, -0.65186435;
 0, 0, 0, 1]
Ow:
[0.7685464;
 -0.35716063;
 1.3183458]
Keyframe: 69 Frame: 642 Frame from vFrameID : 643
Tcw:
[0.99710429, -0.029731495, -0.069993295, 0.78769547;
 -0.062197939, 0.21072464, -0.97556472, -0.32777059;
 0.043754309, 0.97709322, 0.2082652, 1.3343226;
 0, 0, 0, 1]
Twc:
[0.99710429, -0.062197939, 0.043754309, -0.86418355;
 -0.029731495, 0.21072464, 0.97709322, -1.2112689;
 -0.069993295, -0.97556472, 0.2082652, -0.542521;
 0, 0, 0, 1]
Ow:
[0.78769547;
 -0.32777059;
 1.3343226]
Keyframe: 70 Frame: 651 Frame from vFrameID : 652
Tcw:
[0.99902213, -0.018745719, -0.040042643, 0.79138082;
 -0.034599781, 0.23237123, -0.97201157, -0.35089183;
 0.027525812, 0.9724465, 0.2314954, 1.3441764;
 0, 0, 0, 1]
Twc:
[0.99902213, -0.034599781, 0.027525812, -0.83974731;
 -0.018745719, 0.23237123, 0.9724465, -1.2107675;
 -0.040042643, -0.97201157, 0.2314954, -0.6205526;
 0, 0, 0, 1]
Ow:
[0.79138082;
 -0.35089183;
 1.3441764]
Keyframe: 71 Frame: 659 Frame from vFrameID : 660
Tcw:
[0.99960613, -0.00085039978, 0.028050831, 0.80868793;
 0.027463505, 0.23526068, -0.97154421, -0.35879046;
 -0.0057730568, 0.97193193, 0.23519138, 1.3573546;
 0, 0, 0, 1]
Twc:
[0.99960613, 0.027463505, -0.0057730568, -0.79067969;
 -0.00085039978, 0.23526068, 0.97193193, -1.2341594;
 0.028050831, -0.97154421, 0.23519138, -0.69050324;
 0, 0, 0, 1]
Ow:
[0.80868793;
 -0.35879046;
 1.3573546]
Keyframe: 72 Frame: 667 Frame from vFrameID : 668
Tcw:
[0.99998891, 0.0018822877, 0.0043194224, 0.82224697;
 0.0038232817, 0.21161824, -0.97734493, -0.34734431;
 -0.0027537129, 0.97735059, 0.21160869, 1.3674134;
 0, 0, 0, 1]
Twc:
[0.99998891, 0.0038232817, -0.0027537129, -0.81714439;
 0.0018822877, 0.21161824, 0.97735059, -1.2644856;
 0.0043194224, -0.97734493, 0.21160869, -0.63238341;
 0, 0, 0, 1]
Ow:
[0.82224697;
 -0.34734431;
 1.3674134]
Keyframe: 73 Frame: 675 Frame from vFrameID : 676
Tcw:
[0.99906099, -0.018091289, -0.039368078, 0.84307623;
 -0.034404553, 0.22101249, -0.97466397, -0.33829868;
 0.026333764, 0.97510314, 0.22018252, 1.3750688;
 0, 0, 0, 1]
Twc:
[0.99906099, -0.034404553, 0.026333764, -0.89013433;
 -0.018091289, 0.22101249, 0.97510314, -1.2508134;
 -0.039368078, -0.97466397, 0.22018252, -0.59930336;
 0, 0, 0, 1]
Ow:
[0.84307623;
 -0.33829868;
 1.3750688]
Keyframe: 74 Frame: 683 Frame from vFrameID : 684
Tcw:
[0.99936193, -0.028203936, -0.021913856, 0.8557421;
 -0.015062357, 0.22351941, -0.97458309, -0.3521502;
 0.032385252, 0.97429132, 0.22295198, 1.3976223;
 0, 0, 0, 1]
Twc:
[0.99936193, -0.015062357, 0.032385252, -0.90576267;
 -0.028203936, 0.22351941, 0.97429132, -1.2588437;
 -0.021913856, -0.97458309, 0.22295198, -0.63604969;
 0, 0, 0, 1]
Ow:
[0.8557421;
 -0.3521502;
 1.3976223]
Keyframe: 75 Frame: 690 Frame from vFrameID : 691
Tcw:
[0.99965471, -0.012305595, 0.023217354, 0.83944708;
 0.025336428, 0.21712291, -0.97581542, -0.34192768;
 0.0069669699, 0.97606671, 0.21735972, 1.4086103;
 0, 0, 0, 1]
Twc:
[0.99965471, 0.025336428, 0.0069669699, -0.84030777;
 -0.012305595, 0.21712291, 0.97606671, -1.2903274;
 0.023217354, -0.97581542, 0.21735972, -0.65932316;
 0, 0, 0, 1]
Ow:
[0.83944708;
 -0.34192768;
 1.4086103]
Keyframe: 76 Frame: 699 Frame from vFrameID : 700
Tcw:
[0.99978989, -0.0019669121, 0.020403806, 0.85156387;
 0.020310488, 0.22952227, -0.97309148, -0.34179112;
 -0.0027691426, 0.97330141, 0.22951399, 1.4244882;
 0, 0, 0, 1]
Twc:
[0.99978989, 0.020310488, -0.0027691426, -0.84049839;
 -0.0019669121, 0.22952227, 0.97330141, -1.3063327;
 0.020403806, -0.97309148, 0.22951399, -0.67690915;
 0, 0, 0, 1]
Ow:
[0.85156387;
 -0.34179112;
 1.4244882]
Keyframe: 77 Frame: 707 Frame from vFrameID : 708
Tcw:
[0.99976826, -0.020122357, -0.0076465663, 0.86873758;
 -0.0027213036, 0.23422481, -0.97217864, -0.34584665;
 0.021353541, 0.97197419, 0.23411578, 1.4550114;
 0, 0, 0, 1]
Twc:
[0.99976826, -0.0027213036, 0.021353541, -0.90054709;
 -0.020122357, 0.23422481, 0.97197419, -1.3157465;
 -0.0076465663, -0.97217864, 0.23411578, -0.670223;
 0, 0, 0, 1]
Ow:
[0.86873758;
 -0.34584665;
 1.4550114]
Keyframe: 78 Frame: 716 Frame from vFrameID : 717
Tcw:
[0.99967521, -0.025435729, -0.0015780565, 0.87464708;
 0.0042348499, 0.22686088, -0.97391796, -0.36742321;
 0.025130313, 0.97359496, 0.22689492, 1.4764456;
 0, 0, 0, 1]
Twc:
[0.99967521, 0.0042348499, 0.025130313, -0.90991056;
 -0.025435729, 0.22686088, 0.97359496, -1.3318588;
 -0.0015780565, -0.97391796, 0.22689492, -0.69145781;
 0, 0, 0, 1]
Ow:
[0.87464708;
 -0.36742321;
 1.4764456]
Keyframe: 79 Frame: 724 Frame from vFrameID : 725
Tcw:
[0.99930298, -0.0024941473, 0.037246946, 0.85961461;
 0.036902543, 0.21662489, -0.97555721, -0.3579573;
 -0.005635432, 0.97625172, 0.21656592, 1.5003834;
 0, 0, 0, 1]
Twc:
[0.99930298, 0.036902543, -0.005635432, -0.83735061;
 -0.0024941473, 0.21662489, 0.97625172, -1.3850654;
 0.037246946, -0.97555721, 0.21656592, -0.7061578;
 0, 0, 0, 1]
Ow:
[0.85961461;
 -0.3579573;
 1.5003834]
Keyframe: 80 Frame: 733 Frame from vFrameID : 734
Tcw:
[0.9976356, 0.00058731984, 0.068723127, 0.86355597;
 0.066633947, 0.23656042, -0.96932918, -0.33742246;
 -0.016826479, 0.97161663, 0.23596196, 1.5225127;
 0, 0, 0, 1]
Twc:
[0.9976356, 0.066633947, -0.016826479, -0.81341183;
 0.00058731984, 0.23656042, 0.97161663, -1.399985;
 0.068723127, -0.96932918, 0.23596196, -0.74567479;
 0, 0, 0, 1]
Ow:
[0.86355597;
 -0.33742246;
 1.5225127]
Keyframe: 81 Frame: 741 Frame from vFrameID : 742
Tcw:
[0.99881852, 0.010973042, 0.047341365, 0.85985887;
 0.043627076, 0.22667341, -0.97299325, -0.35636479;
 -0.021407723, 0.97390902, 0.22592688, 1.5385488;
 0, 0, 0, 1]
Twc:
[0.99881852, 0.043627076, -0.021407723, -0.81035894;
 0.010973042, 0.22667341, 0.97390902, -1.4270633;
 0.047341365, -0.97299325, 0.22592688, -0.73504692;
 0, 0, 0, 1]
Ow:
[0.85985887;
 -0.35636479;
 1.5385488]
Keyframe: 82 Frame: 749 Frame from vFrameID : 750
Tcw:
[0.99836546, 0.042034306, 0.038724307, 0.84546047;
 0.02741308, 0.24234238, -0.96980345, -0.35212934;
 -0.050149553, 0.96927977, 0.24079397, 1.5633295;
 0, 0, 0, 1]
Twc:
[0.99836546, 0.02741308, -0.050149553, -0.75602525;
 0.042034306, 0.24234238, 0.96927977, -1.4655061;
 0.038724307, -0.96980345, 0.24079397, -0.75067639;
 0, 0, 0, 1]
Ow:
[0.84546047;
 -0.35212934;
 1.5633295]
Keyframe: 83 Frame: 757 Frame from vFrameID : 758
Tcw:
[0.9961862, 0.061536007, 0.061857622, 0.84574389;
 0.045980651, 0.23227492, -0.97156274, -0.35321686;
 -0.074154064, 0.97070163, 0.2285596, 1.580416;
 0, 0, 0, 1]
Twc:
[0.9961862, 0.045980651, -0.074154064, -0.70908302;
 0.061536007, 0.23227492, 0.97070163, -1.5041127;
 0.061857622, -0.97156274, 0.2285596, -0.75670731;
 0, 0, 0, 1]
Ow:
[0.84574389;
 -0.35321686;
 1.580416]
Keyframe: 84 Frame: 766 Frame from vFrameID : 767
Tcw:
[0.99337357, 0.076806933, 0.08549647, 0.83702832;
 0.064117447, 0.24701987, -0.96688682, -0.35101518;
 -0.095382936, 0.96596164, 0.24045835, 1.6050695;
 0, 0, 0, 1]
Twc:
[0.99337357, 0.064117447, -0.095382936, -0.65587938;
 0.076806933, 0.24701987, 0.96596164, -1.5280175;
 0.08549647, -0.96688682, 0.24045835, -0.79690731;
 0, 0, 0, 1]
Ow:
[0.83702832;
 -0.35101518;
 1.6050695]
Keyframe: 85 Frame: 775 Frame from vFrameID : 776
Tcw:
[0.9970696, 0.062523536, 0.044079337, 0.85444063;
 0.027910242, 0.23917218, -0.97057593, -0.3348603;
 -0.071226388, 0.96896207, 0.23672627, 1.6306973;
 0, 0, 0, 1]
Twc:
[0.9970696, 0.027910242, -0.071226388, -0.7264421;
 0.062523536, 0.23917218, 0.96896207, -1.5534171;
 0.044079337, -0.97057593, 0.23672627, -0.74869937;
 0, 0, 0, 1]
Ow:
[0.85444063;
 -0.3348603;
 1.6306973]
Keyframe: 86 Frame: 784 Frame from vFrameID : 785
Tcw:
[0.99772125, 0.056948435, 0.036182694, 0.86014736;
 0.021945301, 0.23320711, -0.97217941, -0.3512657;
 -0.06380216, 0.97075814, 0.23142594, 1.6563065;
 0, 0, 0, 1]
Twc:
[0.99772125, 0.021945301, -0.06380216, -0.74480277;
 0.056948435, 0.23320711, 0.97075814, -1.5749393;
 0.036182694, -0.97217941, 0.23142594, -0.75592804;
 0, 0, 0, 1]
Ow:
[0.86014736;
 -0.3512657;
 1.6563065]
Keyframe: 87 Frame: 792 Frame from vFrameID : 793
Tcw:
[0.99598134, 0.068940409, 0.057170097, 0.87171924;
 0.038998589, 0.24080391, -0.96978998, -0.35913786;
 -0.080624498, 0.96812224, 0.23714761, 1.6800144;
 0, 0, 0, 1]
Twc:
[0.99598134, 0.038998589, -0.080624498, -0.71875989;
 0.068940409, 0.24080391, 0.96812224, -1.6000742;
 0.057170097, -0.96978998, 0.23714761, -0.79653597;
 0, 0, 0, 1]
Ow:
[0.87171924;
 -0.35913786;
 1.6800144]
Keyframe: 88 Frame: 801 Frame from vFrameID : 802
Tcw:
[0.99516803, 0.06566339, 0.072999701, 0.86472011;
 0.054284729, 0.25156271, -0.96631742, -0.34169468;
 -0.081815682, 0.96561098, 0.24678265, 1.722185;
 0, 0, 0, 1]
Twc:
[0.99516803, 0.054284729, -0.081815682, -0.70109117;
 0.06566339, 0.25156271, 0.96561098, -1.6337835;
 0.072999701, -0.96631742, 0.24678265, -0.81831521;
 0, 0, 0, 1]
Ow:
[0.86472011;
 -0.34169468;
 1.722185]
Keyframe: 89 Frame: 809 Frame from vFrameID : 810
Tcw:
[0.99685985, 0.074940123, 0.0255806, 0.87749302;
 0.0067544105, 0.24139661, -0.97040302, -0.36820796;
 -0.078897193, 0.96752864, 0.24013242, 1.7367132;
 0, 0, 0, 1]
Twc:
[0.99685985, 0.0067544105, -0.078897193, -0.73522878;
 0.074940123, 0.24139661, 0.96752864, -1.6571949;
 0.0255806, -0.97040302, 0.24013242, -0.79679805;
 0, 0, 0, 1]
Ow:
[0.87749302;
 -0.36820796;
 1.7367132]
Keyframe: 90 Frame: 818 Frame from vFrameID : 819
Tcw:
[0.99718177, 0.069773503, 0.027570277, 0.88561165;
 0.0091778049, 0.25127798, -0.96787143, -0.36955917;
 -0.074459583, 0.96539682, 0.24992947, 1.7683833;
 0, 0, 0, 1]
Twc:
[0.99718177, 0.0091778049, -0.074459583, -0.74805099;
 0.069773503, 0.25127798, 0.96539682, -1.6761217;
 0.027570277, -0.96787143, 0.24992947, -0.82407343;
 0, 0, 0, 1]
Ow:
[0.88561165;
 -0.36955917;
 1.7683833]
Keyframe: 91 Frame: 827 Frame from vFrameID : 828
Tcw:
[0.99554777, 0.071951076, 0.060890824, 0.89836359;
 0.041008007, 0.25103948, -0.96710783, -0.38761443;
 -0.08487045, 0.96529901, 0.24697122, 1.781387;
 0, 0, 0, 1]
Twc:
[0.99554777, 0.041008007, -0.08487045, -0.72728145;
 0.071951076, 0.25103948, 0.96529901, -1.6869029;
 0.060890824, -0.96710783, 0.24697122, -0.86951834;
 0, 0, 0, 1]
Ow:
[0.89836359;
 -0.38761443;
 1.781387]
Keyframe: 92 Frame: 836 Frame from vFrameID : 837
Tcw:
[0.99424016, 0.085208975, 0.065006837, 0.91298193;
 0.041308526, 0.25501475, -0.96605438, -0.40256944;
 -0.098894209, 0.96317542, 0.25002608, 1.803689;
 0, 0, 0, 1]
Twc:
[0.99424016, 0.041308526, -0.098894209, -0.71271938;
 0.085208975, 0.25501475, 0.96317542, -1.712402;
 0.065006837, -0.96605438, 0.25002608, -0.89922327;
 0, 0, 0, 1]
Ow:
[0.91298193;
 -0.40256944;
 1.803689]
Keyframe: 93 Frame: 844 Frame from vFrameID : 845
Tcw:
[0.99697572, 0.073271081, 0.025899425, 0.93042839;
 0.0068174866, 0.24952158, -0.96834522, -0.40820792;
 -0.07741417, 0.96559328, 0.24826743, 1.8208772;
 0, 0, 0, 1]
Twc:
[0.99697572, 0.0068174866, -0.07741417, -0.78386986;
 0.073271081, 0.24952158, 0.96559328, -1.7245435;
 0.025899425, -0.96834522, 0.24826743, -0.87144828;
 0, 0, 0, 1]
Ow:
[0.93042839;
 -0.40820792;
 1.8208772]
Keyframe: 94 Frame: 852 Frame from vFrameID : 853
Tcw:
[0.99778807, 0.062297106, 0.023196358, 0.93636489;
 0.0058390549, 0.26546258, -0.96410346, -0.40986994;
 -0.066218622, 0.96210641, 0.26451164, 1.8404688;
 0, 0, 0, 1]
Twc:
[0.99778807, 0.0058390549, -0.066218622, -0.81002712;
 0.062297106, 0.26546258, 0.96210641, -1.7202544;
 0.023196358, -0.96410346, 0.26451164, -0.90370274;
 0, 0, 0, 1]
Ow:
[0.93636489;
 -0.40986994;
 1.8404688]
Keyframe: 95 Frame: 860 Frame from vFrameID : 861
Tcw:
[0.99727339, 0.058567263, 0.044896509, 0.92368287;
 0.029966338, 0.2345753, -0.97163594, -0.39773279;
 -0.067437671, 0.97033209, 0.23218066, 1.8817569;
 0, 0, 0, 1]
Twc:
[0.99727339, 0.029966338, -0.067437671, -0.78234434;
 0.058567263, 0.2345753, 0.97033209, -1.7867284;
 0.044896509, -0.97163594, 0.23218066, -0.86482918;
 0, 0, 0, 1]
Ow:
[0.92368287;
 -0.39773279;
 1.8817569]
Keyframe: 96 Frame: 867 Frame from vFrameID : 868
Tcw:
[0.99558651, 0.067194827, 0.065516077, 0.92540747;
 0.047464792, 0.24171431, -0.96918589, -0.40326032;
 -0.080960453, 0.96801811, 0.23745812, 1.8952487;
 0, 0, 0, 1]
Twc:
[0.99558651, 0.047464792, -0.080960453, -0.74874234;
 0.067194827, 0.24171431, 0.96801811, -1.7993437;
 0.065516077, -0.96918589, 0.23745812, -0.90150547;
 0, 0, 0, 1]
Ow:
[0.92540747;
 -0.40326032;
 1.8952487]
Keyframe: 97 Frame: 874 Frame from vFrameID : 875
Tcw:
[0.99834436, 0.04449271, 0.036454696, 0.92321873;
 0.024755463, 0.23971954, -0.97052652, -0.40157878;
 -0.051920258, 0.96982211, 0.23822121, 1.9159694;
 0, 0, 0, 1]
Twc:
[0.99834436, 0.024755463, -0.051920258, -0.8122713;
 0.04449271, 0.23971954, 0.96982211, -1.8029597;
 0.036454696, -0.97052652, 0.23822121, -0.87982309;
 0, 0, 0, 1]
Ow:
[0.92321873;
 -0.40157878;
 1.9159694]
Keyframe: 98 Frame: 883 Frame from vFrameID : 884
Tcw:
[0.99830306, 0.056095101, 0.015633475, 0.96427798;
 2.1238291e-05, 0.26811409, -0.96338719, -0.42160505;
 -0.058232855, 0.96175265, 0.26765791, 1.9162153;
 0, 0, 0, 1]
Twc:
[0.99830306, 2.1238291e-05, -0.058232855, -0.85104597;
 0.056095101, 0.26811409, 0.96175265, -1.7839782;
 0.015633475, -0.96338719, 0.26765791, -0.93413407;
 0, 0, 0, 1]
Ow:
[0.96427798;
 -0.42160505;
 1.9162153]
Keyframe: 99 Frame: 892 Frame from vFrameID : 893
Tcw:
[0.99632537, 0.065321162, 0.055398077, 0.96796435;
 0.038535248, 0.23576474, -0.97104585, -0.41848281;
 -0.076490752, 0.96961236, 0.23238121, 1.9781315;
 0, 0, 0, 1]
Twc:
[0.99632537, 0.038535248, -0.076490752, -0.79697222;
 0.065321162, 0.23576474, 0.96961236, -1.8825859;
 0.055398077, -0.97104585, 0.23238121, -0.91966999;
 0, 0, 0, 1]
Ow:
[0.96796435;
 -0.41848281;
 1.9781315]
Keyframe: 100 Frame: 899 Frame from vFrameID : 900
Tcw:
[0.99461329, 0.064739801, 0.080951579, 0.97368854;
 0.061984543, 0.25447869, -0.96508992, -0.43260896;
 -0.08308018, 0.96490896, 0.24909502, 1.9890563;
 0, 0, 0, 1]
Twc:
[0.99461329, 0.061984543, -0.08308018, -0.77637732;
 0.064739801, 0.25447869, 0.96490896, -1.872205;
 0.080951579, -0.96508992, 0.24909502, -0.9917922;
 0, 0, 0, 1]
Ow:
[0.97368854;
 -0.43260896;
 1.9890563]
Keyframe: 101 Frame: 907 Frame from vFrameID : 908
Tcw:
[0.99956179, 0.029513422, -0.0022777359, 1.0136654;
 -0.0088979024, 0.22618139, -0.97404456, -0.42350224;
 -0.028232208, 0.973638, 0.22634488, 2.0247495;
 0, 0, 0, 1]
Twc:
[0.99956179, -0.0088979024, -0.028232208, -0.95982635;
 0.029513422, 0.22618139, 0.973638, -1.9055016;
 -0.0022777359, -0.97404456, 0.22634488, -0.8684929;
 0, 0, 0, 1]
Ow:
[1.0136654;
 -0.42350224;
 2.0247495]
Keyframe: 102 Frame: 915 Frame from vFrameID : 916
Tcw:
[0.99931216, 0.032041237, -0.018668436, 1.0206432;
 -0.025291458, 0.22072084, -0.97500902, -0.43906239;
 -0.027119983, 0.9748106, 0.2213794, 2.0389788;
 0, 0, 0, 1]
Twc:
[0.99931216, -0.025291458, -0.027119983, -0.97574866;
 0.032041237, 0.22072084, 0.9748106, -1.9234105;
 -0.018668436, -0.97500902, 0.2213794, -0.86042392;
 0, 0, 0, 1]
Ow:
[1.0206432;
 -0.43906239;
 2.0389788]
Keyframe: 103 Frame: 923 Frame from vFrameID : 924
Tcw:
[0.99883783, 0.047732107, 0.0066768224, 1.0226806;
 -0.0041198428, 0.22258233, -0.97490519, -0.44494796;
 -0.048020422, 0.97374469, 0.22252031, 2.057755;
 0, 0, 0, 1]
Twc:
[0.99883783, -0.0041198428, -0.048020422, -0.92451102;
 0.047732107, 0.22258233, 0.97374469, -1.9535053;
 0.0066768224, -0.97490519, 0.22252031, -0.89850259;
 0, 0, 0, 1]
Ow:
[1.0226806;
 -0.44494796;
 2.057755]
Keyframe: 104 Frame: 931 Frame from vFrameID : 932
Tcw:
[0.99769866, 0.056825526, 0.036988884, 1.0415932;
 0.022349812, 0.23942062, -0.97065866, -0.4364461;
 -0.064014092, 0.96925157, 0.2375996, 2.0772004;
 0, 0, 0, 1]
Twc:
[0.99769866, 0.022349812, -0.064014092, -0.89647162;
 0.056825526, 0.23942062, 0.96925157, -1.9680245;
 0.036988884, -0.97065866, 0.2375996, -0.95570952;
 0, 0, 0, 1]
Ow:
[1.0415932;
 -0.4364461;
 2.0772004]
Keyframe: 105 Frame: 940 Frame from vFrameID : 941
Tcw:
[0.99935842, 0.033401228, 0.012925154, 1.0422386;
 0.0047038929, 0.23535256, -0.97189867, -0.4461135;
 -0.03550458, 0.97133595, 0.23504445, 2.0935392;
 0, 0, 0, 1]
Twc:
[0.99935842, 0.0047038929, -0.03550458, -0.96514118;
 0.033401228, 0.23535256, 0.97133595, -1.9633482;
 0.012925154, -0.97189867, 0.23504445, -0.93912303;
 0, 0, 0, 1]
Ow:
[1.0422386;
 -0.4461135;
 2.0935392]
Keyframe: 106 Frame: 948 Frame from vFrameID : 949
Tcw:
[0.99948603, 0.028751282, -0.014180446, 1.0691279;
 -0.020777943, 0.24412955, -0.96952003, -0.41740775;
 -0.024413077, 0.9693163, 0.24460146, 2.1074114;
 0, 0, 0, 1]
Twc:
[0.99948603, -0.020777943, -0.024413077, -1.025803;
 0.028751282, 0.24412955, 0.9693163, -1.9715855;
 -0.014180446, -0.96952003, 0.24460146, -0.90500033;
 0, 0, 0, 1]
Ow:
[1.0691279;
 -0.41740775;
 2.1074114]
Keyframe: 107 Frame: 955 Frame from vFrameID : 956
Tcw:
[0.99911445, 0.028224822, 0.031203296, 1.0376011;
 0.02427073, 0.21916848, -0.97538513, -0.42852119;
 -0.03436885, 0.97527868, 0.21828936, 2.1354671;
 0, 0, 0, 1]
Twc:
[0.99911445, 0.02427073, -0.03436885, -0.95288819;
 0.028224822, 0.21916848, 0.97527868, -2.0180433;
 0.031203296, -0.97538513, 0.21828936, -0.9164995;
 0, 0, 0, 1]
Ow:
[1.0376011;
 -0.42852119;
 2.1354671]
Keyframe: 108 Frame: 963 Frame from vFrameID : 964
Tcw:
[0.99711996, 0.041702803, 0.063345984, 1.0496817;
 0.053009268, 0.21411355, -0.97536939, -0.43311724;
 -0.054238871, 0.97591817, 0.21128625, 2.1564105;
 0, 0, 0, 1]
Twc:
[0.99711996, 0.053009268, -0.054238871, -0.90673804;
 0.041702803, 0.21411355, 0.97591817, -2.0555186;
 0.063345984, -0.97536939, 0.21128625, -0.94456226;
 0, 0, 0, 1]
Ow:
[1.0496817;
 -0.43311724;
 2.1564105]
Keyframe: 109 Frame: 973 Frame from vFrameID : 974
Tcw:
[0.99909538, 0.028800016, 0.031289, 1.0671675;
 0.024090121, 0.22302912, -0.97451407, -0.41488147;
 -0.03504438, 0.97438627, 0.22213356, 2.1787043;
 0, 0, 0, 1]
Twc:
[0.99909538, 0.024090121, -0.03504438, -0.97985613;
 0.028800016, 0.22302912, 0.97438627, -2.0611033;
 0.031289, -0.97451407, 0.22213356, -0.92166179;
 0, 0, 0, 1]
Ow:
[1.0671675;
 -0.41488147;
 2.1787043]
Keyframe: 110 Frame: 981 Frame from vFrameID : 982
Tcw:
[0.9995153, 0.03083691, 0.00426732, 1.0866456;
 -0.003303333, 0.24136221, -0.97042948, -0.43542483;
 -0.030955017, 0.96994501, 0.2413471, 2.1928322;
 0, 0, 0, 1]
Twc:
[0.9995153, -0.003303333, -0.030955017, -1.0196781;
 0.03083691, 0.24136221, 0.96994501, -2.0553403;
 0.00426732, -0.97042948, 0.2413471, -0.95641977;
 0, 0, 0, 1]
Ow:
[1.0866456;
 -0.43542483;
 2.1928322]
Keyframe: 111 Frame: 990 Frame from vFrameID : 991
Tcw:
[0.99815166, 0.048875891, 0.036116406, 1.0843853;
 0.023716629, 0.23388696, -0.97197449, -0.43205577;
 -0.055953275, 0.97103453, 0.23229548, 2.2206378;
 0, 0, 0, 1]
Twc:
[0.99815166, 0.023716629, -0.055953275, -0.94788212;
 0.048875891, 0.23388696, 0.97103453, -2.1082642;
 0.036116406, -0.97197449, 0.23229548, -0.97495544;
 0, 0, 0, 1]
Ow:
[1.0843853;
 -0.43205577;
 2.2206378]
Keyframe: 112 Frame: 996 Frame from vFrameID : 997
Tcw:
[0.9963184, 0.061244182, 0.059989676, 1.0938631;
 0.045019064, 0.22174399, -0.97406512, -0.41814619;
 -0.072958171, 0.9731797, 0.21817046, 2.2462907;
 0, 0, 0, 1]
Twc:
[0.9963184, 0.045019064, -0.072958171, -0.90712607;
 0.061244182, 0.22174399, 0.9731797, -2.1603158;
 0.059989676, -0.97406512, 0.21817046, -0.96299636;
 0, 0, 0, 1]
Ow:
[1.0938631;
 -0.41814619;
 2.2462907]
Keyframe: 113 Frame: 1004 Frame from vFrameID : 1005
Tcw:
[0.99747485, 0.052865427, 0.047425833, 1.1103939;
 0.034674644, 0.2202702, -0.9748224, -0.43208927;
 -0.061980903, 0.97400528, 0.21788089, 2.2659106;
 0, 0, 0, 1]
Twc:
[0.99747485, 0.034674644, -0.061980903, -0.95216423;
 0.052865427, 0.2202702, 0.97400528, -2.1705339;
 0.047425833, -0.9748224, 0.21788089, -0.96757025;
 0, 0, 0, 1]
Ow:
[1.1103939;
 -0.43208927;
 2.2659106]
Keyframe: 114 Frame: 1013 Frame from vFrameID : 1014
Tcw:
[0.9990145, 0.044385113, 0.00022527401, 1.1200806;
 -0.0093222102, 0.2147799, -0.97661799, -0.43790099;
 -0.043395683, 0.97565341, 0.21498199, 2.2798824;
 0, 0, 0, 1]
Twc:
[0.9990145, -0.0093222102, -0.043395683, -1.0241218;
 0.044385113, 0.2147799, 0.97565341, -2.1800375;
 0.00022527401, -0.97661799, 0.21498199, -0.9180479;
 0, 0, 0, 1]
Ow:
[1.1200806;
 -0.43790099;
 2.2798824]
Keyframe: 115 Frame: 1023 Frame from vFrameID : 1024
Tcw:
[0.99814272, 0.060127322, 0.0097863441, 1.1322814;
 -0.002788252, 0.20556988, -0.97863847, -0.44532713;
 -0.060854688, 0.97679359, 0.20535573, 2.3008955;
 0, 0, 0, 1]
Twc:
[0.99814272, -0.002788252, -0.060854688, -0.99139982;
 0.060127322, 0.20556988, 0.97679359, -2.2240353;
 0.0097863441, -0.97863847, 0.20535573, -0.91939723;
 0, 0, 0, 1]
Ow:
[1.1322814;
 -0.44532713;
 2.3008955]
Keyframe: 116 Frame: 1031 Frame from vFrameID : 1032
Tcw:
[0.99741232, 0.063303031, 0.034078989, 1.1459723;
 0.019812874, 0.21363544, -0.97671252, -0.45141688;
 -0.069109343, 0.97486031, 0.21182841, 2.3254917;
 0, 0, 0, 1]
Twc:
[0.99741232, 0.019812874, -0.069109343, -0.97334981;
 0.063303031, 0.21363544, 0.97486031, -2.2431345;
 0.034078989, -0.97671252, 0.21182841, -0.97256333;
 0, 0, 0, 1]
Ow:
[1.1459723;
 -0.45141688;
 2.3254917]
Keyframe: 117 Frame: 1040 Frame from vFrameID : 1041
Tcw:
[0.99862969, 0.051489055, -0.0093590319, 1.1581366;
 -0.020534853, 0.22104125, -0.97504824, -0.45263126;
 -0.048135582, 0.97390431, 0.22179568, 2.3449423;
 0, 0, 0, 1]
Twc:
[0.99862969, -0.020534853, -0.048135582, -1.0529692;
 0.051489055, 0.22104125, 0.97390431, -2.2433307;
 -0.0093590319, -0.97504824, 0.22179568, -0.95059639;
 0, 0, 0, 1]
Ow:
[1.1581366;
 -0.45263126;
 2.3449423]
Keyframe: 118 Frame: 1048 Frame from vFrameID : 1049
Tcw:
[0.99844152, 0.053918127, -0.014399936, 1.1654093;
 -0.025792193, 0.21699727, -0.97583139, -0.4625003;
 -0.049490254, 0.97468203, 0.21804975, 2.3810155;
 0, 0, 0, 1]
Twc:
[0.99844152, -0.025792193, -0.049490254, -1.0576849;
 0.053918127, 0.21699727, 0.97468203, -2.2832084;
 -0.014399936, -0.97583139, 0.21804975, -0.95372033;
 0, 0, 0, 1]
Ow:
[1.1654093;
 -0.4625003;
 2.3810155]
Keyframe: 119 Frame: 1056 Frame from vFrameID : 1057
Tcw:
[0.99796194, 0.063145474, 0.0091956463, 1.1811923;
 -0.0048365113, 0.21854156, -0.97581565, -0.46942598;
 -0.063627973, 0.97378242, 0.21840157, 2.3793371;
 0, 0, 0, 1]
Twc:
[0.99796194, -0.0048365113, -0.063627973, -1.0296631;
 0.063145474, 0.21854156, 0.97378242, -2.2889545;
 0.0091956463, -0.97581565, 0.21840157, -0.98858601;
 0, 0, 0, 1]
Ow:
[1.1811923;
 -0.46942598;
 2.3793371]
Keyframe: 120 Frame: 1065 Frame from vFrameID : 1066
Tcw:
[0.99705881, 0.073605314, 0.021354796, 1.1894659;
 0.0047170185, 0.21917161, -0.97567493, -0.4821986;
 -0.076495223, 0.97290599, 0.21817979, 2.4056427;
 0, 0, 0, 1]
Twc:
[0.99705881, 0.0047170185, -0.076495223, -0.99967265;
 0.073605314, 0.21917161, 0.97290599, -2.322331;
 0.021354796, -0.97567493, 0.21817979, -1.0207325;
 0, 0, 0, 1]
Ow:
[1.1894659;
 -0.4821986;
 2.4056427]
Keyframe: 121 Frame: 1073 Frame from vFrameID : 1074
Tcw:
[0.99835956, 0.057068683, -0.0046252077, 1.1736435;
 -0.016232209, 0.20464611, -0.97870141, -0.4805643;
 -0.05490667, 0.977171, 0.20523675, 2.4196889;
 0, 0, 0, 1]
Twc:
[0.99835956, -0.016232209, -0.05490667, -1.0466617;
 0.057068683, 0.20464611, 0.977171, -2.3330824;
 -0.0046252077, -0.97870141, 0.20523675, -0.9615097;
 0, 0, 0, 1]
Ow:
[1.1736435;
 -0.4805643;
 2.4196889]
Keyframe: 122 Frame: 1082 Frame from vFrameID : 1083
Tcw:
[0.99858767, 0.051641811, -0.012479678, 1.1818604;
 -0.023893675, 0.22673333, -0.97366375, -0.48185539;
 -0.0474522, 0.97258681, 0.22764702, 2.453177;
 0, 0, 0, 1]
Twc:
[0.99858767, -0.023893675, -0.0474522, -1.075296;
 0.051641811, 0.22673333, 0.97258681, -2.3377082;
 -0.012479678, -0.97366375, 0.22764702, -1.0128744;
 0, 0, 0, 1]
Ow:
[1.1818604;
 -0.48185539;
 2.453177]
Keyframe: 123 Frame: 1090 Frame from vFrameID : 1091
Tcw:
[0.99710691, 0.055650003, 0.05177765, 1.1674645;
 0.039316367, 0.20539419, -0.9778893, -0.47266579;
 -0.065054372, 0.97709584, 0.20261201, 2.4843607;
 0, 0, 0, 1]
Twc:
[0.99710691, 0.039316367, -0.065054372, -0.98388487;
 0.055650003, 0.20539419, 0.97709584, -2.3953452;
 0.05177765, -0.9778893, 0.20261201, -1.0260247;
 0, 0, 0, 1]
Ow:
[1.1674645;
 -0.47266579;
 2.4843607]
Keyframe: 124 Frame: 1099 Frame from vFrameID : 1100
Tcw:
[0.99482256, 0.070143931, 0.073538095, 1.1970507;
 0.05680969, 0.21615987, -0.97470385, -0.49303758;
 -0.084265545, 0.97383505, 0.21105586, 2.4985211;
 0, 0, 0, 1]
Twc:
[0.99482256, 0.05680969, -0.084265545, -0.95230454;
 0.070143931, 0.21615987, 0.97383505, -2.4105384;
 0.073538095, -0.97470385, 0.21105586, -1.095922;
 0, 0, 0, 1]
Ow:
[1.1970507;
 -0.49303758;
 2.4985211]
Keyframe: 125 Frame: 1106 Frame from vFrameID : 1107
Tcw:
[0.99699754, 0.067155518, 0.038549852, 1.2061983;
 0.023700271, 0.20930259, -0.97756368, -0.49294037;
 -0.073717378, 0.97554219, 0.20708255, 2.5035832;
 0, 0, 0, 1]
Twc:
[0.99699754, 0.023700271, -0.073717378, -1.0063362;
 0.067155518, 0.20930259, 0.97554219, -2.4201803;
 0.038549852, -0.97756368, 0.20708255, -1.0468278;
 0, 0, 0, 1]
Ow:
[1.2061983;
 -0.49294037;
 2.5035832]
Keyframe: 126 Frame: 1114 Frame from vFrameID : 1115
Tcw:
[0.9980554, 0.060203921, 0.016152877, 1.2249959;
 0.0029731265, 0.21286428, -0.97707725, -0.50027555;
 -0.062262252, 0.97522527, 0.21227135, 2.539762;
 0, 0, 0, 1]
Twc:
[0.9980554, 0.0029731265, -0.062262252, -1.0629951;
 0.060203921, 0.21286428, 0.97522527, -2.4440987;
 0.016152877, -0.97707725, 0.21227135, -1.0477138;
 0, 0, 0, 1]
Ow:
[1.2249959;
 -0.50027555;
 2.539762]
Keyframe: 127 Frame: 1123 Frame from vFrameID : 1124
Tcw:
[0.99429351, 0.08071664, 0.069751076, 1.2249506;
 0.051170841, 0.2128482, -0.97574443, -0.50482351;
 -0.093605205, 0.97374558, 0.20750324, 2.5651574;
 0, 0, 0, 1]
Twc:
[0.99429351, 0.051170841, -0.093605205, -0.95201612;
 0.08071664, 0.2128482, 0.97374558, -2.489234;
 0.069751076, -0.97574443, 0.20750324, -1.1102989;
 0, 0, 0, 1]
Ow:
[1.2249506;
 -0.50482351;
 2.5651574]
Keyframe: 128 Frame: 1131 Frame from vFrameID : 1132
Tcw:
[0.99442232, 0.073166192, 0.075966522, 1.2410986;
 0.05841323, 0.21765465, -0.9742763, -0.50032717;
 -0.087818556, 0.9732796, 0.21216677, 2.5913644;
 0, 0, 0, 1]
Twc:
[0.99442232, 0.05841323, -0.087818556, -0.97738069;
 0.073166192, 0.21765465, 0.9732796, -2.5040298;
 0.075966522, -0.9742763, 0.21216677, -1.1315403;
 0, 0, 0, 1]
Ow:
[1.2410986;
 -0.50032717;
 2.5913644]
Keyframe: 129 Frame: 1139 Frame from vFrameID : 1140
Tcw:
[0.99806625, 0.058091909, 0.022114689, 1.2589369;
 0.0096296817, 0.20697725, -0.97829837, -0.50288564;
 -0.061408456, 0.97661954, 0.2060176, 2.5937614;
 0, 0, 0, 1]
Twc:
[0.99806625, 0.0096296817, -0.061408456, -1.092381;
 0.058091909, 0.20697725, 0.97661954, -2.5021663;
 0.022114689, -0.97829837, 0.2060176, -1.0541737;
 0, 0, 0, 1]
Ow:
[1.2589369;
 -0.50288564;
 2.5937614]
Keyframe: 130 Frame: 1148 Frame from vFrameID : 1149
Tcw:
[0.99881858, 0.048555993, -0.0019506379, 1.2769742;
 -0.012609938, 0.22020853, -0.9753713, -0.51408517;
 -0.046930574, 0.97424358, 0.22056065, 2.6014664;
 0, 0, 0, 1]
Twc:
[0.99881858, -0.012609938, -0.046930574, -1.1598598;
 0.048555993, 0.22020853, 0.97424358, -2.4832606;
 -0.0019506379, -0.9753713, 0.22056065, -1.0727141;
 0, 0, 0, 1]
Ow:
[1.2769742;
 -0.51408517;
 2.6014664]
Keyframe: 131 Frame: 1155 Frame from vFrameID : 1156
Tcw:
[0.99890959, 0.045009162, 0.012400927, 1.2911359;
 0.0018876223, 0.22646825, -0.97401673, -0.48943216;
 -0.046648093, 0.97297806, 0.22613634, 2.6091633;
 0, 0, 0, 1]
Twc:
[0.99890959, 0.0018876223, -0.046648093, -1.1670917;
 0.045009162, 0.22646825, 0.97297806, -2.4859307;
 0.012400927, -0.97401673, 0.22613634, -1.0827531;
 0, 0, 0, 1]
Ow:
[1.2911359;
 -0.48943216;
 2.6091633]
Keyframe: 132 Frame: 1163 Frame from vFrameID : 1164
Tcw:
[0.99797451, 0.039604925, 0.049782217, 1.285661;
 0.040021632, 0.21740024, -0.97526169, -0.51765651;
 -0.049447831, 0.97527874, 0.21537484, 2.6377003;
 0, 0, 0, 1]
Twc:
[0.99797451, 0.040021632, -0.049447831, -1.1319109;
 0.039604925, 0.21740024, 0.97527874, -2.5108728;
 0.049782217, -0.97526169, 0.21537484, -1.1369479;
 0, 0, 0, 1]
Ow:
[1.285661;
 -0.51765651;
 2.6377003]
Keyframe: 133 Frame: 1171 Frame from vFrameID : 1172
Tcw:
[0.99979788, 0.020055592, -0.0013946062, 1.307212;
 -0.0060186372, 0.23240532, -0.9726004, -0.49767983;
 -0.019181963, 0.97241223, 0.23247905, 2.6471465;
 0, 0, 0, 1]
Twc:
[0.99979788, -0.0060186372, -0.019181963, -1.2591658;
 0.020055592, 0.23240532, 0.97241223, -2.4846711;
 -0.0013946062, -0.9726004, 0.23247905, -1.0976267;
 0, 0, 0, 1]
Ow:
[1.307212;
 -0.49767983;
 2.6471465]
Keyframe: 134 Frame: 1179 Frame from vFrameID : 1180
Tcw:
[0.99971241, 0.020924453, -0.011716071, 1.3071563;
 -0.016293243, 0.23416804, -0.97205961, -0.52391708;
 -0.017596286, 0.97197092, 0.23444162, 2.6663873;
 0, 0, 0, 1]
Twc:
[0.99971241, -0.016293243, -0.017596286, -1.2683982;
 0.020924453, 0.23416804, 0.97197092, -2.4963179;
 -0.011716071, -0.97205961, 0.23444162, -1.119076;
 0, 0, 0, 1]
Ow:
[1.3071563;
 -0.52391708;
 2.6663873]
Keyframe: 135 Frame: 1187 Frame from vFrameID : 1188
Tcw:
[0.99938738, 0.028455967, 0.020374361, 1.3070341;
 0.013170203, 0.2335818, -0.97224796, -0.50398153;
 -0.032425337, 0.97192067, 0.23306394, 2.6829085;
 0, 0, 0, 1]
Twc:
[0.99938738, 0.013170203, -0.032425337, -1.2126018;
 0.028455967, 0.2335818, 0.97192067, -2.5270462;
 0.020374361, -0.97224796, 0.23306394, -1.1419142;
 0, 0, 0, 1]
Ow:
[1.3070341;
 -0.50398153;
 2.6829085]
Keyframe: 136 Frame: 1196 Frame from vFrameID : 1197
Tcw:
[0.99900568, 0.032351959, 0.030675083, 1.3034005;
 0.022944024, 0.21685416, -0.97593433, -0.49569964;
 -0.038225409, 0.97566777, 0.21589625, 2.7002554;
 0, 0, 0, 1]
Twc:
[0.99900568, 0.022944024, -0.038225409, -1.1875129;
 0.032351959, 0.21685416, 0.97566777, -2.5692253;
 0.030675083, -0.97593433, 0.21589625, -1.1067272;
 0, 0, 0, 1]
Ow:
[1.3034005;
 -0.49569964;
 2.7002554]
Keyframe: 137 Frame: 1204 Frame from vFrameID : 1205
Tcw:
[0.9993487, 0.015699025, -0.032491568, 1.3176062;
 -0.034973394, 0.1995582, -0.97926164, -0.5002892;
 -0.0088894945, 0.97976023, 0.19997728, 2.7147343;
 0, 0, 0, 1]
Twc:
[0.9993487, -0.034973394, -0.0088894945, -1.3101122;
 0.015699025, 0.1995582, 0.97976023, -2.580637;
 -0.032491568, -0.97926164, 0.19997728, -0.98998821;
 0, 0, 0, 1]
Ow:
[1.3176062;
 -0.5002892;
 2.7147343]
Keyframe: 138 Frame: 1212 Frame from vFrameID : 1213
Tcw:
[0.99966228, 0.017022144, -0.019637013, 1.3122666;
 -0.022570141, 0.19410513, -0.98072106, -0.50353968;
 -0.01288233, 0.98083305, 0.19442376, 2.7212439;
 0, 0, 0, 1]
Twc:
[0.99966228, -0.022570141, -0.01288233, -1.2881323;
 0.017022144, 0.19410513, 0.98083305, -2.5936837;
 -0.019637013, -0.98072106, 0.19442376, -0.99713743;
 0, 0, 0, 1]
Ow:
[1.3122666;
 -0.50353968;
 2.7212439]
Keyframe: 139 Frame: 1220 Frame from vFrameID : 1221
Tcw:
[0.99956554, 0.029438065, 0.0014673765, 1.3098574;
 -0.0040259631, 0.18568003, -0.982602, -0.49692419;
 -0.029198365, 0.98216921, 0.18571788, 2.7319636;
 0, 0, 0, 1]
Twc:
[0.99956554, -0.0040259631, -0.029198365, -1.2315201;
 0.029438065, 0.18568003, 0.98216921, -2.6295412;
 0.0014673765, -0.982602, 0.18571788, -0.99757522;
 0, 0, 0, 1]
Ow:
[1.3098574;
 -0.49692419;
 2.7319636]
Keyframe: 140 Frame: 1228 Frame from vFrameID : 1229
Tcw:
[0.99804974, 0.033900533, 0.052416496, 1.3117874;
 0.043789275, 0.21822152, -0.97491634, -0.51085496;
 -0.04448859, 0.97531027, 0.21631145, 2.7352724;
 0, 0, 0, 1]
Twc:
[0.99804974, 0.043789275, -0.04448859, -1.1651707;
 0.033900533, 0.21822152, 0.97531027, -2.6007299;
 0.052416496, -0.97491634, 0.21631145, -1.1584709;
 0, 0, 0, 1]
Ow:
[1.3117874;
 -0.51085496;
 2.7352724]
Keyframe: 141 Frame: 1237 Frame from vFrameID : 1238
Tcw:
[0.99998951, -0.00064050569, -0.0045313197, 1.3331743;
 -0.0042792666, 0.22007576, -0.9754734, -0.51919174;
 0.0016220299, 0.97548258, 0.22007072, 2.7519238;
 0, 0, 0, 1]
Twc:
[0.99998951, -0.0042792666, 0.0016220299, -1.3398459;
 -0.00064050569, 0.22007576, 0.97548258, -2.5693383;
 -0.0045313197, -0.9754734, 0.22007072, -1.1060345;
 0, 0, 0, 1]
Ow:
[1.3331743;
 -0.51919174;
 2.7519238]
Keyframe: 142 Frame: 1246 Frame from vFrameID : 1247
Tcw:
[0.99979937, -0.0075693, -0.018546423, 1.3335062;
 -0.016306309, 0.23022544, -0.97300071, -0.51873565;
 0.011634792, 0.97310787, 0.23005582, 2.7705674;
 0, 0, 0, 1]
Twc:
[0.99979937, -0.016306309, 0.011634792, -1.3739322;
 -0.0075693, 0.23022544, 0.97310787, -2.5665412;
 -0.018546423, -0.97300071, 0.23005582, -1.1173835;
 0, 0, 0, 1]
Ow:
[1.3335062;
 -0.51873565;
 2.7705674]
Keyframe: 143 Frame: 1254 Frame from vFrameID : 1255
Tcw:
[0.99914008, -0.026479794, -0.031905059, 1.3368795;
 -0.025844753, 0.20396471, -0.97863704, -0.52042037;
 0.032421611, 0.97862005, 0.20310496, 2.7836261;
 0, 0, 0, 1]
Twc:
[0.99914008, -0.025844753, 0.032421611, -1.4394296;
 -0.026479794, 0.20396471, 0.97862005, -2.5825648;
 -0.031905059, -0.97863704, 0.20310496, -1.0320177;
 0, 0, 0, 1]
Ow:
[1.3368795;
 -0.52042037;
 2.7836261]
Keyframe: 144 Frame: 1262 Frame from vFrameID : 1263
Tcw:
[0.99977988, -0.01947601, -0.0078003542, 1.3308977;
 -0.003594924, 0.20726921, -0.97827733, -0.52222079;
 0.020669712, 0.97809005, 0.20715357, 2.8033867;
 0, 0, 0, 1]
Twc:
[0.99977988, -0.003594924, 0.020669712, -1.3904272;
 -0.01947601, 0.20726921, 0.97809005, -2.6078038;
 -0.0078003542, -0.97827733, 0.20715357, -1.0812268;
 0, 0, 0, 1]
Ow:
[1.3308977;
 -0.52222079;
 2.8033867]
Keyframe: 145 Frame: 1270 Frame from vFrameID : 1271
Tcw:
[0.99945772, 0.0070316941, -0.032168094, 1.3376348;
 -0.03292064, 0.23356411, -0.97178394, -0.52992833;
 0.00068002474, 0.97231597, 0.23366894, 2.8190985;
 0, 0, 0, 1]
Twc:
[0.99945772, -0.03292064, 0.00068002474, -1.3562722;
 0.0070316941, 0.23356411, 0.97231597, -2.6266882;
 -0.032168094, -0.97178394, 0.23366894, -1.1306825;
 0, 0, 0, 1]
Ow:
[1.3376348;
 -0.52992833;
 2.8190985]
Keyframe: 146 Frame: 1279 Frame from vFrameID : 1280
Tcw:
[0.99888438, -0.034197509, -0.032566603, 1.3361064;
 -0.024654541, 0.21052849, -0.9772768, -0.52147311;
 0.040276628, 0.97698939, 0.20945048, 2.8372228;
 0, 0, 0, 1]
Twc:
[0.99888438, -0.024654541, 0.040276628, -1.4617463;
 -0.034197509, 0.21052849, 0.97698939, -2.6164603;
 -0.032566603, -0.9772768, 0.20945048, -1.0603688;
 0, 0, 0, 1]
Ow:
[1.3361064;
 -0.52147311;
 2.8372228]
Keyframe: 147 Frame: 1287 Frame from vFrameID : 1288
Tcw:
[0.99969709, 0.013331793, -0.020688679, 1.3287644;
 -0.023272974, 0.23854934, -0.97085148, -0.53612953;
 -0.0080079203, 0.97103888, 0.23878734, 2.840744;
 0, 0, 0, 1]
Twc:
[0.99969709, -0.023272974, -0.0080079203, -1.3180907;
 0.013331793, 0.23854934, 0.97103888, -2.6482944;
 -0.020688679, -0.97085148, 0.23878734, -1.1713455;
 0, 0, 0, 1]
Ow:
[1.3287644;
 -0.53612953;
 2.840744]
Keyframe: 148 Frame: 1296 Frame from vFrameID : 1297
Tcw:
[0.99886912, 0.030513952, 0.036460299, 1.3276943;
 0.026990181, 0.26739377, -0.96320927, -0.5378145;
 -0.039140578, 0.96310407, 0.26626781, 2.8531945;
 0, 0, 0, 1]
Twc:
[0.99886912, 0.026990181, -0.039140578, -1.2000016;
 0.030513952, 0.26739377, 0.96310407, -2.644628;
 0.036460299, -0.96320927, 0.26626781, -1.3261498;
 0, 0, 0, 1]
Ow:
[1.3276943;
 -0.5378145;
 2.8531945]
Keyframe: 149 Frame: 1304 Frame from vFrameID : 1305
Tcw:
[0.99960774, 0.02741486, -0.0057225609, 1.3371539;
 -0.012762098, 0.26401982, -0.96443284, -0.54521084;
 -0.024928922, 0.96412754, 0.26426613, 2.8643196;
 0, 0, 0, 1]
Twc:
[0.99960774, -0.012762098, -0.024928922, -1.2721831;
 0.02741486, 0.26401982, 0.96412754, -2.6542809;
 -0.0057225609, -0.96443284, 0.26426613, -1.27511;
 0, 0, 0, 1]
Ow:
[1.3371539;
 -0.54521084;
 2.8643196]
Keyframe: 150 Frame: 1311 Frame from vFrameID : 1312
Tcw:
[0.99942011, 0.012775674, -0.03156253, 1.3437084;
 -0.03388571, 0.28219149, -0.95875949, -0.54497993;
 -0.0033421221, 0.95927304, 0.28246075, 2.8683445;
 0, 0, 0, 1]
Twc:
[0.99942011, -0.03388571, -0.0033421221, -1.3518099;
 0.012775674, 0.28219149, 0.95927304, -2.6149037;
 -0.03156253, -0.95875949, 0.28246075, -1.2902886;
 0, 0, 0, 1]
Ow:
[1.3437084;
 -0.54497993;
 2.8683445]
Keyframe: 151 Frame: 1319 Frame from vFrameID : 1320
Tcw:
[0.99967515, 0.014305031, -0.021094063, 1.3394322;
 -0.024177724, 0.27039111, -0.96244693, -0.54372966;
 -0.0080641862, 0.96264428, 0.27064914, 2.8826227;
 0, 0, 0, 1]
Twc:
[0.99967515, -0.024177724, -0.0080641862, -1.3288972;
 0.014305031, 0.27039111, 0.96264428, -2.6470811;
 -0.021094063, -0.96244693, 0.27064914, -1.2752361;
 0, 0, 0, 1]
Ow:
[1.3394322;
 -0.54372966;
 2.8826227]
Keyframe: 152 Frame: 1327 Frame from vFrameID : 1328
Tcw:
[0.99985182, 0.017129352, 0.0017019158, 1.3252077;
 -0.0028707751, 0.26341629, -0.96467799, -0.533333;
 -0.016972622, 0.96453017, 0.26342642, 2.8994088;
 0, 0, 0, 1]
Twc:
[0.99985182, -0.0028707751, -0.016972622, -1.2773319;
 0.017129352, 0.26341629, 0.96453017, -2.6787784;
 0.0017019158, -0.96467799, 0.26342642, -1.2805309;
 0, 0, 0, 1]
Ow:
[1.3252077;
 -0.533333;
 2.8994088]
Keyframe: 153 Frame: 1335 Frame from vFrameID : 1336
Tcw:
[0.99974453, 0.018108854, 0.013525782, 1.3463994;
 0.0078552142, 0.28274655, -0.95916247, -0.54873616;
 -0.021193702, 0.95902371, 0.28253207, 2.9084635;
 0, 0, 0, 1]
Twc:
[0.99974453, 0.0078552142, -0.021193702, -1.2801038;
 0.018108854, 0.28274655, 0.95902371, -2.6585138;
 0.013525782, -0.95916247, 0.28253207, -1.3662724;
 0, 0, 0, 1]
Ow:
[1.3463994;
 -0.54873616;
 2.9084635]
Keyframe: 154 Frame: 1342 Frame from vFrameID : 1343
Tcw:
[0.99983275, 0.012571465, -0.013282525, 1.3542233;
 -0.0162089, 0.27277476, -0.96194136, -0.54763633;
 -0.008469875, 0.96199578, 0.27293292, 2.9192102;
 0, 0, 0, 1]
Twc:
[0.99983275, -0.0162089, -0.008469875, -1.3381479;
 0.012571465, 0.27277476, 0.96199578, -2.6759112;
 -0.013282525, -0.96194136, 0.27293292, -1.3055551;
 0, 0, 0, 1]
Ow:
[1.3542233;
 -0.54763633;
 2.9192102]
Keyframe: 155 Frame: 1351 Frame from vFrameID : 1352
Tcw:
[0.9994036, 0.0084050903, -0.033493482, 1.3542826;
 -0.034531884, 0.24573912, -0.96872073, -0.54902399;
 8.8473702e-05, 0.96929955, 0.24588281, 2.931524;
 0, 0, 0, 1]
Twc:
[0.9994036, -0.034531884, 8.8473702e-05, -1.3726932;
 0.0084050903, 0.24573912, 0.96929955, -2.7179914;
 -0.033493482, -0.96872073, 0.24588281, -1.2073027;
 0, 0, 0, 1]
Ow:
[1.3542826;
 -0.54902399;
 2.931524]
Keyframe: 156 Frame: 1358 Frame from vFrameID : 1359
Tcw:
[0.99997741, 0.0039525158, 0.0054414198, 1.3485839;
 0.0043458906, 0.23771949, -0.97132415, -0.54599398;
 -0.0051327054, 0.97132581, 0.23769693, 2.9415975;
 0, 0, 0, 1]
Twc:
[0.99997741, 0.0043458906, -0.0051327054, -1.3310821;
 0.0039525158, 0.23771949, 0.97132581, -2.7327864;
 0.0054414198, -0.97132415, 0.23769693, -1.236884;
 0, 0, 0, 1]
Ow:
[1.3485839;
 -0.54599398;
 2.9415975]
Keyframe: 157 Frame: 1366 Frame from vFrameID : 1367
Tcw:
[0.9995622, 0.0035336728, 0.029376073, 1.344346;
 0.027512502, 0.25428027, -0.96673918, -0.55000705;
 -0.010885895, 0.9671241, 0.25407171, 2.9581423;
 0, 0, 0, 1]
Twc:
[0.9995622, 0.027512502, -0.010885895, -1.2964233;
 0.0035336728, 0.25428027, 0.9671241, -2.7257855;
 0.029376073, -0.96673918, 0.25407171, -1.3227853;
 0, 0, 0, 1]
Ow:
[1.344346;
 -0.55000705;
 2.9581423]
Keyframe: 158 Frame: 1373 Frame from vFrameID : 1374
Tcw:
[0.99774539, -0.06194292, 0.025829758, 1.3673137;
 0.039734956, 0.23506042, -0.97116822, -0.54349703;
 0.054085441, 0.97000498, 0.23699175, 2.9799407;
 0, 0, 0, 1]
Twc:
[0.99774539, 0.039734956, 0.054085441, -1.5038065;
 -0.06194292, 0.23506042, 0.97000498, -2.6781073;
 0.025829758, -0.97116822, 0.23699175, -1.2693658;
 0, 0, 0, 1]
Ow:
[1.3673137;
 -0.54349703;
 2.9799407]
Keyframe: 159 Frame: 1382 Frame from vFrameID : 1383
Tcw:
[0.99792421, -0.059281491, 0.025158964, 1.3786198;
 0.038864497, 0.24287088, -0.96927977, -0.5540123;
 0.051349971, 0.96824557, 0.24467067, 2.9886932;
 0, 0, 0, 1]
Twc:
[0.99792421, 0.038864497, 0.051349971, -1.507696;
 -0.059281491, 0.24287088, 0.96824557, -2.6775086;
 0.025158964, -0.96927977, 0.24467067, -1.3029231;
 0, 0, 0, 1]
Ow:
[1.3786198;
 -0.5540123;
 2.9886932]
Keyframe: 160 Frame: 1390 Frame from vFrameID : 1391
Tcw:
[0.99313313, -0.11652008, 0.010471997, 1.379295;
 0.034894865, 0.20959802, -0.9771648, -0.55231977;
 0.11166441, 0.97082013, 0.21222469, 3.0153575;
 0, 0, 0, 1]
Twc:
[0.99313313, 0.034894865, 0.11166441, -1.6872586;
 -0.11652008, 0.20959802, 0.97082013, -2.6508892;
 0.010471997, -0.9771648, 0.21222469, -1.1940848;
 0, 0, 0, 1]
Ow:
[1.379295;
 -0.55231977;
 3.0153575]
Keyframe: 161 Frame: 1398 Frame from vFrameID : 1399
Tcw:
[0.99603379, -0.010957778, 0.088298187, 1.3812147;
 0.088178463, 0.25410277, -0.96314919, -0.54880142;
 -0.011882839, 0.96711516, 0.25406119, 3.0126426;
 0, 0, 0, 1]
Twc:
[0.99603379, 0.088178463, -0.011882839, -1.2915454;
 -0.010957778, 0.25410277, 0.96711516, -2.7589853;
 0.088298187, -0.96314919, 0.25406119, -1.4159319;
 0, 0, 0, 1]
Ow:
[1.3812147;
 -0.54880142;
 3.0126426]
Keyframe: 162 Frame: 1406 Frame from vFrameID : 1407
Tcw:
[0.99839306, -0.05666621, 0.00053453393, 1.4014535;
 0.014808463, 0.25177991, -0.96767122, -0.55219704;
 0.054699674, 0.96612412, 0.25221443, 3.0203328;
 0, 0, 0, 1]
Twc:
[0.99839306, 0.014808463, 0.054699674, -1.5562354;
 -0.05666621, 0.25177991, 0.96612412, -2.699569;
 0.00053453393, -0.96767122, 0.25221443, -1.2968659;
 0, 0, 0, 1]
Ow:
[1.4014535;
 -0.55219704;
 3.0203328]
Keyframe: 163 Frame: 1415 Frame from vFrameID : 1416
Tcw:
[0.99849766, -0.052892443, -0.014312901, 1.39337;
 -0.00026591314, 0.25652868, -0.96653658, -0.54846179;
 0.054794151, 0.96508831, 0.25612921, 3.033915;
 0, 0, 0, 1]
Twc:
[0.99849766, -0.00026591314, 0.054794151, -1.5576633;
 -0.052892443, 0.25652868, 0.96508831, -2.7136011;
 -0.014312901, -0.96653658, 0.25612921, -1.2872396;
 0, 0, 0, 1]
Ow:
[1.39337;
 -0.54846179;
 3.033915]
Keyframe: 164 Frame: 1423 Frame from vFrameID : 1424
Tcw:
[0.99507695, -0.081362382, -0.056586768, 1.4033738;
 -0.030177061, 0.29511261, -0.9549858, -0.55693489;
 0.094399385, 0.95199198, 0.29120445, 3.0536537;
 0, 0, 0, 1]
Twc:
[0.99507695, -0.030177061, 0.094399385, -1.7015345;
 -0.081362382, 0.29511261, 0.95199198, -2.6285136;
 -0.056586768, -0.9549858, 0.29120445, -1.3416902;
 0, 0, 0, 1]
Ow:
[1.4033738;
 -0.55693489;
 3.0536537]
Keyframe: 165 Frame: 1432 Frame from vFrameID : 1433
Tcw:
[0.9968183, -0.059536614, -0.052997101, 1.4050754;
 -0.034029704, 0.28337607, -0.9584049, -0.56886864;
 0.072078295, 0.95715904, 0.28044844, 3.0614381;
 0, 0, 0, 1]
Twc:
[0.9968183, -0.034029704, 0.072078295, -1.6406265;
 -0.059536614, 0.28337607, 0.95715904, -2.685426;
 -0.052997101, -0.9584049, 0.28044844, -1.3293171;
 0, 0, 0, 1]
Ow:
[1.4050754;
 -0.56886864;
 3.0614381]
Keyframe: 166 Frame: 1440 Frame from vFrameID : 1441
Tcw:
[0.99729741, -0.029541887, -0.067269042, 1.4106425;
 -0.054683518, 0.31301269, -0.9481734, -0.57357788;
 0.049066894, 0.94928938, 0.31055129, 3.0710275;
 0, 0, 0, 1]
Twc:
[0.99729741, -0.054683518, 0.049066894, -1.5888813;
 -0.029541887, 0.31301269, 0.94928938, -2.6940837;
 -0.067269042, -0.9481734, 0.31055129, -1.4026703;
 0, 0, 0, 1]
Ow:
[1.4106425;
 -0.57357788;
 3.0710275]
Keyframe: 167 Frame: 1448 Frame from vFrameID : 1449
Tcw:
[0.99677211, -0.044131931, -0.067064978, 1.3991426;
 -0.052992068, 0.26585579, -0.96255523, -0.57838529;
 0.060309034, 0.96300209, 0.26265901, 3.0923767;
 0, 0, 0, 1]
Twc:
[0.99677211, -0.052992068, 0.060309034, -1.6117746;
 -0.044131931, 0.26585579, 0.96300209, -2.7624516;
 -0.067064978, -0.96255523, 0.26265901, -1.2751349;
 0, 0, 0, 1]
Ow:
[1.3991426;
 -0.57838529;
 3.0923767]
Keyframe: 168 Frame: 1455 Frame from vFrameID : 1456
Tcw:
[0.99977601, -0.01991893, -0.007157417, 1.4111576;
 -0.0016869991, 0.26209158, -0.96504152, -0.58280265;
 0.021098493, 0.96483743, 0.26199928, 3.1015594;
 0, 0, 0, 1]
Twc:
[0.99977601, -0.0016869991, 0.021098493, -1.477263;
 -0.01991893, 0.26209158, 0.96483743, -2.8116441;
 -0.007157417, -0.96504152, 0.26199928, -1.3649348;
 0, 0, 0, 1]
Ow:
[1.4111576;
 -0.58280265;
 3.1015594]
Keyframe: 169 Frame: 1462 Frame from vFrameID : 1463
Tcw:
[0.99948227, -0.022621648, 0.022878516, 1.4206688;
 0.027985169, 0.26040342, -0.96509421, -0.58062541;
 0.015874378, 0.96523488, 0.26090169, 3.1041231;
 0, 0, 0, 1]
Twc:
[0.99948227, 0.027985169, 0.015874378, -1.4529604;
 -0.022621648, 0.26040342, 0.96523488, -2.8128729;
 0.022878516, -0.96509421, 0.26090169, -1.4027319;
 0, 0, 0, 1]
Ow:
[1.4206688;
 -0.58062541;
 3.1041231]
Keyframe: 170 Frame: 1470 Frame from vFrameID : 1471
Tcw:
[0.99412256, -0.012543575, 0.10753153, 1.4204959;
 0.10767906, 0.21738367, -0.97012866, -0.58002228;
 -0.011206716, 0.97600561, 0.21745668, 3.1164649;
 0, 0, 0, 1]
Twc:
[0.99412256, 0.10767906, -0.011206716, -1.3147655;
 -0.012543575, 0.21738367, 0.97600561, -2.8977818;
 0.10753153, -0.97012866, 0.21745668, -1.3931404;
 0, 0, 0, 1]
Ow:
[1.4204959;
 -0.58002228;
 3.1164649]
Keyframe: 171 Frame: 1478 Frame from vFrameID : 1479
Tcw:
[0.98984182, 0.017684273, 0.14106885, 1.4095105;
 0.13492247, 0.1959776, -0.97128201, -0.54574549;
 -0.044822749, 0.9804489, 0.19160081, 3.118686;
 0, 0, 0, 1]
Twc:
[0.98984182, 0.13492247, -0.044822749, -1.181771;
 0.017684273, 0.1959776, 0.9804489, -2.9756844;
 0.14106885, -0.97128201, 0.19160081, -1.3264536;
 0, 0, 0, 1]
Ow:
[1.4095105;
 -0.54574549;
 3.118686]
Keyframe: 172 Frame: 1486 Frame from vFrameID : 1487
Tcw:
[0.98944581, -0.022963002, 0.14307216, 1.4150846;
 0.14462431, 0.21772744, -0.96523499, -0.55801147;
 -0.0089860409, 0.97573942, 0.21875051, 3.1333179;
 0, 0, 0, 1]
Twc:
[0.98944581, 0.14462431, -0.0089860409, -1.2912914;
 -0.022963002, 0.21772744, 0.97573942, -2.9033129;
 0.14307216, -0.96523499, 0.21875051, -1.4264863;
 0, 0, 0, 1]
Ow:
[1.4150846;
 -0.55801147;
 3.1333179]
Keyframe: 173 Frame: 1494 Frame from vFrameID : 1495
Tcw:
[0.99335897, -0.018895268, 0.11349429, 1.4154661;
 0.114714, 0.23869856, -0.96429443, -0.55294174;
 -0.0088703223, 0.97090989, 0.23928089, 3.1426976;
 0, 0, 0, 1]
Twc:
[0.99335897, 0.114714, -0.0088703223, -1.314759;
 -0.018895268, 0.23869856, 0.97090989, -2.8925438;
 0.11349429, -0.96429443, 0.23928089, -1.4458333;
 0, 0, 0, 1]
Ow:
[1.4154661;
 -0.55294174;
 3.1426976]
Keyframe: 174 Frame: 1502 Frame from vFrameID : 1503
Tcw:
[0.98920572, -0.069587007, 0.12895627, 1.4287651;
 0.1436073, 0.28538615, -0.94759256, -0.57336634;
 0.0291378, 0.95588303, 0.29229879, 3.1418629;
 0, 0, 0, 1]
Twc:
[0.98920572, 0.1436073, 0.0291378, -1.4225498;
 -0.069587007, 0.28538615, 0.95588303, -2.7401991;
 0.12895627, -0.94759256, 0.29229879, -1.6459286;
 0, 0, 0, 1]
Ow:
[1.4287651;
 -0.57336634;
 3.1418629]
Keyframe: 175 Frame: 1510 Frame from vFrameID : 1511
Tcw:
[0.99017823, -0.042572252, 0.13317165, 1.4301009;
 0.13946939, 0.23423761, -0.96212322, -0.58032137;
 0.0097659416, 0.97124678, 0.23787451, 3.1561389;
 0, 0, 0, 1]
Twc:
[0.99017823, 0.13946939, 0.0097659416, -1.3659403;
 -0.042572252, 0.23423761, 0.97124678, -2.8685741;
 0.13317165, -0.96212322, 0.23787451, -1.4995545;
 0, 0, 0, 1]
Ow:
[1.4301009;
 -0.58032137;
 3.1561389]
Keyframe: 176 Frame: 1519 Frame from vFrameID : 1520
Tcw:
[0.99613607, -0.061731983, 0.062466662, 1.4375209;
 0.077325568, 0.27927971, -0.95709121, -0.5712896;
 0.041637465, 0.95822334, 0.28297403, 3.1679969;
 0, 0, 0, 1]
Twc:
[0.99613607, 0.077325568, 0.041637465, -1.5196985;
 -0.061731983, 0.27927971, 0.95822334, -2.787358;
 0.062466662, -0.95709121, 0.28297403, -1.5330343;
 0, 0, 0, 1]
Ow:
[1.4375209;
 -0.5712896;
 3.1679969]
Keyframe: 177 Frame: 1528 Frame from vFrameID : 1529
Tcw:
[0.99361467, -0.086760722, 0.072127946, 1.4416764;
 0.090971746, 0.23791915, -0.96701533, -0.57593912;
 0.06673833, 0.96740222, 0.24429274, 3.1775644;
 0, 0, 0, 1]
Twc:
[0.99361467, 0.090971746, 0.06673833, -1.592142;
 -0.086760722, 0.23791915, 0.96740222, -2.8118751;
 0.072127946, -0.96701533, 0.24429274, -1.437183;
 0, 0, 0, 1]
Ow:
[1.4416764;
 -0.57593912;
 3.1775644]
Keyframe: 178 Frame: 1536 Frame from vFrameID : 1537
Tcw:
[0.99620998, -0.039932907, 0.077272438, 1.4428531;
 0.085461386, 0.28404367, -0.95499504, -0.57131147;
 0.016186984, 0.95797944, 0.28637984, 3.185324;
 0, 0, 0, 1]
Twc:
[0.99620998, 0.085461386, 0.016186984, -1.4401205;
 -0.039932907, 0.28404367, 0.95797944, -2.8315799;
 0.077272438, -0.95499504, 0.28637984, -1.5693051;
 0, 0, 0, 1]
Ow:
[1.4428531;
 -0.57131147;
 3.185324]
Keyframe: 179 Frame: 1544 Frame from vFrameID : 1545
Tcw:
[0.99258453, -0.10172704, 0.06653975, 1.4481037;
 0.09184996, 0.26911151, -0.95871925, -0.57689828;
 0.079621054, 0.95772159, 0.27645954, 3.1949303;
 0, 0, 0, 1]
Twc:
[0.99258453, 0.09184996, 0.079621054, -1.638761;
 -0.10172704, 0.26911151, 0.95772159, -2.7572925;
 0.06653975, -0.95871925, 0.27645954, -1.532709;
 0, 0, 0, 1]
Ow:
[1.4481037;
 -0.57689828;
 3.1949303]
Keyframe: 180 Frame: 1553 Frame from vFrameID : 1554
Tcw:
[0.99622518, -0.084435984, 0.020147817, 1.4444113;
 0.04369672, 0.2872363, -0.95686251, -0.55798477;
 0.075006448, 0.95413095, 0.28984162, 3.2157648;
 0, 0, 0, 1]
Twc:
[0.99622518, 0.04369672, 0.075006448, -1.65578;
 -0.084435984, 0.2872363, 0.95413095, -2.786027;
 0.020147817, -0.95686251, 0.28984162, -1.4950789;
 0, 0, 0, 1]
Ow:
[1.4444113;
 -0.55798477;
 3.2157648]
Keyframe: 181 Frame: 1561 Frame from vFrameID : 1562
Tcw:
[0.99648356, -0.058745485, -0.059745178, 1.4439983;
 -0.03810009, 0.31737691, -0.94753379, -0.56698555;
 0.074625075, 0.94647813, 0.31402269, 3.215467;
 0, 0, 0, 1]
Twc:
[0.99648356, -0.03810009, 0.074625075, -1.7004772;
 -0.058745485, 0.31737691, 0.94647813, -2.7785926;
 -0.059745178, -0.94753379, 0.31402269, -1.4606955;
 0, 0, 0, 1]
Ow:
[1.4439983;
 -0.56698555;
 3.215467]
Keyframe: 182 Frame: 1569 Frame from vFrameID : 1570
Tcw:
[0.99628848, -0.085629389, -0.0087692915, 1.4345751;
 0.016553393, 0.29057336, -0.9567095, -0.5724057;
 0.084470578, 0.95301348, 0.29091233, 3.2384281;
 0, 0, 0, 1]
Twc:
[0.99628848, 0.016553393, 0.084470578, -1.6933272;
 -0.085629389, 0.29057336, 0.95301348, -2.7970982;
 -0.0087692915, -0.9567095, 0.29091233, -1.4771446;
 0, 0, 0, 1]
Ow:
[1.4345751;
 -0.5724057;
 3.2384281]
Keyframe: 183 Frame: 1578 Frame from vFrameID : 1579
Tcw:
[0.99825364, -0.041927822, -0.041613922, 1.4414521;
 -0.026271082, 0.31585759, -0.94844282, -0.58885032;
 0.052910212, 0.94787979, 0.31420448, 3.2461112;
 0, 0, 0, 1]
Twc:
[0.99825364, -0.026271082, 0.052910212, -1.626157;
 -0.041927822, 0.31585759, 0.94787979, -2.8304932;
 -0.041613922, -0.94844282, 0.31420448, -1.5184492;
 0, 0, 0, 1]
Ow:
[1.4414521;
 -0.58885032;
 3.2461112]
Keyframe: 184 Frame: 1587 Frame from vFrameID : 1588
Tcw:
[0.99968976, -0.023975007, 0.0067490716, 1.4462513;
 0.013493107, 0.29354849, -0.95584893, -0.5917033;
 0.020935304, 0.95564348, 0.29378092, 3.2469027;
 0, 0, 0, 1]
Twc:
[0.99968976, 0.013493107, 0.020935304, -1.5057937;
 -0.023975007, 0.29354849, 0.95564348, -2.8945141;
 0.0067490716, -0.95584893, 0.29378092, -1.529218;
 0, 0, 0, 1]
Ow:
[1.4462513;
 -0.5917033;
 3.2469027]
Keyframe: 185 Frame: 1595 Frame from vFrameID : 1596
Tcw:
[0.99625367, 0.0014301542, 0.086467244, 1.4346768;
 0.083154492, 0.25872836, -0.96236426, -0.58699036;
 -0.023747856, 0.96594906, 0.25764012, 3.2601182;
 0, 0, 0, 1]
Twc:
[0.99625367, 0.083154492, -0.023747856, -1.3030703;
 0.0014301542, 0.25872836, 0.96594906, -2.9992888;
 0.086467244, -0.96236426, 0.25764012, -1.5288885;
 0, 0, 0, 1]
Ow:
[1.4346768;
 -0.58699036;
 3.2601182]
