Keyframe: 0 Frame: 0 Frame from vFrameID : 65
Tcw:
[1, 0, 0, 0;
 0, 1, 0, 0;
 0, 0, 1, 0;
 0, 0, 0, 1]
Twc:
[1, 0, 0, 0;
 0, 1, 0, 0;
 0, 0, 1, 0;
 0, 0, 0, 1]
Ow:
[0;
 0;
 0]
Keyframe: 1 Frame: 1101 Frame from vFrameID : 65
Tcw:
[0.99981505, 0.011527715, -0.015394375, 0.01590462;
 -0.011198042, 0.99970973, 0.021332325, 0.0031639766;
 0.015635818, -0.021155994, 0.99965394, 0.028637324;
 0, 0, 0, 1]
Twc:
[0.99981505, -0.011198042, 0.015635818, -0.016314017;
 0.011527715, 0.99970973, -0.021155994, -0.002740551;
 -0.015394375, 0.021332325, 0.99965394, -0.028450066;
 0, 0, 0, 1]
Ow:
[0.01590462;
 0.0031639766;
 0.028637324]
Keyframe: 2 Frame: 1104 Frame from vFrameID : 67
Tcw:
[0.99994648, 0.010016647, -0.0026006326, 0.016978394;
 -0.0099867722, 0.99988675, 0.011257216, 0.0054184934;
 0.0027130977, -0.011230641, 0.99993324, 0.031991392;
 0, 0, 0, 1]
Twc:
[0.99994648, -0.0099867722, 0.0027130977, -0.017010167;
 0.010016647, 0.99988675, -0.011230641, -0.0052286629;
 -0.0026006326, 0.011257216, 0.99993324, -0.0320061;
 0, 0, 0, 1]
Ow:
[0.016978394;
 0.0054184934;
 0.031991392]
Keyframe: 3 Frame: 1106 Frame from vFrameID : 68
Tcw:
[0.99986738, 0.014098798, 0.0081520593, 0.016794374;
 -0.014174256, 0.99985653, 0.0092738848, 0.0054469458;
 -0.0080201393, -0.0093882037, 0.99992377, 0.038073402;
 0, 0, 0, 1]
Twc:
[0.99986738, -0.014174256, -0.0080201393, -0.016409585;
 0.014098798, 0.99985653, -0.0093882037, -0.0053255041;
 0.0081520593, 0.0092738848, 0.99992377, -0.038257923;
 0, 0, 0, 1]
Ow:
[0.016794374;
 0.0054469458;
 0.038073402]
Keyframe: 4 Frame: 1108 Frame from vFrameID : 69
Tcw:
[0.99992377, 0.0036038405, 0.011810393, 0.015765928;
 -0.0036348477, 0.99998999, 0.0026050021, 0.0066051888;
 -0.011800887, -0.0026477326, 0.99992687, 0.042091645;
 0, 0, 0, 1]
Twc:
[0.99992377, -0.0036348477, -0.011800887, -0.015243998;
 0.0036038405, 0.99998999, -0.0026477326, -0.0065504932;
 0.011810393, 0.0026050021, 0.99992687, -0.042291973;
 0, 0, 0, 1]
Ow:
[0.015765928;
 0.0066051888;
 0.042091645]
Keyframe: 5 Frame: 1111 Frame from vFrameID : 70
Tcw:
[0.99957955, -0.01121123, 0.026740756, 0.014045243;
 0.011020833, 0.99991292, 0.0072568925, 0.0081248432;
 -0.026819786, -0.0069591356, 0.99961609, 0.048245195;
 0, 0, 0, 1]
Twc:
[0.99957955, 0.011020833, -0.026819786, -0.012834954;
 -0.01121123, 0.99991292, -0.0069591356, -0.0076309261;
 0.026740756, 0.0072568925, 0.99961609, -0.048661213;
 0, 0, 0, 1]
Ow:
[0.014045243;
 0.0081248432;
 0.048245195]
Keyframe: 6 Frame: 1114 Frame from vFrameID : 72
Tcw:
[0.9994598, -0.0095890276, 0.031435303, 0.01766241;
 0.0092193503, 0.99988687, 0.011883879, 0.0084510893;
 -0.031545702, -0.011587647, 0.99943513, 0.054494664;
 0, 0, 0, 1]
Twc:
[0.9994598, 0.0092193503, -0.031545702, -0.016011709;
 -0.0095890276, 0.99988687, -0.011587647, -0.0076493029;
 0.031435303, 0.011883879, 0.99943513, -0.055119537;
 0, 0, 0, 1]
Ow:
[0.01766241;
 0.0084510893;
 0.054494664]
Keyframe: 7 Frame: 1117 Frame from vFrameID : 74
Tcw:
[0.99929821, -0.0033672401, 0.037306339, 0.018833309;
 0.0027254478, 0.99984765, 0.01724082, 0.0081780888;
 -0.037358709, -0.017127044, 0.99915516, 0.059822965;
 0, 0, 0, 1]
Twc:
[0.99929821, 0.0027254478, -0.037358709, -0.016607473;
 -0.0033672401, 0.99984765, -0.017127044, -0.0070888358;
 0.037306339, 0.01724082, 0.99915516, -0.06061602;
 0, 0, 0, 1]
Ow:
[0.018833309;
 0.0081780888;
 0.059822965]
Keyframe: 8 Frame: 1121 Frame from vFrameID : 76
Tcw:
[0.99974138, -0.00023352278, 0.022741131, 0.020611022;
 -5.2830859e-05, 0.99992073, 0.012590467, 0.011535048;
 -0.02274227, -0.012588412, 0.9996621, 0.068120278;
 0, 0, 0, 1]
Twc:
[0.99974138, -5.2830859e-05, -0.02274227, -0.019055871;
 -0.00023352278, 0.99992073, -0.012588412, -0.010671793;
 0.022741131, 0.012590467, 0.9996621, -0.068711206;
 0, 0, 0, 1]
Ow:
[0.020611022;
 0.011535048;
 0.068120278]
Keyframe: 9 Frame: 1125 Frame from vFrameID : 78
Tcw:
[0.99980915, -0.00054315652, -0.019527936, 0.023375148;
 0.00078714057, 0.99992168, 0.012488589, 0.01209204;
 0.019519623, -0.012501577, 0.9997313, 0.076560996;
 0, 0, 0, 1]
Twc:
[0.99980915, 0.00078714057, 0.019519623, -0.024874648;
 -0.00054315652, 0.99992168, -0.012501577, -0.011121264;
 -0.019527936, 0.012488589, 0.9997313, -0.076234967;
 0, 0, 0, 1]
Ow:
[0.023375148;
 0.01209204;
 0.076560996]
Keyframe: 10 Frame: 1129 Frame from vFrameID : 80
Tcw:
[0.99864805, 0.0088339318, -0.051225085, 0.030830655;
 -0.0079725757, 0.99982381, 0.016995149, 0.015686704;
 0.051366191, -0.016563777, 0.99854249, 0.083006173;
 0, 0, 0, 1]
Twc:
[0.99864805, -0.0079725757, 0.051366191, -0.034927625;
 0.0088339318, 0.99982381, -0.016563777, -0.0145814;
 -0.051225085, 0.016995149, 0.99854249, -0.081572495;
 0, 0, 0, 1]
Ow:
[0.030830655;
 0.015686704;
 0.083006173]
Keyframe: 11 Frame: 1133 Frame from vFrameID : 82
Tcw:
[0.99827564, 0.016585736, -0.056308627, 0.033900354;
 -0.014914749, 0.9994396, 0.029967176, 0.012734737;
 0.056774098, -0.029075673, 0.99796361, 0.093677029;
 0, 0, 0, 1]
Twc:
[0.99827564, -0.014914749, 0.056774098, -0.038970392;
 0.016585736, 0.9994396, -0.029075673, -0.010566141;
 -0.056308627, 0.029967176, 0.99796361, -0.091959;
 0, 0, 0, 1]
Ow:
[0.033900354;
 0.012734737;
 0.093677029]
Keyframe: 12 Frame: 1137 Frame from vFrameID : 85
Tcw:
[0.99858904, 0.014532192, -0.051076144, 0.036859963;
 -0.01375363, 0.99978429, 0.015561725, 0.018099319;
 0.051291276, -0.014837286, 0.99857354, 0.10240622;
 0, 0, 0, 1]
Twc:
[0.99858904, -0.01375363, 0.051291276, -0.041811567;
 0.014532192, 0.99978429, -0.014837286, -0.017111642;
 -0.051076144, 0.015561725, 0.99857354, -0.10065912;
 0, 0, 0, 1]
Ow:
[0.036859963;
 0.018099319;
 0.10240622]
Keyframe: 13 Frame: 1142 Frame from vFrameID : 88
Tcw:
[0.9997105, 0.0081243869, -0.022647049, 0.03480256;
 -0.0075932336, 0.99969637, 0.023441687, 0.020138539;
 0.022830622, -0.023262937, 0.99946868, 0.11682317;
 0, 0, 0, 1]
Twc:
[0.9997105, -0.0075932336, 0.022830622, -0.037306715;
 0.0081243869, 0.99969637, -0.023262937, -0.017697524;
 -0.022647049, 0.023441687, 0.99946868, -0.116445;
 0, 0, 0, 1]
Ow:
[0.03480256;
 0.020138539;
 0.11682317]
Keyframe: 14 Frame: 1147 Frame from vFrameID : 91
Tcw:
[0.99967533, -0.020610509, 0.014979579, 0.032423005;
 0.020305401, 0.99958885, 0.020242725, 0.021775376;
 -0.015390635, -0.019931987, 0.99968284, 0.1285502;
 0, 0, 0, 1]
Twc:
[0.99967533, 0.020305401, -0.015390635, -0.030876169;
 -0.020610509, 0.99958885, -0.019931987, -0.01853591;
 0.014979579, 0.020242725, 0.99968284, -0.12943591;
 0, 0, 0, 1]
Ow:
[0.032423005;
 0.021775376;
 0.1285502]
Keyframe: 15 Frame: 1152 Frame from vFrameID : 94
Tcw:
[0.99931622, -0.011001252, 0.035298984, 0.037345245;
 0.010374132, 0.99978596, 0.017900204, 0.024472848;
 -0.035488356, -0.017521769, 0.9992165, 0.13715625;
 0, 0, 0, 1]
Twc:
[0.99931622, 0.010374132, -0.035488356, -0.032706149;
 -0.011001252, 0.99978596, -0.017521769, -0.021653544;
 0.035298984, 0.017900204, 0.9992165, -0.13880509;
 0, 0, 0, 1]
Ow:
[0.037345245;
 0.024472848;
 0.13715625]
Keyframe: 16 Frame: 1157 Frame from vFrameID : 97
Tcw:
[0.99916154, 0.0062307441, 0.040465113, 0.040429916;
 -0.0067849434, 0.99988484, 0.01357287, 0.026946187;
 -0.040375885, -0.013836042, 0.99908876, 0.14967552;
 0, 0, 0, 1]
Twc:
[0.99916154, -0.0067849434, -0.040375885, -0.034169909;
 0.0062307441, 0.99988484, -0.013836042, -0.025124077;
 0.040465113, 0.01357287, 0.99908876, -0.15154086;
 0, 0, 0, 1]
Ow:
[0.040429916;
 0.026946187;
 0.14967552]
Keyframe: 17 Frame: 1163 Frame from vFrameID : 101
Tcw:
[0.99993032, 0.011443685, 0.0028986305, 0.043280169;
 -0.011443201, 0.99993449, -0.0001836291, 0.027967205;
 -0.002900542, 0.00015044669, 0.99999577, 0.16340674;
 0, 0, 0, 1]
Twc:
[0.99993032, -0.011443201, -0.002900542, -0.042483151;
 0.011443685, 0.99993449, 0.00015044669, -0.028485242;
 0.0028986305, -0.0001836291, 0.99999577, -0.16352637;
 0, 0, 0, 1]
Ow:
[0.043280169;
 0.027967205;
 0.16340674]
Keyframe: 18 Frame: 1169 Frame from vFrameID : 105
Tcw:
[0.999654, 0.0183788, -0.01881825, 0.047791574;
 -0.018010994, 0.99964702, 0.01953157, 0.031271242;
 0.019170573, -0.019185876, 0.99963212, 0.17674345;
 0, 0, 0, 1]
Twc:
[0.999654, -0.018010994, 0.019170573, -0.050600085;
 0.0183788, 0.99964702, -0.019185876, -0.028747575;
 -0.01881825, 0.01953157, 0.99963212, -0.17638986;
 0, 0, 0, 1]
Ow:
[0.047791574;
 0.031271242;
 0.17674345]
Keyframe: 19 Frame: 1176 Frame from vFrameID : 109
Tcw:
[0.99977314, 0.020418962, 0.0060589304, 0.049473144;
 -0.020565085, 0.9994728, 0.025123646, 0.03500976;
 -0.0055427374, -0.02524255, 0.99966598, 0.19068407;
 0, 0, 0, 1]
Twc:
[0.99977314, -0.020565085, -0.0055427374, -0.047685031;
 0.020418962, 0.9994728, -0.02524255, -0.031188142;
 0.0060589304, 0.025123646, 0.99966598, -0.1917997;
 0, 0, 0, 1]
Ow:
[0.049473144;
 0.03500976;
 0.19068407]
Keyframe: 20 Frame: 1182 Frame from vFrameID : 113
Tcw:
[0.99959612, 0.012695533, 0.025425803, 0.049341805;
 -0.013240673, 0.99968356, 0.021388065, 0.037684072;
 -0.025146224, -0.021716081, 0.99944788, 0.20574677;
 0, 0, 0, 1]
Twc:
[0.99959612, -0.013240673, -0.025146224, -0.043649159;
 0.012695533, 0.99968356, -0.021716081, -0.033830557;
 0.025425803, 0.021388065, 0.99944788, -0.20769371;
 0, 0, 0, 1]
Ow:
[0.049341805;
 0.037684072;
 0.20574677]
Keyframe: 21 Frame: 1189 Frame from vFrameID : 117
Tcw:
[0.99926317, 0.0025937906, 0.038292773, 0.049441986;
 -0.0031869132, 0.99987578, 0.015436242, 0.04109066;
 -0.03824798, -0.015546905, 0.99914736, 0.21769352;
 0, 0, 0, 1]
Twc:
[0.99926317, -0.0031869132, -0.03824798, -0.040948268;
 0.0025937906, 0.99987578, -0.015546905, -0.037829332;
 0.038292773, 0.015436242, 0.99914736, -0.22003545;
 0, 0, 0, 1]
Ow:
[0.049441986;
 0.04109066;
 0.21769352]
Keyframe: 22 Frame: 1196 Frame from vFrameID : 121
Tcw:
[0.99945867, 0.011306108, 0.030895619, 0.055128098;
 -0.01172761, 0.99984014, 0.013495776, 0.043625142;
 -0.030738097, -0.013850803, 0.99943149, 0.23367734;
 0, 0, 0, 1]
Twc:
[0.99945867, -0.01172761, -0.030738097, -0.047403838;
 0.011306108, 0.99984014, -0.013850803, -0.041004837;
 0.030895619, 0.013495776, 0.99943149, -0.23583648;
 0, 0, 0, 1]
Ow:
[0.055128098;
 0.043625142;
 0.23367734]
Keyframe: 23 Frame: 1203 Frame from vFrameID : 125
Tcw:
[0.99945337, 0.032888412, 0.0033622736, 0.062677421;
 -0.032933187, 0.99935579, 0.01426355, 0.044764213;
 -0.002891002, -0.014366483, 0.99989259, 0.24883677;
 0, 0, 0, 1]
Twc:
[0.99945337, -0.032933187, -0.002891002, -0.060449548;
 0.032888412, 0.99935579, -0.014366483, -0.043221824;
 0.0033622736, 0.01426355, 0.99989259, -0.2496593;
 0, 0, 0, 1]
Ow:
[0.062677421;
 0.044764213;
 0.24883677]
Keyframe: 24 Frame: 1209 Frame from vFrameID : 129
Tcw:
[0.99979347, 0.020196835, 0.0022581264, 0.064694405;
 -0.020220386, 0.99973565, 0.010944042, 0.046589229;
 -0.0020364944, -0.010987442, 0.99993753, 0.25829953;
 0, 0, 0, 1]
Twc:
[0.99979347, -0.020220386, -0.0020364944, -0.063212968;
 0.020196835, 0.99973565, -0.010987442, -0.045045484;
 0.0022581264, 0.010944042, 0.99993753, -0.25893939;
 0, 0, 0, 1]
Ow:
[0.064694405;
 0.046589229;
 0.25829953]
Keyframe: 25 Frame: 1215 Frame from vFrameID : 133
Tcw:
[0.9988746, 0.018224791, 0.043787319, 0.066236019;
 -0.018476024, 0.99981505, 0.0053397156, 0.050720543;
 -0.043681905, -0.006142722, 0.9990266, 0.27148131;
 0, 0, 0, 1]
Twc:
[0.9988746, -0.018476024, -0.043681905, -0.053365547;
 0.018224791, 0.99981505, -0.006142722, -0.050250668;
 0.043787319, 0.0053397156, 0.9990266, -0.27438816;
 0, 0, 0, 1]
Ow:
[0.066236019;
 0.050720543;
 0.27148131]
Keyframe: 26 Frame: 1222 Frame from vFrameID : 137
Tcw:
[0.99766636, -0.0035343936, 0.068186186, 0.065577753;
 0.001324335, 0.99947315, 0.032430127, 0.054805763;
 -0.068264887, -0.032264147, 0.99714541, 0.28540653;
 0, 0, 0, 1]
Twc:
[0.99766636, 0.001324335, -0.068264887, -0.046014059;
 -0.0035343936, 0.99947315, -0.032264147, -0.045336712;
 0.068186186, 0.032430127, 0.99714541, -0.29084066;
 0, 0, 0, 1]
Ow:
[0.065577753;
 0.054805763;
 0.28540653]
Keyframe: 27 Frame: 1228 Frame from vFrameID : 140
Tcw:
[0.99794322, 0.0088373246, 0.063491933, 0.071594022;
 -0.010069504, 0.99976665, 0.019113166, 0.056788366;
 -0.063308202, -0.019713186, 0.99779934, 0.2992802;
 0, 0, 0, 1]
Twc:
[0.99794322, -0.010069504, -0.063308202, -0.051928047;
 0.0088373246, 0.99976665, -0.019713186, -0.051508043;
 0.063491933, 0.019113166, 0.99779934, -0.30425262;
 0, 0, 0, 1]
Ow:
[0.071594022;
 0.056788366;
 0.2992802]
Keyframe: 28 Frame: 1235 Frame from vFrameID : 1236
Tcw:
[0.998941, 0.037672628, 0.026413329, 0.084752783;
 -0.037379771, 0.99923503, -0.011494938, 0.058410753;
 -0.026826167, 0.01049544, 0.99958503, 0.314906;
 0, 0, 0, 1]
Twc:
[0.998941, -0.037379771, -0.026826167, -0.074031934;
 0.037672628, 0.99923503, 0.01049544, -0.06486401;
 0.026413329, -0.011494938, 0.99958503, -0.3163425;
 0, 0, 0, 1]
Ow:
[0.084752783;
 0.058410753;
 0.314906]
Keyframe: 29 Frame: 1241 Frame from vFrameID : 1242
Tcw:
[0.99926513, 0.02988586, 0.024000091, 0.08666759;
 -0.029784091, 0.99954581, -0.0045867744, 0.060794547;
 -0.024126271, 0.0038685831, 0.99970144, 0.32541934;
 0, 0, 0, 1]
Twc:
[0.99926513, -0.029784091, -0.024126271, -0.076942042;
 0.02988586, 0.99954581, 0.0038685831, -0.064615987;
 0.024000091, -0.0045867744, 0.99970144, -0.32712334;
 0, 0, 0, 1]
Ow:
[0.08666759;
 0.060794547;
 0.32541934]
Keyframe: 30 Frame: 1247 Frame from vFrameID : 1248
Tcw:
[0.99865866, 0.030840805, 0.041590229, 0.090322979;
 -0.031422101, 0.99941641, 0.01339606, 0.063248351;
 -0.041152813, -0.014684943, 0.99904495, 0.33824584;
 0, 0, 0, 1]
Twc:
[0.99865866, -0.031422101, -0.041152813, -0.074294657;
 0.030840805, 0.99941641, -0.014684943, -0.061029952;
 0.041590229, 0.01339606, 0.99904495, -0.34252664;
 0, 0, 0, 1]
Ow:
[0.090322979;
 0.063248351;
 0.33824584]
Keyframe: 31 Frame: 1255 Frame from vFrameID : 1256
Tcw:
[0.9980514, 0.010507894, 0.061505847, 0.090445153;
 -0.0092358273, 0.99973828, -0.020929936, 0.068822198;
 -0.06170968, 0.020321095, 0.99788725, 0.35690472;
 0, 0, 0, 1]
Twc:
[0.9980514, -0.0092358273, -0.06170968, -0.067608804;
 0.010507894, 0.99973828, 0.020321095, -0.077007271;
 0.061505847, -0.020929936, 0.99788725, -0.36027312;
 0, 0, 0, 1]
Ow:
[0.090445153;
 0.068822198;
 0.35690472]
Keyframe: 32 Frame: 1262 Frame from vFrameID : 1263
Tcw:
[0.99546373, 0.016180057, 0.093756109, 0.096124381;
 -0.017093988, 0.9998138, 0.0089530144, 0.072158545;
 -0.093593791, -0.010515067, 0.99555492, 0.37171602;
 0, 0, 0, 1]
Twc:
[0.99546373, -0.017093988, -0.093593791, -0.059664536;
 0.016180057, 0.9998138, -0.010515067, -0.069791786;
 0.093756109, 0.0089530144, 0.99555492, -0.379722;
 0, 0, 0, 1]
Ow:
[0.096124381;
 0.072158545;
 0.37171602]
Keyframe: 33 Frame: 1269 Frame from vFrameID : 1270
Tcw:
[0.99772578, 0.02955823, 0.060577452, 0.10333321;
 -0.028663933, 0.99946767, -0.015579268, 0.072062343;
 -0.0610057, 0.013807449, 0.99804193, 0.38560581;
 0, 0, 0, 1]
Twc:
[0.99772578, -0.028663933, -0.0610057, -0.077508464;
 0.02955823, 0.99946767, 0.013807449, -0.080402568;
 0.060577452, -0.015579268, 0.99804193, -0.38998774;
 0, 0, 0, 1]
Ow:
[0.10333321;
 0.072062343;
 0.38560581]
Keyframe: 34 Frame: 1276 Frame from vFrameID : 1277
Tcw:
[0.99836081, 0.0390932, 0.041801583, 0.11050017;
 -0.039136939, 0.99923384, 0.00022811738, 0.075734518;
 -0.041760638, -0.0018637294, 0.9991259, 0.39651096;
 0, 0, 0, 1]
Twc:
[0.99836081, -0.039136939, -0.041760638, -0.090796478;
 0.0390932, 0.99923384, -0.0018637294, -0.079257309;
 0.041801583, 0.00022811738, 0.9991259, -0.4008007;
 0, 0, 0, 1]
Ow:
[0.11050017;
 0.075734518;
 0.39651096]
Keyframe: 35 Frame: 1283 Frame from vFrameID : 1284
Tcw:
[0.99824381, 0.018808607, 0.056174479, 0.11267283;
 -0.019384233, 0.99976486, 0.0097198412, 0.081473805;
 -0.055978455, -0.010791671, 0.99837363, 0.41498011;
 0, 0, 0, 1]
Twc:
[0.99824381, -0.019384233, -0.055978455, -0.087665692;
 0.018808607, 0.99976486, -0.010791671, -0.079095542;
 0.056174479, 0.0097198412, 0.99837363, -0.42142648;
 0, 0, 0, 1]
Ow:
[0.11267283;
 0.081473805;
 0.41498011]
Keyframe: 36 Frame: 1290 Frame from vFrameID : 1291
Tcw:
[0.99429685, 0.0069595384, 0.10642047, 0.11363;
 -0.0064235064, 0.99996489, -0.0053788703, 0.084881447;
 -0.10645417, 0.0046646013, 0.99430668, 0.42923737;
 0, 0, 0, 1]
Twc:
[0.99429685, -0.0064235064, -0.10645417, -0.066742606;
 0.0069595384, 0.99996489, 0.0046646013, -0.087671503;
 0.10642047, -0.0053788703, 0.99430668, -0.43842956;
 0, 0, 0, 1]
Ow:
[0.11363;
 0.084881447;
 0.42923737]
Keyframe: 37 Frame: 1296 Frame from vFrameID : 1297
Tcw:
[0.98950273, 0.013645809, 0.14386834, 0.11711767;
 -0.014965884, 0.99985522, 0.0080973348, 0.085672788;
 -0.14373702, -0.010165452, 0.9895637, 0.44303945;
 0, 0, 0, 1]
Twc:
[0.98950273, -0.014965884, -0.14373702, -0.050924916;
 0.013645809, 0.99985522, -0.010165452, -0.08275485;
 0.14386834, 0.0080973348, 0.9895637, -0.45595902;
 0, 0, 0, 1]
Ow:
[0.11711767;
 0.085672788;
 0.44303945]
Keyframe: 38 Frame: 1303 Frame from vFrameID : 1304
Tcw:
[0.9943105, 0.025795238, 0.10335019, 0.12814374;
 -0.023058174, 0.99935329, -0.027591353, 0.090785168;
 -0.10399508, 0.025051305, 0.99426228, 0.4566578;
 0, 0, 0, 1]
Twc:
[0.9943105, -0.023058174, -0.10399508, -0.077831157;
 0.025795238, 0.99935329, 0.025051305, -0.10547183;
 0.10335019, -0.027591353, 0.99426228, -0.46477643;
 0, 0, 0, 1]
Ow:
[0.12814374;
 0.090785168;
 0.4566578]
Keyframe: 39 Frame: 1309 Frame from vFrameID : 1310
Tcw:
[0.99560112, 0.030115547, 0.088721439, 0.13110082;
 -0.030386331, 0.99953675, 0.0017027295, 0.091283903;
 -0.088629067, -0.0043911585, 0.99605501, 0.46880254;
 0, 0, 0, 1]
Twc:
[0.99560112, -0.030386331, -0.088629067, -0.086200811;
 0.030115547, 0.99953675, -0.0043911585, -0.093131207;
 0.088721439, 0.0017027295, 0.99605501, -0.47874004;
 0, 0, 0, 1]
Ow:
[0.13110082;
 0.091283903;
 0.46880254]
Keyframe: 40 Frame: 1316 Frame from vFrameID : 1317
Tcw:
[0.99651867, 0.021556467, 0.080534771, 0.13524348;
 -0.022770237, 0.99964011, 0.014183406, 0.093828551;
 -0.080200046, -0.015967824, 0.99665087, 0.48119399;
 0, 0, 0, 1]
Twc:
[0.99651867, -0.022770237, -0.080200046, -0.09404438;
 0.021556467, 0.99964011, -0.015967824, -0.089026533;
 0.080534771, 0.014183406, 0.99665087, -0.49180502;
 0, 0, 0, 1]
Ow:
[0.13524348;
 0.093828551;
 0.48119399]
Keyframe: 41 Frame: 1322 Frame from vFrameID : 1323
Tcw:
[0.99585217, 0.0040678168, 0.090895183, 0.13618481;
 -0.0063639986, 0.99966753, 0.024986334, 0.096869498;
 -0.090763323, -0.025461152, 0.99554694, 0.49486309;
 0, 0, 0, 1]
Twc:
[0.99585217, -0.0063639986, -0.090763323, -0.090088047;
 0.0040678168, 0.99966753, -0.025461152, -0.084791489;
 0.090895183, 0.024986334, 0.99554694, -0.50745839;
 0, 0, 0, 1]
Ow:
[0.13618481;
 0.096869498;
 0.49486309]
Keyframe: 42 Frame: 1329 Frame from vFrameID : 1330
Tcw:
[0.99368578, -0.0087058088, 0.11186069, 0.1392954;
 0.0059975176, 0.99968123, 0.024525018, 0.10064846;
 -0.11203854, -0.023699276, 0.9934212, 0.50953752;
 0, 0, 0, 1]
Twc:
[0.99368578, 0.0059975176, -0.11203854, -0.081931651;
 -0.0087058088, 0.99968123, -0.023699276, -0.087328017;
 0.11186069, 0.024525018, 0.9934212, -0.52423549;
 0, 0, 0, 1]
Ow:
[0.1392954;
 0.10064846;
 0.50953752]
Keyframe: 43 Frame: 1335 Frame from vFrameID : 1336
Tcw:
[0.99649757, 0.0069310316, 0.083334155, 0.14512427;
 -0.0085558156, 0.99977988, 0.019155931, 0.10323896;
 -0.083183043, -0.019801831, 0.99633753, 0.52106965;
 0, 0, 0, 1]
Twc:
[0.99649757, -0.0085558156, -0.083183043, -0.10038852;
 0.0069310316, 0.99977988, -0.019801831, -0.093903959;
 0.083334155, 0.019155931, 0.99633753, -0.53323269;
 0, 0, 0, 1]
Ow:
[0.14512427;
 0.10323896;
 0.52106965]
Keyframe: 44 Frame: 1342 Frame from vFrameID : 1343
Tcw:
[0.99884784, 0.032784585, 0.035045326, 0.15705837;
 -0.032823369, 0.99946105, 0.0005318186, 0.10459362;
 -0.035009, -0.0016815115, 0.9993856, 0.53259516;
 0, 0, 0, 1]
Twc:
[0.99884784, -0.032823369, -0.035009, -0.13479868;
 0.032784585, 0.99946105, -0.0016815115, -0.10879077;
 0.035045326, 0.0005318186, 0.9993856, -0.53782773;
 0, 0, 0, 1]
Ow:
[0.15705837;
 0.10459362;
 0.53259516]
Keyframe: 45 Frame: 1349 Frame from vFrameID : 1350
Tcw:
[0.99918598, 0.03480266, 0.020400371, 0.15927279;
 -0.034867816, 0.99938786, 0.002846776, 0.10334671;
 -0.020288808, -0.0035557752, 0.99978787, 0.54167706;
 0, 0, 0, 1]
Twc:
[0.99918598, -0.034867816, -0.020288808, -0.14454968;
 0.03480266, 0.99938786, -0.0035557752, -0.10690048;
 0.020400371, 0.002846776, 0.99978787, -0.54510552;
 0, 0, 0, 1]
Ow:
[0.15927279;
 0.10334671;
 0.54167706]
Keyframe: 46 Frame: 1356 Frame from vFrameID : 1357
Tcw:
[0.99809021, 0.032098234, 0.052779675, 0.15936047;
 -0.031646997, 0.99945527, -0.0093633058, 0.10497092;
 -0.053051468, 0.0076751057, 0.99856228, 0.5531885;
 0, 0, 0, 1]
Twc:
[0.99809021, -0.031646997, -0.053051468, -0.12638664;
 0.032098234, 0.99945527, 0.0076751057, -0.1142747;
 0.052779675, -0.0093633058, 0.99856228, -0.55982125;
 0, 0, 0, 1]
Ow:
[0.15936047;
 0.10497092;
 0.5531885]
Keyframe: 47 Frame: 1363 Frame from vFrameID : 1364
Tcw:
[0.99703103, 0.013853415, 0.075744435, 0.1584865;
 -0.012313922, 0.99970877, -0.020754237, 0.10657196;
 -0.076009892, 0.019759906, 0.99691123, 0.5633781;
 0, 0, 0, 1]
Twc:
[0.99703103, -0.012313922, -0.076009892, -0.11388132;
 0.013853415, 0.99970877, 0.019759906, -0.11986879;
 0.075744435, -0.020754237, 0.99691123, -0.57143062;
 0, 0, 0, 1]
Ow:
[0.1584865;
 0.10657196;
 0.5633781]
Keyframe: 48 Frame: 1370 Frame from vFrameID : 1371
Tcw:
[0.99706805, 0.0093019698, 0.075952388, 0.16136432;
 -0.0081955334, 0.99985588, -0.01486622, 0.11132396;
 -0.076079726, 0.014200162, 0.99700063, 0.57568961;
 0, 0, 0, 1]
Twc:
[0.99706805, -0.0081955334, -0.076079726, -0.11618054;
 0.0093019698, 0.99985588, 0.014200162, -0.12098381;
 0.075952388, -0.01486622, 0.99700063, -0.58456391;
 0, 0, 0, 1]
Ow:
[0.16136432;
 0.11132396;
 0.57568961]
Keyframe: 49 Frame: 1377 Frame from vFrameID : 1378
Tcw:
[0.99814433, 0.043879174, 0.042219464, 0.16835219;
 -0.043067839, 0.99887317, -0.019938907, 0.1120495;
 -0.043046791, 0.018083606, 0.99890935, 0.58727252;
 0, 0, 0, 1]
Twc:
[0.99814433, -0.043067839, -0.043046791, -0.13793385;
 0.043879174, 0.99887317, 0.018083606, -0.12993039;
 0.042219464, -0.019938907, 0.99890935, -0.59150565;
 0, 0, 0, 1]
Ow:
[0.16835219;
 0.1120495;
 0.58727252]
Keyframe: 50 Frame: 1384 Frame from vFrameID : 1385
Tcw:
[0.99890184, 0.030639755, 0.035445295, 0.17049821;
 -0.030200593, 0.99946111, -0.01285973, 0.11317065;
 -0.035820216, 0.011775139, 0.99928886, 0.59670818;
 0, 0, 0, 1]
Twc:
[0.99890184, -0.030200593, -0.035820216, -0.14551893;
 0.030639755, 0.99946111, 0.011775139, -0.12536001;
 0.035445295, -0.01285973, 0.99928886, -0.60087186;
 0, 0, 0, 1]
Ow:
[0.17049821;
 0.11317065;
 0.59670818]
Keyframe: 51 Frame: 1391 Frame from vFrameID : 1392
Tcw:
[0.99681288, 0.028677497, 0.074442238, 0.17227966;
 -0.028144334, 0.99957025, -0.0082015079, 0.11606966;
 -0.074645445, 0.0060802419, 0.99719161, 0.60940766;
 0, 0, 0, 1]
Twc:
[0.99681288, -0.028144334, -0.074645445, -0.12297439;
 0.028677497, 0.99957025, 0.0060802419, -0.12466567;
 0.074442238, -0.0082015079, 0.99719161, -0.61956912;
 0, 0, 0, 1]
Ow:
[0.17227966;
 0.11606966;
 0.60940766]
Keyframe: 52 Frame: 1398 Frame from vFrameID : 1399
Tcw:
[0.99405277, 0.015084432, 0.10784961, 0.17345881;
 -0.01502225, 0.99988621, -0.0013890272, 0.1177421;
 -0.10785828, -0.00023937726, 0.99416625, 0.61729228;
 0, 0, 0, 1]
Twc:
[0.99405277, -0.01502225, -0.10785828, -0.10407839;
 0.015084432, 0.99988621, -0.00023937726, -0.12019746;
 0.10784961, -0.0013890272, 0.99416625, -0.63223505;
 0, 0, 0, 1]
Ow:
[0.17345881;
 0.1177421;
 0.61729228]
Keyframe: 53 Frame: 1405 Frame from vFrameID : 1406
Tcw:
[0.99677157, 0.037205867, 0.071148515, 0.17945084;
 -0.037391093, 0.99929988, 0.0012728174, 0.11817355;
 -0.071051344, -0.0039290288, 0.9974649, 0.62696928;
 0, 0, 0, 1]
Twc:
[0.99677157, -0.037391093, -0.071051344, -0.12990585;
 0.037205867, 0.99929988, -0.0039290288, -0.12230407;
 0.071148515, 0.0012728174, 0.9974649, -0.63829798;
 0, 0, 0, 1]
Ow:
[0.17945084;
 0.11817355;
 0.62696928]
Keyframe: 54 Frame: 1412 Frame from vFrameID : 1413
Tcw:
[0.99856865, 0.050955933, 0.016250893, 0.18229629;
 -0.051042441, 0.99868423, 0.0049535553, 0.11900974;
 -0.015977098, -0.0057759508, 0.9998557, 0.63829243;
 0, 0, 0, 1]
Twc:
[0.99856865, -0.051042441, -0.015977098, -0.16576277;
 0.050955933, 0.99868423, -0.0057759508, -0.12445548;
 0.016250893, 0.0049535553, 0.9998557, -0.6417523;
 0, 0, 0, 1]
Ow:
[0.18229629;
 0.11900974;
 0.63829243]
Keyframe: 55 Frame: 1419 Frame from vFrameID : 1420
Tcw:
[0.99793124, 0.054281879, 0.034448285, 0.18373989;
 -0.054239798, 0.99852562, -0.002155564, 0.12165871;
 -0.034514502, 0.00028263684, 0.99940413, 0.65252918;
 0, 0, 0, 1]
Twc:
[0.99793124, -0.054239798, -0.034514502, -0.1542393;
 0.054281879, 0.99852562, 0.00028263684, -0.13163751;
 0.034448285, -0.002155564, 0.99940413, -0.65820765;
 0, 0, 0, 1]
Ow:
[0.18373989;
 0.12165871;
 0.65252918]
Keyframe: 56 Frame: 1426 Frame from vFrameID : 1427
Tcw:
[0.99454391, 0.04588015, 0.093688138, 0.18519162;
 -0.044892773, 0.9989121, -0.012620643, 0.12215815;
 -0.094165251, 0.0083458629, 0.99552161, 0.66015589;
 0, 0, 0, 1]
Twc:
[0.99454391, -0.044892773, -0.094165251, -0.11653343;
 0.04588015, 0.9989121, 0.0083458629, -0.13603145;
 0.093688138, -0.012620643, 0.99552161, -0.67300797;
 0, 0, 0, 1]
Ow:
[0.18519162;
 0.12215815;
 0.66015589]
Keyframe: 57 Frame: 1433 Frame from vFrameID : 1434
Tcw:
[0.99122244, 0.044703573, 0.12441752, 0.18670988;
 -0.044601023, 0.99899834, -0.0036109111, 0.12260685;
 -0.12445432, -0.0019699328, 0.99222338, 0.66897225;
 0, 0, 0, 1]
Twc:
[0.99122244, -0.044601023, -0.12445432, -0.096346132;
 0.044703573, 0.99899834, -0.0019699328, -0.12951282;
 0.12441752, -0.0036109111, 0.99222338, -0.68655717;
 0, 0, 0, 1]
Ow:
[0.18670988;
 0.12260685;
 0.66897225]
Keyframe: 58 Frame: 1440 Frame from vFrameID : 1441
Tcw:
[0.99508965, 0.062075064, 0.07709264, 0.19230217;
 -0.06135821, 0.99804801, -0.011634995, 0.12557547;
 -0.077664398, 0.0068475967, 0.99695605, 0.68180698;
 0, 0, 0, 1]
Twc:
[0.99508965, -0.06135821, -0.077664398, -0.13070069;
 0.062075064, 0.99804801, 0.0068475967, -0.14193626;
 0.07709264, -0.011634995, 0.99695605, -0.69309562;
 0, 0, 0, 1]
Ow:
[0.19230217;
 0.12557547;
 0.68180698]
Keyframe: 59 Frame: 1446 Frame from vFrameID : 1447
Tcw:
[0.9965564, 0.069237866, 0.045622543, 0.19352663;
 -0.068122916, 0.9973495, -0.025558075, 0.1266675;
 -0.047271207, 0.022362122, 0.99863178, 0.69064087;
 0, 0, 0, 1]
Twc:
[0.9965564, -0.068122916, -0.047271207, -0.15158382;
 0.069237866, 0.9973495, 0.022362122, -0.15517533;
 0.045622543, -0.025558075, 0.99863178, -0.69528764;
 0, 0, 0, 1]
Ow:
[0.19352663;
 0.1266675;
 0.69064087]
Keyframe: 60 Frame: 1453 Frame from vFrameID : 1454
Tcw:
[0.99715418, 0.059176922, 0.046708554, 0.19556859;
 -0.05904875, 0.99824661, -0.0041203559, 0.1288314;
 -0.046870485, 0.0013505486, 0.99890006, 0.69766122;
 0, 0, 0, 1]
Twc:
[0.99715418, -0.05904875, -0.046870485, -0.15470497;
 0.059176922, 0.99824661, 0.0013505486, -0.14112088;
 0.046708554, -0.0041203559, 0.99890006, -0.70549774;
 0, 0, 0, 1]
Ow:
[0.19556859;
 0.1288314;
 0.69766122]
Keyframe: 61 Frame: 1459 Frame from vFrameID : 1460
Tcw:
[0.99435729, 0.052375391, 0.092251964, 0.19742149;
 -0.050158951, 0.99839795, -0.026184432, 0.12968846;
 -0.093475588, 0.02140942, 0.99539137, 0.70692086;
 0, 0, 0, 1]
Twc:
[0.99435729, -0.050158951, -0.093475588, -0.12372262;
 0.052375391, 0.99839795, 0.02140942, -0.15495549;
 0.092251964, -0.026184432, 0.99539137, -0.71847963;
 0, 0, 0, 1]
Ow:
[0.19742149;
 0.12968846;
 0.70692086]
Keyframe: 62 Frame: 1466 Frame from vFrameID : 1467
Tcw:
[0.98842537, 0.050518837, 0.14304924, 0.20000306;
 -0.04789459, 0.99861598, -0.021731598, 0.13093261;
 -0.14394912, 0.014628778, 0.98947698, 0.71530902;
 0, 0, 0, 1]
Twc:
[0.98842537, -0.04789459, -0.14394912, -0.088449053;
 0.050518837, 0.99861598, 0.014628778, -0.15131943;
 0.14304924, -0.021731598, 0.98947698, -0.73354667;
 0, 0, 0, 1]
Ow:
[0.20000306;
 0.13093261;
 0.71530902]
Keyframe: 63 Frame: 1472 Frame from vFrameID : 1473
Tcw:
[0.99002761, 0.045523603, 0.13331528, 0.20128149;
 -0.042463459, 0.9987672, -0.025709607, 0.13162029;
 -0.13432132, 0.019792194, 0.99074018, 0.72052366;
 0, 0, 0, 1]
Twc:
[0.99002761, -0.042463459, -0.13432132, -0.096903503;
 0.045523603, 0.9987672, 0.019792194, -0.15488182;
 0.13331528, -0.025709607, 0.99074018, -0.73730171;
 0, 0, 0, 1]
Ow:
[0.20128149;
 0.13162029;
 0.72052366]
Keyframe: 64 Frame: 1479 Frame from vFrameID : 1480
Tcw:
[0.99261409, 0.044838335, 0.11272429, 0.20249987;
 -0.041274074, 0.99857742, -0.033757776, 0.13284288;
 -0.11407758, 0.028855855, 0.99305266, 0.72312975;
 0, 0, 0, 1]
Twc:
[0.99261409, -0.041274074, -0.11407758, -0.11302836;
 0.044838335, 0.99857742, 0.028855855, -0.16260017;
 0.11272429, -0.033757776, 0.99305266, -0.73644811;
 0, 0, 0, 1]
Ow:
[0.20249987;
 0.13284288;
 0.72312975]
Keyframe: 65 Frame: 1485 Frame from vFrameID : 1486
Tcw:
[0.99578679, 0.050461963, 0.076565772, 0.20282635;
 -0.04932275, 0.99864328, -0.016698832, 0.13339786;
 -0.07730455, 0.01285204, 0.9969247, 0.72670203;
 0, 0, 0, 1]
Twc:
[0.99578679, -0.04932275, -0.07730455, -0.13921487;
 0.050461963, 0.99864328, 0.01285204, -0.15279149;
 0.076565772, -0.016698832, 0.9969247, -0.73776913;
 0, 0, 0, 1]
Ow:
[0.20282635;
 0.13339786;
 0.72670203]
Keyframe: 66 Frame: 1491 Frame from vFrameID : 1492
Tcw:
[0.99608201, 0.051272608, 0.072053961, 0.20314278;
 -0.051415496, 0.99867731, 0.00012846902, 0.13416745;
 -0.071952075, -0.003832656, 0.9974007, 0.72922838;
 0, 0, 0, 1]
Twc:
[0.99608201, -0.051415496, -0.071952075, -0.14297909;
 0.051272608, 0.99867731, -0.003832656, -0.14161077;
 0.072053961, 0.00012846902, 0.9974007, -0.74198741;
 0, 0, 0, 1]
Ow:
[0.20314278;
 0.13416745;
 0.72922838]
Keyframe: 67 Frame: 1497 Frame from vFrameID : 1498
Tcw:
[0.99410278, 0.035405137, 0.10249964, 0.20412481;
 -0.0360438, 0.99934059, 0.00438492, 0.13330281;
 -0.10227681, -0.0080535384, 0.99472338, 0.73121816;
 0, 0, 0, 1]
Twc:
[0.99410278, -0.0360438, -0.10227681, -0.12332963;
 0.035405137, 0.99934059, -0.0080535384, -0.13455307;
 0.10249964, 0.00438492, 0.99472338, -0.74886703;
 0, 0, 0, 1]
Ow:
[0.20412481;
 0.13330281;
 0.73121816]
Keyframe: 68 Frame: 1502 Frame from vFrameID : 1503
Tcw:
[0.99188912, 0.030400176, 0.12341718, 0.20412949;
 -0.032868255, 0.99929738, 0.018010871, 0.1336154;
 -0.12278293, -0.021921294, 0.99219143, 0.73192823;
 0, 0, 0, 1]
Twc:
[0.99188912, -0.032868255, -0.12278293, -0.10821383;
 0.030400176, 0.99929738, -0.021921294, -0.1236823;
 0.12341718, 0.018010871, 0.99219143, -0.75381249;
 0, 0, 0, 1]
Ow:
[0.20412949;
 0.1336154;
 0.73192823]
Keyframe: 69 Frame: 1508 Frame from vFrameID : 1509
Tcw:
[0.99088603, 0.036760349, 0.12959002, 0.20446044;
 -0.039184164, 0.99910063, 0.016203029, 0.1332854;
 -0.12887783, -0.021133231, 0.99143529, 0.7338292;
 0, 0, 0, 1]
Twc:
[0.99088603, -0.039184164, -0.12887783, -0.10279999;
 0.036760349, 0.99910063, -0.021133231, -0.12517339;
 0.12959002, 0.016203029, 0.99143529, -0.75619978;
 0, 0, 0, 1]
Ow:
[0.20446044;
 0.1332854;
 0.7338292]
Keyframe: 70 Frame: 1514 Frame from vFrameID : 1515
Tcw:
[0.99530739, 0.039470762, 0.088347144, 0.20554341;
 -0.039442156, 0.99921972, -0.0020701764, 0.13319559;
 -0.088359922, -0.0014241399, 0.99608761, 0.73510963;
 0, 0, 0, 1]
Twc:
[0.99530739, -0.039442156, -0.088359922, -0.13437115;
 0.039470762, 0.99921972, -0.0014241399, -0.14015771;
 0.088347144, -0.0020701764, 0.99608761, -0.750117;
 0, 0, 0, 1]
Ow:
[0.20554341;
 0.13319559;
 0.73510963]
Keyframe: 71 Frame: 1520 Frame from vFrameID : 1521
Tcw:
[0.99624455, 0.064788282, 0.057439838, 0.20641664;
 -0.065675102, 0.99774718, 0.013686264, 0.13319662;
 -0.056423727, -0.017407233, 0.99825513, 0.73702216;
 0, 0, 0, 1]
Twc:
[0.99624455, -0.065675102, -0.056423727, -0.1553082;
 0.064788282, 0.99774718, -0.017407233, -0.13344042;
 0.057439838, 0.013686264, 0.99825513, -0.74941564;
 0, 0, 0, 1]
Ow:
[0.20641664;
 0.13319662;
 0.73702216]
Keyframe: 72 Frame: 1526 Frame from vFrameID : 1527
Tcw:
[0.99636924, 0.065084703, 0.054884244, 0.20769317;
 -0.065682888, 0.99779844, 0.0091645764, 0.13313717;
 -0.054166939, -0.012736258, 0.99845064, 0.73931366;
 0, 0, 0, 1]
Twc:
[0.99636924, -0.065682888, -0.054166939, -0.1581479;
 0.065084703, 0.99779844, -0.012736258, -0.13694562;
 0.054884244, 0.0091645764, 0.99845064, -0.7507875;
 0, 0, 0, 1]
Ow:
[0.20769317;
 0.13313717;
 0.73931366]
Keyframe: 73 Frame: 1533 Frame from vFrameID : 1534
Tcw:
[0.9972524, 0.021959374, 0.070749007, 0.20717645;
 -0.021316867, 0.99972451, -0.0098238308, 0.13428797;
 -0.070945241, 0.0082886918, 0.99744576, 0.74215329;
 0, 0, 0, 1]
Twc:
[0.9972524, -0.021316867, -0.070945241, -0.15109237;
 0.021959374, 0.99972451, 0.0082886918, -0.14495191;
 0.070749007, -0.0098238308, 0.99744576, -0.75359601;
 0, 0, 0, 1]
Ow:
[0.20717645;
 0.13428797;
 0.74215329]
Keyframe: 74 Frame: 1539 Frame from vFrameID : 1540
Tcw:
[0.99597842, 0.015031024, 0.08832366, 0.20787902;
 -0.016741667, 0.9996857, 0.018659094, 0.13449521;
 -0.088015437, -0.020062741, 0.99591702, 0.74365163;
 0, 0, 0, 1]
Twc:
[0.99597842, -0.016741667, -0.088015437, -0.13933851;
 0.015031024, 0.9996857, -0.020062741, -0.12265789;
 0.08832366, 0.018659094, 0.99591702, -0.76148558;
 0, 0, 0, 1]
Ow:
[0.20787902;
 0.13449521;
 0.74365163]
Keyframe: 75 Frame: 1545 Frame from vFrameID : 1546
Tcw:
[0.99734205, 0.02772535, 0.067380279, 0.20890382;
 -0.028739002, 0.99948722, 0.014121067, 0.13503246;
 -0.06695421, -0.016019976, 0.99762744, 0.74585009;
 0, 0, 0, 1]
Twc:
[0.99734205, -0.028739002, -0.06695421, -0.15453006;
 0.02772535, 0.99948722, -0.016019976, -0.12880664;
 0.067380279, 0.014121067, 0.99762744, -0.76006329;
 0, 0, 0, 1]
Ow:
[0.20890382;
 0.13503246;
 0.74585009]
Keyframe: 76 Frame: 1552 Frame from vFrameID : 1553
Tcw:
[0.99855441, 0.035260301, 0.040568594, 0.21022974;
 -0.03608264, 0.99915421, 0.019719673, 0.1353002;
 -0.039838959, -0.021154989, 0.99898213, 0.74829996;
 0, 0, 0, 1]
Twc:
[0.99855441, -0.03608264, -0.039838959, -0.17523235;
 0.035260301, 0.99915421, -0.021154989, -0.12676826;
 0.040568594, 0.019719673, 0.99898213, -0.75873512;
 0, 0, 0, 1]
Ow:
[0.21022974;
 0.1353002;
 0.74829996]
Keyframe: 77 Frame: 1559 Frame from vFrameID : 1560
Tcw:
[0.99901557, 0.031438392, 0.031297714, 0.21114087;
 -0.031796593, 0.9994337, 0.011013749, 0.13589329;
 -0.030933734, -0.011998068, 0.99944943, 0.7509436;
 0, 0, 0, 1]
Twc:
[0.99901557, -0.031796593, -0.030933734, -0.18338259;
 0.031438392, 0.9994337, -0.011998068, -0.13344438;
 0.031297714, 0.011013749, 0.99944943, -0.7586351;
 0, 0, 0, 1]
Ow:
[0.21114087;
 0.13589329;
 0.7509436]
Keyframe: 78 Frame: 1565 Frame from vFrameID : 1566
Tcw:
[0.99731177, 0.036683381, 0.063431457, 0.21203631;
 -0.036023568, 0.99928463, -0.01151495, 0.13605566;
 -0.063808486, 0.0091989674, 0.99791974, 0.75289601;
 0, 0, 0, 1]
Twc:
[0.99731177, -0.036023568, -0.063808486, -0.15852393;
 0.036683381, 0.99928463, 0.0091989674, -0.15066241;
 0.063431457, -0.01151495, 0.99791974, -0.76321292;
 0, 0, 0, 1]
Ow:
[0.21203631;
 0.13605566;
 0.75289601]
Keyframe: 79 Frame: 1572 Frame from vFrameID : 1573
Tcw:
[0.99391699, 0.025285354, 0.10719012, 0.21254452;
 -0.027197657, 0.99949527, 0.016415881, 0.13662142;
 -0.10672094, -0.019231342, 0.99410301, 0.75468183;
 0, 0, 0, 1]
Twc:
[0.99391699, -0.027197657, -0.10672094, -0.12699546;
 0.025285354, 0.99949527, -0.019231342, -0.12741318;
 0.10719012, 0.016415881, 0.99410301, -0.77525693;
 0, 0, 0, 1]
Ow:
[0.21254452;
 0.13662142;
 0.75468183]
Keyframe: 80 Frame: 1578 Frame from vFrameID : 1579
Tcw:
[0.99613076, 0.02768654, 0.083408356, 0.21310401;
 -0.028239107, 0.99958634, 0.0054521644, 0.13703607;
 -0.083222903, -0.0077864463, 0.99650055, 0.75695407;
 0, 0, 0, 1]
Twc:
[0.99613076, -0.028239107, -0.083222903, -0.14541376;
 0.02768654, 0.99958634, -0.0077864463, -0.13698551;
 0.083408356, 0.0054521644, 0.99650055, -0.77282691;
 0, 0, 0, 1]
Ow:
[0.21310401;
 0.13703607;
 0.75695407]
Keyframe: 81 Frame: 1584 Frame from vFrameID : 1585
Tcw:
[0.99794024, 0.040929556, 0.049396701, 0.21433559;
 -0.04159965, 0.99905473, 0.012614214, 0.13721798;
 -0.048833713, -0.014643117, 0.99869961, 0.75874496;
 0, 0, 0, 1]
Twc:
[0.99794024, -0.04159965, -0.048833713, -0.17113355;
 0.040929556, 0.99905473, -0.014643117, -0.13475053;
 0.049396701, 0.012614214, 0.99869961, -0.77007663;
 0, 0, 0, 1]
Ow:
[0.21433559;
 0.13721798;
 0.75874496]
Keyframe: 82 Frame: 1590 Frame from vFrameID : 1591
Tcw:
[0.99923325, 0.035577212, 0.016345358, 0.21476613;
 -0.035976294, 0.99904472, 0.024807429, 0.13770613;
 -0.015447164, -0.025376454, 0.99955863, 0.76084948;
 0, 0, 0, 1]
Twc:
[0.99923325, -0.035976294, -0.015447164, -0.19789435;
 0.035577212, 0.99904472, -0.025376454, -0.1259077;
 0.016345358, 0.024807429, 0.99955863, -0.7674402;
 0, 0, 0, 1]
Ow:
[0.21476613;
 0.13770613;
 0.76084948]
Keyframe: 83 Frame: 1596 Frame from vFrameID : 1597
Tcw:
[0.99902552, 0.025383379, 0.03610624, 0.21485116;
 -0.026087781, 0.99947578, 0.019173607, 0.13824394;
 -0.035600621, -0.020096855, 0.99916399, 0.76296061;
 0, 0, 0, 1]
Twc:
[0.99902552, -0.026087781, -0.035600621, -0.18387344;
 0.025383379, 0.99947578, -0.020096855, -0.12829201;
 0.03610624, 0.019173607, 0.99916399, -0.77273089;
 0, 0, 0, 1]
Ow:
[0.21485116;
 0.13824394;
 0.76296061]
Keyframe: 84 Frame: 1602 Frame from vFrameID : 1603
Tcw:
[0.9974097, 0.024718806, 0.067549221, 0.21521564;
 -0.026290646, 0.99940151, 0.022480367, 0.13859868;
 -0.066953108, -0.024198048, 0.99746263, 0.76486957;
 0, 0, 0, 1]
Twc:
[0.9974097, -0.026290646, -0.066953108, -0.15980393;
 0.024718806, 0.99940151, -0.024198048, -0.12532726;
 0.067549221, 0.022480367, 0.99746263, -0.78058219;
 0, 0, 0, 1]
Ow:
[0.21521564;
 0.13859868;
 0.76486957]
Keyframe: 85 Frame: 1608 Frame from vFrameID : 1609
Tcw:
[0.99525732, 0.038202181, 0.08946234, 0.21584979;
 -0.041612644, 0.99846429, 0.036571529, 0.13884944;
 -0.087927833, -0.040120844, 0.99531853, 0.76683021;
 0, 0, 0, 1]
Twc:
[0.99525732, -0.041612644, -0.087927833, -0.14162245;
 0.038202181, 0.99846429, -0.040120844, -0.11611625;
 0.08946234, 0.036571529, 0.99531853, -0.78762871;
 0, 0, 0, 1]
Ow:
[0.21584979;
 0.13884944;
 0.76683021]
Keyframe: 86 Frame: 1614 Frame from vFrameID : 1615
Tcw:
[0.99818999, 0.040283758, 0.044653893, 0.21693507;
 -0.040975746, 0.99905211, 0.014690876, 0.13905731;
 -0.044019762, -0.016494012, 0.99889451, 0.76890099;
 0, 0, 0, 1]
Twc:
[0.99818999, -0.040975746, -0.044019762, -0.1769976;
 0.040283758, 0.99905211, -0.016494012, -0.13498218;
 0.044653893, 0.014690876, 0.99889451, -0.77978086;
 0, 0, 0, 1]
Ow:
[0.21693507;
 0.13905731;
 0.76890099]
Keyframe: 87 Frame: 1620 Frame from vFrameID : 1621
Tcw:
[0.99854946, 0.050245199, 0.019349016, 0.2179796;
 -0.050355144, 0.99871767, 0.0052371453, 0.13907175;
 -0.019061062, -0.0062038712, 0.99979907, 0.77056402;
 0, 0, 0, 1]
Twc:
[0.99854946, -0.050355144, -0.019061062, -0.19597267;
 0.050245199, 0.99871767, -0.0062038712, -0.14506537;
 0.019349016, 0.0052371453, 0.99979907, -0.77535522;
 0, 0, 0, 1]
Ow:
[0.2179796;
 0.13907175;
 0.77056402]
Keyframe: 88 Frame: 1626 Frame from vFrameID : 1627
Tcw:
[0.99896497, 0.043429796, 0.013523146, 0.21847393;
 -0.04361913, 0.99894965, 0.014035388, 0.13939798;
 -0.012899388, -0.014610728, 0.99981004, 0.77239692;
 0, 0, 0, 1]
Twc:
[0.99896497, -0.04361913, -0.012899388, -0.20220391;
 0.043429796, 0.99894965, -0.014610728, -0.13745455;
 0.013523146, 0.014035388, 0.99981004, -0.77716118;
 0, 0, 0, 1]
Ow:
[0.21847393;
 0.13939798;
 0.77239692]
Keyframe: 89 Frame: 1632 Frame from vFrameID : 1633
Tcw:
[0.99826258, 0.038310759, 0.044767406, 0.21883126;
 -0.037958588, 0.99924153, -0.0086908061, 0.13996246;
 -0.045066401, 0.0069763986, 0.99895966, 0.77435756;
 0, 0, 0, 1]
Twc:
[0.99826258, -0.037958588, -0.045066401, -0.17824076;
 0.038310759, 0.99924153, 0.0069763986, -0.15364212;
 0.044767406, -0.0086908061, 0.99895966, -0.78213203;
 0, 0, 0, 1]
Ow:
[0.21883126;
 0.13996246;
 0.77435756]
Keyframe: 90 Frame: 1638 Frame from vFrameID : 1639
Tcw:
[0.99707973, 0.017735504, 0.074279681, 0.21869238;
 -0.018085686, 0.99982828, 0.0040443498, 0.14032345;
 -0.074195199, -0.005375938, 0.99722922, 0.77620423;
 0, 0, 0, 1]
Twc:
[0.99707973, -0.018085686, -0.074195199, -0.15792528;
 0.017735504, 0.99982828, -0.005375938, -0.14000513;
 0.074279681, 0.0040443498, 0.99722922, -0.79086548;
 0, 0, 0, 1]
Ow:
[0.21869238;
 0.14032345;
 0.77620423]
Keyframe: 91 Frame: 1645 Frame from vFrameID : 1646
Tcw:
[0.99706876, 0.023693511, 0.072749555, 0.21960396;
 -0.023865648, 0.99971408, 0.0014976944, 0.14082469;
 -0.072693266, -0.0032295196, 0.99734914, 0.7785362;
 0, 0, 0, 1]
Twc:
[0.99706876, -0.023865648, -0.072693266, -0.15900503;
 0.023693511, 0.99971408, -0.0032295196, -0.14347331;
 0.072749555, 0.0014976944, 0.99734914, -0.7926594;
 0, 0, 0, 1]
Ow:
[0.21960396;
 0.14082469;
 0.7785362]
Keyframe: 92 Frame: 1652 Frame from vFrameID : 1653
Tcw:
[0.99592519, 0.042571973, 0.079502232, 0.22079457;
 -0.043779258, 0.99894994, 0.013503984, 0.14073953;
 -0.078843862, -0.016929507, 0.9967432, 0.78030825;
 0, 0, 0, 1]
Twc:
[0.99592519, -0.043779258, -0.078843862, -0.15221089;
 0.042571973, 0.99894994, -0.016929507, -0.13678119;
 0.079502232, 0.013503984, 0.9967432, -0.79722118;
 0, 0, 0, 1]
Ow:
[0.22079457;
 0.14073953;
 0.78030825]
Keyframe: 93 Frame: 1658 Frame from vFrameID : 1659
Tcw:
[0.99723709, 0.037382081, 0.064193651, 0.22114334;
 -0.038228963, 0.99919677, 0.012014943, 0.14091414;
 -0.06369295, -0.014435804, 0.99786514, 0.78103876;
 0, 0, 0, 1]
Twc:
[0.99723709, -0.038228963, -0.06369295, -0.16539866;
 0.037382081, 0.99919677, -0.014435804, -0.13779284;
 0.064193651, 0.012014943, 0.99786514, -0.79526043;
 0, 0, 0, 1]
Ow:
[0.22114334;
 0.14091414;
 0.78103876]
Keyframe: 94 Frame: 1665 Frame from vFrameID : 1666
Tcw:
[0.99569619, 0.034169249, 0.086148463, 0.22122031;
 -0.035607431, 0.99925005, 0.015212779, 0.14133145;
 -0.085564055, -0.018214831, 0.99616617, 0.78265136;
 0, 0, 0, 1]
Twc:
[0.99569619, -0.035607431, -0.085564055, -0.14826897;
 0.034169249, 0.99925005, -0.018214831, -0.13452855;
 0.086148463, 0.015212779, 0.99616617, -0.80085862;
 0, 0, 0, 1]
Ow:
[0.22122031;
 0.14133145;
 0.78265136]
Keyframe: 95 Frame: 1671 Frame from vFrameID : 1672
Tcw:
[0.99014282, 0.019414581, 0.13870949, 0.22099823;
 -0.023098301, 0.99942064, 0.024996726, 0.14153956;
 -0.13814382, -0.02795428, 0.99001759, 0.78382605;
 0, 0, 0, 1]
Twc:
[0.99014282, -0.023098301, -0.13814382, -0.10726975;
 0.019414581, 0.99942064, -0.02795428, -0.12383686;
 0.13870949, 0.024996726, 0.99001759, -0.81019419;
 0, 0, 0, 1]
Ow:
[0.22099823;
 0.14153956;
 0.78382605]
Keyframe: 96 Frame: 1677 Frame from vFrameID : 1678
Tcw:
[0.99447209, 0.014864499, 0.10394403, 0.22110568;
 -0.017962459, 0.99941999, 0.028931797, 0.14176069;
 -0.10345368, -0.030638954, 0.99416226, 0.7849285;
 0, 0, 0, 1]
Twc:
[0.99447209, -0.017962459, -0.10345368, -0.13613331;
 0.014864499, 0.99941999, -0.030638954, -0.1209157;
 0.10394403, 0.028931797, 0.99416226, -0.80743033;
 0, 0, 0, 1]
Ow:
[0.22110568;
 0.14176069;
 0.7849285]
Keyframe: 97 Frame: 1683 Frame from vFrameID : 1684
Tcw:
[0.99763978, 0.026180826, 0.063477464, 0.22139516;
 -0.027080677, 0.99954402, 0.013357098, 0.14134449;
 -0.063098818, -0.015044586, 0.99789387, 0.78588241;
 0, 0, 0, 1]
Twc:
[0.99763978, -0.027080677, -0.063098818, -0.16745669;
 0.026180826, 0.99954402, -0.015044586, -0.13525307;
 0.063477464, 0.013357098, 0.99789387, -0.80016881;
 0, 0, 0, 1]
Ow:
[0.22139516;
 0.14134449;
 0.78588241]
Keyframe: 98 Frame: 1689 Frame from vFrameID : 1690
Tcw:
[0.99697989, 0.041510675, 0.065635152, 0.2215167;
 -0.042749073, 0.99893123, 0.017576791, 0.14129537;
 -0.064835377, -0.02032955, 0.99768889, 0.78600574;
 0, 0, 0, 1]
Twc:
[0.99697989, -0.042749073, -0.064835377, -0.16384646;
 0.041510675, 0.99893123, -0.02032955, -0.13436054;
 0.065635152, 0.017576791, 0.99768889, -0.80121195;
 0, 0, 0, 1]
Ow:
[0.2215167;
 0.14129537;
 0.78600574]
Keyframe: 99 Frame: 1695 Frame from vFrameID : 1696
Tcw:
[0.99843925, 0.022098176, 0.051290743, 0.22132657;
 -0.024140164, 0.99892634, 0.039540015, 0.14134632;
 -0.050361913, -0.040716469, 0.99790072, 0.78682286;
 0, 0, 0, 1]
Twc:
[0.99843925, -0.024140164, -0.050361913, -0.17794311;
 0.022098176, 0.99892634, -0.040716469, -0.11404882;
 0.051290743, 0.039540015, 0.99790072, -0.80211192;
 0, 0, 0, 1]
Ow:
[0.22132657;
 0.14134632;
 0.78682286]
Keyframe: 100 Frame: 1701 Frame from vFrameID : 1702
Tcw:
[0.99739456, 0.021783555, 0.06877204, 0.2213999;
 -0.02473071, 0.99879891, 0.042297486, 0.141424;
 -0.067768052, -0.043888062, 0.99673533, 0.7879315;
 0, 0, 0, 1]
Twc:
[0.99739456, -0.02473071, -0.067768052, -0.16392896;
 0.021783555, 0.99879891, -0.043888062, -0.11149623;
 0.06877204, 0.042297486, 0.99673533, -0.80656713;
 0, 0, 0, 1]
Ow:
[0.2213999;
 0.141424;
 0.7879315]
Keyframe: 101 Frame: 1707 Frame from vFrameID : 1708
Tcw:
[0.99574095, 0.027436739, 0.088017903, 0.22165909;
 -0.029735681, 0.99924725, 0.024914814, 0.14162633;
 -0.087268069, -0.027425973, 0.99580729, 0.78894269;
 0, 0, 0, 1]
Twc:
[0.99574095, -0.029735681, -0.087268069, -0.14765418;
 0.027436739, 0.99924725, -0.027425973, -0.12596379;
 0.088017903, 0.024914814, 0.99580729, -0.80867344;
 0, 0, 0, 1]
Ow:
[0.22165909;
 0.14162633;
 0.78894269]
Keyframe: 102 Frame: 1713 Frame from vFrameID : 1714
Tcw:
[0.99388605, 0.0064835139, 0.1102204, 0.22183207;
 -0.011403465, 0.99896353, 0.044065807, 0.14188397;
 -0.10982046, -0.045053285, 0.99292982, 0.78973782;
 0, 0, 0, 1]
Twc:
[0.99388605, -0.011403465, -0.10982046, -0.13212843;
 0.0064835139, 0.99896353, -0.045053285, -0.10759488;
 0.1102204, 0.044065807, 0.99292982, -0.81485695;
 0, 0, 0, 1]
Ow:
[0.22183207;
 0.14188397;
 0.78973782]
Keyframe: 103 Frame: 1719 Frame from vFrameID : 1720
Tcw:
[0.99697024, 0.01116166, 0.076978616, 0.22224611;
 -0.013588769, 0.99942458, 0.031078257, 0.14206284;
 -0.076587439, -0.032030143, 0.99654824, 0.79063749;
 0, 0, 0, 1]
Twc:
[0.99697024, -0.013588769, -0.076587439, -0.1590894;
 0.01116166, 0.99942458, -0.032030143, -0.1191375;
 0.076978616, 0.031078257, 0.99654824, -0.80943173;
 0, 0, 0, 1]
Ow:
[0.22224611;
 0.14206284;
 0.79063749]
Keyframe: 104 Frame: 1726 Frame from vFrameID : 1727
Tcw:
[0.99864382, 0.023249667, 0.046582852, 0.22269002;
 -0.023803819, 0.99965191, 0.011376763, 0.14216661;
 -0.046302132, -0.012470184, 0.99884963, 0.79147363;
 0, 0, 0, 1]
Twc:
[0.99864382, -0.023803819, -0.046302132, -0.182357;
 0.023249667, 0.99965191, -0.012470184, -0.13742478;
 0.046582852, 0.011376763, 0.99884963, -0.80255407;
 0, 0, 0, 1]
Ow:
[0.22269002;
 0.14216661;
 0.79147363]
Keyframe: 105 Frame: 1733 Frame from vFrameID : 1734
Tcw:
[0.99835533, 0.026571842, 0.050799094, 0.22319458;
 -0.028010828, 0.99922019, 0.027828036, 0.14243588;
 -0.050020039, -0.029205194, 0.99832112, 0.79257613;
 0, 0, 0, 1]
Twc:
[0.99835533, -0.028010828, -0.050020039, -0.17919306;
 0.026571842, 0.99922019, -0.029205194, -0.12510815;
 0.050799094, 0.027828036, 0.99832112, -0.80654728;
 0, 0, 0, 1]
Ow:
[0.22319458;
 0.14243588;
 0.79257613]
Keyframe: 106 Frame: 1740 Frame from vFrameID : 1741
Tcw:
[0.99637932, 0.017049406, 0.083292134, 0.22344512;
 -0.018812254, 0.99961436, 0.020425808, 0.14263687;
 -0.082911767, -0.021918766, 0.99631584, 0.79363948;
 0, 0, 0, 1]
Twc:
[0.99637932, -0.018812254, -0.082911767, -0.15415072;
 0.017049406, 0.99961436, -0.021918766, -0.12899587;
 0.083292134, 0.020425808, 0.99631584, -0.81224024;
 0, 0, 0, 1]
Ow:
[0.22344512;
 0.14263687;
 0.79363948]
Keyframe: 107 Frame: 1747 Frame from vFrameID : 1748
Tcw:
[0.99454015, -0.00074241456, 0.10435208, 0.22348727;
 -0.0025794117, 0.99949425, 0.031694315, 0.14298435;
 -0.10432284, -0.031790435, 0.99403524, 0.79443204;
 0, 0, 0, 1]
Twc:
[0.99454015, -0.0025794117, -0.10432284, -0.13902085;
 -0.00074241456, 0.99949425, -0.031790435, -0.11749078;
 0.10435208, 0.031694315, 0.99403524, -0.81754667;
 0, 0, 0, 1]
Ow:
[0.22348727;
 0.14298435;
 0.79443204]
Keyframe: 108 Frame: 1753 Frame from vFrameID : 1754
Tcw:
[0.99563688, -0.0021833561, 0.093286827, 0.22362787;
 -0.00029816592, 0.99964666, 0.026578777, 0.14298621;
 -0.093311898, -0.026490625, 0.99528444, 0.79535258;
 0, 0, 0, 1]
Twc:
[0.99563688, -0.00029816592, -0.093311898, -0.14839366;
 -0.0021833561, 0.99964666, -0.026490625, -0.12137805;
 0.093286827, 0.026578777, 0.99528444, -0.81626397;
 0, 0, 0, 1]
Ow:
[0.22362787;
 0.14298621;
 0.79535258]
Keyframe: 109 Frame: 1760 Frame from vFrameID : 1761
Tcw:
[0.99909264, 0.019731069, 0.037743758, 0.22424237;
 -0.020479655, 0.9995991, 0.019550607, 0.14294595;
 -0.037342872, -0.020305846, 0.99909616, 0.79574758;
 0, 0, 0, 1]
Twc:
[0.99909264, -0.020479655, -0.037342872, -0.19139591;
 0.019731069, 0.9995991, -0.020305846, -0.13115485;
 0.037743758, 0.019550607, 0.99909616, -0.80628687;
 0, 0, 0, 1]
Ow:
[0.22424237;
 0.14294595;
 0.79574758]
Keyframe: 110 Frame: 1766 Frame from vFrameID : 1767
Tcw:
[0.99964213, 0.0068146717, 0.025867213, 0.22443151;
 -0.0075040702, 0.99961668, 0.026648607, 0.14301831;
 -0.025675697, -0.02683318, 0.99931014, 0.79610336;
 0, 0, 0, 1]
Twc:
[0.99964213, -0.0075040702, -0.025675697, -0.20283747;
 0.0068146717, 0.99961668, -0.02683318, -0.12313093;
 0.025867213, 0.026648607, 0.99931014, -0.80517077;
 0, 0, 0, 1]
Ow:
[0.22443151;
 0.14301831;
 0.79610336]
Keyframe: 111 Frame: 1772 Frame from vFrameID : 1773
Tcw:
[0.99889433, 0.018522637, 0.043208938, 0.22472444;
 -0.019833216, 0.99935001, 0.030102331, 0.14305498;
 -0.042623281, -0.030926021, 0.99861246, 0.7965551;
 0, 0, 0, 1]
Twc:
[0.99889433, -0.019833216, -0.042623281, -0.18768695;
 0.018522637, 0.99935001, -0.030926021, -0.12249021;
 0.043208938, 0.030102331, 0.99861246, -0.80946624;
 0, 0, 0, 1]
Ow:
[0.22472444;
 0.14305498;
 0.7965551]
Keyframe: 112 Frame: 1778 Frame from vFrameID : 1779
Tcw:
[0.99886358, 0.0086187012, 0.046875592, 0.22466673;
 -0.0093358103, 0.99984241, 0.015100786, 0.14309612;
 -0.046738055, -0.015521246, 0.99878657, 0.79702884;
 0, 0, 0, 1]
Twc:
[0.99886358, -0.0093358103, -0.046738055, -0.18582392;
 0.0086187012, 0.99984241, -0.015521246, -0.13263902;
 0.046875592, 0.015100786, 0.99878657, -0.80875403;
 0, 0, 0, 1]
Ow:
[0.22466673;
 0.14309612;
 0.79702884]
Keyframe: 113 Frame: 1784 Frame from vFrameID : 1785
Tcw:
[0.99775064, -0.0070549175, 0.066662215, 0.22468391;
 0.0059268652, 0.99983615, 0.017104561, 0.14327814;
 -0.066771962, -0.016670987, 0.99762899, 0.79753405;
 0, 0, 0, 1]
Twc:
[0.99775064, 0.0059268652, -0.066771962, -0.17177479;
 -0.0070549175, 0.99983615, -0.016670987, -0.12837385;
 0.066662215, 0.017104561, 0.99762899, -0.81307173;
 0, 0, 0, 1]
Ow:
[0.22468391;
 0.14327814;
 0.79753405]
Keyframe: 114 Frame: 1790 Frame from vFrameID : 1791
Tcw:
[0.99704528, -0.0035377359, 0.076734863, 0.22488344;
 0.0003439456, 0.99913454, 0.041594457, 0.14342123;
 -0.076815598, -0.041445162, 0.99618357, 0.79804271;
 0, 0, 0, 1]
Twc:
[0.99704528, 0.0003439456, -0.076815598, -0.16296615;
 -0.0035377359, 0.99913454, -0.041445162, -0.10942651;
 0.076734863, 0.041594457, 0.99618357, -0.81821895;
 0, 0, 0, 1]
Ow:
[0.22488344;
 0.14342123;
 0.79804271]
Keyframe: 115 Frame: 1796 Frame from vFrameID : 1797
Tcw:
[0.99981385, 0.011983636, 0.015120948, 0.22519358;
 -0.012449466, 0.99943876, 0.031098418, 0.143473;
 -0.01473979, -0.031280879, 0.99940193, 0.79858911;
 0, 0, 0, 1]
Twc:
[0.99981385, -0.012449466, -0.01473979, -0.21159446;
 0.011983636, 0.99943876, -0.031280879, -0.12111055;
 0.015120948, 0.031098418, 0.99940193, -0.80597842;
 0, 0, 0, 1]
Ow:
[0.22519358;
 0.143473;
 0.79858911]
Keyframe: 116 Frame: 1802 Frame from vFrameID : 1803
Tcw:
[0.99990511, 0.0119241, -0.006901362, 0.22533906;
 -0.011742028, 0.99959695, 0.025847152, 0.14358504;
 0.0072067841, -0.025763663, 0.99964207, 0.79901004;
 0, 0, 0, 1]
Twc:
[0.99990511, -0.011742028, 0.0072067841, -0.22938998;
 0.0119241, 0.99959695, -0.025763663, -0.12562871;
 -0.006901362, 0.025847152, 0.99964207, -0.80088019;
 0, 0, 0, 1]
Ow:
[0.22533906;
 0.14358504;
 0.79901004]
Keyframe: 117 Frame: 1808 Frame from vFrameID : 1809
Tcw:
[0.9998467, 0.009834406, -0.014485249, 0.22548279;
 -0.008992739, 0.99832988, 0.057066355, 0.14365318;
 0.01502227, -0.056927346, 0.99826533, 0.79947716;
 0, 0, 0, 1]
Twc:
[0.9998467, -0.008992739, 0.01502227, -0.23616636;
 0.009834406, 0.99832988, -0.056927346, -0.10011865;
 -0.014485249, 0.057066355, 0.99826533, -0.80302185;
 0, 0, 0, 1]
Ow:
[0.22548279;
 0.14365318;
 0.79947716]
Keyframe: 118 Frame: 1814 Frame from vFrameID : 1815
Tcw:
[0.99999154, 0.0024293056, 0.0033215943, 0.22553004;
 -0.0025651683, 0.999134, 0.04152967, 0.14376333;
 -0.0032178294, -0.04153784, 0.99913174, 0.80010748;
 0, 0, 0, 1]
Twc:
[0.99999154, -0.0025651683, -0.0032178294, -0.22258474;
 0.0024293056, 0.999134, -0.04153784, -0.11095197;
 0.0033215943, 0.04152967, 0.99913174, -0.80613238;
 0, 0, 0, 1]
Ow:
[0.22553004;
 0.14376333;
 0.80010748]
Keyframe: 119 Frame: 1820 Frame from vFrameID : 1821
Tcw:
[0.99992055, -0.0033611264, 0.012150548, 0.22554034;
 0.0028518026, 0.99912632, 0.041694723, 0.14388454;
 -0.012280074, -0.041656759, 0.99905652, 0.80054623;
 0, 0, 0, 1]
Twc:
[0.99992055, 0.0028518026, -0.012280074, -0.21610197;
 -0.0033611264, 0.99912632, -0.041656759, -0.10965259;
 0.012150548, 0.041694723, 0.99905652, -0.80853057;
 0, 0, 0, 1]
Ow:
[0.22554034;
 0.14388454;
 0.80054623]
Keyframe: 120 Frame: 1826 Frame from vFrameID : 1827
Tcw:
[0.999219, -0.0062158061, 0.039022379, 0.22564414;
 0.0038768377, 0.99820697, 0.059731137, 0.14397772;
 -0.039323688, -0.059533201, 0.99745148, 0.80100232;
 0, 0, 0, 1]
Twc:
[0.999219, 0.0038768377, -0.039323688, -0.19452775;
 -0.0062158061, 0.99820697, -0.059533201, -0.094630763;
 0.039022379, 0.059731137, 0.99745148, -0.81636602;
 0, 0, 0, 1]
Ow:
[0.22564414;
 0.14397772;
 0.80100232]
Keyframe: 121 Frame: 1832 Frame from vFrameID : 1833
Tcw:
[0.9986698, -0.0052283118, 0.051296156, 0.22575937;
 0.0035214717, 0.99943894, 0.033308361, 0.14411612;
 -0.05144152, -0.033083417, 0.99812788, 0.80150992;
 0, 0, 0, 1]
Twc:
[0.9986698, 0.0035214717, -0.05144152, -0.18473567;
 -0.0052283118, 0.99943894, -0.033083417, -0.11633823;
 0.051296156, 0.033308361, 0.99812788, -0.81639028;
 0, 0, 0, 1]
Ow:
[0.22575937;
 0.14411612;
 0.80150992]
Keyframe: 122 Frame: 1838 Frame from vFrameID : 1839
Tcw:
[0.99937612, 0.0011140706, 0.035300218, 0.22592102;
 -0.0035015377, 0.99770337, 0.067643806, 0.14411739;
 -0.035143789, -0.067725211, 0.99708486, 0.80194491;
 0, 0, 0, 1]
Twc:
[0.99937612, -0.0035015377, -0.035143789, -0.19709207;
 0.0011140706, 0.99770337, -0.067725211, -0.08972621;
 0.035300218, 0.067643806, 0.99708486, -0.81733084;
 0, 0, 0, 1]
Ow:
[0.22592102;
 0.14411739;
 0.80194491]
Keyframe: 123 Frame: 1844 Frame from vFrameID : 1845
Tcw:
[0.99962407, 0.013135211, 0.024065383, 0.22610657;
 -0.014715502, 0.99766374, 0.066711888, 0.14419542;
 -0.023132885, -0.067040943, 0.997482, 0.80229306;
 0, 0, 0, 1]
Twc:
[0.99962407, -0.014715502, -0.023132885, -0.2053403;
 0.013135211, 0.99766374, -0.067040943, -0.093042016;
 0.024065383, 0.066711888, 0.997482, -0.81533384;
 0, 0, 0, 1]
Ow:
[0.22610657;
 0.14419542;
 0.80229306]
Keyframe: 124 Frame: 1850 Frame from vFrameID : 1851
Tcw:
[0.99825972, 0.013867548, 0.057316292, 0.2263068;
 -0.016812097, 0.99854612, 0.051215008, 0.14421134;
 -0.056522734, -0.052089486, 0.99704158, 0.80278105;
 0, 0, 0, 1]
Twc:
[0.99825972, -0.016812097, -0.056522734, -0.17811309;
 0.013867548, 0.99854612, -0.052089486, -0.10532354;
 0.057316292, 0.051215008, 0.99704158, -0.82076293;
 0, 0, 0, 1]
Ow:
[0.2263068;
 0.14421134;
 0.80278105]
Keyframe: 125 Frame: 1856 Frame from vFrameID : 1857
Tcw:
[0.99643236, -0.0039534555, 0.08430247, 0.22638007;
 -0.00033955701, 0.99870628, 0.050848886, 0.14432696;
 -0.084394433, -0.050696101, 0.99514192, 0.80325502;
 0, 0, 0, 1]
Twc:
[0.99643236, -0.00033955701, -0.084394433, -0.15773316;
 -0.0039534555, 0.99870628, -0.050696101, -0.10252336;
 0.08430247, 0.050848886, 0.99514192, -0.82577604;
 0, 0, 0, 1]
Ow:
[0.22638007;
 0.14432696;
 0.80325502]
Keyframe: 126 Frame: 1862 Frame from vFrameID : 1863
Tcw:
[0.99674475, 0.0082848901, 0.080195196, 0.22652584;
 -0.010757474, 0.9994784, 0.030449295, 0.1443782;
 -0.079901099, -0.031212872, 0.99631399, 0.80367833;
 0, 0, 0, 1]
Twc:
[0.99674475, -0.010757474, -0.079901099, -0.16002052;
 0.0082848901, 0.9994784, -0.031212872, -0.12109454;
 0.080195196, 0.030449295, 0.99631399, -0.82327843;
 0, 0, 0, 1]
Ow:
[0.22652584;
 0.1443782;
 0.80367833]
Keyframe: 127 Frame: 1869 Frame from vFrameID : 1870
Tcw:
[0.99956006, 0.019664591, 0.022204269, 0.22682962;
 -0.020300981, 0.9993788, 0.028808575, 0.14449549;
 -0.021623967, -0.029246669, 0.99933833, 0.80411226;
 0, 0, 0, 1]
Twc:
[0.99956006, -0.020300981, -0.021623967, -0.20640832;
 0.019664591, 0.9993788, -0.029246669, -0.12534863;
 0.022204269, 0.028808575, 0.99933833, -0.81277949;
 0, 0, 0, 1]
Ow:
[0.22682962;
 0.14449549;
 0.80411226]
Keyframe: 128 Frame: 1875 Frame from vFrameID : 1876
Tcw:
[0.99985033, 0.017266311, -0.0011028466, 0.22693941;
 -0.017182883, 0.99842751, 0.053359523, 0.14452699;
 0.0020224345, -0.053332586, 0.99857473, 0.8045609;
 0, 0, 0, 1]
Twc:
[0.99985033, -0.017182883, 0.0020224345, -0.22604921;
 0.017266311, 0.99842751, -0.053332586, -0.10530881;
 -0.0011028466, 0.053359523, 0.99857473, -0.81087583;
 0, 0, 0, 1]
Ow:
[0.22693941;
 0.14452699;
 0.8045609]
Keyframe: 129 Frame: 1881 Frame from vFrameID : 1882
Tcw:
[0.99861914, 0.011165719, 0.051334087, 0.22702661;
 -0.012793495, 0.99942213, 0.031491008, 0.14465351;
 -0.050952803, -0.032104265, 0.99818492, 0.80523211;
 0, 0, 0, 1]
Twc:
[0.99861914, -0.012793495, -0.050952803, -0.18383364;
 0.011165719, 0.99942213, -0.032104265, -0.12125345;
 0.051334087, 0.031491008, 0.99818492, -0.81998003;
 0, 0, 0, 1]
Ow:
[0.22702661;
 0.14465351;
 0.80523211]
Keyframe: 130 Frame: 1887 Frame from vFrameID : 1888
Tcw:
[0.99583, -0.0055875406, 0.09105704, 0.22697458;
 0.0017090759, 0.99909008, 0.042616222, 0.14471406;
 -0.091212302, -0.042282891, 0.99493343, 0.8057279;
 0, 0, 0, 1]
Twc:
[0.99583, 0.0017090759, -0.091212302, -0.15278313;
 -0.0055875406, 0.99909008, -0.042282891, -0.10924564;
 0.09105704, 0.042616222, 0.99493343, -0.82848036;
 0, 0, 0, 1]
Ow:
[0.22697458;
 0.14471406;
 0.8057279]
Keyframe: 131 Frame: 1894 Frame from vFrameID : 1895
Tcw:
[0.99429882, -0.0030795317, 0.10658516, 0.22707698;
 -0.0046731737, 0.99736392, 0.07241106, 0.14482637;
 -0.10652719, -0.072496325, 0.9916634, 0.80622959;
 0, 0, 0, 1]
Twc:
[0.99429882, -0.0046731737, -0.10652719, -0.13922021;
 -0.0030795317, 0.99736392, -0.072496325, -0.085296623;
 0.10658516, 0.07241106, 0.9916634, -0.83419842;
 0, 0, 0, 1]
Ow:
[0.22707698;
 0.14482637;
 0.80622959]
Keyframe: 132 Frame: 1901 Frame from vFrameID : 1902
Tcw:
[0.99815369, 0.011899915, 0.059561744, 0.22744626;
 -0.014117101, 0.99921763, 0.036943723, 0.14490472;
 -0.059075519, -0.037716351, 0.99754077, 0.80672622;
 0, 0, 0, 1]
Twc:
[0.99815369, -0.014117101, -0.059075519, -0.17732291;
 0.011899915, 0.99921763, -0.037716351, -0.11707116;
 0.059561744, 0.036943723, 0.99754077, -0.82364273;
 0, 0, 0, 1]
Ow:
[0.22744626;
 0.14490472;
 0.80672622]
Keyframe: 133 Frame: 1908 Frame from vFrameID : 1909
Tcw:
[0.99969876, 0.020120673, 0.014056667, 0.22768077;
 -0.020587141, 0.99921423, 0.033868335, 0.14494011;
 -0.013364168, -0.03414752, 0.99932742, 0.80718875;
 0, 0, 0, 1]
Twc:
[0.99969876, -0.020587141, -0.013364168, -0.21384087;
 0.020120673, 0.99921423, -0.03414752, -0.12184381;
 0.014056667, 0.033868335, 0.99932742, -0.8147552;
 0, 0, 0, 1]
Ow:
[0.22768077;
 0.14494011;
 0.80718875]
Keyframe: 134 Frame: 1915 Frame from vFrameID : 1916
Tcw:
[0.9990598, -8.9894318e-05, 0.04335339, 0.22774071;
 -0.001865483, 0.99898249, 0.04506065, 0.14512157;
 -0.043313328, -0.045099158, 0.99804312, 0.80775285;
 0, 0, 0, 1]
Twc:
[0.9990598, -0.001865483, -0.043313328, -0.19226938;
 -8.9894318e-05, 0.99898249, -0.045099158, -0.10852448;
 0.04335339, 0.04506065, 0.99804312, -0.82258475;
 0, 0, 0, 1]
Ow:
[0.22774071;
 0.14512157;
 0.80775285]
Keyframe: 135 Frame: 1922 Frame from vFrameID : 1923
Tcw:
[0.99554867, 3.3706543e-05, 0.094249114, 0.22786659;
 -0.0026080364, 0.99962687, 0.027191058, 0.14517342;
 -0.094213031, -0.027315825, 0.99517727, 0.80812311;
 0, 0, 0, 1]
Twc:
[0.99554867, -0.0026080364, -0.094213031, -0.15033793;
 3.3706543e-05, 0.99962687, -0.027315825, -0.12305237;
 0.094249114, 0.027191058, 0.99517727, -0.82964939;
 0, 0, 0, 1]
Ow:
[0.22786659;
 0.14517342;
 0.80812311]
Keyframe: 136 Frame: 1929 Frame from vFrameID : 1930
Tcw:
[0.99622333, 0.0097470358, 0.086279042, 0.22808462;
 -0.012100684, 0.99956763, 0.026798647, 0.14527279;
 -0.085980535, -0.027741473, 0.99591053, 0.80870014;
 0, 0, 0, 1]
Twc:
[0.99622333, -0.012100684, -0.085980535, -0.15593286;
 0.0097470358, 0.99956763, -0.027741473, -0.1249986;
 0.086279042, 0.026798647, 0.99591053, -0.82896501;
 0, 0, 0, 1]
Ow:
[0.22808462;
 0.14527279;
 0.80870014]
Keyframe: 137 Frame: 1935 Frame from vFrameID : 1936
Tcw:
[0.9990961, 0.023532178, 0.035401423, 0.22826277;
 -0.023525879, 0.99972308, -0.0005945306, 0.14530833;
 -0.03540561, -0.0002388564, 0.99937302, 0.80901438;
 0, 0, 0, 1]
Twc:
[0.9990961, -0.023525879, -0.03540561, -0.19599427;
 0.023532178, 0.99972308, -0.0002388564, -0.15044637;
 0.035401423, -0.0005945306, 0.99937302, -0.81650156;
 0, 0, 0, 1]
Ow:
[0.22826277;
 0.14530833;
 0.80901438]
Keyframe: 138 Frame: 1942 Frame from vFrameID : 1943
Tcw:
[0.99935436, 0.027412297, 0.023225347, 0.22849262;
 -0.028188422, 0.99903184, 0.03377625, 0.14536445;
 -0.022276975, -0.034409128, 0.99915951, 0.80940002;
 0, 0, 0, 1]
Twc:
[0.99935436, -0.028188422, -0.022276975, -0.20621651;
 0.027412297, 0.99903184, -0.034409128, -0.12363647;
 0.023225347, 0.03377625, 0.99915951, -0.81893647;
 0, 0, 0, 1]
Ow:
[0.22849262;
 0.14536445;
 0.80940002]
Keyframe: 139 Frame: 1948 Frame from vFrameID : 1949
Tcw:
[0.99873221, 0.021194926, 0.045659579, 0.22856756;
 -0.022791628, 0.99913657, 0.034737673, 0.14548326;
 -0.044883892, -0.035734288, 0.99835289, 0.80988449;
 0, 0, 0, 1]
Twc:
[0.99873221, -0.022791628, -0.044883892, -0.18861121;
 0.021194926, 0.99913657, -0.035734288, -0.12126146;
 0.045659579, 0.034737673, 0.99835289, -0.82404059;
 0, 0, 0, 1]
Ow:
[0.22856756;
 0.14548326;
 0.80988449]
Keyframe: 140 Frame: 1954 Frame from vFrameID : 1955
Tcw:
[0.99768305, 0.0046174047, 0.067876518, 0.22852442;
 -0.0066674082, 0.99952745, 0.030006509, 0.14554553;
 -0.067705892, -0.030389547, 0.99724239, 0.81031018;
 0, 0, 0, 1]
Twc:
[0.99768305, -0.0066674082, -0.067705892, -0.17216174;
 0.0046174047, 0.99952745, -0.030389547, -0.12190699;
 0.067876518, 0.030006509, 0.99724239, -0.82795441;
 0, 0, 0, 1]
Ow:
[0.22852442;
 0.14554553;
 0.81031018]
Keyframe: 141 Frame: 1960 Frame from vFrameID : 1961
Tcw:
[0.99646276, -0.0019464436, 0.084012859, 0.22856033;
 -0.0024898429, 0.99860901, 0.052667793, 0.14563946;
 -0.083998509, -0.052690674, 0.99507183, 0.81068552;
 0, 0, 0, 1]
Twc:
[0.99646276, -0.0024898429, -0.083998509, -0.15929286;
 -0.0019464436, 0.99860901, -0.052690674, -0.10227643;
 0.084012859, 0.052667793, 0.99507183, -0.83356285;
 0, 0, 0, 1]
Ow:
[0.22856033;
 0.14563946;
 0.81068552]
Keyframe: 142 Frame: 1966 Frame from vFrameID : 1967
Tcw:
[0.99774855, -0.00087147183, 0.067060076, 0.22876333;
 -0.0026641185, 0.99861133, 0.05261524, 0.14574046;
 -0.067012802, -0.052675437, 0.99636066, 0.81112897;
 0, 0, 0, 1]
Twc:
[0.99774855, -0.0026641185, -0.067012802, -0.17350398;
 -0.00087147183, 0.99861133, -0.052675437, -0.10261214;
 0.067060076, 0.05261524, 0.99636066, -0.83118612;
 0, 0, 0, 1]
Ow:
[0.22876333;
 0.14574046;
 0.81112897]
Keyframe: 143 Frame: 1973 Frame from vFrameID : 1974
Tcw:
[0.9998529, 0.017145038, 0.00053027837, 0.22896549;
 -0.017152596, 0.99960476, 0.022274693, 0.14580761;
 -0.00014816831, -0.022280512, 0.99975175, 0.81158543;
 0, 0, 0, 1]
Twc:
[0.9998529, -0.017152596, -0.00014816831, -0.22631057;
 0.017145038, 0.99960476, -0.022280512, -0.13159305;
 0.00053027837, 0.022274693, 0.99975175, -0.81475317;
 0, 0, 0, 1]
Ow:
[0.22896549;
 0.14580761;
 0.81158543]
Keyframe: 144 Frame: 1979 Frame from vFrameID : 1980
Tcw:
[0.99991882, 0.0099418536, -0.0079709375, 0.22910029;
 -0.0095068626, 0.99855626, 0.052868247, 0.14593047;
 0.0084850378, -0.052788176, 0.99856967, 0.81211299;
 0, 0, 0, 1]
Twc:
[0.99991882, -0.0095068626, 0.0084850378, -0.23458515;
 0.0099418536, 0.99855626, -0.052788176, -0.10512748;
 -0.0079709375, 0.052868247, 0.99856967, -0.81684041;
 0, 0, 0, 1]
Ow:
[0.22910029;
 0.14593047;
 0.81211299]
Keyframe: 145 Frame: 1985 Frame from vFrameID : 1986
Tcw:
[0.99820065, 0.0067042126, 0.05958572, 0.22917418;
 -0.0087516643, 0.99937779, 0.034167178, 0.14599895;
 -0.059319582, -0.034627177, 0.99763829, 0.81264699;
 0, 0, 0, 1]
Twc:
[0.99820065, -0.0087516643, -0.059319582, -0.17927821;
 0.0067042126, 0.99937779, -0.034627177, -0.11930488;
 0.05958572, 0.034167178, 0.99763829, -0.82937163;
 0, 0, 0, 1]
Ow:
[0.22917418;
 0.14599895;
 0.81264699]
Keyframe: 146 Frame: 1991 Frame from vFrameID : 1992
Tcw:
[0.99540269, -0.0037866896, 0.095703378, 0.22926524;
 0.00074839807, 0.99949515, 0.031762939, 0.14602739;
 -0.095775343, -0.031545289, 0.99490303, 0.81294161;
 0, 0, 0, 1]
Twc:
[0.99540269, 0.00074839807, -0.095775343, -0.15046076;
 -0.0037866896, 0.99949515, -0.031545289, -0.11944102;
 0.095703378, 0.031762939, 0.99490303, -0.83537775;
 0, 0, 0, 1]
Ow:
[0.22926524;
 0.14602739;
 0.81294161]
Keyframe: 147 Frame: 1998 Frame from vFrameID : 1999
Tcw:
[0.995462, -0.013380238, 0.094214283, 0.22943139;
 0.011554272, 0.99973524, 0.019899908, 0.14608172;
 -0.0944556, -0.018721025, 0.99535304, 0.81335771;
 0, 0, 0, 1]
Twc:
[0.995462, 0.011554272, -0.0944556, -0.15325192;
 -0.013380238, 0.99973524, -0.018721025, -0.12774628;
 0.094214283, 0.019899908, 0.99535304, -0.83410078;
 0, 0, 0, 1]
Ow:
[0.22943139;
 0.14608172;
 0.81335771]
Keyframe: 148 Frame: 2005 Frame from vFrameID : 2006
Tcw:
[0.99925005, 0.0012696822, 0.038700946, 0.229654;
 -0.001465535, 0.99998629, 0.0050327214, 0.14627866;
 -0.038694024, -0.0050856648, 0.99923819, 0.81374723;
 0, 0, 0, 1]
Twc:
[0.99925005, -0.001465535, -0.038694024, -0.19778024;
 0.0012696822, 0.99998629, -0.0050856648, -0.1424298;
 0.038700946, 0.0050327214, 0.99923819, -0.82275128;
 0, 0, 0, 1]
Ow:
[0.229654;
 0.14627866;
 0.81374723]
Keyframe: 149 Frame: 2012 Frame from vFrameID : 2013
Tcw:
[0.99961078, 0.0026718799, 0.027770024, 0.2297399;
 -0.0035588464, 0.99948347, 0.031939521, 0.14624533;
 -0.027670342, -0.032025918, 0.99910396, 0.81379992;
 0, 0, 0, 1]
Twc:
[0.99961078, -0.0035588464, -0.027670342, -0.2066119;
 0.0026718799, 0.99948347, -0.032025918, -0.12072093;
 0.027770024, 0.031939521, 0.99910396, -0.82412159;
 0, 0, 0, 1]
Ow:
[0.2297399;
 0.14624533;
 0.81379992]
Keyframe: 150 Frame: 2018 Frame from vFrameID : 2019
Tcw:
[0.99752641, 0.0019653114, 0.070265345, 0.22973174;
 -0.0034336494, 0.99977815, 0.020782376, 0.14625579;
 -0.070208915, -0.020972235, 0.99731183, 0.81423575;
 0, 0, 0, 1]
Twc:
[0.99752641, -0.0034336494, -0.070208915, -0.17149468;
 0.0019653114, 0.99977815, -0.020972235, -0.12959848;
 0.070265345, 0.020782376, 0.99731183, -0.83122861;
 0, 0, 0, 1]
Ow:
[0.22973174;
 0.14625579;
 0.81423575]
Keyframe: 151 Frame: 2026 Frame from vFrameID : 2027
Tcw:
[0.99055147, -0.016227541, 0.13617791, 0.22974113;
 0.015198392, 0.99984759, 0.0085937465, 0.14629172;
 -0.13629662, -0.006442863, 0.99064714, 0.81451052;
 0, 0, 0, 1]
Twc:
[0.99055147, 0.015198392, -0.13629662, -0.1187788;
 -0.016227541, 0.99984759, -0.006442863, -0.1372935;
 0.13617791, 0.0085937465, 0.99064714, -0.83943534;
 0, 0, 0, 1]
Ow:
[0.22974113;
 0.14629172;
 0.81451052]
Keyframe: 152 Frame: 2032 Frame from vFrameID : 2033
Tcw:
[0.98695374, -0.015687449, 0.16023803, 0.22979143;
 0.011662471, 0.9995932, 0.026028445, 0.14633936;
 -0.16058117, -0.0238201, 0.98673517, 0.81475729;
 0, 0, 0, 1]
Twc:
[0.98695374, 0.011662471, -0.16058117, -0.097665511;
 -0.015687449, 0.9995932, -0.0238201, -0.12326737;
 0.16023803, 0.026028445, 0.98673517, -0.84457999;
 0, 0, 0, 1]
Ow:
[0.22979143;
 0.14633936;
 0.81475729]
Keyframe: 153 Frame: 2038 Frame from vFrameID : 2039
Tcw:
[0.9948203, -0.0087757278, 0.10126956, 0.2299234;
 0.0076467278, 0.99990427, 0.011531278, 0.14639245;
 -0.10136106, -0.010697169, 0.99479216, 0.81500423;
 0, 0, 0, 1]
Twc:
[0.9948203, 0.0076467278, -0.10136106, -0.1472422;
 -0.0087757278, 0.99990427, -0.010697169, -0.13564245;
 0.10126956, 0.011531278, 0.99479216, -0.83573216;
 0, 0, 0, 1]
Ow:
[0.2299234;
 0.14639245;
 0.81500423]
Keyframe: 154 Frame: 2045 Frame from vFrameID : 2046
Tcw:
[0.99869752, -0.0048989737, 0.050786544, 0.23010063;
 0.0039804154, 0.99982697, 0.018172037, 0.14641958;
 -0.050866779, -0.017946215, 0.99854422, 0.81519604;
 0, 0, 0, 1]
Twc:
[0.99869752, 0.0039804154, -0.050866779, -0.18891735;
 -0.0048989737, 0.99982697, -0.017946215, -0.1306373;
 0.050786544, 0.018172037, 0.99854422, -0.82835603;
 0, 0, 0, 1]
Ow:
[0.23010063;
 0.14641958;
 0.81519604]
Keyframe: 155 Frame: 2051 Frame from vFrameID : 2052
Tcw:
[0.9991501, -0.0024565975, 0.041146647, 0.23022553;
 0.00074627652, 0.99913698, 0.04153036, 0.14646032;
 -0.041213162, -0.041464359, 0.99828964, 0.81545436;
 0, 0, 0, 1]
Twc:
[0.9991501, 0.00074627652, -0.041213162, -0.19653171;
 -0.0024565975, 0.99913698, -0.041464359, -0.11195607;
 0.041146647, 0.04153036, 0.99828964, -0.82961518;
 0, 0, 0, 1]
Ow:
[0.23022553;
 0.14646032;
 0.81545436]
Keyframe: 156 Frame: 2058 Frame from vFrameID : 2059
Tcw:
[0.99755782, 0.013087279, 0.068608455, 0.23031996;
 -0.014255592, 0.9997611, 0.016566824, 0.14651309;
 -0.068375252, -0.01750442, 0.99750608, 0.815786;
 0, 0, 0, 1]
Twc:
[0.99755782, -0.014255592, -0.068375252, -0.17188928;
 0.013087279, 0.9997611, -0.01750442, -0.1352125;
 0.068608455, 0.016566824, 0.99750608, -0.83198071;
 0, 0, 0, 1]
Ow:
[0.23031996;
 0.14651309;
 0.815786]
Keyframe: 157 Frame: 2065 Frame from vFrameID : 2066
Tcw:
[0.99566519, -0.0075089205, 0.092705995, 0.23036012;
 0.0064935186, 0.99991566, 0.011249718, 0.14658584;
 -0.092782646, -0.010598965, 0.99562997, 0.8159945;
 0, 0, 0, 1]
Twc:
[0.99566519, 0.0064935186, -0.092782646, -0.1546033;
 -0.0075089205, 0.99991566, -0.010598965, -0.13619502;
 0.092705995, 0.011249718, 0.99562997, -0.83543336;
 0, 0, 0, 1]
Ow:
[0.23036012;
 0.14658584;
 0.8159945]
Keyframe: 158 Frame: 2072 Frame from vFrameID : 2073
Tcw:
[0.9984296, -0.00031212813, 0.056019686, 0.23047878;
 -0.0018256084, 0.99927205, 0.03810522, 0.14664385;
 -0.0559908, -0.038147651, 0.99770224, 0.81626475;
 0, 0, 0, 1]
Twc:
[0.9984296, -0.0018256084, -0.0559908, -0.18414582;
 -0.00031212813, 0.99927205, -0.038147651, -0.11532659;
 0.056019686, 0.03810522, 0.99770224, -0.83288842;
 0, 0, 0, 1]
Ow:
[0.23047878;
 0.14664385;
 0.81626475]
Keyframe: 159 Frame: 2079 Frame from vFrameID : 2080
Tcw:
[0.99983037, 0.010417357, -0.01518829, 0.23065761;
 -0.0098912027, 0.99936211, 0.034315057, 0.14664605;
 0.015536074, -0.034159005, 0.99929565, 0.81653512;
 0, 0, 0, 1]
Twc:
[0.99983037, -0.0098912027, 0.015536074, -0.24185373;
 0.010417357, 0.99936211, -0.034159005, -0.12106333;
 -0.01518829, 0.034315057, 0.99929565, -0.81748885;
 0, 0, 0, 1]
Ow:
[0.23065761;
 0.14664605;
 0.81653512]
Keyframe: 160 Frame: 2087 Frame from vFrameID : 2088
Tcw:
[0.99939114, 0.0069087422, -0.034199804, 0.23074237;
 -0.0059455195, 0.99958497, 0.02818658, 0.14671019;
 0.034380343, -0.027966084, 0.99901748, 0.81678206;
 0, 0, 0, 1]
Twc:
[0.99939114, -0.0059455195, 0.034380343, -0.25781086;
 0.0069087422, 0.99958497, -0.027966084, -0.12540126;
 -0.034199804, 0.02818658, 0.99901748, -0.81222343;
 0, 0, 0, 1]
Ow:
[0.23074237;
 0.14671019;
 0.81678206]
Keyframe: 161 Frame: 2093 Frame from vFrameID : 2094
Tcw:
[0.99986249, -0.0012534133, -0.016535787, 0.23076616;
 0.0013427042, 0.99998456, 0.005389858, 0.14674573;
 0.016528776, -0.0054113194, 0.99984872, 0.817047;
 0, 0, 0, 1]
Twc:
[0.99986249, 0.0013427042, 0.016528776, -0.24443625;
 -0.0012534133, 0.99998456, -0.0054113194, -0.14203291;
 -0.016535787, 0.005389858, 0.99984872, -0.8138985;
 0, 0, 0, 1]
Ow:
[0.23076616;
 0.14674573;
 0.817047]
Keyframe: 162 Frame: 2100 Frame from vFrameID : 2101
Tcw:
[0.99946326, -0.014288118, 0.029479792, 0.23086363;
 0.013961686, 0.99983925, 0.011249378, 0.14677694;
 -0.029635787, -0.010831753, 0.99950206, 0.81732196;
 0, 0, 0, 1]
Twc:
[0.99946326, 0.013961686, -0.029635787, -0.20856699;
 -0.014288118, 0.99983925, -0.010831753, -0.13460171;
 0.029479792, 0.011249378, 0.99950206, -0.82537192;
 0, 0, 0, 1]
Ow:
[0.23086363;
 0.14677694;
 0.81732196]
Keyframe: 163 Frame: 2106 Frame from vFrameID : 2107
Tcw:
[0.99937981, -0.0072685019, 0.034455821, 0.23093808;
 0.0068445005, 0.99989963, 0.01240767, 0.14682491;
 -0.034542546, -0.012164142, 0.99932921, 0.81751186;
 0, 0, 0, 1]
Twc:
[0.99937981, 0.0068445005, -0.034542546, -0.20356084;
 -0.0072685019, 0.99989963, -0.012164142, -0.13518727;
 0.034455821, 0.01240767, 0.99932921, -0.82674235;
 0, 0, 0, 1]
Ow:
[0.23093808;
 0.14682491;
 0.81751186]
Keyframe: 164 Frame: 2112 Frame from vFrameID : 2113
Tcw:
[0.99976349, -0.0024689639, -0.02160844, 0.23109987;
 0.002832839, 0.99985445, 0.01682511, 0.14687537;
 0.021563755, -0.016882343, 0.99962491, 0.817725;
 0, 0, 0, 1]
Twc:
[0.99976349, 0.002832839, 0.021563755, -0.2490945;
 -0.0024689639, 0.99985445, -0.016882343, -0.1324783;
 -0.02160844, 0.01682511, 0.99962491, -0.81489581;
 0, 0, 0, 1]
Ow:
[0.23109987;
 0.14687537;
 0.817725]
Keyframe: 165 Frame: 2118 Frame from vFrameID : 2119
Tcw:
[0.99946886, 0.0025883159, -0.032485109, 0.23120919;
 -0.001512448, 0.99945092, 0.033099785, 0.14687708;
 0.032552943, -0.033033073, 0.99892396, 0.81795174;
 0, 0, 0, 1]
Twc:
[0.99946886, -0.001512448, 0.032552943, -0.25749096;
 0.0025883159, 0.99945092, -0.033033073, -0.12037542;
 -0.032485109, 0.033099785, 0.99892396, -0.81442237;
 0, 0, 0, 1]
Ow:
[0.23120919;
 0.14687708;
 0.81795174]
Keyframe: 166 Frame: 2124 Frame from vFrameID : 2125
Tcw:
[0.99996305, -0.0031809465, 0.0079888236, 0.23125808;
 0.0030176763, 0.99978805, 0.020366894, 0.14696276;
 -0.008051916, -0.020342033, 0.99976063, 0.81819403;
 0, 0, 0, 1]
Twc:
[0.99996305, 0.0030176763, -0.008051916, -0.22510497;
 -0.0031809465, 0.99978805, -0.020342033, -0.12955226;
 0.0079888236, 0.020366894, 0.99976063, -0.8228389;
 0, 0, 0, 1]
Ow:
[0.23125808;
 0.14696276;
 0.81819403]
Keyframe: 167 Frame: 2130 Frame from vFrameID : 2131
Tcw:
[0.99826062, -0.012802365, 0.057548743, 0.23129573;
 0.012288863, 0.99988157, 0.0092679756, 0.14701959;
 -0.057660576, -0.0085446462, 0.99829966, 0.81847763;
 0, 0, 0, 1]
Twc:
[0.99826062, 0.012288863, -0.057660576, -0.18550624;
 -0.012802365, 0.99988157, -0.0085446462, -0.13704744;
 0.057548743, 0.0092679756, 0.99829966, -0.83175933;
 0, 0, 0, 1]
Ow:
[0.23129573;
 0.14701959;
 0.81847763]
Keyframe: 168 Frame: 2137 Frame from vFrameID : 2138
Tcw:
[0.99724591, -0.015645139, 0.072496772, 0.2313772;
 0.013962157, 0.99962246, 0.0236635, 0.14706977;
 -0.072839625, -0.022586117, 0.9970879, 0.81875747;
 0, 0, 0, 1]
Twc:
[0.99724591, 0.013962157, -0.072839625, -0.1731554;
 -0.015645139, 0.99962246, -0.022586117, -0.12490176;
 0.072496772, 0.0236635, 0.9970879, -0.83662742;
 0, 0, 0, 1]
Ow:
[0.2313772;
 0.14706977;
 0.81875747]
Keyframe: 169 Frame: 2143 Frame from vFrameID : 2144
Tcw:
[0.99941748, -0.010948389, 0.032323029, 0.23151352;
 0.010614074, 0.9998886, 0.010496492, 0.14711894;
 -0.032434348, -0.010147299, 0.99942237, 0.8189764;
 0, 0, 0, 1]
Twc:
[0.99941748, 0.010614074, -0.032434348, -0.20637724;
 -0.010948389, 0.9998886, -0.010147299, -0.13625745;
 0.032323029, 0.010496492, 0.99942237, -0.8275308;
 0, 0, 0, 1]
Ow:
[0.23151352;
 0.14711894;
 0.8189764]
Keyframe: 170 Frame: 2151 Frame from vFrameID : 2152
Tcw:
[0.99999863, 0.0011766679, -0.0011635448, 0.23162001;
 -0.0011578295, 0.99987036, 0.016060729, 0.14713614;
 0.0011822921, -0.01605936, 0.99987036, 0.81925535;
 0, 0, 0, 1]
Twc:
[0.99999863, -0.0011578295, 0.0011822921, -0.23241793;
 0.0011766679, 0.99987036, -0.01605936, -0.13423288;
 -0.0011635448, 0.016060729, 0.99987036, -0.82124269;
 0, 0, 0, 1]
Ow:
[0.23162001;
 0.14713614;
 0.81925535]
Keyframe: 171 Frame: 2159 Frame from vFrameID : 2160
Tcw:
[0.99930614, -0.010085915, 0.035854172, 0.23165226;
 0.0096079307, 0.99986297, 0.013478749, 0.14722767;
 -0.035985205, -0.013124913, 0.99926615, 0.81957197;
 0, 0, 0, 1]
Twc:
[0.99930614, 0.0096079307, -0.035985205, -0.20341362;
 -0.010085915, 0.99986297, -0.013124913, -0.13411428;
 0.035854172, 0.013478749, 0.99926615, -0.82926065;
 0, 0, 0, 1]
Ow:
[0.23165226;
 0.14722767;
 0.81957197]
Keyframe: 172 Frame: 2167 Frame from vFrameID : 2168
Tcw:
[0.99408698, -0.021595348, 0.1064174, 0.23169777;
 0.019925395, 0.99966145, 0.016730921, 0.14736851;
 -0.10674268, -0.014511583, 0.9941808, 0.81987774;
 0, 0, 0, 1]
Twc:
[0.99408698, 0.019925395, -0.10674268, -0.14574817;
 -0.021595348, 0.99966145, -0.014511583, -0.1304173;
 0.1064174, 0.016730921, 0.9941808, -0.84222895;
 0, 0, 0, 1]
Ow:
[0.23169777;
 0.14736851;
 0.81987774]
Keyframe: 173 Frame: 2173 Frame from vFrameID : 2174
Tcw:
[0.99595749, -0.0069049611, 0.089560136, 0.23172745;
 0.0054690586, 0.99985272, 0.016268332, 0.1473386;
 -0.089659281, -0.015712757, 0.99584854, 0.82010913;
 0, 0, 0, 1]
Twc:
[0.99595749, 0.0054690586, -0.089659281, -0.15806609;
 -0.0069049611, 0.99985272, -0.015712757, -0.13283065;
 0.089560136, 0.016268332, 0.99584854, -0.83985502;
 0, 0, 0, 1]
Ow:
[0.23172745;
 0.1473386;
 0.82010913]
Keyframe: 174 Frame: 2181 Frame from vFrameID : 2182
Tcw:
[0.9996115, 0.011659737, 0.025315333, 0.2317563;
 -0.011223874, 0.99978751, -0.017291721, 0.14733893;
 -0.02551157, 0.017000867, 0.99952996, 0.82022953;
 0, 0, 0, 1]
Twc:
[0.9996115, -0.011223874, -0.02551157, -0.20908721;
 0.011659737, 0.99978751, 0.017000867, -0.16395444;
 0.025315333, -0.017291721, 0.99952996, -0.82316321;
 0, 0, 0, 1]
Ow:
[0.2317563;
 0.14733893;
 0.82022953]
Keyframe: 175 Frame: 2187 Frame from vFrameID : 2188
Tcw:
[0.99995333, 0.0055266432, -0.0079259714, 0.23176174;
 -0.0055307099, 0.99998456, -0.00049124722, 0.14735259;
 0.0079231346, 0.00053506054, 0.99996847, 0.82029819;
 0, 0, 0, 1]
Twc:
[0.99995333, -0.0055307099, 0.0079231346, -0.2374353;
 0.0055266432, 0.99998456, 0.00053506054, -0.14907008;
 -0.0079259714, -0.00049124722, 0.99996847, -0.81836301;
 0, 0, 0, 1]
Ow:
[0.23176174;
 0.14735259;
 0.82029819]
Keyframe: 176 Frame: 2193 Frame from vFrameID : 2194
Tcw:
[0.9998554, 0.0045380858, 0.016386952, 0.23177579;
 -0.0045270701, 0.99998951, -0.00070926768, 0.14736576;
 -0.01639, 0.00063498027, 0.99986547, 0.82037258;
 0, 0, 0, 1]
Twc:
[0.9998554, -0.0045270701, -0.01639, -0.21762925;
 0.0045380858, 0.99998951, 0.00063498027, -0.14893696;
 0.016386952, -0.00070926768, 0.99986547, -0.82395583;
 0, 0, 0, 1]
Ow:
[0.23177579;
 0.14736576;
 0.82037258]
Keyframe: 177 Frame: 2200 Frame from vFrameID : 2201
Tcw:
[0.99758226, -0.0077391015, 0.069063768, 0.23178424;
 0.008739437, 0.99986106, -0.01419385, 0.14738654;
 -0.068944328, 0.014763111, 0.99751127, 0.82045537;
 0, 0, 0, 1]
Twc:
[0.99758226, 0.008739437, -0.068944328, -0.17594618;
 -0.0077391015, 0.99986106, 0.014763111, -0.15768473;
 0.069063768, -0.01419385, 0.99751127, -0.83232939;
 0, 0, 0, 1]
Ow:
[0.23178424;
 0.14738654;
 0.82045537]
Keyframe: 178 Frame: 2206 Frame from vFrameID : 2207
Tcw:
[0.99574304, -0.022537339, 0.089375168, 0.23177806;
 0.024096472, 0.99957502, -0.016404256, 0.14738256;
 -0.08896748, 0.01848805, 0.99586296, 0.82050258;
 0, 0, 0, 1]
Twc:
[0.99574304, 0.024096472, -0.08896748, -0.16134472;
 -0.022537339, 0.99957502, 0.01848805, -0.15726577;
 0.089375168, -0.016404256, 0.99586296, -0.83540559;
 0, 0, 0, 1]
Ow:
[0.23177806;
 0.14738256;
 0.82050258]
Keyframe: 179 Frame: 2213 Frame from vFrameID : 2214
Tcw:
[0.99843144, -0.030070024, 0.047227319, 0.23179594;
 0.030690921, 0.99945104, -0.012477189, 0.14740169;
 -0.046826206, 0.013907068, 0.99880624, 0.82056218;
 0, 0, 0, 1]
Twc:
[0.99843144, 0.030690921, -0.046826206, -0.19753243;
 -0.030070024, 0.99945104, 0.013907068, -0.15176229;
 0.047227319, -0.012477189, 0.99880624, -0.82869059;
 0, 0, 0, 1]
Ow:
[0.23179594;
 0.14740169;
 0.82056218]
Keyframe: 180 Frame: 2220 Frame from vFrameID : 2221
Tcw:
[0.99842149, -0.054258171, -0.01451239, 0.23180912;
 0.054699097, 0.99799186, 0.031940706, 0.14740211;
 0.012750203, -0.032684103, 0.9993844, 0.82060587;
 0, 0, 0, 1]
Twc:
[0.99842149, 0.054699097, 0.012750203, -0.24996886;
 -0.054258171, 0.99799186, -0.032684103, -0.1077078;
 -0.01451239, 0.031940706, 0.9993844, -0.82144475;
 0, 0, 0, 1]
Ow:
[0.23180912;
 0.14740211;
 0.82060587]
Keyframe: 181 Frame: 2226 Frame from vFrameID : 2227
Tcw:
[0.9984799, -0.047142949, -0.028555503, 0.23181966;
 0.047438756, 0.99882632, 0.0097713238, 0.14742397;
 0.02806134, -0.011111108, 0.99954444, 0.82064146;
 0, 0, 0, 1]
Twc:
[0.9984799, 0.047438756, 0.02806134, -0.26148918;
 -0.047142949, 0.99882632, -0.011111108, -0.12720405;
 -0.028555503, 0.0097713238, 0.99954444, -0.81508845;
 0, 0, 0, 1]
Ow:
[0.23181966;
 0.14742397;
 0.82064146]
Keyframe: 182 Frame: 2233 Frame from vFrameID : 2234
Tcw:
[0.99670261, -0.076326266, -0.027536314, 0.23181781;
 0.076594584, 0.99702328, 0.0088230623, 0.14741701;
 0.026780915, -0.010903101, 0.99958187, 0.82068366;
 0, 0, 0, 1]
Twc:
[0.99670261, 0.076594584, 0.026780915, -0.26432341;
 -0.076326266, 0.99702328, -0.010903101, -0.12033641;
 -0.027536314, 0.0088230623, 0.99958187, -0.81525773;
 0, 0, 0, 1]
Ow:
[0.23181781;
 0.14741701;
 0.82068366]
Keyframe: 183 Frame: 2240 Frame from vFrameID : 2241
Tcw:
[0.99684966, -0.078552656, -0.010964425, 0.23182079;
 0.078462712, 0.9968816, -0.0084063578, 0.14741337;
 0.011590575, 0.0075195772, 0.99990457, 0.82070339;
 0, 0, 0, 1]
Twc:
[0.99684966, 0.078462712, 0.011590575, -0.25216934;
 -0.078552656, 0.9968816, 0.0075195772, -0.13491488;
 -0.010964425, -0.0084063578, 0.99990457, -0.81684405;
 0, 0, 0, 1]
Ow:
[0.23182079;
 0.14741337;
 0.82070339]
