Keyframe: 0 Frame: 0 Frame from vFrameID : 81
Tcw:
[0.94607145, 0.093293495, 0.31023401, 0.0061539598;
 0.2377416, 0.45057601, -0.86049998, -0.009238001;
 -0.22006305, 0.88784999, 0.40409735, 0.11985241;
 0, 0, 0, 1]
Twc:
[0.94607145, 0.2377416, -0.22006305, 0.022749258;
 0.093293495, 0.45057601, 0.88784999, -0.10282266;
 0.31023401, -0.86049998, 0.40409735, -0.058290508;
 0, 0, 0, 1]
Ow:
[0.0061539598;
 -0.009238001;
 0.11985241]
Keyframe: 1 Frame: 80 Frame from vFrameID : 81
Tcw:
[0.94454122, 0.089592017, 0.3159354, -2.2642314e-05;
 0.24126112, 0.46336934, -0.85269099, -0.015301943;
 -0.22278908, 0.8816247, 0.41605636, 0.10782138;
 0, 0, 0, 1]
Twc:
[0.94454122, 0.24126112, -0.22278908, 0.027734578;
 0.089592017, 0.46336934, 0.8816247, -0.087965518;
 0.3159354, -0.85269099, 0.41605636, -0.057900447;
 0, 0, 0, 1]
Ow:
[-2.2642314e-05;
 -0.015301943;
 0.10782138]
Keyframe: 2 Frame: 87 Frame from vFrameID : 88
Tcw:
[0.94405431, 0.047360312, 0.32637176, 0.0077762026;
 0.27309179, 0.44253749, -0.85415542, -0.0066030622;
 -0.1848848, 0.89549851, 0.40484568, 0.12797239;
 0, 0, 0, 1]
Twc:
[0.94405431, 0.27309179, -0.1848848, 0.018122233;
 0.047360312, 0.44253749, 0.89549851, -0.11204527;
 0.32637176, -0.85415542, 0.40484568, -0.059987046;
 0, 0, 0, 1]
Ow:
[0.0077762026;
 -0.0066030622;
 0.12797239]
Keyframe: 3 Frame: 91 Frame from vFrameID : 92
Tcw:
[0.94469124, 0.050846566, 0.32399544, -0.0023905812;
 0.26813853, 0.44908726, -0.85230416, 0.0043967552;
 -0.18883897, 0.89203995, 0.41061488, 0.12632018;
 0, 0, 0, 1]
Twc:
[0.94469124, 0.26813853, -0.18883897, 0.024933597;
 0.050846566, 0.44908726, 0.89203995, -0.11453563;
 0.32399544, -0.85230416, 0.41061488, -0.047347039;
 0, 0, 0, 1]
Ow:
[-0.0023905812;
 0.0043967552;
 0.12632018]
Keyframe: 4 Frame: 94 Frame from vFrameID : 95
Tcw:
[0.94499677, 0.079674855, 0.3172271, -0.001347987;
 0.24709314, 0.46156457, -0.85199946, 0.0004696995;
 -0.21430372, 0.88352138, 0.41648993, 0.10056033;
 0, 0, 0, 1]
Twc:
[0.94499677, 0.24709314, -0.21430372, 0.022708237;
 0.079674855, 0.46156457, 0.88352138, -0.088956602;
 0.3172271, -0.85199946, 0.41648993, -0.041054562;
 0, 0, 0, 1]
Ow:
[-0.001347987;
 0.0004696995;
 0.10056033]
Keyframe: 5 Frame: 98 Frame from vFrameID : 99
Tcw:
[0.94116849, 0.106069, 0.32086018, 0.0050802538;
 0.23624581, 0.47239548, -0.8491351, 0.0022706501;
 -0.24163981, 0.87498105, 0.41954538, 0.093961477;
 0, 0, 0, 1]
Twc:
[0.94116849, 0.23624581, -0.24163981, 0.017387029;
 0.106069, 0.47239548, 0.87498105, -0.08382602;
 0.32086018, -0.8491351, 0.41954538, -0.039123069;
 0, 0, 0, 1]
Ow:
[0.0050802538;
 0.0022706501;
 0.093961477]
Keyframe: 6 Frame: 101 Frame from vFrameID : 102
Tcw:
[0.93694437, 0.10664765, 0.33280852, 0.0020201569;
 0.2449021, 0.47900164, -0.84295928, 0.0033946615;
 -0.24931546, 0.87131149, 0.42267963, 0.091953427;
 0, 0, 0, 1]
Twc:
[0.93694437, 0.2449021, -0.24931546, 0.020201277;
 0.10664765, 0.47900164, 0.87131149, -0.081961572;
 0.33280852, -0.84295928, 0.42267963, -0.03667761;
 0, 0, 0, 1]
Ow:
[0.0020201569;
 0.0033946615;
 0.091953427]
Keyframe: 7 Frame: 105 Frame from vFrameID : 106
Tcw:
[0.93386, 0.11100445, 0.33997566, -0.00038273819;
 0.24754548, 0.48546642, -0.83847696, -0.0017062537;
 -0.25812143, 0.86717957, 0.42587903, 0.095429055;
 0, 0, 0, 1]
Twc:
[0.93386, 0.24754548, -0.25812143, 0.025412085;
 0.11100445, 0.48546642, 0.86717957, -0.081883311;
 0.33997566, -0.83847696, 0.42587903, -0.041941762;
 0, 0, 0, 1]
Ow:
[-0.00038273819;
 -0.0017062537;
 0.095429055]
Keyframe: 8 Frame: 108 Frame from vFrameID : 109
Tcw:
[0.93439472, 0.11455545, 0.33731812, 0.001665283;
 0.24723168, 0.47320136, -0.84555131, -0.0073853731;
 -0.25648189, 0.87347442, 0.41383514, 0.10033328;
 0, 0, 0, 1]
Twc:
[0.93439472, 0.24723168, -0.25648189, 0.026003536;
 0.11455545, 0.47320136, 0.87347442, -0.084334545;
 0.33731812, -0.84555131, 0.41383514, -0.048327874;
 0, 0, 0, 1]
Ow:
[0.001665283;
 -0.0073853731;
 0.10033328]
Keyframe: 9 Frame: 110 Frame from vFrameID : 111
Tcw:
[0.93521082, 0.11011085, 0.33653569, 0.0050094798;
 0.24993394, 0.46797076, -0.84766525, -0.0092454739;
 -0.250826, 0.87685746, 0.41013089, 0.10375786;
 0, 0, 0, 1]
Twc:
[0.93521082, 0.24993394, -0.250826, 0.023651008;
 0.11011085, 0.46797076, 0.87685746, -0.087205835;
 0.33653569, -0.84766525, 0.41013089, -0.052077238;
 0, 0, 0, 1]
Ow:
[0.0050094798;
 -0.0092454739;
 0.10375786]
Keyframe: 10 Frame: 113 Frame from vFrameID : 114
Tcw:
[0.93346494, 0.1137732, 0.34014532, 0.00657536;
 0.25473368, 0.45732373, -0.85203624, -0.012146838;
 -0.25249541, 0.88199246, 0.39791378, 0.1035089;
 0, 0, 0, 1]
Twc:
[0.93346494, 0.25473368, -0.25249541, 0.023091864;
 0.1137732, 0.45732373, 0.88199246, -0.086487129;
 0.34014532, -0.85203624, 0.39791378, -0.05377375;
 0, 0, 0, 1]
Ow:
[0.00657536;
 -0.012146838;
 0.1035089]
Keyframe: 11 Frame: 117 Frame from vFrameID : 118
Tcw:
[0.92613477, 0.11013296, 0.36075637, 0.0089174937;
 0.27420843, 0.46016279, -0.84442878, -0.012322806;
 -0.25900608, 0.88097727, 0.39597335, 0.11148767;
 0, 0, 0, 1]
Twc:
[0.92613477, 0.27420843, -0.25900608, 0.023996204;
 0.11013296, 0.46016279, 0.88097727, -0.093529724;
 0.36075637, -0.84442878, 0.39597335, -0.057768922;
 0, 0, 0, 1]
Ow:
[0.0089174937;
 -0.012322806;
 0.11148767]
Keyframe: 12 Frame: 120 Frame from vFrameID : 121
Tcw:
[0.92636621, 0.11089787, 0.35992679, 0.012478243;
 0.27265623, 0.46179855, -0.84403831, -0.017018829;
 -0.25981572, 0.88002485, 0.39755759, 0.11616583;
 0, 0, 0, 1]
Twc:
[0.92636621, 0.27265623, -0.25981572, 0.023262579;
 0.11089787, 0.46179855, 0.88002485, -0.095753364;
 0.35992679, -0.84403831, 0.39755759, -0.065038405;
 0, 0, 0, 1]
Ow:
[0.012478243;
 -0.017018829;
 0.11616583]
Keyframe: 13 Frame: 124 Frame from vFrameID : 125
Tcw:
[0.93082595, 0.13902898, 0.33798516, 0.011013403;
 0.23942477, 0.46673068, -0.85137433, -0.026906852;
 -0.27611375, 0.87340337, 0.40115806, 0.10755969;
 0, 0, 0, 1]
Twc:
[0.93082595, 0.23942477, -0.27611375, 0.025889315;
 0.13902898, 0.46673068, 0.87340337, -0.082915924;
 0.33798516, -0.85137433, 0.40115806, -0.069778606;
 0, 0, 0, 1]
Ow:
[0.011013403;
 -0.026906852;
 0.10755969]
Keyframe: 14 Frame: 129 Frame from vFrameID : 130
Tcw:
[0.93833208, 0.099310793, 0.33116508, 0.012173427;
 0.24936439, 0.46907395, -0.84722316, -0.033353873;
 -0.2394793, 0.8775574, 0.41538253, 0.13896833;
 0, 0, 0, 1]
Twc:
[0.93833208, 0.24936439, -0.2394793, 0.030174593;
 0.099310793, 0.46907395, 0.8775574, -0.10751621;
 0.33116508, -0.84722316, 0.41538253, -0.090014607;
 0, 0, 0, 1]
Ow:
[0.012173427;
 -0.033353873;
 0.13896833]
Keyframe: 15 Frame: 136 Frame from vFrameID : 137
Tcw:
[0.93179405, 0.12540397, 0.34063727, 0.011823572;
 0.25018337, 0.45805266, -0.85299242, -0.061955839;
 -0.26299843, 0.88003498, 0.39543673, 0.15442932;
 0, 0, 0, 1]
Twc:
[0.93179405, 0.25018337, -0.26299843, 0.045097858;
 0.12540397, 0.45805266, 0.88003498, -0.1090069;
 0.34063727, -0.85299242, 0.39543673, -0.11794244;
 0, 0, 0, 1]
Ow:
[0.011823572;
 -0.061955839;
 0.15442932]
Keyframe: 16 Frame: 144 Frame from vFrameID : 145
Tcw:
[0.91442311, 0.092493236, 0.39405, -0.030089274;
 0.31776866, 0.4389568, -0.84044033, -0.017664976;
 -0.25070599, 0.89373481, 0.37200078, 0.31710878;
 0, 0, 0, 1]
Twc:
[0.91442311, 0.31776866, -0.25070599, 0.11262877;
 0.092493236, 0.4389568, 0.89373481, -0.27287394;
 0.39405, -0.84044033, 0.37200078, -0.12095439;
 0, 0, 0, 1]
Ow:
[-0.030089274;
 -0.017664976;
 0.31710878]
Keyframe: 17 Frame: 152 Frame from vFrameID : 153
Tcw:
[0.92657614, 0.058463566, 0.37153554, -0.071061723;
 0.31423402, 0.42248929, -0.85015279, 0.020866595;
 -0.20667276, 0.9044804, 0.37309727, 0.4571332;
 0, 0, 0, 1]
Twc:
[0.92657614, 0.31423402, -0.20667276, 0.15376408;
 0.058463566, 0.42248929, 0.9044804, -0.41812941;
 0.37153554, -0.85015279, 0.37309727, -0.12641339;
 0, 0, 0, 1]
Ow:
[-0.071061723;
 0.020866595;
 0.4571332]
Keyframe: 18 Frame: 160 Frame from vFrameID : 161
Tcw:
[0.94448364, 0.069166869, 0.32119551, 0.048317552;
 0.26259249, 0.42865199, -0.86446667, -0.053766549;
 -0.19747356, 0.90081817, 0.38669211, 0.55286676;
 0, 0, 0, 1]
Twc:
[0.94448364, 0.26259249, -0.19747356, 0.077660114;
 0.069166869, 0.42865199, 0.90081817, -0.47832727;
 0.32119551, -0.86446667, 0.38669211, -0.27578798;
 0, 0, 0, 1]
Ow:
[0.048317552;
 -0.053766549;
 0.55286676]
Keyframe: 19 Frame: 169 Frame from vFrameID : 170
Tcw:
[0.91951722, 0.080992393, 0.3846145, -0.078117266;
 0.32041678, 0.41227752, -0.85285419, -0.034493372;
 -0.22764261, 0.90745109, 0.35314497, 0.66011995;
 0, 0, 0, 1]
Twc:
[0.91951722, 0.32041678, -0.22764261, 0.23315386;
 0.080992393, 0.41227752, 0.90745109, -0.57847887;
 0.3846145, -0.85285419, 0.35314497, -0.23249085;
 0, 0, 0, 1]
Ow:
[-0.078117266;
 -0.034493372;
 0.66011995]
Keyframe: 20 Frame: 178 Frame from vFrameID : 179
Tcw:
[0.90062219, 0.10711899, 0.42119494, -0.079691075;
 0.3451761, 0.41256234, -0.84299809, 0.086079486;
 -0.26407027, 0.9046092, 0.3345879, 0.75247222;
 0, 0, 0, 1]
Twc:
[0.90062219, 0.3451761, -0.26407027, 0.24076451;
 0.10711899, 0.41256234, 0.9046092, -0.70767003;
 0.42119494, -0.84299809, 0.3345879, -0.14563777;
 0, 0, 0, 1]
Ow:
[-0.079691075;
 0.086079486;
 0.75247222]
Keyframe: 21 Frame: 187 Frame from vFrameID : 188
Tcw:
[0.92558289, 0.10123537, 0.36475703, -0.0096876472;
 0.29993439, 0.39173728, -0.86981678, 0.0033469051;
 -0.23094517, 0.9144907, 0.33222136, 0.782332;
 0, 0, 0, 1]
Twc:
[0.92558289, 0.29993439, -0.23094517, 0.18863866;
 0.10123537, 0.39173728, 0.9144907, -0.71576571;
 0.36475703, -0.86981678, 0.33222136, -0.25346255;
 0, 0, 0, 1]
Ow:
[-0.0096876472;
 0.0033469051;
 0.782332]
Keyframe: 22 Frame: 196 Frame from vFrameID : 197
Tcw:
[0.91869968, 0.09066426, 0.38440984, -0.036741987;
 0.31287357, 0.42693844, -0.84843016, -0.073855743;
 -0.24104165, 0.89972413, 0.36386177, 0.87304521;
 0, 0, 0, 1]
Twc:
[0.91869968, 0.31287357, -0.24104165, 0.2673026;
 0.09066426, 0.42693844, 0.89972413, -0.75063682;
 0.38440984, -0.84843016, 0.36386177, -0.36620522;
 0, 0, 0, 1]
Ow:
[-0.036741987;
 -0.073855743;
 0.87304521]
Keyframe: 23 Frame: 205 Frame from vFrameID : 206
Tcw:
[0.90863246, 0.10859907, 0.40322858, -0.020189583;
 0.33178216, 0.39862704, -0.85499537, -0.091926485;
 -0.25358951, 0.91066062, 0.32617423, 0.99341595;
 0, 0, 0, 1]
Twc:
[0.90863246, 0.33178216, -0.25358951, 0.30076435;
 0.10859907, 0.39862704, 0.91066062, -0.8658278;
 0.40322858, -0.85499537, 0.32617423, -0.39448237;
 0, 0, 0, 1]
Ow:
[-0.020189583;
 -0.091926485;
 0.99341595]
Keyframe: 24 Frame: 214 Frame from vFrameID : 215
Tcw:
[0.91997623, 0.089234248, 0.3816818, -0.025035545;
 0.31931072, 0.39415216, -0.86179155, -0.052413374;
 -0.22734202, 0.91470283, 0.33411717, 1.0476335;
 0, 0, 0, 1]
Twc:
[0.91997623, 0.31931072, -0.22734202, 0.27793941;
 0.089234248, 0.39415216, 0.91470283, -0.93538052;
 0.3816818, -0.86179155, 0.33411717, -0.38564613;
 0, 0, 0, 1]
Ow:
[-0.025035545;
 -0.052413374;
 1.0476335]
Keyframe: 25 Frame: 223 Frame from vFrameID : 224
Tcw:
[0.92224884, 0.08241681, 0.37770969, -0.019886717;
 0.31827658, 0.39272508, -0.86282504, -0.09597978;
 -0.21944734, 0.91595548, 0.3359589, 1.1073549;
 0, 0, 0, 1]
Twc:
[0.92224884, 0.31827658, -0.21944734, 0.2918947;
 0.08241681, 0.39272508, 0.91595548, -0.97495514;
 0.37770969, -0.86282504, 0.3359589, -0.44732806;
 0, 0, 0, 1]
Ow:
[-0.019886717;
 -0.09597978;
 1.1073549]
Keyframe: 26 Frame: 231 Frame from vFrameID : 232
Tcw:
[0.90358377, 0.094746731, 0.41780308, -0.043332234;
 0.35753644, 0.37049541, -0.85726357, -0.18972218;
 -0.23601705, 0.9239893, 0.30089825, 1.2336693;
 0, 0, 0, 1]
Twc:
[0.90358377, 0.35753644, -0.23601705, 0.39815387;
 0.094746731, 0.37049541, 0.9239893, -1.0655004;
 0.41780308, -0.85726357, 0.30089825, -0.51574647;
 0, 0, 0, 1]
Ow:
[-0.043332234;
 -0.18972218;
 1.2336693]
Keyframe: 27 Frame: 240 Frame from vFrameID : 241
Tcw:
[0.8823809, 0.12465485, 0.45372358, -0.070796058;
 0.3766796, 0.39074194, -0.83990073, -0.044460863;
 -0.28198653, 0.9120208, 0.29782829, 1.3250043;
 0, 0, 0, 1]
Twc:
[0.8823809, 0.3766796, -0.28198653, 0.45284998;
 0.12465485, 0.39074194, 0.9120208, -1.1822337;
 0.45372358, -0.83990073, 0.29782829, -0.39984465;
 0, 0, 0, 1]
Ow:
[-0.070796058;
 -0.044460863;
 1.3250043]
Keyframe: 28 Frame: 249 Frame from vFrameID : 250
Tcw:
[0.90670592, 0.14135371, 0.39737076, 0.039835393;
 0.32471314, 0.36730626, -0.87157756, -0.091694325;
 -0.2691575, 0.91929609, 0.28713936, 1.4085925;
 0, 0, 0, 1]
Twc:
[0.90670592, 0.32471314, -0.2691575, 0.37278855;
 0.14135371, 0.36730626, 0.91929609, -1.2668644;
 0.39737076, -0.87157756, 0.28713936, -0.50021046;
 0, 0, 0, 1]
Ow:
[0.039835393;
 -0.091694325;
 1.4085925]
Keyframe: 29 Frame: 259 Frame from vFrameID : 260
Tcw:
[0.90494317, 0.11095359, 0.41081282, 0.083721504;
 0.34177333, 0.38563561, -0.85701585, -0.12817892;
 -0.25351304, 0.91595548, 0.31105733, 1.4066856;
 0, 0, 0, 1]
Twc:
[0.90494317, 0.34177333, -0.25351304, 0.32465807;
 0.11095359, 0.38563561, 0.91595548, -1.2483202;
 0.41081282, -0.85701585, 0.31105733, -0.58180511;
 0, 0, 0, 1]
Ow:
[0.083721504;
 -0.12817892;
 1.4066856]
Keyframe: 30 Frame: 267 Frame from vFrameID : 268
Tcw:
[0.8926174, 0.073476143, 0.44478688, 0.053183854;
 0.399414, 0.32862306, -0.85584772, -0.33054385;
 -0.20905162, 0.94159871, 0.26398727, 1.6675094;
 0, 0, 0, 1]
Twc:
[0.8926174, 0.399414, -0.20905162, 0.43314657;
 0.073476143, 0.32862306, 0.94159871, -1.4654082;
 0.44478688, -0.85584772, 0.26398727, -0.74675196;
 0, 0, 0, 1]
Ow:
[0.053183854;
 -0.33054385;
 1.6675094]
Keyframe: 31 Frame: 276 Frame from vFrameID : 277
Tcw:
[0.93471837, 0.032206893, 0.35392693, 0.26934069;
 0.32687294, 0.31295466, -0.89174742, -0.40446368;
 -0.1394835, 0.94922185, 0.28199691, 1.6998775;
 0, 0, 0, 1]
Twc:
[0.93471837, 0.32687294, -0.1394835, 0.11755538;
 0.032206893, 0.31295466, 0.94922185, -1.4956567;
 0.35392693, -0.89174742, 0.28199691, -0.93536657;
 0, 0, 0, 1]
Ow:
[0.26934069;
 -0.40446368;
 1.6998775]
Keyframe: 32 Frame: 282 Frame from vFrameID : 283
Tcw:
[0.9234727, 0.020191599, 0.38313249, 0.20665187;
 0.36120015, 0.29093382, -0.88594127, -0.44981468;
 -0.12935476, 0.95653009, 0.2613762, 1.8093163;
 0, 0, 0, 1]
Twc:
[0.9234727, 0.36120015, -0.12935476, 0.20567948;
 0.020191599, 0.29093382, 0.95653009, -1.6039718;
 0.38313249, -0.88594127, 0.2613762, -0.95059675;
 0, 0, 0, 1]
Ow:
[0.20665187;
 -0.44981468;
 1.8093163]
Keyframe: 33 Frame: 290 Frame from vFrameID : 291
Tcw:
[0.9360429, 0.029442836, 0.35065192, 0.20230144;
 0.31884161, 0.35062778, -0.88056809, -0.36156347;
 -0.14887473, 0.93605196, 0.31881505, 1.7626114;
 0, 0, 0, 1]
Twc:
[0.9360429, 0.31884161, -0.14887473, 0.18832695;
 0.029442836, 0.35062778, 0.93605196, -1.529078;
 0.35065192, -0.88056809, 0.31881505, -0.95126569;
 0, 0, 0, 1]
Ow:
[0.20230144;
 -0.36156347;
 1.7626114]
Keyframe: 34 Frame: 296 Frame from vFrameID : 297
Tcw:
[0.91076374, 0.047178689, 0.41022387, 0.035816044;
 0.37524548, 0.32006004, -0.86991519, -0.43493557;
 -0.17233773, 0.94622183, 0.27379549, 1.9082652;
 0, 0, 0, 1]
Twc:
[0.91076374, 0.37524548, -0.17233773, 0.45945367;
 0.047178689, 0.32006004, 0.94622183, -1.6681265;
 0.41022387, -0.86991519, 0.27379549, -0.91552401;
 0, 0, 0, 1]
Ow:
[0.035816044;
 -0.43493557;
 1.9082652]
Keyframe: 35 Frame: 300 Frame from vFrameID : 301
Tcw:
[0.88351572, 0.046903007, 0.46604729, -0.020519018;
 0.42661828, 0.33020306, -0.84199929, -0.51556736;
 -0.19338253, 0.9427439, 0.27172992, 1.9700062;
 0, 0, 0, 1]
Twc:
[0.88351572, 0.42661828, -0.19338253, 0.61904413;
 0.046903007, 0.33020306, 0.9427439, -1.6860069;
 0.46604729, -0.84199929, 0.27172992, -0.95985407;
 0, 0, 0, 1]
Ow:
[-0.020519018;
 -0.51556736;
 1.9700062]
Keyframe: 36 Frame: 306 Frame from vFrameID : 307
Tcw:
[0.94949675, 0.13109395, 0.28507948, -0.036609396;
 0.21091819, 0.40600964, -0.8891961, -0.072233737;
 -0.23231325, 0.90441722, 0.35785475, 2.0152745;
 0, 0, 0, 1]
Twc:
[0.94949675, 0.21091819, -0.23231325, 0.51817089;
 0.13109395, 0.40600964, 0.90441722, -1.7885221;
 0.28507948, -0.8891961, 0.35785475, -0.77496892;
 0, 0, 0, 1]
Ow:
[-0.036609396;
 -0.072233737;
 2.0152745]
Keyframe: 37 Frame: 308 Frame from vFrameID : 309
Tcw:
[0.91450107, 0.0574967, 0.40047717, 0.14112064;
 0.35868832, 0.34269479, -0.86827588, -0.45518064;
 -0.18716444, 0.93768567, 0.29277134, 1.9586051;
 0, 0, 0, 1]
Twc:
[0.91450107, 0.35868832, -0.18716444, 0.40079421;
 0.0574967, 0.34269479, 0.93768567, -1.6886817;
 0.40047717, -0.86827588, 0.29277134, -1.0251614;
 0, 0, 0, 1]
Ow:
[0.14112064;
 -0.45518064;
 1.9586051]
Keyframe: 38 Frame: 312 Frame from vFrameID : 313
Tcw:
[0.92115158, 0.070165299, 0.38282713, 0.12254578;
 0.33866367, 0.34022287, -0.87724304, -0.39440751;
 -0.19179857, 0.9377234, 0.28963441, 2.0869312;
 0, 0, 0, 1]
Twc:
[0.92115158, 0.33866367, -0.19179857, 0.42095867;
 0.070165299, 0.34022287, 0.9377234, -1.8313763;
 0.38282713, -0.87724304, 0.28963441, -0.99735212;
 0, 0, 0, 1]
Ow:
[0.12254578;
 -0.39440751;
 2.0869312]
Keyframe: 39 Frame: 317 Frame from vFrameID : 318
Tcw:
[0.91987288, 0.15140642, 0.36181492, 0.054397076;
 0.27751067, 0.40064692, -0.87319523, -0.29929149;
 -0.27716741, 0.90363604, 0.32652733, 2.1704326;
 0, 0, 0, 1]
Twc:
[0.91987288, 0.27751067, -0.27716741, 0.63459128;
 0.15140642, 0.40064692, 0.90363604, -1.849607;
 0.36181492, -0.87319523, 0.32652733, -0.98972708;
 0, 0, 0, 1]
Ow:
[0.054397076;
 -0.29929149;
 2.1704326]
Keyframe: 40 Frame: 320 Frame from vFrameID : 321
Tcw:
[0.91718727, 0.12791871, 0.37736493, 0.079832256;
 0.30938855, 0.36817008, -0.87677222, -0.32642758;
 -0.25109005, 0.92091674, 0.29810432, 2.1768177;
 0, 0, 0, 1]
Twc:
[0.91718727, 0.30938855, -0.25109005, 0.57434911;
 0.12791871, 0.36817008, 0.92091674, -1.8946989;
 0.37736493, -0.87677222, 0.29810432, -0.96524733;
 0, 0, 0, 1]
Ow:
[0.079832256;
 -0.32642758;
 2.1768177]
Keyframe: 41 Frame: 324 Frame from vFrameID : 325
Tcw:
[0.95243573, 0.01518233, 0.30436116, 0.08319138;
 0.28197703, 0.33484656, -0.8990922, -0.21801078;
 -0.1155646, 0.94215035, 0.31463873, 2.1963527;
 0, 0, 0, 1]
Twc:
[0.95243573, 0.28197703, -0.1155646, 0.2360602;
 0.01518233, 0.33484656, 0.94215035, -1.9975574;
 0.30436116, -0.8990922, 0.31463873, -0.9123897;
 0, 0, 0, 1]
Ow:
[0.08319138;
 -0.21801078;
 2.1963527]
Keyframe: 42 Frame: 330 Frame from vFrameID : 331
Tcw:
[0.92862892, 0.042850826, 0.36852697, -0.022034347;
 0.32508844, 0.38469636, -0.86390173, -0.23619378;
 -0.17878988, 0.92204803, 0.34330985, 2.2112615;
 0, 0, 0, 1]
Twc:
[0.92862892, 0.32508844, -0.17878988, 0.49259678;
 0.042850826, 0.38469636, 0.92204803, -1.9470822;
 0.36852697, -0.86390173, 0.34330985, -0.9550758;
 0, 0, 0, 1]
Ow:
[-0.022034347;
 -0.23619378;
 2.2112615]
Keyframe: 43 Frame: 332 Frame from vFrameID : 333
Tcw:
[0.93628222, 0.0022673465, 0.35124129, 0.051536411;
 0.33086094, 0.33003485, -0.88408601, -0.27760583;
 -0.1179264, 0.94396603, 0.30825558, 2.2379975;
 0, 0, 0, 1]
Twc:
[0.93628222, 0.33086094, -0.1179264, 0.30751529;
 0.0022673465, 0.33003485, 0.94396603, -2.021091;
 0.35124129, -0.88408601, 0.30825558, -0.95340443;
 0, 0, 0, 1]
Ow:
[0.051536411;
 -0.27760583;
 2.2379975]
Keyframe: 44 Frame: 335 Frame from vFrameID : 336
Tcw:
[0.93526697, 0.031892072, 0.35250339, 0.06575346;
 0.31853971, 0.35832694, -0.87757295, -0.26679945;
 -0.15429908, 0.93305129, 0.32497245, 2.3127022;
 0, 0, 0, 1]
Twc:
[0.93526697, 0.31853971, -0.15429908, 0.38033697;
 0.031892072, 0.35832694, 0.93305129, -2.0643654;
 0.35250339, -0.87757295, 0.32497245, -1.0088788;
 0, 0, 0, 1]
Ow:
[0.06575346;
 -0.26679945;
 2.3127022]
Keyframe: 45 Frame: 338 Frame from vFrameID : 339
Tcw:
[0.94161689, 0.030556291, 0.33529678, 0.081305951;
 0.30409282, 0.35027769, -0.88590807, -0.31064177;
 -0.14451705, 0.93614733, 0.32053545, 2.3154457;
 0, 0, 0, 1]
Twc:
[0.94161689, 0.30409282, -0.14451705, 0.35252625;
 0.030556291, 0.35027769, 0.93614733, -2.0612719;
 0.33529678, -0.88590807, 0.32053545, -1.0446441;
 0, 0, 0, 1]
Ow:
[0.081305951;
 -0.31064177;
 2.3154457]
Keyframe: 46 Frame: 341 Frame from vFrameID : 342
Tcw:
[0.95278287, 0.025094528, 0.30261365, 0.10056329;
 0.2769005, 0.33720618, -0.89978784, -0.30324554;
 -0.12462294, 0.94109631, 0.31433558, 2.3643227;
 0, 0, 0, 1]
Twc:
[0.95278287, 0.2769005, -0.12462294, 0.2828027;
 0.025094528, 0.33720618, 0.94109631, -2.1253226;
 0.30261365, -0.89978784, 0.31433558, -1.0464792;
 0, 0, 0, 1]
Ow:
[0.10056329;
 -0.30324554;
 2.3643227]
Keyframe: 47 Frame: 345 Frame from vFrameID : 346
Tcw:
[0.9541083, 0.028416269, 0.29811054, 0.1267966;
 0.26965392, 0.35144815, -0.89653277, -0.32005107;
 -0.13024652, 0.935776, 0.32765704, 2.382457;
 0, 0, 0, 1]
Twc:
[0.9541083, 0.26965392, -0.13024652, 0.27563205;
 0.028416269, 0.35144815, 0.935776, -2.1205678;
 0.29811054, -0.89653277, 0.32765704, -1.1053644;
 0, 0, 0, 1]
Ow:
[0.1267966;
 -0.32005107;
 2.382457]
Keyframe: 48 Frame: 348 Frame from vFrameID : 349
Tcw:
[0.95404512, 0.036171429, 0.29747188, 0.11917827;
 0.26606137, 0.35448581, -0.89641017, -0.32495618;
 -0.13787399, 0.93436152, 0.32857162, 2.4176624;
 0, 0, 0, 1]
Twc:
[0.95404512, 0.26606137, -0.13787399, 0.30608964;
 0.036171429, 0.35448581, 0.93436152, -2.1480894;
 0.29747188, -0.89641017, 0.32857162, -1.1211215;
 0, 0, 0, 1]
Ow:
[0.11917827;
 -0.32495618;
 2.4176624]
Keyframe: 49 Frame: 352 Frame from vFrameID : 353
Tcw:
[0.94877285, 0.044867259, 0.31275716, 0.15278447;
 0.27850166, 0.34873724, -0.894885, -0.35152686;
 -0.14922111, 0.93614596, 0.31837681, 2.4298704;
 0, 0, 0, 1]
Twc:
[0.94877285, 0.27850166, -0.14922111, 0.31553105;
 0.044867259, 0.34873724, 0.93614596, -2.158978;
 0.31275716, -0.894885, 0.31837681, -1.135975;
 0, 0, 0, 1]
Ow:
[0.15278447;
 -0.35152686;
 2.4298704]
Keyframe: 50 Frame: 357 Frame from vFrameID : 358
Tcw:
[0.94864768, 0.052069195, 0.31201988, 0.1620647;
 0.27948877, 0.32403889, -0.90381682, -0.33336419;
 -0.1481676, 0.94460976, 0.29284599, 2.4643164;
 0, 0, 0, 1]
Twc:
[0.94864768, 0.27948877, -0.1481676, 0.30456108;
 0.052069195, 0.32403889, 0.94460976, -2.2282329;
 0.31201988, -0.90381682, 0.29284599, -1.0735327;
 0, 0, 0, 1]
Ow:
[0.1620647;
 -0.33336419;
 2.4643164]
Keyframe: 51 Frame: 361 Frame from vFrameID : 362
Tcw:
[0.93582052, 0.060073916, 0.34731978, 0.12313023;
 0.30676901, 0.34646177, -0.88648576, -0.36134773;
 -0.17358771, 0.93613851, 0.30579725, 2.5001438;
 0, 0, 0, 1]
Twc:
[0.93582052, 0.30676901, -0.17358771, 0.42961669;
 0.060073916, 0.34646177, 0.93613851, -2.2226846;
 0.34731978, -0.88648576, 0.30579725, -1.1276323;
 0, 0, 0, 1]
Ow:
[0.12313023;
 -0.36134773;
 2.5001438]
Keyframe: 52 Frame: 366 Frame from vFrameID : 367
Tcw:
[0.93214351, 0.039475832, 0.35993078, 0.15936363;
 0.32196769, 0.36443776, -0.87379742, -0.4141292;
 -0.16566625, 0.93039066, 0.32699835, 2.5470963;
 0, 0, 0, 1]
Twc:
[0.93214351, 0.32196769, -0.16566625, 0.40675434;
 0.039475832, 0.36443776, 0.93039066, -2.2251613;
 0.35993078, -0.87379742, 0.32699835, -1.2521212;
 0, 0, 0, 1]
Ow:
[0.15936363;
 -0.4141292;
 2.5470963]
Keyframe: 53 Frame: 372 Frame from vFrameID : 373
Tcw:
[0.94487089, 0.027383382, 0.32629606, 0.12778077;
 0.29932901, 0.3317441, -0.89462173, -0.42854333;
 -0.13274457, 0.94297189, 0.30525872, 2.6451979;
 0, 0, 0, 1]
Twc:
[0.94487089, 0.29932901, -0.13274457, 0.35867476;
 0.027383382, 0.3317441, 0.94297189, -2.3556798;
 0.32629606, -0.89462173, 0.30525872, -1.2325482;
 0, 0, 0, 1]
Ow:
[0.12778077;
 -0.42854333;
 2.6451979]
Keyframe: 54 Frame: 378 Frame from vFrameID : 379
Tcw:
[0.9464336, 0.0271091, 0.32175851, 0.11167067;
 0.29283568, 0.3478044, -0.89066231, -0.41084868;
 -0.13605408, 0.9371751, 0.32123524, 2.6862621;
 0, 0, 0, 1]
Twc:
[0.9464336, 0.29283568, -0.13605408, 0.38009921;
 0.0271091, 0.3478044, 0.9371751, -2.3776305;
 0.32175851, -0.89066231, 0.32123524, -1.2647805;
 0, 0, 0, 1]
Ow:
[0.11167067;
 -0.41084868;
 2.6862621]
Keyframe: 55 Frame: 385 Frame from vFrameID : 386
Tcw:
[0.93703824, 0.013593337, 0.34896207, 0.090902597;
 0.32551101, 0.32795382, -0.88684207, -0.37578011;
 -0.12649859, 0.94459593, 0.3028805, 2.7571921;
 0, 0, 0, 1]
Twc:
[0.93703824, 0.32551101, -0.12649859, 0.38592228;
 0.013593337, 0.32795382, 0.94459593, -2.4824297;
 0.34896207, -0.88684207, 0.3028805, -1.200079;
 0, 0, 0, 1]
Ow:
[0.090902597;
 -0.37578011;
 2.7571921]
Keyframe: 56 Frame: 393 Frame from vFrameID : 394
Tcw:
[0.91914189, 0.070162319, 0.38762799, 0.13734269;
 0.3441866, 0.33559155, -0.87687737, -0.49915349;
 -0.19160843, 0.93939108, 0.2843073, 2.841769;
 0, 0, 0, 1]
Twc:
[0.91914189, 0.3441866, -0.19160843, 0.59007144;
 0.070162319, 0.33559155, 0.93939108, -2.511657;
 0.38762799, -0.87687737, 0.2843073, -1.29887;
 0, 0, 0, 1]
Ow:
[0.13734269;
 -0.49915349;
 2.841769]
Keyframe: 57 Frame: 401 Frame from vFrameID : 402
Tcw:
[0.91579705, 0.034612548, 0.40014714, -0.13348877;
 0.36913252, 0.32011771, -0.87250549, -0.53752279;
 -0.15829383, 0.94674528, 0.28038624, 2.9953206;
 0, 0, 0, 1]
Twc:
[0.91579705, 0.36913252, -0.15829383, 0.79480654;
 0.034612548, 0.32011771, 0.94674528, -2.6591146;
 0.40014714, -0.87250549, 0.28038624, -1.2554231;
 0, 0, 0, 1]
Ow:
[-0.13348877;
 -0.53752279;
 2.9953206]
Keyframe: 58 Frame: 408 Frame from vFrameID : 409
Tcw:
[0.92984068, 0.015494525, 0.36763605, 0.028026104;
 0.34334329, 0.32278031, -0.88200241, -0.6379841;
 -0.13233188, 0.94634706, 0.29481432, 3.0433486;
 0, 0, 0, 1]
Twc:
[0.92984068, 0.34334329, -0.13233188, 0.59571987;
 0.015494525, 0.32278031, 0.94634706, -2.6745698;
 0.36763605, -0.88200241, 0.29481432, -1.4702297;
 0, 0, 0, 1]
Ow:
[0.028026104;
 -0.6379841;
 3.0433486]
Keyframe: 59 Frame: 416 Frame from vFrameID : 417
Tcw:
[0.92946327, 0.064829171, 0.36317372, 0.059702575;
 0.31694156, 0.36348835, -0.87602752, -0.44923663;
 -0.18880156, 0.9293403, 0.31730199, 3.0722392;
 0, 0, 0, 1]
Twc:
[0.92946327, 0.31694156, -0.18880156, 0.66693395;
 0.064829171, 0.36348835, 0.9293403, -2.695734;
 0.36317372, -0.87602752, 0.31730199, -1.3900537;
 0, 0, 0, 1]
Ow:
[0.059702575;
 -0.44923663;
 3.0722392]
Keyframe: 60 Frame: 423 Frame from vFrameID : 424
Tcw:
[0.90850431, 0.091981255, 0.40762654, 0.01489836;
 0.34974837, 0.36645594, -0.86219841, -0.49592257;
 -0.22868326, 0.92587769, 0.30075648, 3.1414232;
 0, 0, 0, 1]
Twc:
[0.90850431, 0.34974837, -0.22868326, 0.87830377;
 0.091981255, 0.36645594, 0.92587769, -2.7282102;
 0.40762654, -0.86219841, 0.30075648, -1.3784602;
 0, 0, 0, 1]
Ow:
[0.01489836;
 -0.49592257;
 3.1414232]
Keyframe: 61 Frame: 431 Frame from vFrameID : 432
Tcw:
[0.90869588, 0.10001123, 0.40530175, 0.069569588;
 0.34470579, 0.36788911, -0.86361772, -0.53438103;
 -0.23547757, 0.92447573, 0.29982489, 3.2245884;
 0, 0, 0, 1]
Twc:
[0.90869588, 0.34470579, -0.23547757, 0.88030487;
 0.10001123, 0.36788911, 0.92447573, -2.7914186;
 0.40530175, -0.86361772, 0.29982489, -1.4565094;
 0, 0, 0, 1]
Ow:
[0.069569588;
 -0.53438103;
 3.2245884]
Keyframe: 62 Frame: 438 Frame from vFrameID : 439
Tcw:
[0.92458957, 0.077883273, 0.3729187, 0.10634324;
 0.32438859, 0.3523429, -0.87785333, -0.54359686;
 -0.19976535, 0.93262464, 0.30050814, 3.3497095;
 0, 0, 0, 1]
Twc:
[0.92458957, 0.32438859, -0.19976535, 0.74716866;
 0.077883273, 0.3523429, 0.93262464, -2.9407713;
 0.3729187, -0.87785333, 0.30050814, -1.5234706;
 0, 0, 0, 1]
Ow:
[0.10634324;
 -0.54359686;
 3.3497095]
Keyframe: 63 Frame: 446 Frame from vFrameID : 447
Tcw:
[0.92406052, 0.10037939, 0.36883077, 0.12966913;
 0.30257574, 0.39754358, -0.86626035, -0.53140467;
 -0.23358099, 0.91207623, 0.33698195, 3.3755264;
 0, 0, 0, 1]
Twc:
[0.92406052, 0.30257574, -0.23358099, 0.82942688;
 0.10037939, 0.39754358, 0.91207623, -2.880497;
 0.36883077, -0.86626035, 0.33698195, -1.6456523;
 0, 0, 0, 1]
Ow:
[0.12966913;
 -0.53140467;
 3.3755264]
Keyframe: 64 Frame: 452 Frame from vFrameID : 453
Tcw:
[0.91635644, 0.072883382, 0.39367354, 0.12353188;
 0.33971825, 0.37876603, -0.86088783, -0.59171295;
 -0.21185458, 0.92261821, 0.32232487, 3.5181937;
 0, 0, 0, 1]
Twc:
[0.91635644, 0.33971825, -0.21185458, 0.83316183;
 0.072883382, 0.37876603, 0.92261821, -3.0308321;
 0.39367354, -0.86088783, 0.32232487, -1.692031;
 0, 0, 0, 1]
Ow:
[0.12353188;
 -0.59171295;
 3.5181937]
Keyframe: 65 Frame: 459 Frame from vFrameID : 460
Tcw:
[0.90312386, 0.14449641, 0.40433654, 0.074829519;
 0.30713964, 0.44065151, -0.84349954, -0.39673281;
 -0.30005416, 0.88597238, 0.35358232, 3.5168884;
 0, 0, 0, 1]
Twc:
[0.90312386, 0.30713964, -0.30005416, 1.1095289;
 0.14449641, 0.44065151, 0.88597238, -2.9518573;
 0.40433654, -0.84349954, 0.35358232, -1.6084098;
 0, 0, 0, 1]
Ow:
[0.074829519;
 -0.39673281;
 3.5168884]
Keyframe: 66 Frame: 465 Frame from vFrameID : 466
Tcw:
[0.96404165, 0.039443746, 0.26280764, 0.14349842;
 0.22389847, 0.41215935, -0.88317275, -0.4378376;
 -0.14315426, 0.91025758, 0.3885074, 3.4430945;
 0, 0, 0, 1]
Twc:
[0.96404165, 0.22389847, -0.14315426, 0.45258641;
 0.039443746, 0.41215935, 0.91025758, -2.9593041;
 0.26280764, -0.88317275, 0.3885074, -1.7620665;
 0, 0, 0, 1]
Ow:
[0.14349842;
 -0.4378376;
 3.4430945]
Keyframe: 67 Frame: 467 Frame from vFrameID : 468
Tcw:
[0.94405377, 0.1164811, 0.30853626, -0.015185326;
 0.24989398, 0.3578507, -0.89971989, -0.25073898;
 -0.21521029, 0.9264853, 0.30872241, 3.7914531;
 0, 0, 0, 1]
Twc:
[0.94405377, 0.24989398, -0.21521029, 0.89295363;
 0.1164811, 0.3578507, 0.9264853, -3.4212296;
 0.30853626, -0.89971989, 0.30872241, -1.3914161;
 0, 0, 0, 1]
Ow:
[-0.015185326;
 -0.25073898;
 3.7914531]
Keyframe: 68 Frame: 470 Frame from vFrameID : 471
Tcw:
[0.95061785, 0.045561381, 0.30700147, -0.18611559;
 0.27100688, 0.3602441, -0.89262503, -0.30082351;
 -0.1512647, 0.93174481, 0.330107, 3.6912329;
 0, 0, 0, 1]
Twc:
[0.95061785, 0.27100688, -0.1512647, 0.81680322;
 0.045561381, 0.3602441, 0.93174481, -3.3224373;
 0.30700147, -0.89262503, 0.330107, -1.4298867;
 0, 0, 0, 1]
Ow:
[-0.18611559;
 -0.30082351;
 3.6912329]
Keyframe: 69 Frame: 472 Frame from vFrameID : 473
Tcw:
[0.93550771, 0.067636833, 0.34677157, -0.056661844;
 0.29225761, 0.40335625, -0.86711544, -0.47238636;
 -0.19852142, 0.91253984, 0.35757551, 3.6632752;
 0, 0, 0, 1]
Twc:
[0.93550771, 0.29225761, -0.19852142, 0.9183048;
 0.067636833, 0.40335625, 0.91253984, -3.1485124;
 0.34677157, -0.86711544, 0.35757551, -1.6998625;
 0, 0, 0, 1]
Ow:
[-0.056661844;
 -0.47238636;
 3.6632752]
Keyframe: 70 Frame: 475 Frame from vFrameID : 476
Tcw:
[0.93551272, 0.075091079, 0.3452206, -0.048610449;
 0.28902745, 0.39927217, -0.87008327, -0.44874001;
 -0.20317246, 0.9137522, 0.35182083, 3.6892383;
 0, 0, 0, 1]
Twc:
[0.93551272, 0.28902745, -0.20317246, 0.92472553;
 0.075091079, 0.39927217, 0.9137522, -3.18823;
 0.3452206, -0.87008327, 0.35182083, -1.6716106;
 0, 0, 0, 1]
Ow:
[-0.048610449;
 -0.44874001;
 3.6892383]
Keyframe: 71 Frame: 479 Frame from vFrameID : 480
Tcw:
[0.93424648, 0.10550142, 0.34066546, 0.034237862;
 0.27827016, 0.38178173, -0.88136739, -0.47654974;
 -0.22304535, 0.9182114, 0.32732034, 3.7427361;
 0, 0, 0, 1]
Twc:
[0.93424648, 0.27827016, -0.22304535, 0.9354229;
 0.10550142, 0.38178173, 0.9182114, -3.2582972;
 0.34066546, -0.88136739, 0.32732034, -1.6567527;
 0, 0, 0, 1]
Ow:
[0.034237862;
 -0.47654974;
 3.7427361]
Keyframe: 72 Frame: 485 Frame from vFrameID : 486
Tcw:
[0.92281282, 0.079912677, 0.37686932, 0.059888303;
 0.31810415, 0.39376578, -0.86241418, -0.47895789;
 -0.21731608, 0.91573054, 0.33795157, 3.7516041;
 0, 0, 0, 1]
Twc:
[0.92281282, 0.31810415, -0.21731608, 0.91237664;
 0.079912677, 0.39376578, 0.91573054, -3.251647;
 0.37686932, -0.86241418, 0.33795157, -1.7034906;
 0, 0, 0, 1]
Ow:
[0.059888303;
 -0.47895789;
 3.7516041]
Keyframe: 73 Frame: 489 Frame from vFrameID : 490
Tcw:
[0.91218603, 0.074187934, 0.40300474, 0.04994899;
 0.34085628, 0.4085165, -0.84671795, -0.48345447;
 -0.22745034, 0.90973097, 0.34735563, 3.7928607;
 0, 0, 0, 1]
Twc:
[0.91218603, 0.34085628, -0.22745034, 0.98191315;
 0.074187934, 0.4085165, 0.90973097, -3.2566893;
 0.40300474, -0.84671795, 0.34735563, -1.7469506;
 0, 0, 0, 1]
Ow:
[0.04994899;
 -0.48345447;
 3.7928607]
Keyframe: 74 Frame: 493 Frame from vFrameID : 494
Tcw:
[0.91608846, 0.076473475, 0.39361626, 0.0578807;
 0.33277485, 0.40265679, -0.85271823, -0.49612832;
 -0.22370258, 0.91215092, 0.3434208, 3.8089337;
 0, 0, 0, 1]
Twc:
[0.91608846, 0.33277485, -0.22370258, 0.96414357;
 0.076473475, 0.40265679, 0.91215092, -3.2789795;
 0.39361626, -0.85271823, 0.3434208, -1.7539077;
 0, 0, 0, 1]
Ow:
[0.0578807;
 -0.49612832;
 3.8089337]
Keyframe: 75 Frame: 496 Frame from vFrameID : 497
Tcw:
[0.93097121, 0.078004926, 0.35666215, 0.078427196;
 0.29861683, 0.39935371, -0.86680138, -0.49779332;
 -0.21004914, 0.91347241, 0.34849322, 3.8181217;
 0, 0, 0, 1]
Twc:
[0.93097121, 0.29861683, -0.21004914, 0.8776291;
 0.078004926, 0.39935371, 0.91347241, -3.2950709;
 0.35666215, -0.86680138, 0.34849322, -1.7900493;
 0, 0, 0, 1]
Ow:
[0.078427196;
 -0.49779332;
 3.8181217]
Keyframe: 76 Frame: 500 Frame from vFrameID : 501
Tcw:
[0.93242383, 0.075360097, 0.35342139, 0.096173525;
 0.28976795, 0.42844293, -0.85584533, -0.49248242;
 -0.21591748, 0.90042073, 0.37765345, 3.8072834;
 0, 0, 0, 1]
Twc:
[0.93242383, 0.28976795, -0.21591748, 0.87509018;
 0.075360097, 0.42844293, 0.90042073, -3.2244041;
 0.35342139, -0.85584533, 0.37765345, -1.8933122;
 0, 0, 0, 1]
Ow:
[0.096173525;
 -0.49248242;
 3.8072834]
Keyframe: 77 Frame: 504 Frame from vFrameID : 505
Tcw:
[0.93180686, 0.076999798, 0.35469276, 0.10648388;
 0.28908074, 0.43347424, -0.85354108, -0.51454163;
 -0.21947266, 0.8978703, 0.38165513, 3.8371305;
 0, 0, 0, 1]
Twc:
[0.93180686, 0.28908074, -0.21947266, 0.89166701;
 0.076999798, 0.43347424, 0.8978703, -3.2304044;
 0.35469276, -0.85354108, 0.38165513, -1.9414121;
 0, 0, 0, 1]
Ow:
[0.10648388;
 -0.51454163;
 3.8371305]
Keyframe: 78 Frame: 508 Frame from vFrameID : 509
Tcw:
[0.92206925, 0.071172588, 0.38042438, 0.064098537;
 0.32209036, 0.40387183, -0.85623908, -0.4927218;
 -0.21458344, 0.91204274, 0.3494738, 3.9280112;
 0, 0, 0, 1]
Twc:
[0.92206925, 0.32209036, -0.21458344, 0.94248384;
 0.071172588, 0.40387183, 0.91204274, -3.3880799;
 0.38042438, -0.85623908, 0.3494738, -1.8190093;
 0, 0, 0, 1]
Ow:
[0.064098537;
 -0.4927218;
 3.9280112]
Keyframe: 79 Frame: 513 Frame from vFrameID : 514
Tcw:
[0.91292512, 0.086656682, 0.39882118, 0.10175717;
 0.32933962, 0.42072859, -0.84529454, -0.5778079;
 -0.24104589, 0.90303826, 0.35555422, 3.9758852;
 0, 0, 0, 1]
Twc:
[0.91292512, 0.32933962, -0.24104589, 1.0557692;
 0.086656682, 0.42072859, 0.90303826, -3.3560939;
 0.39882118, -0.84529454, 0.35555422, -1.9426435;
 0, 0, 0, 1]
Ow:
[0.10175717;
 -0.5778079;
 3.9758852]
Keyframe: 80 Frame: 518 Frame from vFrameID : 519
Tcw:
[0.91136545, 0.079366781, 0.40387371, 0.11096865;
 0.33386889, 0.43131125, -0.83815402, -0.55921721;
 -0.24071686, 0.89870548, 0.36658406, 3.9619;
 0, 0, 0, 1]
Twc:
[0.91136545, 0.33386889, -0.24071686, 1.0392684;
 0.079366781, 0.43131125, 0.89870548, -3.3281918;
 0.40387371, -0.83815402, 0.36658406, -1.9658968;
 0, 0, 0, 1]
Ow:
[0.11096865;
 -0.55921721;
 3.9619]
Keyframe: 81 Frame: 523 Frame from vFrameID : 524
Tcw:
[0.91395533, 0.081486724, 0.39754945, 0.030073106;
 0.34219497, 0.37185577, -0.86291707, -0.57977104;
 -0.21814735, 0.92470711, 0.31197521, 4.1411247;
 0, 0, 0, 1]
Twc:
[0.91395533, 0.34219497, -0.21814735, 1.0742846;
 0.081486724, 0.37185577, 0.92470711, -3.6161864;
 0.39754945, -0.86291707, 0.31197521, -1.8041781;
 0, 0, 0, 1]
Ow:
[0.030073106;
 -0.57977104;
 4.1411247]
Keyframe: 82 Frame: 529 Frame from vFrameID : 530
Tcw:
[0.92805338, -0.01487079, 0.37215018, -0.019952357;
 0.34136048, 0.43359977, -0.83394498, -0.58191681;
 -0.14896283, 0.90098286, 0.40748006, 4.1582179;
 0, 0, 0, 1]
Twc:
[0.92805338, 0.34136048, -0.14896283, 0.8365801;
 -0.01487079, 0.43359977, 0.90098286, -3.4944608;
 0.37215018, -0.83394498, 0.40748006, -2.1722522;
 0, 0, 0, 1]
Ow:
[-0.019952357;
 -0.58191681;
 4.1582179]
Keyframe: 83 Frame: 533 Frame from vFrameID : 534
Tcw:
[0.920066, 0.075044729, 0.38450855, 0.057751954;
 0.3225185, 0.41207615, -0.85215908, -0.59879398;
 -0.22239685, 0.9080537, 0.35493395, 4.1932831;
 0, 0, 0, 1]
Twc:
[0.920066, 0.3225185, -0.22239685, 1.0725595;
 0.075044729, 0.41207615, 0.9080537, -3.5653117;
 0.38450855, -0.85215908, 0.35493395, -2.0208123;
 0, 0, 0, 1]
Ow:
[0.057751954;
 -0.59879398;
 4.1932831]
Keyframe: 84 Frame: 539 Frame from vFrameID : 540
Tcw:
[0.89918083, 0.025675474, 0.43682337, -0.027870595;
 0.38608775, 0.42326728, -0.81962252, -0.57114506;
 -0.20593724, 0.90564096, 0.37068084, 4.2803483;
 0, 0, 0, 1]
Twc:
[0.89918083, 0.38608775, -0.20593724, 1.1270559;
 0.025675474, 0.42326728, 0.90564096, -3.6339965;
 0.43682337, -0.81962252, 0.37068084, -2.0425918;
 0, 0, 0, 1]
Ow:
[-0.027870595;
 -0.57114506;
 4.2803483]
Keyframe: 85 Frame: 545 Frame from vFrameID : 546
Tcw:
[0.94732302, 0.051892679, 0.31604788, 0.16520029;
 0.25253174, 0.48592213, -0.83672422, -0.6756165;
 -0.19699451, 0.87246025, 0.44722065, 4.2039881;
 0, 0, 0, 1]
Twc:
[0.94732302, 0.25253174, -0.19699451, 0.8422792;
 0.051892679, 0.48592213, 0.87246025, -3.3480883;
 0.31604788, -0.83672422, 0.44722065, -2.4976263;
 0, 0, 0, 1]
Ow:
[0.16520029;
 -0.6756165;
 4.2039881]
Keyframe: 86 Frame: 548 Frame from vFrameID : 549
Tcw:
[0.91067398, 0.069433726, 0.40724909, 0.052591622;
 0.33777705, 0.44243693, -0.83075643, -0.61621428;
 -0.23786455, 0.89410764, 0.37946269, 4.2675877;
 0, 0, 0, 1]
Twc:
[0.91067398, 0.33777705, -0.23786455, 1.1753571;
 0.069433726, 0.44243693, 0.89410764, -3.5466986;
 0.40724909, -0.83075643, 0.37946269, -2.1527321;
 0, 0, 0, 1]
Ow:
[0.052591622;
 -0.61621428;
 4.2675877]
Keyframe: 87 Frame: 554 Frame from vFrameID : 555
Tcw:
[0.94944823, 0.061541181, 0.30783227, 0.17806405;
 0.24408811, 0.4719094, -0.84718502, -0.65598273;
 -0.19740571, 0.87949657, 0.4330321, 4.2720203;
 0, 0, 0, 1]
Twc:
[0.94944823, 0.24408811, -0.19740571, 0.83437628;
 0.061541181, 0.4719094, 0.87949657, -3.458621;
 0.30783227, -0.84718502, 0.4330321, -2.4604745;
 0, 0, 0, 1]
Ow:
[0.17806405;
 -0.65598273;
 4.2720203]
Keyframe: 88 Frame: 556 Frame from vFrameID : 557
Tcw:
[0.95555735, 0.065985858, 0.28732565, 0.20068777;
 0.22980045, 0.44379053, -0.86616492, -0.56996799;
 -0.18466704, 0.89369786, 0.40890372, 4.3331518;
 0, 0, 0, 1]
Twc:
[0.95555735, 0.22980045, -0.18466704, 0.73940057;
 0.065985858, 0.44379053, 0.89369786, -3.6328244;
 0.28732565, -0.86616492, 0.40890372, -2.3231909;
 0, 0, 0, 1]
Ow:
[0.20068777;
 -0.56996799;
 4.3331518]
Keyframe: 89 Frame: 560 Frame from vFrameID : 561
Tcw:
[0.9475984, 0.060833998, 0.31361845, 0.16144717;
 0.25239393, 0.45925701, -0.85169262, -0.59532666;
 -0.19584334, 0.88621795, 0.41983706, 4.3579626;
 0, 0, 0, 1]
Twc:
[0.9475984, 0.25239393, -0.19584334, 0.8507477;
 0.060833998, 0.45925701, 0.88621795, -3.5985181;
 0.31361845, -0.85169262, 0.41983706, -2.3873024;
 0, 0, 0, 1]
Ow:
[0.16144717;
 -0.59532666;
 4.3579626]
Keyframe: 90 Frame: 563 Frame from vFrameID : 564
Tcw:
[0.94367129, 0.049722545, 0.32712722, 0.16044772;
 0.26373506, 0.48401293, -0.83437121, -0.63979924;
 -0.19982086, 0.87364703, 0.44363549, 4.3850079;
 0, 0, 0, 1]
Twc:
[0.94367129, 0.26373506, -0.19982086, 0.89354354;
 0.049722545, 0.48401293, 0.87364703, -3.5292559;
 0.32712722, -0.83437121, 0.44363549, -2.531662;
 0, 0, 0, 1]
Ow:
[0.16044772;
 -0.63979924;
 4.3850079]
Keyframe: 91 Frame: 567 Frame from vFrameID : 568
Tcw:
[0.93958551, 0.064756006, 0.33613348, 0.17792904;
 0.26065466, 0.50117946, -0.82515353, -0.6486876;
 -0.22189684, 0.86291707, 0.45402199, 4.4368558;
 0, 0, 0, 1]
Twc:
[0.93958551, 0.26065466, -0.22189684, 0.98642814;
 0.064756006, 0.50117946, 0.86291707, -3.5150516;
 0.33613348, -0.82515353, 0.45402199, -2.6095047;
 0, 0, 0, 1]
Ow:
[0.17792904;
 -0.6486876;
 4.4368558]
Keyframe: 92 Frame: 570 Frame from vFrameID : 571
Tcw:
[0.93341988, 0.081620306, 0.34937865, 0.20191127;
 0.26877883, 0.48597559, -0.83161628, -0.70788538;
 -0.23766628, 0.87015277, 0.43168148, 4.4686375;
 0, 0, 0, 1]
Twc:
[0.93341988, 0.26877883, -0.23766628, 1.063841;
 0.081620306, 0.48597559, 0.87015277, -3.5608623;
 0.34937865, -0.83161628, 0.43168148, -2.5882607;
 0, 0, 0, 1]
Ow:
[0.20191127;
 -0.70788538;
 4.4686375]
Keyframe: 93 Frame: 574 Frame from vFrameID : 575
Tcw:
[0.9291625, 0.10333269, 0.3549358, 0.23206502;
 0.27032521, 0.46498564, -0.84303772, -0.69510317;
 -0.2521534, 0.87926716, 0.4041138, 4.4908457;
 0, 0, 0, 1]
Twc:
[0.9291625, 0.27032521, -0.2521534, 1.1046599;
 0.10333269, 0.46498564, 0.87926716, -3.64942;
 0.3549358, -0.84303772, 0.4041138, -2.4831791;
 0, 0, 0, 1]
Ow:
[0.23206502;
 -0.69510317;
 4.4908457]
Keyframe: 94 Frame: 578 Frame from vFrameID : 579
Tcw:
[0.9215588, 0.088507399, 0.37801558, 0.21894413;
 0.29204378, 0.48351854, -0.82517892, -0.69334412;
 -0.25581199, 0.870848, 0.41974273, 4.5023646;
 0, 0, 0, 1]
Twc:
[0.9215588, 0.29204378, -0.25581199, 1.1524757;
 0.088507399, 0.48351854, 0.870848, -3.6050086;
 0.37801558, -0.82517892, 0.41974273, -2.5447321;
 0, 0, 0, 1]
Ow:
[0.21894413;
 -0.69334412;
 4.5023646]
Keyframe: 95 Frame: 582 Frame from vFrameID : 583
Tcw:
[0.91258723, 0.079874903, 0.40100437, 0.22635925;
 0.3146272, 0.48918602, -0.81345361, -0.74415529;
 -0.26114026, 0.86851424, 0.42129412, 4.564105;
 0, 0, 0, 1]
Twc:
[0.91258723, 0.3146272, -0.26114026, 1.2194306;
 0.079874903, 0.48918602, 0.86851424, -3.6180408;
 0.40100437, -0.81345361, 0.42129412, -2.6189375;
 0, 0, 0, 1]
Ow:
[0.22635925;
 -0.74415529;
 4.564105]
Keyframe: 96 Frame: 586 Frame from vFrameID : 587
Tcw:
[0.91581637, 0.078054257, 0.39393905, 0.18968892;
 0.31268415, 0.47696346, -0.82142222, -0.74877286;
 -0.25201002, 0.87545037, 0.4124046, 4.6763744;
 0, 0, 0, 1]
Twc:
[0.91581637, 0.31268415, -0.25201002, 1.2389026;
 0.078054257, 0.47696346, 0.87545037, -3.7516029;
 0.39393905, -0.82142222, 0.4124046, -2.6183431;
 0, 0, 0, 1]
Ow:
[0.18968892;
 -0.74877286;
 4.6763744]
Keyframe: 97 Frame: 592 Frame from vFrameID : 593
Tcw:
[0.92234141, 0.08323963, 0.37730286, 0.17386538;
 0.29638189, 0.47406012, -0.82911086, -0.79212666;
 -0.24787912, 0.87654901, 0.41257456, 4.7369475;
 0, 0, 0, 1]
Twc:
[0.92234141, 0.29638189, -0.24787912, 1.2485992;
 0.08323963, 0.47406012, 0.87654901, -3.7911236;
 0.37730286, -0.82911086, 0.41257456, -2.6767046;
 0, 0, 0, 1]
Ow:
[0.17386538;
 -0.79212666;
 4.7369475]
Keyframe: 98 Frame: 598 Frame from vFrameID : 599
Tcw:
[0.93012327, 0.086083174, 0.35701591, 0.29256421;
 0.27396786, 0.4847438, -0.83064133, -0.81804061;
 -0.24456549, 0.87040973, 0.42728746, 4.7156029;
 0, 0, 0, 1]
Twc:
[0.93012327, 0.27396786, -0.24456549, 1.1052699;
 0.086083174, 0.4847438, 0.87040973, -3.7331517;
 0.35701591, -0.83064133, 0.42728746, -2.7988667;
 0, 0, 0, 1]
Ow:
[0.29256421;
 -0.81804061;
 4.7156029]
Keyframe: 99 Frame: 604 Frame from vFrameID : 605
Tcw:
[0.92056435, 0.095317051, 0.37878218, 0.31866801;
 0.29790252, 0.45586419, -0.83871442, -0.81384969;
 -0.25261703, 0.88493079, 0.39125714, 4.7761502;
 0, 0, 0, 1]
Twc:
[0.92056435, 0.29790252, -0.25261703, 1.1556302;
 0.095317051, 0.45586419, 0.88493079, -3.885932;
 0.37878218, -0.83871442, 0.39125714, -2.6719961;
 0, 0, 0, 1]
Ow:
[0.31866801;
 -0.81384969;
 4.7761502]
Keyframe: 100 Frame: 610 Frame from vFrameID : 611
Tcw:
[0.90286231, 0.10260643, 0.41750637, 0.26277244;
 0.33079967, 0.45448443, -0.8270523, -0.81229246;
 -0.27461103, 0.88482529, 0.37639469, 4.8680563;
 0, 0, 0, 1]
Twc:
[0.90286231, 0.33079967, -0.27461103, 1.3682808;
 0.10260643, 0.45448443, 0.88482529, -3.9651673;
 0.41750637, -0.8270523, 0.37639469, -2.6138282;
 0, 0, 0, 1]
Ow:
[0.26277244;
 -0.81229246;
 4.8680563]
Keyframe: 101 Frame: 617 Frame from vFrameID : 618
Tcw:
[0.91984171, 0.11169294, 0.37605315, 0.26167792;
 0.29322961, 0.44102371, -0.84824198, -0.8333689;
 -0.260591, 0.89051825, 0.3729203, 4.920804;
 0, 0, 0, 1]
Twc:
[0.91984171, 0.29322961, -0.260591, 1.2859833;
 0.11169294, 0.44102371, 0.89051825, -4.0437579;
 0.37605315, -0.84824198, 0.3729203, -2.6403711;
 0, 0, 0, 1]
Ow:
[0.26167792;
 -0.8333689;
 4.920804]
Keyframe: 102 Frame: 624 Frame from vFrameID : 625
Tcw:
[0.91594654, 0.10051362, 0.38850859, 0.15705681;
 0.29726869, 0.48040894, -0.82512945, -0.86477959;
 -0.26957974, 0.87126589, 0.41014934, 4.9819169;
 0, 0, 0, 1]
Twc:
[0.91594654, 0.29726869, -0.26957974, 1.4562402;
 0.10051362, 0.48040894, 0.87126589, -3.940913;
 0.38850859, -0.82512945, 0.41014934, -2.817903;
 0, 0, 0, 1]
Ow:
[0.15705681;
 -0.86477959;
 4.9819169]
Keyframe: 103 Frame: 631 Frame from vFrameID : 632
Tcw:
[0.91498786, 0.09348803, 0.39250118, 0.34312546;
 0.31067562, 0.45745313, -0.833197, -0.89449084;
 -0.25744486, 0.88430572, 0.38951963, 4.9616923;
 0, 0, 0, 1]
Twc:
[0.91498786, 0.31067562, -0.25744486, 1.241303;
 0.09348803, 0.45745313, 0.88430572, -4.0105433;
 0.39250118, -0.833197, 0.38951963, -2.8126409;
 0, 0, 0, 1]
Ow:
[0.34312546;
 -0.89449084;
 4.9616923]
Keyframe: 104 Frame: 638 Frame from vFrameID : 639
Tcw:
[0.88924062, 0.10727379, 0.44468355, 0.093783021;
 0.35531193, 0.4502801, -0.81914669, -0.76816702;
 -0.28810513, 0.88641989, 0.36229169, 5.0699306;
 0, 0, 0, 1]
Twc:
[0.88924062, 0.35531193, -0.28810513, 1.6502161;
 0.10727379, 0.4502801, 0.88641989, -4.158257;
 0.44468355, -0.81914669, 0.36229169, -2.5077388;
 0, 0, 0, 1]
Ow:
[0.093783021;
 -0.76816702;
 5.0699306]
Keyframe: 105 Frame: 645 Frame from vFrameID : 646
Tcw:
[0.88375223, 0.11473027, 0.4536728, -0.062841892;
 0.3669247, 0.43179584, -0.82396519, -0.75788915;
 -0.29042777, 0.8946448, 0.33950317, 5.2479997;
 0, 0, 0, 1]
Twc:
[0.88375223, 0.3669247, -0.29042777, 1.8577895;
 0.11473027, 0.43179584, 0.8946448, -4.3606319;
 0.4536728, -0.82396519, 0.33950317, -2.377677;
 0, 0, 0, 1]
Ow:
[-0.062841892;
 -0.75788915;
 5.2479997]
Keyframe: 106 Frame: 653 Frame from vFrameID : 654
Tcw:
[0.8885417, 0.11132409, 0.44508493, -0.19966114;
 0.36507744, 0.4159936, -0.83286721, -0.6794889;
 -0.27787066, 0.90252769, 0.32898575, 5.4095201;
 0, 0, 0, 1]
Twc:
[0.8885417, 0.36507744, -0.27787066, 1.9286203;
 0.11132409, 0.4159936, 0.90252769, -4.577352;
 0.44508493, -0.83286721, 0.32898575, -2.2567132;
 0, 0, 0, 1]
Ow:
[-0.19966114;
 -0.6794889;
 5.4095201]
Keyframe: 107 Frame: 661 Frame from vFrameID : 662
Tcw:
[0.88449919, 0.12771042, 0.44872174, -0.12095904;
 0.35763326, 0.43204051, -0.82791269, -0.71828079;
 -0.29959905, 0.89276594, 0.33646598, 5.4183826;
 0, 0, 0, 1]
Twc:
[0.88449919, 0.35763326, -0.29959905, 1.9872116;
 0.12771042, 0.43204051, 0.89276594, -4.5115733;
 0.44872174, -0.82791269, 0.33646598, -2.3634982;
 0, 0, 0, 1]
Ow:
[-0.12095904;
 -0.71828079;
 5.4183826]
Keyframe: 108 Frame: 669 Frame from vFrameID : 670
Tcw:
[0.88946456, 0.10879994, 0.44386417, -0.0623945;
 0.35969031, 0.43247259, -0.82679522, -0.64581931;
 -0.28191435, 0.89505869, 0.34553474, 5.4083042;
 0, 0, 0, 1]
Twc:
[0.88946456, 0.35969031, -0.28191435, 1.8124712;
 0.10879994, 0.43247259, 0.89505869, -4.5546618;
 0.44386417, -0.82679522, 0.34553474, -2.3750226;
 0, 0, 0, 1]
Ow:
[-0.0623945;
 -0.64581931;
 5.4083042]
Keyframe: 109 Frame: 678 Frame from vFrameID : 679
Tcw:
[0.90161133, 0.10204946, 0.42033663, -0.050537407;
 0.34688386, 0.40993142, -0.84358037, -0.64902699;
 -0.25839612, 0.90638959, 0.33419949, 5.4588423;
 0, 0, 0, 1]
Twc:
[0.90161133, 0.34688386, -0.25839612, 1.6812458;
 0.10204946, 0.40993142, 0.90638959, -4.6766243;
 0.42033663, -0.84358037, 0.33419949, -2.3506062;
 0, 0, 0, 1]
Ow:
[-0.050537407;
 -0.64902699;
 5.4588423]
Keyframe: 110 Frame: 686 Frame from vFrameID : 687
Tcw:
[0.92246991, 0.077073418, 0.37829751, -0.029436946;
 0.31164601, 0.42969924, -0.84748763, -0.66638899;
 -0.22787292, 0.89967674, 0.372365, 5.4624205;
 0, 0, 0, 1]
Twc:
[0.92246991, 0.31164601, -0.22787292, 1.4795698;
 0.077073418, 0.42969924, 0.89967674, -4.6257968;
 0.37829751, -0.84748763, 0.372365, -2.5876348;
 0, 0, 0, 1]
Ow:
[-0.029436946;
 -0.66638899;
 5.4624205]
Keyframe: 111 Frame: 694 Frame from vFrameID : 695
Tcw:
[0.91326547, 0.06014321, 0.40290073, -0.0059738159;
 0.34240633, 0.42247996, -0.83920711, -0.66667557;
 -0.22069009, 0.90437466, 0.36524293, 5.4970236;
 0, 0, 0, 1]
Twc:
[0.91326547, 0.34240633, -0.22069009, 1.4468682;
 0.06014321, 0.42247996, 0.90437466, -4.689352;
 0.40290073, -0.83920711, 0.36524293, -2.564821;
 0, 0, 0, 1]
Ow:
[-0.0059738159;
 -0.66667557;
 5.4970236]
Keyframe: 112 Frame: 702 Frame from vFrameID : 703
Tcw:
[0.89481121, 0.081576429, 0.4389284, -0.00055682659;
 0.3690694, 0.41802481, -0.83008617, -0.74862027;
 -0.25119844, 0.90476549, 0.34394595, 5.5828676;
 0, 0, 0, 1]
Twc:
[0.89481121, 0.3690694, -0.25119844, 1.6791986;
 0.081576429, 0.41802481, 0.90476549, -4.7381983;
 0.4389284, -0.83008617, 0.34394595, -2.5413795;
 0, 0, 0, 1]
Ow:
[-0.00055682659;
 -0.74862027;
 5.5828676]
Keyframe: 113 Frame: 710 Frame from vFrameID : 711
Tcw:
[0.91172451, 0.026947757, 0.40991738, 0.053304672;
 0.36090893, 0.42408419, -0.83060062, -0.89578915;
 -0.19622231, 0.90522176, 0.37692225, 5.5692339;
 0, 0, 0, 1]
Twc:
[0.91172451, 0.36090893, -0.19622231, 1.367507;
 0.026947757, 0.42408419, 0.90522176, -4.6629381;
 0.40991738, -0.83060062, 0.37692225, -2.8650615;
 0, 0, 0, 1]
Ow:
[0.053304672;
 -0.89578915;
 5.5692339]
Keyframe: 114 Frame: 718 Frame from vFrameID : 719
Tcw:
[0.94011331, 0.03021674, 0.33952019, 0.054427326;
 0.29674315, 0.41756147, -0.85882825, -0.67622375;
 -0.16772154, 0.90814608, 0.38358849, 5.6917477;
 0, 0, 0, 1]
Twc:
[0.94011331, 0.29674315, -0.16772154, 1.1041256;
 0.03021674, 0.41756147, 0.90814608, -4.8882184;
 0.33952019, -0.85882825, 0.38358849, -2.7825282;
 0, 0, 0, 1]
Ow:
[0.054427326;
 -0.67622375;
 5.6917477]
Keyframe: 115 Frame: 723 Frame from vFrameID : 724
Tcw:
[0.96124065, 0.021455461, 0.27487463, 0.10749161;
 0.23853843, 0.43522948, -0.86814439, -0.65244162;
 -0.13825999, 0.90006387, 0.41324231, 5.787755;
 0, 0, 0, 1]
Twc:
[0.96124065, 0.23853843, -0.13825999, 0.85252196;
 0.021455461, 0.43522948, 0.90006387, -4.9276934;
 0.27487463, -0.86814439, 0.41324231, -2.9877055;
 0, 0, 0, 1]
Ow:
[0.10749161;
 -0.65244162;
 5.787755]
Keyframe: 116 Frame: 725 Frame from vFrameID : 726
Tcw:
[0.96179956, 0.030605067, 0.27203849, 0.11899614;
 0.23395075, 0.42413896, -0.87485611, -0.65263283;
 -0.14215715, 0.90507978, 0.40077659, 5.7911086;
 0, 0, 0, 1]
Twc:
[0.96179956, 0.23395075, -0.14215715, 0.86148101;
 0.030605067, 0.42413896, 0.90507978, -4.9682503;
 0.27203849, -0.87485611, 0.40077659, -2.9242721;
 0, 0, 0, 1]
Ow:
[0.11899614;
 -0.65263283;
 5.7911086]
Keyframe: 117 Frame: 728 Frame from vFrameID : 729
Tcw:
[0.96057874, 0.029293466, 0.27646044, 0.15037864;
 0.24044788, 0.41161725, -0.87906545, -0.65422535;
 -0.13954675, 0.91088593, 0.38834724, 5.7978973;
 0, 0, 0, 1]
Twc:
[0.96057874, 0.24044788, -0.13954675, 0.82193428;
 0.029293466, 0.41161725, 0.91088593, -5.0163374;
 0.27646044, -0.87906545, 0.38834724, -2.8682778;
 0, 0, 0, 1]
Ow:
[0.15037864;
 -0.65422535;
 5.7978973]
Keyframe: 118 Frame: 733 Frame from vFrameID : 734
Tcw:
[0.95006913, 0.056268077, 0.30692431, 0.15709186;
 0.25690386, 0.41724512, -0.87172639, -0.65655482;
 -0.17711304, 0.90705037, 0.38195622, 5.794364;
 0, 0, 0, 1]
Twc:
[0.95006913, 0.25690386, -0.17711304, 1.0456809;
 0.056268077, 0.41724512, 0.90705037, -4.9906754;
 0.30692431, -0.87172639, 0.38195622, -2.833745;
 0, 0, 0, 1]
Ow:
[0.15709186;
 -0.65655482;
 5.794364]
Keyframe: 119 Frame: 742 Frame from vFrameID : 743
Tcw:
[0.95122927, 0.04214685, 0.30559197, 0.16225207;
 0.25963977, 0.42555732, -0.86688417, -0.69212162;
 -0.16658334, 0.90394944, 0.3938596, 5.8183403;
 0, 0, 0, 1]
Twc:
[0.95122927, 0.25963977, -0.16658334, 0.99460196;
 0.04214685, 0.42555732, 0.90394944, -4.9717865;
 0.30559197, -0.86688417, 0.3938596, -2.9411814;
 0, 0, 0, 1]
Ow:
[0.16225207;
 -0.69212162;
 5.8183403]
Keyframe: 120 Frame: 751 Frame from vFrameID : 752
Tcw:
[0.95872355, 0.062959917, 0.27728191, 0.17418343;
 0.22196731, 0.44374815, -0.86822701, -0.7110368;
 -0.17770682, 0.89393717, 0.41145676, 5.8382549;
 0, 0, 0, 1]
Twc:
[0.95872355, 0.22196731, -0.17770682, 1.0283309;
 0.062959917, 0.44374815, 0.89393717, -4.9144783;
 0.27728191, -0.86822701, 0.41145676, -3.0678284;
 0, 0, 0, 1]
Ow:
[0.17418343;
 -0.7110368;
 5.8382549]
Keyframe: 121 Frame: 757 Frame from vFrameID : 758
Tcw:
[0.95855469, 0.047574691, 0.28090855, 0.20794415;
 0.22716388, 0.46746001, -0.85432881, -0.71876049;
 -0.17195794, 0.88273311, 0.43727872, 5.8572421;
 0, 0, 0, 1]
Twc:
[0.95855469, 0.22716388, -0.17195794, 0.9711498;
 0.047574691, 0.46746001, 0.88273311, -4.8442826;
 0.28090855, -0.85432881, 0.43727872, -3.2337184;
 0, 0, 0, 1]
Ow:
[0.20794415;
 -0.71876049;
 5.8572421]
Keyframe: 122 Frame: 764 Frame from vFrameID : 765
Tcw:
[0.94249654, 0.076503173, 0.32534221, 0.22470838;
 0.25942883, 0.44624484, -0.85648251, -0.74260914;
 -0.21070591, 0.89163488, 0.40073708, 5.8980341;
 0, 0, 0, 1]
Twc:
[0.94249654, 0.25942883, -0.21070591, 1.223618;
 0.076503173, 0.44624484, 0.89163488, -4.9446988;
 0.32534221, -0.85648251, 0.40073708, -3.0726998;
 0, 0, 0, 1]
Ow:
[0.22470838;
 -0.74260914;
 5.8980341]
Keyframe: 123 Frame: 771 Frame from vFrameID : 772
Tcw:
[0.92721277, 0.072932243, 0.36736545, 0.18127942;
 0.29688898, 0.45483667, -0.8396312, -0.85688186;
 -0.22832747, 0.88758349, 0.40007761, 5.9608655;
 0, 0, 0, 1]
Twc:
[0.92721277, 0.29688898, -0.22832747, 1.4473436;
 0.072932243, 0.45483667, 0.88758349, -4.9142461;
 0.36736545, -0.8396312, 0.40007761, -3.1708694;
 0, 0, 0, 1]
Ow:
[0.18127942;
 -0.85688186;
 5.9608655]
Keyframe: 124 Frame: 779 Frame from vFrameID : 780
Tcw:
[0.94203138, 0.088153481, 0.32373732, 0.24874306;
 0.25020993, 0.45827553, -0.85286492, -0.79712439;
 -0.2235439, 0.88442779, 0.40965307, 5.940412;
 0, 0, 0, 1]
Twc:
[0.94203138, 0.25020993, -0.2235439, 1.2930676;
 0.088153481, 0.45827553, 0.88442779, -4.9104905;
 0.32373732, -0.85286492, 0.40965307, -3.1938748;
 0, 0, 0, 1]
Ow:
[0.24874306;
 -0.79712439;
 5.940412]
Keyframe: 125 Frame: 788 Frame from vFrameID : 789
Tcw:
[0.94237131, 0.045916516, 0.33140302, 0.16356146;
 0.27448845, 0.46023765, -0.84429699, -0.94701576;
 -0.19129132, 0.88660759, 0.4211112, 6.1354876;
 0, 0, 0, 1]
Twc:
[0.94237131, 0.27448845, -0.19129132, 1.2794747;
 0.045916516, 0.46023765, 0.88660759, -5.0114274;
 0.33140302, -0.84429699, 0.4211112, -3.4374897;
 0, 0, 0, 1]
Ow:
[0.16356146;
 -0.94701576;
 6.1354876]
Keyframe: 126 Frame: 794 Frame from vFrameID : 795
Tcw:
[0.93613654, 0.060344364, 0.34642014, 0.15714836;
 0.28543609, 0.44495505, -0.84884703, -0.98582911;
 -0.20536453, 0.89351749, 0.39931422, 6.1916213;
 0, 0, 0, 1]
Twc:
[0.93613654, 0.28543609, -0.20536453, 1.4058183;
 0.060344364, 0.44495505, 0.89351749, -5.1031556;
 0.34642014, -0.84884703, 0.39931422, -3.3636599;
 0, 0, 0, 1]
Ow:
[0.15714836;
 -0.98582911;
 6.1916213]
Keyframe: 127 Frame: 802 Frame from vFrameID : 803
Tcw:
[0.91795659, 0.081645735, 0.38818765, 0.01153779;
 0.31522259, 0.44393167, -0.83878446, -0.92216778;
 -0.24081196, 0.89233327, 0.38177341, 6.31668;
 0, 0, 0, 1]
Twc:
[0.91795659, 0.31522259, -0.24081196, 1.801229;
 0.081645735, 0.44393167, 0.89233327, -5.2281461;
 0.38818765, -0.83878446, 0.38177341, -3.1895194;
 0, 0, 0, 1]
Ow:
[0.01153779;
 -0.92216778;
 6.31668]
Keyframe: 128 Frame: 810 Frame from vFrameID : 811
Tcw:
[0.93659246, 0.064115196, 0.3445051, 0.080621123;
 0.28724891, 0.42261446, -0.85958427, -0.92596889;
 -0.20070526, 0.90403885, 0.37740049, 6.3325367;
 0, 0, 0, 1]
Twc:
[0.93659246, 0.28724891, -0.20070526, 1.4614477;
 0.064115196, 0.42261446, 0.90403885, -5.3387003;
 0.3445051, -0.85958427, 0.37740049, -3.213625;
 0, 0, 0, 1]
Ow:
[0.080621123;
 -0.92596889;
 6.3325367]
Keyframe: 129 Frame: 817 Frame from vFrameID : 818
Tcw:
[0.93904132, 0.025881715, 0.34282866, -0.014302492;
 0.29653856, 0.44361156, -0.84573853, -0.98226011;
 -0.17397192, 0.89584535, 0.40889469, 6.3934426;
 0, 0, 0, 1]
Twc:
[0.93904132, 0.29653856, -0.17397192, 1.4169881;
 0.025881715, 0.44361156, 0.89584535, -5.2914238;
 0.34282866, -0.84573853, 0.40889469, -3.4400764;
 0, 0, 0, 1]
Ow:
[-0.014302492;
 -0.98226011;
 6.3934426]
Keyframe: 130 Frame: 824 Frame from vFrameID : 825
Tcw:
[0.93123424, 0.019267926, 0.36391142, 0.042754412;
 0.3177464, 0.4460313, -0.83671582, -1.0590826;
 -0.17843765, 0.89480996, 0.4092373, 6.421566;
 0, 0, 0, 1]
Twc:
[0.93123424, 0.3177464, -0.17843765, 1.4425546;
 0.019267926, 0.4460313, 0.89480996, -5.2745209;
 0.36391142, -0.83671582, 0.4092373, -3.5296543;
 0, 0, 0, 1]
Ow:
[0.042754412;
 -1.0590826;
 6.421566]
Keyframe: 131 Frame: 831 Frame from vFrameID : 832
Tcw:
[0.92212659, 0.04786323, 0.38391617, 0.081632614;
 0.32539424, 0.44084725, -0.83652395, -1.0165508;
 -0.20928712, 0.89630508, 0.39094254, 6.5263972;
 0, 0, 0, 1]
Twc:
[0.92212659, 0.32539424, -0.20928712, 1.6213952;
 0.04786323, 0.44084725, 0.89630508, -5.4054065;
 0.38391617, -0.83652395, 0.39094254, -3.4331555;
 0, 0, 0, 1]
Ow:
[0.081632614;
 -1.0165508;
 6.5263972]
Keyframe: 132 Frame: 838 Frame from vFrameID : 839
Tcw:
[0.94635743, 0.0014899062, 0.32311815, -0.0022566319;
 0.28432104, 0.4712778, -0.83490044, -0.94118881;
 -0.15352234, 0.88198358, 0.44557366, 6.5685062;
 0, 0, 0, 1]
Twc:
[0.94635743, 0.28432104, -0.15352234, 1.2781478;
 0.0014899062, 0.4712778, 0.88198358, -5.3497496;
 0.32311815, -0.83490044, 0.44557366, -3.7118232;
 0, 0, 0, 1]
Ow:
[-0.0022566319;
 -0.94118881;
 6.5685062]
Keyframe: 133 Frame: 841 Frame from vFrameID : 842
Tcw:
[0.95959526, -0.033779837, 0.279349, 0.08607775;
 0.2633366, 0.45762789, -0.84925294, -1.0513966;
 -0.09915027, 0.88850188, 0.44803303, 6.5960865;
 0, 0, 0, 1]
Twc:
[0.95959526, 0.2633366, -0.09915027, 0.84827507;
 -0.033779837, 0.45762789, 0.88850188, -5.3765788;
 0.279349, -0.84925294, 0.44803303, -3.8722117;
 0, 0, 0, 1]
Ow:
[0.08607775;
 -1.0513966;
 6.5960865]
Keyframe: 134 Frame: 843 Frame from vFrameID : 844
Tcw:
[0.96305496, -0.053292584, 0.26397932, 0.10621512;
 0.25863841, 0.45617107, -0.85147762, -0.98878241;
 -0.075042278, 0.88829494, 0.45310131, 6.5901842;
 0, 0, 0, 1]
Twc:
[0.96305496, 0.25863841, -0.075042278, 0.64798862;
 -0.053292584, 0.45617107, 0.88829494, -5.3973126;
 0.26397932, -0.85147762, 0.45310131, -3.8559859;
 0, 0, 0, 1]
Ow:
[0.10621512;
 -0.98878241;
 6.5901842]
Keyframe: 135 Frame: 846 Frame from vFrameID : 847
Tcw:
[0.96000612, -0.048114985, 0.27581376, 0.045528173;
 0.26491532, 0.47488007, -0.83923107, -1.0077796;
 -0.090598866, 0.87873423, 0.46863416, 6.608654;
 0, 0, 0, 1]
Twc:
[0.96000612, 0.26491532, -0.090598866, 0.82200551;
 -0.048114985, 0.47488007, 0.87873423, -5.3264856;
 0.27581376, -0.83923107, 0.46863416, -3.9553583;
 0, 0, 0, 1]
Ow:
[0.045528173;
 -1.0077796;
 6.608654]
Keyframe: 136 Frame: 850 Frame from vFrameID : 851
Tcw:
[0.96055746, -0.019779857, 0.27737728, 0.042437911;
 0.24982117, 0.49950033, -0.82951117, -0.98909712;
 -0.12214243, 0.86608785, 0.4847402, 6.629653;
 0, 0, 0, 1]
Twc:
[0.96055746, 0.24982117, -0.12214243, 1.0160954;
 -0.019779857, 0.49950033, 0.86608785, -5.2469683;
 0.27737728, -0.82951117, 0.4847402, -4.045898;
 0, 0, 0, 1]
Ow:
[0.042437911;
 -0.98909712;
 6.629653]
Keyframe: 137 Frame: 855 Frame from vFrameID : 856
Tcw:
[0.94796729, 0.0019532174, 0.31836167, 0.028239012;
 0.27678385, 0.48907113, -0.82716393, -1.0021343;
 -0.15731713, 0.87224174, 0.46308282, 6.6546535;
 0, 0, 0, 1]
Twc:
[0.94796729, 0.27678385, -0.15731713, 1.297496;
 0.0019532174, 0.48907113, 0.87224174, -5.3144069;
 0.31836167, -0.82716393, 0.46308282, -3.9195755;
 0, 0, 0, 1]
Ow:
[0.028239012;
 -1.0021343;
 6.6546535]
Keyframe: 138 Frame: 860 Frame from vFrameID : 861
Tcw:
[0.9347564, 0.023711899, 0.35449708, 0.036249161;
 0.2984333, 0.48901653, -0.81963432, -0.99839926;
 -0.19279002, 0.87195218, 0.45003492, 6.6628056;
 0, 0, 0, 1]
Twc:
[0.9347564, 0.2984333, -0.19279002, 1.5485939;
 0.023711899, 0.48901653, 0.87195218, -5.3222737;
 0.35449708, -0.81963432, 0.45003492, -3.8296676;
 0, 0, 0, 1]
Ow:
[0.036249161;
 -0.99839926;
 6.6628056]
Keyframe: 139 Frame: 863 Frame from vFrameID : 864
Tcw:
[0.92800909, 0.039662737, 0.37044027, 0.029088736;
 0.30125526, 0.5051077, -0.80877155, -0.95518517;
 -0.21919034, 0.86214447, 0.45679596, 6.6840944;
 0, 0, 0, 1]
Twc:
[0.92800909, 0.30125526, -0.21919034, 1.7258488;
 0.039662737, 0.5051077, 0.86214447, -5.2813373;
 0.37044027, -0.80877155, 0.45679596, -3.8365693;
 0, 0, 0, 1]
Ow:
[0.029088736;
 -0.95518517;
 6.6840944]
Keyframe: 140 Frame: 867 Frame from vFrameID : 868
Tcw:
[0.92521483, 0.053745545, 0.37561807, 0.027935982;
 0.29783767, 0.51046902, -0.80666852, -0.95495057;
 -0.23509623, 0.85821486, 0.45628607, 6.6966314;
 0, 0, 0, 1]
Twc:
[0.92521483, 0.29783767, -0.23509623, 1.8329264;
 0.053745545, 0.51046902, 0.85821486, -5.261178;
 0.37561807, -0.80666852, 0.45628607, -3.8364017;
 0, 0, 0, 1]
Ow:
[0.027935982;
 -0.95495057;
 6.6966314]
Keyframe: 141 Frame: 871 Frame from vFrameID : 872
Tcw:
[0.93654042, 0.056839723, 0.34592086, 0.068322778;
 0.27013004, 0.51191258, -0.81546015, -0.96534443;
 -0.22343178, 0.85715503, 0.46407273, 6.7083211;
 0, 0, 0, 1]
Twc:
[0.93654042, 0.27013004, -0.22343178, 1.6956336;
 0.056839723, 0.51191258, 0.85715503, -5.2597828;
 0.34592086, -0.81546015, 0.46407273, -3.9239831;
 0, 0, 0, 1]
Ow:
[0.068322778;
 -0.96534443;
 6.7083211]
Keyframe: 142 Frame: 876 Frame from vFrameID : 877
Tcw:
[0.94301486, 0.063595884, 0.32661673, 0.085316062;
 0.25449032, 0.49454024, -0.83106232, -0.973171;
 -0.21437727, 0.86682498, 0.45017427, 6.7204747;
 0, 0, 0, 1]
Twc:
[0.94301486, 0.25449032, -0.21437727, 1.6079253;
 0.063595884, 0.49454024, 0.86682498, -5.3496284;
 0.32661673, -0.83106232, 0.45017427, -3.8620162;
 0, 0, 0, 1]
Ow:
[0.085316062;
 -0.973171;
 6.7204747]
Keyframe: 143 Frame: 881 Frame from vFrameID : 882
Tcw:
[0.94129598, 0.079045124, 0.32819766, 0.077198029;
 0.24678667, 0.50223917, -0.82876545, -0.99120712;
 -0.23034357, 0.86110842, 0.45324844, 6.7676425;
 0, 0, 0, 1]
Twc:
[0.94129598, 0.24678667, -0.23034357, 1.7308335;
 0.079045124, 0.50223917, 0.86110842, -5.3359528;
 0.32819766, -0.82876545, 0.45324844, -3.9142377;
 0, 0, 0, 1]
Ow:
[0.077198029;
 -0.99120712;
 6.7676425]
Keyframe: 144 Frame: 887 Frame from vFrameID : 888
Tcw:
[0.93964148, 0.092903621, 0.32930657, 0.087595463;
 0.24386869, 0.49324521, -0.83500731, -0.99185586;
 -0.24000409, 0.86491507, 0.44081739, 6.7686429;
 0, 0, 0, 1]
Twc:
[0.93964148, 0.24386869, -0.24000409, 1.7840762;
 0.092903621, 0.49324521, 0.86491507, -5.3732109;
 0.32930657, -0.83500731, 0.44081739, -3.8407881;
 0, 0, 0, 1]
Ow:
[0.087595463;
 -0.99185586;
 6.7686429]
Keyframe: 145 Frame: 892 Frame from vFrameID : 893
Tcw:
[0.93494314, 0.096374139, 0.34145769, 0.082444429;
 0.25416923, 0.48954803, -0.83411074, -0.96885991;
 -0.24754664, 0.86663413, 0.4332042, 6.8047566;
 0, 0, 0, 1]
Twc:
[0.93494314, 0.25416923, -0.24754664, 1.8536683;
 0.096374139, 0.48954803, 0.86663413, -5.4308767;
 0.34145769, -0.83411074, 0.4332042, -3.7841372;
 0, 0, 0, 1]
Ow:
[0.082444429;
 -0.96885991;
 6.8047566]
Keyframe: 146 Frame: 898 Frame from vFrameID : 899
Tcw:
[0.91072905, 0.11590333, 0.39640769, 0.0072294474;
 0.28726116, 0.51184702, -0.80962563, -1.0381596;
 -0.29673842, 0.8512221, 0.43285942, 6.8983946;
 0, 0, 0, 1]
Twc:
[0.91072905, 0.28726116, -0.29673842, 2.3386571;
 0.11590333, 0.51184702, 0.8512221, -5.3415246;
 0.39640769, -0.80962563, 0.43285942, -3.8294213;
 0, 0, 0, 1]
Ow:
[0.0072294474;
 -1.0381596;
 6.8983946]
Keyframe: 147 Frame: 904 Frame from vFrameID : 905
Tcw:
[0.91364902, 0.12682258, 0.38621432, -0.087619424;
 0.29514071, 0.44636884, -0.84477621, -0.87762475;
 -0.27953073, 0.88581651, 0.37039393, 6.960144;
 0, 0, 0, 1]
Twc:
[0.91364902, 0.29514071, -0.27953073, 2.2846503;
 0.12682258, 0.44636884, 0.88581651, -5.7625542;
 0.38621432, -0.84477621, 0.37039393, -3.2855518;
 0, 0, 0, 1]
Ow:
[-0.087619424;
 -0.87762475;
 6.960144]
Keyframe: 148 Frame: 912 Frame from vFrameID : 913
Tcw:
[0.92799973, 0.096140735, 0.35996312, -0.049428105;
 0.27971849, 0.45842755, -0.84356487, -0.96919131;
 -0.24611796, 0.88351637, 0.39852831, 7.0330286;
 0, 0, 0, 1]
Twc:
[0.92799973, 0.27971849, -0.24611796, 2.0479248;
 0.096140735, 0.45842755, 0.88351637, -5.7647395;
 0.35996312, -0.84356487, 0.39852831, -3.6026447;
 0, 0, 0, 1]
Ow:
[-0.049428105;
 -0.96919131;
 7.0330286]
Keyframe: 149 Frame: 920 Frame from vFrameID : 921
Tcw:
[0.91420126, 0.11419633, 0.38883829, -0.029421926;
 0.29948586, 0.45603791, -0.83805585, -1.046616;
 -0.2730279, 0.88260335, 0.38271025, 7.1247878;
 0, 0, 0, 1]
Twc:
[0.91420126, 0.29948586, -0.2730279, 2.2856102;
 0.11419633, 0.45603791, 0.88260335, -5.8077049;
 0.38883829, -0.83805585, 0.38271025, -3.5924118;
 0, 0, 0, 1]
Ow:
[-0.029421926;
 -1.046616;
 7.1247878]
Keyframe: 150 Frame: 928 Frame from vFrameID : 929
Tcw:
[0.91439503, 0.12842999, 0.3839108, -0.057243466;
 0.27627137, 0.49520132, -0.82368064, -0.98308468;
 -0.29589844, 0.85923302, 0.41732809, 7.1316614;
 0, 0, 0, 1]
Twc:
[0.91439503, 0.27627137, -0.29589844, 2.4341886;
 0.12842999, 0.49520132, 0.85923302, -5.6335821;
 0.3839108, -0.82368064, 0.41732809, -3.7640138;
 0, 0, 0, 1]
Ow:
[-0.057243466;
 -0.98308468;
 7.1316614]
Keyframe: 151 Frame: 935 Frame from vFrameID : 936
Tcw:
[0.92999828, 0.1142296, 0.34936351, -0.048713923;
 0.25161043, 0.49503905, -0.83164209, -0.97146535;
 -0.26794672, 0.8613292, 0.43164408, 7.1378832;
 0, 0, 0, 1]
Twc:
[0.92999828, 0.25161043, -0.26794672, 2.202307;
 0.1142296, 0.49503905, 0.8613292, -5.6615891;
 0.34936351, -0.83164209, 0.43164408, -3.8719175;
 0, 0, 0, 1]
Ow:
[-0.048713923;
 -0.97146535;
 7.1378832]
Keyframe: 152 Frame: 939 Frame from vFrameID : 940
Tcw:
[0.91845292, 0.1032442, 0.38181779, -0.058668375;
 0.29524896, 0.46339869, -0.83551764, -1.0355115;
 -0.26319623, 0.88011491, 0.39512715, 7.2100477;
 0, 0, 0, 1]
Twc:
[0.91845292, 0.29524896, -0.26319623, 2.2572751;
 0.1032442, 0.46339869, 0.88011491, -5.8597589;
 0.38181779, -0.83551764, 0.39512715, -3.6916728;
 0, 0, 0, 1]
Ow:
[-0.058668375;
 -1.0355115;
 7.2100477]
Keyframe: 153 Frame: 946 Frame from vFrameID : 947
Tcw:
[0.93194777, 0.1017888, 0.348012, -0.030002236;
 0.26368377, 0.46854949, -0.84316796, -0.98560476;
 -0.2488859, 0.87755364, 0.4098236, 7.2192898;
 0, 0, 0, 1]
Twc:
[0.93194777, 0.26368377, -0.2488859, 2.0846279;
 0.1017888, 0.46854949, 0.87755364, -5.8704553;
 0.348012, -0.84316796, 0.4098236, -3.7792246;
 0, 0, 0, 1]
Ow:
[-0.030002236;
 -0.98560476;
 7.2192898]
Keyframe: 154 Frame: 954 Frame from vFrameID : 955
Tcw:
[0.92655683, 0.094482481, 0.36409551, 0.0071032047;
 0.28761277, 0.44587806, -0.8476271, -0.96204376;
 -0.24242811, 0.89009315, 0.38595697, 7.2258058;
 0, 0, 0, 1]
Twc:
[0.92655683, 0.28761277, -0.24242811, 2.021853;
 0.094482481, 0.44587806, 0.89009315, -6.0033574;
 0.36409551, -0.8476271, 0.38595697, -3.6068909;
 0, 0, 0, 1]
Ow:
[0.0071032047;
 -0.96204376;
 7.2258058]
Keyframe: 155 Frame: 961 Frame from vFrameID : 962
Tcw:
[0.9236204, 0.062917627, 0.37810934, -0.11225486;
 0.32227415, 0.40658325, -0.85488564, -0.94768333;
 -0.20752031, 0.91144466, 0.35525188, 7.3799601;
 0, 0, 0, 1]
Twc:
[0.9236204, 0.32227415, -0.20752031, 1.9405863;
 0.062917627, 0.40658325, 0.91144466, -6.3340507;
 0.37810934, -0.85488564, 0.35525188, -3.3894608;
 0, 0, 0, 1]
Ow:
[-0.11225486;
 -0.94768333;
 7.3799601]
Keyframe: 156 Frame: 965 Frame from vFrameID : 966
Tcw:
[0.93255645, 0.071663015, 0.35384011, -0.12124336;
 0.29177079, 0.42761993, -0.8555764, -0.96662402;
 -0.21262227, 0.90111357, 0.37787056, 7.3531122;
 0, 0, 0, 1]
Twc:
[0.93255645, 0.29177079, -0.21262227, 1.9585342;
 0.071663015, 0.42761993, 0.90111357, -6.2039523;
 0.35384011, -0.8555764, 0.37787056, -3.5626445;
 0, 0, 0, 1]
Ow:
[-0.12124336;
 -0.96662402;
 7.3531122]
Keyframe: 157 Frame: 970 Frame from vFrameID : 971
Tcw:
[0.94263434, 0.065370724, 0.32736403, -0.085151076;
 0.26836917, 0.43483365, -0.8595916, -0.96126485;
 -0.19854102, 0.89813495, 0.39234564, 7.4031606;
 0, 0, 0, 1]
Twc:
[0.94263434, 0.26836917, -0.19854102, 1.8080711;
 0.065370724, 0.43483365, 0.89813495, -6.2254806;
 0.32736403, -0.8595916, 0.39234564, -3.7030175;
 0, 0, 0, 1]
Ow:
[-0.085151076;
 -0.96126485;
 7.4031606]
Keyframe: 158 Frame: 975 Frame from vFrameID : 976
Tcw:
[0.94169587, 0.05411303, 0.33208534, -0.079573154;
 0.27525553, 0.44371891, -0.85284692, -0.96607924;
 -0.19350268, 0.89453077, 0.40295336, 7.4050117;
 0, 0, 0, 1]
Twc:
[0.94169587, 0.27525553, -0.19350268, 1.773742;
 0.05411303, 0.44371891, 0.89453077, -6.1910372;
 0.33208534, -0.85284692, 0.40295336, -3.7813671;
 0, 0, 0, 1]
Ow:
[-0.079573154;
 -0.96607924;
 7.4050117]
Keyframe: 159 Frame: 980 Frame from vFrameID : 981
Tcw:
[0.9390654, 0.045944981, 0.34065419, -0.058545709;
 0.29193103, 0.41660196, -0.86094081, -0.96585822;
 -0.18147312, 0.90792722, 0.37780371, 7.4329333;
 0, 0, 0, 1]
Twc:
[0.9390654, 0.29193103, -0.18147312, 1.6858196;
 0.045944981, 0.41660196, 0.90792722, -6.3434944;
 0.34065419, -0.86094081, 0.37780371, -3.6197925;
 0, 0, 0, 1]
Ow:
[-0.058545709;
 -0.96585822;
 7.4329333]
Keyframe: 160 Frame: 986 Frame from vFrameID : 987
Tcw:
[0.92034358, 0.042490505, 0.38879585, -0.04951036;
 0.3347019, 0.42872423, -0.83914846, -0.96803713;
 -0.20234203, 0.90243566, 0.38035196, 7.4533706;
 0, 0, 0, 1]
Twc:
[0.92034358, 0.3347019, -0.20234203, 1.8777008;
 0.042490505, 0.42872423, 0.90243566, -6.3090625;
 0.38879585, -0.83914846, 0.38035196, -3.6279817;
 0, 0, 0, 1]
Ow:
[-0.04951036;
 -0.96803713;
 7.4533706]
Keyframe: 161 Frame: 992 Frame from vFrameID : 993
Tcw:
[0.91353416, 0.043029226, 0.40447974, -0.091590881;
 0.34962091, 0.4251686, -0.83486336, -0.96436834;
 -0.20789561, 0.90409076, 0.37336212, 7.5241489;
 0, 0, 0, 1]
Twc:
[0.91353416, 0.34962091, -0.20789561, 1.9850724;
 0.043029226, 0.4251686, 0.90409076, -6.3885536;
 0.40447974, -0.83486336, 0.37336212, -3.5773015;
 0, 0, 0, 1]
Ow:
[-0.091590881;
 -0.96436834;
 7.5241489]
Keyframe: 162 Frame: 996 Frame from vFrameID : 997
Tcw:
[0.92510062, 0.0388292, 0.3777315, -0.043609977;
 0.32611388, 0.42834467, -0.84271622, -1.0565588;
 -0.19452126, 0.90278077, 0.38359919, 7.5490851;
 0, 0, 0, 1]
Twc:
[0.92510062, 0.32611388, -0.19452126, 1.8533597;
 0.0388292, 0.42834467, 0.90278077, -6.3609042;
 0.3777315, -0.84271622, 0.38359919, -3.7697291;
 0, 0, 0, 1]
Ow:
[-0.043609977;
 -1.0565588;
 7.5490851]
Keyframe: 163 Frame: 1000 Frame from vFrameID : 1001
Tcw:
[0.93221968, 0.03654306, 0.36004314, -0.014402628;
 0.31107476, 0.42747971, -0.84881896, -1.0390496;
 -0.18492958, 0.90328604, 0.38713738, 7.5502167;
 0, 0, 0, 1]
Twc:
[0.93221968, 0.31107476, -0.18492958, 1.7329069;
 0.03654306, 0.42747971, 0.90328604, -6.3753066;
 0.36004314, -0.84881896, 0.38713738, -3.7997503;
 0, 0, 0, 1]
Ow:
[-0.014402628;
 -1.0390496;
 7.5502167]
Keyframe: 164 Frame: 1005 Frame from vFrameID : 1006
Tcw:
[0.93399274, 0.038213626, 0.35524255, -0.022526503;
 0.30129656, 0.45015603, -0.84058309, -1.0306423;
 -0.19203632, 0.89213187, 0.40892884, 7.595809;
 0, 0, 0, 1]
Twc:
[0.93399274, 0.30129656, -0.19203632, 1.7902397;
 0.038213626, 0.45015603, 0.89213187, -6.3116527;
 0.35524255, -0.84058309, 0.40892884, -3.9644835;
 0, 0, 0, 1]
Ow:
[-0.022526503;
 -1.0306423;
 7.595809]
Keyframe: 165 Frame: 1011 Frame from vFrameID : 1012
Tcw:
[0.92773366, 0.039894618, 0.37110466, -0.06423521;
 0.32118636, 0.42115101, -0.84821647, -1.0731366;
 -0.19013037, 0.90611273, 0.37790236, 7.6932449;
 0, 0, 0, 1]
Twc:
[0.92773366, 0.32118636, -0.19013037, 1.8669894;
 0.039894618, 0.42115101, 0.90611273, -6.5164313;
 0.37110466, -0.84821647, 0.37790236, -3.7937093;
 0, 0, 0, 1]
Ow:
[-0.06423521;
 -1.0731366;
 7.6932449]
Keyframe: 166 Frame: 1017 Frame from vFrameID : 1018
Tcw:
[0.91568744, 0.046971872, 0.39913672, -0.06813097;
 0.34115177, 0.43413693, -0.8337509, -1.0902181;
 -0.21244285, 0.89962149, 0.38150921, 7.7670412;
 0, 0, 0, 1]
Twc:
[0.91568744, 0.34115177, -0.21244285, 2.0843687;
 0.046971872, 0.43413693, 0.89962149, -6.5108924;
 0.39913672, -0.8337509, 0.38150921, -3.8449745;
 0, 0, 0, 1]
Ow:
[-0.06813097;
 -1.0902181;
 7.7670412]
Keyframe: 167 Frame: 1023 Frame from vFrameID : 1024
Tcw:
[0.91800809, 0.074821487, 0.38943917, -0.14857543;
 0.31888777, 0.44449428, -0.83709943, -0.99890518;
 -0.23573649, 0.89265144, 0.3841897, 7.7460065;
 0, 0, 0, 1]
Twc:
[0.91800809, 0.31888777, -0.23573649, 2.2809486;
 0.074821487, 0.44449428, 0.89265144, -6.4593601;
 0.38943917, -0.83709943, 0.3841897, -3.7542577;
 0, 0, 0, 1]
Ow:
[-0.14857543;
 -0.99890518;
 7.7460065]
Keyframe: 168 Frame: 1029 Frame from vFrameID : 1030
Tcw:
[0.93881738, 0.039669409, 0.34212321, -0.10038328;
 0.29493007, 0.4204115, -0.85806203, -1.0640416;
 -0.17787135, 0.90646595, 0.38298991, 7.78971;
 0, 0, 0, 1]
Twc:
[0.93881738, 0.29493007, -0.17787135, 1.7936256;
 0.039669409, 0.4204115, 0.90646595, -6.6097894;
 0.34212321, -0.85806203, 0.38298991, -3.8620508;
 0, 0, 0, 1]
Ow:
[-0.10038328;
 -1.0640416;
 7.78971]
Keyframe: 169 Frame: 1035 Frame from vFrameID : 1036
Tcw:
[0.94864339, 0.032882653, 0.31463388, -0.078244805;
 0.2681933, 0.44387743, -0.85501182, -1.0963459;
 -0.16777393, 0.89548397, 0.41226247, 7.8133297;
 0, 0, 0, 1]
Twc:
[0.94864339, 0.2681933, -0.16777393, 1.6791322;
 0.032882653, 0.44387743, 0.89548397, -6.5074959;
 0.31463388, -0.85501182, 0.41226247, -4.133913;
 0, 0, 0, 1]
Ow:
[-0.078244805;
 -1.0963459;
 7.8133297]
Keyframe: 170 Frame: 1041 Frame from vFrameID : 1042
Tcw:
[0.94032758, 0.028395955, 0.3390837, -0.1365124;
 0.29261073, 0.44114229, -0.84839404, -1.0846345;
 -0.1736751, 0.89698786, 0.40650928, 7.8377361;
 0, 0, 0, 1]
Twc:
[0.94032758, 0.29261073, -0.1736751, 1.8069618;
 0.028395955, 0.44114229, 0.89698786, -6.5479994;
 0.3390837, -0.84839404, 0.40650928, -4.0600209;
 0, 0, 0, 1]
Ow:
[-0.1365124;
 -1.0846345;
 7.8377361]
Keyframe: 171 Frame: 1047 Frame from vFrameID : 1048
Tcw:
[0.93516815, 0.061336711, 0.34885287, -0.10764575;
 0.28626105, 0.44915894, -0.8463515, -1.112807;
 -0.2086028, 0.89134395, 0.40248081, 7.8830953;
 0, 0, 0, 1]
Twc:
[0.93516815, 0.28626105, -0.2086028, 2.0636561;
 0.061336711, 0.44915894, 0.89134395, -6.5201197;
 0.34885287, -0.8463515, 0.40248081, -4.0770683;
 0, 0, 0, 1]
Ow:
[-0.10764575;
 -1.112807;
 7.8830953]
Keyframe: 172 Frame: 1054 Frame from vFrameID : 1055
Tcw:
[0.93748742, 0.033516258, 0.34640151, -0.084319472;
 0.29788643, 0.43737835, -0.84850681, -1.0664132;
 -0.1799473, 0.89865279, 0.40005267, 7.9032478;
 0, 0, 0, 1]
Twc:
[0.93748742, 0.29788643, -0.1799473, 1.8188865;
 0.033516258, 0.43737835, 0.89865279, -6.6330233;
 0.34640151, -0.84850681, 0.40005267, -4.0373659;
 0, 0, 0, 1]
Ow:
[-0.084319472;
 -1.0664132;
 7.9032478]
Keyframe: 173 Frame: 1062 Frame from vFrameID : 1063
Tcw:
[0.94927585, -0.012906771, 0.31417954, -0.12229645;
 0.29232475, 0.40434551, -0.86663193, -1.0338635;
 -0.11585167, 0.91451526, 0.38760841, 7.9667549;
 0, 0, 0, 1]
Twc:
[0.94927585, 0.29232475, -0.11585167, 1.3412788;
 -0.012906771, 0.40434551, 0.91451526, -6.8692589;
 0.31417954, -0.86663193, 0.38760841, -3.9455373;
 0, 0, 0, 1]
Ow:
[-0.12229645;
 -1.0338635;
 7.9667549]
Keyframe: 174 Frame: 1070 Frame from vFrameID : 1071
Tcw:
[0.94937265, 0.0011366911, 0.31415009, -0.096581578;
 0.28009179, 0.4497976, -0.84807473, -1.0719671;
 -0.14226796, 0.89312977, 0.42670718, 7.9735913;
 0, 0, 0, 1]
Twc:
[0.94937265, 0.28009179, -0.14226796, 1.5263276;
 0.0011366911, 0.4497976, 0.89312977, -6.6391745;
 0.31415009, -0.84807473, 0.42670718, -4.2811556;
 0, 0, 0, 1]
Ow:
[-0.096581578;
 -1.0719671;
 7.9735913]
Keyframe: 175 Frame: 1078 Frame from vFrameID : 1079
Tcw:
[0.94227242, -0.0073991283, 0.33476546, -0.18399906;
 0.31193924, 0.38282734, -0.86956143, -1.0755064;
 -0.12172338, 0.92379028, 0.36303574, 8.1101685;
 0, 0, 0, 1]
Twc:
[0.94227242, 0.31193924, -0.12172338, 1.496067;
 -0.0073991283, 0.38282734, 0.92379028, -7.0817232;
 0.33476546, -0.86956143, 0.36303574, -3.8179035;
 0, 0, 0, 1]
Ow:
[-0.18399906;
 -1.0755064;
 8.1101685]
Keyframe: 176 Frame: 1086 Frame from vFrameID : 1087
Tcw:
[0.97072661, -0.056546632, 0.23343605, -0.086843133;
 0.23327278, 0.45347658, -0.86019927, -0.99743295;
 -0.057216402, 0.8894726, 0.45339254, 8.0118227;
 0, 0, 0, 1]
Twc:
[0.97072661, 0.23327278, -0.057216402, 0.7753827;
 -0.056546632, 0.45347658, 0.8894726, -6.678895;
 0.23343605, -0.86019927, 0.45339254, -4.4702196;
 0, 0, 0, 1]
Ow:
[-0.086843133;
 -0.99743295;
 8.0118227]
Keyframe: 177 Frame: 1088 Frame from vFrameID : 1089
Tcw:
[0.96439195, -0.064690582, 0.25644353, -0.23187184;
 0.25807765, 0.44218931, -0.85899043, -1.0960398;
 -0.057827998, 0.89458579, 0.44313902, 8.0556946;
 0, 0, 0, 1]
Twc:
[0.96439195, 0.25807765, -0.057827998, 0.97232342;
 -0.064690582, 0.44218931, 0.89458579, -6.7368522;
 0.25644353, -0.85899043, 0.44313902, -4.451818;
 0, 0, 0, 1]
Ow:
[-0.23187184;
 -1.0960398;
 8.0556946]
Keyframe: 178 Frame: 1090 Frame from vFrameID : 1091
Tcw:
[0.96532339, -0.016809236, 0.26051527, -0.1498785;
 0.23560217, 0.48590609, -0.84165722, -1.2151086;
 -0.11243834, 0.87384939, 0.4730168, 8.117197;
 0, 0, 0, 1]
Twc:
[0.96532339, 0.23560217, -0.11243834, 1.3436477;
 -0.016809236, 0.48590609, 0.87384939, -6.5052981;
 0.26051527, -0.84165722, 0.4730168, -4.8232303;
 0, 0, 0, 1]
Ow:
[-0.1498785;
 -1.2151086;
 8.117197]
Keyframe: 179 Frame: 1091 Frame from vFrameID : 1092
Tcw:
[0.97005147, -0.0381708, 0.23988146, -0.14730227;
 0.23088399, 0.45166272, -0.86179662, -1.2162211;
 -0.075450048, 0.89137185, 0.44694912, 8.1263371;
 0, 0, 0, 1]
Twc:
[0.97005147, 0.23088399, -0.075450048, 1.0368292;
 -0.0381708, 0.45166272, 0.89137185, -6.6998892;
 0.23988146, -0.86179662, 0.44694912, -4.6448593;
 0, 0, 0, 1]
Ow:
[-0.14730227;
 -1.2162211;
 8.1263371]
Keyframe: 180 Frame: 1093 Frame from vFrameID : 1094
Tcw:
[0.97210985, -0.054437015, 0.22812074, -0.17813051;
 0.22757661, 0.4539867, -0.86145514, -1.2053921;
 -0.056668736, 0.88934398, 0.45371354, 8.1287918;
 0, 0, 0, 1]
Twc:
[0.97210985, 0.22757661, -0.056668736, 0.90812981;
 -0.054437015, 0.4539867, 0.88934398, -6.6917567;
 0.22812074, -0.86145514, 0.45371354, -4.6858988;
 0, 0, 0, 1]
Ow:
[-0.17813051;
 -1.2053921;
 8.1287918]
Keyframe: 181 Frame: 1094 Frame from vFrameID : 1095
Tcw:
[0.97505915, -0.094552465, 0.20079699, -0.14408565;
 0.22193041, 0.42575261, -0.87720102, -1.1754465;
 -0.0025483198, 0.89988583, 0.43611804, 8.1318235;
 0, 0, 0, 1]
Twc:
[0.97505915, 0.22193041, -0.0025483198, 0.42208198;
 -0.094552465, 0.42575261, 0.89988583, -6.8308868;
 0.20079699, -0.87720102, 0.43611804, -4.5486059;
 0, 0, 0, 1]
Ow:
[-0.14408565;
 -1.1754465;
 8.1318235]
Keyframe: 182 Frame: 1096 Frame from vFrameID : 1097
Tcw:
[0.9728229, -0.1117811, 0.20278215, -0.13957506;
 0.23146975, 0.44634601, -0.86440557, -1.2101209;
 0.0061131935, 0.88785148, 0.46008956, 8.1346359;
 0, 0, 0, 1]
Twc:
[0.9728229, 0.23146975, 0.0061131935, 0.36615968;
 -0.1117811, 0.44634601, 0.88785148, -6.6978173;
 0.20278215, -0.86440557, 0.46008956, -4.7603931;
 0, 0, 0, 1]
Ow:
[-0.13957506;
 -1.2101209;
 8.1346359]
Keyframe: 183 Frame: 1098 Frame from vFrameID : 1099
Tcw:
[0.97401536, -0.11015612, 0.19788812, -0.13188273;
 0.2264418, 0.45720336, -0.86005187, -1.2122416;
 0.0042648599, 0.88251388, 0.47026706, 8.1397457;
 0, 0, 0, 1]
Twc:
[0.97401536, 0.2264418, 0.0042648599, 0.36824307;
 -0.11015612, 0.45720336, 0.88251388, -6.6437254;
 0.19788812, -0.86005187, 0.47026706, -4.8443465;
 0, 0, 0, 1]
Ow:
[-0.13188273;
 -1.2122416;
 8.1397457]
Keyframe: 184 Frame: 1101 Frame from vFrameID : 1102
Tcw:
[0.97691739, -0.084694326, 0.1961104, -0.12357199;
 0.21309763, 0.45038861, -0.86702913, -1.221266;
 -0.014893444, 0.88880646, 0.45804062, 8.1573877;
 0, 0, 0, 1]
Twc:
[0.97691739, 0.21309763, -0.014893444, 0.50246018;
 -0.084694326, 0.45038861, 0.88880646, -6.7107611;
 0.1961104, -0.86702913, 0.45804062, -4.7710547;
 0, 0, 0, 1]
Ow:
[-0.12357199;
 -1.221266;
 8.1573877]
Keyframe: 185 Frame: 1104 Frame from vFrameID : 1105
Tcw:
[0.97494757, -0.069968581, 0.21114366, -0.12009621;
 0.21987393, 0.44677132, -0.86720866, -1.2216799;
 -0.033655573, 0.89190793, 0.45096287, 8.1645021;
 0, 0, 0, 1]
Twc:
[0.97494757, 0.21987393, -0.033655573, 0.66048414;
 -0.069968581, 0.44677132, 0.89190793, -6.7445755;
 0.21114366, -0.86720866, 0.45096287, -4.7159815;
 0, 0, 0, 1]
Ow:
[-0.12009621;
 -1.2216799;
 8.1645021]
Keyframe: 186 Frame: 1108 Frame from vFrameID : 1109
Tcw:
[0.96780449, -0.051962227, 0.24628113, -0.11304975;
 0.2432653, 0.4443205, -0.86220723, -1.243737;
 -0.064625546, 0.89435965, 0.44265598, 8.1724777;
 0, 0, 0, 1]
Twc:
[0.96780449, 0.2432653, -0.064625546, 0.94011897;
 -0.051962227, 0.4443205, 0.89435965, -6.7623911;
 0.24628113, -0.86220723, 0.44265598, -4.6621132;
 0, 0, 0, 1]
Ow:
[-0.11304975;
 -1.243737;
 8.1724777]
Keyframe: 187 Frame: 1112 Frame from vFrameID : 1113
Tcw:
[0.96270412, -0.030774973, 0.26880035, -0.11588514;
 0.2549156, 0.43607739, -0.86304957, -1.2108727;
 -0.09065742, 0.89938277, 0.42765853, 8.1796761;
 0, 0, 0, 1]
Twc:
[0.96270412, 0.2549156, -0.09065742, 1.1617819;
 -0.030774973, 0.43607739, 0.89938277, -6.8321924;
 0.26880035, -0.86304957, 0.42765853, -4.5120015;
 0, 0, 0, 1]
Ow:
[-0.11588514;
 -1.2108727;
 8.1796761]
Keyframe: 188 Frame: 1118 Frame from vFrameID : 1119
Tcw:
[0.95886225, -0.036181293, 0.28155652, -0.092023849;
 0.26773983, 0.44486332, -0.85464144, -1.2230449;
 -0.094332136, 0.89486736, 0.43624982, 8.2130213;
 0, 0, 0, 1]
Twc:
[0.95886225, 0.26773983, -0.094332136, 1.1904478;
 -0.036181293, 0.44486332, 0.89486736, -6.8088064;
 0.28155652, -0.85464144, 0.43624982, -4.602284;
 0, 0, 0, 1]
Ow:
[-0.092023849;
 -1.2230449;
 8.2130213]
Keyframe: 189 Frame: 1123 Frame from vFrameID : 1124
Tcw:
[0.96931976, -0.036445804, 0.2430862, -0.075751781;
 0.23494503, 0.4280591, -0.87267762, -1.2132266;
 -0.07224983, 0.90301555, 0.42348891, 8.248311;
 0, 0, 0, 1]
Twc:
[0.96931976, 0.23494503, -0.07224983, 0.95440829;
 -0.036445804, 0.4280591, 0.90301555, -6.9317813;
 0.2430862, -0.87267762, 0.42348891, -4.5334096;
 0, 0, 0, 1]
Ow:
[-0.075751781;
 -1.2132266;
 8.248311]
Keyframe: 190 Frame: 1128 Frame from vFrameID : 1129
Tcw:
[0.96996361, -0.033881102, 0.240879, -0.056610107;
 0.23016387, 0.44825414, -0.86376667, -1.1891613;
 -0.07870964, 0.89326388, 0.44258839, 8.2727842;
 0, 0, 0, 1]
Twc:
[0.96996361, 0.23016387, -0.07870964, 0.97975945;
 -0.033881102, 0.44825414, 0.89326388, -6.8586507;
 0.240879, -0.86376667, 0.44258839, -4.6749597;
 0, 0, 0, 1]
Ow:
[-0.056610107;
 -1.1891613;
 8.2727842]
Keyframe: 191 Frame: 1133 Frame from vFrameID : 1134
Tcw:
[0.96852195, -0.013708049, 0.24855036, -0.054099083;
 0.22639093, 0.46365961, -0.85660195, -1.212162;
 -0.10350043, 0.88590735, 0.4521679, 8.297183;
 0, 0, 0, 1]
Twc:
[0.96852195, 0.22639093, -0.10350043, 1.1855806;
 -0.013708049, 0.46365961, 0.88590735, -6.7892466;
 0.24855036, -0.85660195, 0.4521679, -4.7766137;
 0, 0, 0, 1]
Ow:
[-0.054099083;
 -1.212162;
 8.297183]
Keyframe: 192 Frame: 1140 Frame from vFrameID : 1141
Tcw:
[0.96352476, 0.0037403575, 0.267593, -0.01340723;
 0.23659052, 0.4554286, -0.85825968, -1.2202106;
 -0.12507971, 0.89026445, 0.43793181, 8.3418789;
 0, 0, 0, 1]
Twc:
[0.96352476, 0.23659052, -0.12507971, 1.3450081;
 0.0037403575, 0.4554286, 0.89026445, -6.8707089;
 0.267593, -0.85825968, 0.43793181, -4.6968436;
 0, 0, 0, 1]
Ow:
[-0.01340723;
 -1.2202106;
 8.3418789]
Keyframe: 193 Frame: 1146 Frame from vFrameID : 1147
Tcw:
[0.94773358, 0.0057242806, 0.31901139, -0.071602225;
 0.27830443, 0.47413951, -0.83530736, -1.2436442;
 -0.15603745, 0.88043112, 0.44776484, 8.4032698;
 0, 0, 0, 1]
Twc:
[0.94773358, 0.27830443, -0.15603745, 1.7251962;
 0.0057242806, 0.47413951, 0.88043112, -6.8084297;
 0.31901139, -0.83530736, 0.44776484, -4.7786722;
 0, 0, 0, 1]
Ow:
[-0.071602225;
 -1.2436442;
 8.4032698]
Keyframe: 194 Frame: 1153 Frame from vFrameID : 1154
Tcw:
[0.95754123, 0.011574891, 0.28806397, -0.053423166;
 0.25084376, 0.45904562, -0.85226434, -1.2820058;
 -0.14209937, 0.88833731, 0.43665162, 8.4660549;
 0, 0, 0, 1]
Twc:
[0.95754123, 0.25084376, -0.14209937, 1.5757591;
 0.011574891, 0.45904562, 0.88833731, -6.9315948;
 0.28806397, -0.85226434, 0.43665162, -4.7739348;
 0, 0, 0, 1]
Ow:
[-0.053423166;
 -1.2820058;
 8.4660549]
Keyframe: 195 Frame: 1159 Frame from vFrameID : 1160
Tcw:
[0.95973015, 0.022374723, 0.28003111, -0.18985736;
 0.24029267, 0.45099336, -0.85957223, -1.1269763;
 -0.14552486, 0.89224678, 0.42745546, 8.5256386;
 0, 0, 0, 1]
Twc:
[0.95973015, 0.24029267, -0.14552486, 1.6937083;
 0.022374723, 0.45099336, 0.89224678, -7.0944672;
 0.28003111, -0.85957223, 0.42745546, -4.5598822;
 0, 0, 0, 1]
Ow:
[-0.18985736;
 -1.1269763;
 8.5256386]
Keyframe: 196 Frame: 1166 Frame from vFrameID : 1167
Tcw:
[0.95694929, 0.020475971, 0.28953195, -0.10516143;
 0.24732476, 0.4645611, -0.85030198, -1.3128741;
 -0.15191604, 0.88530433, 0.4394972, 8.5737686;
 0, 0, 0, 1]
Twc:
[0.95694929, 0.24732476, -0.15191604, 1.7278334;
 0.020475971, 0.4645611, 0.88530433, -6.9783301;
 0.28953195, -0.85030198, 0.4394972, -4.8540392;
 0, 0, 0, 1]
Ow:
[-0.10516143;
 -1.3128741;
 8.5737686]
Keyframe: 197 Frame: 1173 Frame from vFrameID : 1174
Tcw:
[0.94577485, 0.027331164, 0.32367098, -0.14910865;
 0.27274713, 0.47433528, -0.83702749, -1.25262;
 -0.1764055, 0.87991995, 0.44115987, 8.5163946;
 0, 0, 0, 1]
Twc:
[0.94577485, 0.27274713, -0.1764055, 1.9850106;
 0.027331164, 0.47433528, 0.87991995, -6.8955078;
 0.32367098, -0.83702749, 0.44115987, -4.7573071;
 0, 0, 0, 1]
Ow:
[-0.14910865;
 -1.25262;
 8.5163946]
Keyframe: 198 Frame: 1180 Frame from vFrameID : 1181
Tcw:
[0.93171805, 0.071699902, 0.35603455, -0.039109588;
 0.27006882, 0.5186646, -0.8112027, -1.3440504;
 -0.24282567, 0.85196608, 0.46388525, 8.625576;
 0, 0, 0, 1]
Twc:
[0.93171805, 0.27006882, -0.24282567, 2.4939365;
 0.071699902, 0.5186646, 0.85196608, -6.6487818;
 0.35603455, -0.8112027, 0.46388525, -5.0776505;
 0, 0, 0, 1]
Ow:
[-0.039109588;
 -1.3440504;
 8.625576]
Keyframe: 199 Frame: 1187 Frame from vFrameID : 1188
Tcw:
[0.93953037, 0.067367069, 0.33577427, -0.044184327;
 0.26103458, 0.49379745, -0.82947272, -1.342001;
 -0.22168364, 0.86696351, 0.44635257, 8.6623745;
 0, 0, 0, 1]
Twc:
[0.93953037, 0.26103458, -0.22168364, 2.3121276;
 0.067367069, 0.49379745, 0.86696351, -6.8443093;
 0.33577427, -0.82947272, 0.44635257, -4.9647903;
 0, 0, 0, 1]
Ow:
[-0.044184327;
 -1.342001;
 8.6623745]
Keyframe: 200 Frame: 1195 Frame from vFrameID : 1196
Tcw:
[0.93692929, 0.076093599, 0.34113532, -0.24313414;
 0.26128149, 0.49579492, -0.82820249, -1.1891544;
 -0.23215407, 0.86509949, 0.44464293, 8.7539024;
 0, 0, 0, 1]
Twc:
[0.93692929, 0.26128149, -0.23215407, 2.5707576;
 0.076093599, 0.49579492, 0.86509949, -6.9649196;
 0.34113532, -0.82820249, 0.44464293, -4.7942801;
 0, 0, 0, 1]
Ow:
[-0.24313414;
 -1.1891544;
 8.7539024]
Keyframe: 201 Frame: 1203 Frame from vFrameID : 1204
Tcw:
[0.93598598, 0.0856819, 0.34145108, -0.25521052;
 0.26656833, 0.4610225, -0.8464039, -1.1413565;
 -0.22993812, 0.88324225, 0.40867051, 8.7590332;
 0, 0, 0, 1]
Twc:
[0.93598598, 0.26656833, -0.22993812, 2.5571585;
 0.0856819, 0.4610225, 0.88324225, -7.1882901;
 0.34145108, -0.8464039, 0.40867051, -4.4584651;
 0, 0, 0, 1]
Ow:
[-0.25521052;
 -1.1413565;
 8.7590332]
Keyframe: 202 Frame: 1210 Frame from vFrameID : 1211
Tcw:
[0.93260682, 0.05988583, 0.35589078, -0.21425176;
 0.28386807, 0.48721677, -0.82585639, -1.1772258;
 -0.22285305, 0.8712253, 0.43738198, 8.7964449;
 0, 0, 0, 1]
Twc:
[0.93260682, 0.28386807, -0.22285305, 2.4943039;
 0.05988583, 0.48721677, 0.8712253, -7.0772901;
 0.35589078, -0.82585639, 0.43738198, -4.7433758;
 0, 0, 0, 1]
Ow:
[-0.21425176;
 -1.1772258;
 8.7964449]
Keyframe: 203 Frame: 1217 Frame from vFrameID : 1218
Tcw:
[0.94596475, 0.055628993, 0.31946227, -0.21598566;
 0.25656563, 0.47407803, -0.84227318, -1.1857319;
 -0.19830486, 0.87872374, 0.4341886, 8.8096638;
 0, 0, 0, 1]
Twc:
[0.94596475, 0.25656563, -0.19830486, 2.2555318;
 0.055628993, 0.47407803, 0.87872374, -7.1671162;
 0.31946227, -0.84227318, 0.4341886, -4.7547665;
 0, 0, 0, 1]
Ow:
[-0.21598566;
 -1.1857319;
 8.8096638]
Keyframe: 204 Frame: 1225 Frame from vFrameID : 1226
Tcw:
[0.95444614, 0.019212211, 0.29776409, -0.22530127;
 0.25331545, 0.47518805, -0.84263134, -1.2133121;
 -0.15768275, 0.87967449, 0.44867462, 8.8669262;
 0, 0, 0, 1]
Twc:
[0.95444614, 0.25331545, -0.15768275, 1.9205501;
 0.019212211, 0.47518805, 0.87967449, -7.2191291;
 0.29776409, -0.84263134, 0.44867462, -4.9336534;
 0, 0, 0, 1]
Ow:
[-0.22530127;
 -1.2133121;
 8.8669262]
Keyframe: 205 Frame: 1232 Frame from vFrameID : 1233
Tcw:
[0.94998026, 0.048121497, 0.30858034, -0.2239058;
 0.25228804, 0.46415585, -0.84906423, -1.2220855;
 -0.1840876, 0.88444543, 0.42879841, 8.8723869;
 0, 0, 0, 1]
Twc:
[0.94998026, 0.25228804, -0.1840876, 2.1543202;
 0.048121497, 0.46415585, 0.88444543, -7.2691293;
 0.30858034, -0.84906423, 0.42879841, -4.7730017;
 0, 0, 0, 1]
Ow:
[-0.2239058;
 -1.2220855;
 8.8723869]
Keyframe: 206 Frame: 1237 Frame from vFrameID : 1238
Tcw:
[0.94612575, 0.044042367, 0.3207902, -0.21814358;
 0.26908702, 0.44411355, -0.8546083, -1.2205319;
 -0.18010625, 0.89488739, 0.40833604, 8.9248781;
 0, 0, 0, 1]
Twc:
[0.94612575, 0.26908702, -0.18010625, 2.142247;
 0.044042367, 0.44411355, 0.89488739, -7.4350986;
 0.3207902, -0.8546083, 0.40833604, -4.6174479;
 0, 0, 0, 1]
Ow:
[-0.21814358;
 -1.2205319;
 8.9248781]
Keyframe: 207 Frame: 1245 Frame from vFrameID : 1246
Tcw:
[0.94220543, 0.038028006, 0.33287054, -0.18393803;
 0.28119794, 0.45038468, -0.84739685, -1.2749279;
 -0.18214461, 0.8920244, 0.41366148, 8.9335861;
 0, 0, 0, 1]
Twc:
[0.94220543, 0.28119794, -0.18214461, 2.1590188;
 0.038028006, 0.45038468, 0.8920244, -7.387774;
 0.33287054, -0.84739685, 0.41366148, -4.7146225;
 0, 0, 0, 1]
Ow:
[-0.18393803;
 -1.2749279;
 8.9335861]
Keyframe: 208 Frame: 1251 Frame from vFrameID : 1252
Tcw:
[0.95882314, 0.033027582, 0.28207687, -0.14915955;
 0.23731343, 0.45243913, -0.85964012, -1.30072;
 -0.15601444, 0.8911835, 0.42597121, 8.9455767;
 0, 0, 0, 1]
Twc:
[0.95882314, 0.23731343, -0.15601444, 1.8473351;
 0.033027582, 0.45243913, 0.8911835, -7.3787274;
 0.28207687, -0.85964012, 0.42597121, -4.8866348;
 0, 0, 0, 1]
Ow:
[-0.14915955;
 -1.30072;
 8.9455767]
Keyframe: 209 Frame: 1258 Frame from vFrameID : 1259
Tcw:
[0.96046221, 0.02372277, 0.27739778, -0.15352166;
 0.23485897, 0.46602693, -0.85302997, -1.2913475;
 -0.14951107, 0.88445246, 0.44202977, 9.0090647;
 0, 0, 0, 1]
Twc:
[0.96046221, 0.23485897, -0.14951107, 1.7976912;
 0.02372277, 0.46602693, 0.88445246, -7.3626442;
 0.27739778, -0.85302997, 0.44202977, -5.0412459;
 0, 0, 0, 1]
Ow:
[-0.15352166;
 -1.2913475;
 9.0090647]
Keyframe: 210 Frame: 1263 Frame from vFrameID : 1264
Tcw:
[0.95856494, 0.014956601, 0.28448123, -0.13629878;
 0.24542075, 0.46369013, -0.85132843, -1.2813976;
 -0.14464411, 0.88587117, 0.44080645, 9.0143213;
 0, 0, 0, 1]
Twc:
[0.95856494, 0.24542075, -0.14464411, 1.7490013;
 0.014956601, 0.46369013, 0.88587117, -7.3893175;
 0.28448123, -0.85132843, 0.44080645, -5.0256867;
 0, 0, 0, 1]
Ow:
[-0.13629878;
 -1.2813976;
 9.0143213]
Keyframe: 211 Frame: 1269 Frame from vFrameID : 1270
Tcw:
[0.94690675, 0.022498913, 0.32072008, -0.15588117;
 0.28145009, 0.42419651, -0.86072248, -1.2417095;
 -0.15541366, 0.9052906, 0.39534223, 9.0674706;
 0, 0, 0, 1]
Twc:
[0.94690675, 0.28145009, -0.15541366, 1.906293;
 0.022498913, 0.42419651, 0.9052906, -7.6784601;
 0.32072008, -0.86072248, 0.39534223, -4.6035271;
 0, 0, 0, 1]
Ow:
[-0.15588117;
 -1.2417095;
 9.0674706]
Keyframe: 212 Frame: 1274 Frame from vFrameID : 1275
Tcw:
[0.95108277, 0.051569961, 0.30460161, -0.08463192;
 0.24502836, 0.47457981, -0.84542006, -1.2642703;
 -0.18815605, 0.87870049, 0.43872857, 9.0996666;
 0, 0, 0, 1]
Twc:
[0.95108277, 0.24502836, -0.18815605, 2.1024313;
 0.051569961, 0.47457981, 0.87870049, -7.3915195;
 0.30460161, -0.84542006, 0.43872857, -5.0353441;
 0, 0, 0, 1]
Ow:
[-0.08463192;
 -1.2642703;
 9.0996666]
Keyframe: 213 Frame: 1280 Frame from vFrameID : 1281
Tcw:
[0.94612223, 0.035817847, 0.3218227, -0.16850865;
 0.26880735, 0.46725625, -0.84226727, -1.3437033;
 -0.18054187, 0.88339609, 0.43245342, 9.1348495;
 0, 0, 0, 1]
Twc:
[0.94612223, 0.26880735, -0.18054187, 2.1698499;
 0.035817847, 0.46725625, 0.88339609, -7.4358006;
 0.3218227, -0.84226727, 0.43245342, -5.0279245;
 0, 0, 0, 1]
Ow:
[-0.16850865;
 -1.3437033;
 9.1348495]
Keyframe: 214 Frame: 1285 Frame from vFrameID : 1286
Tcw:
[0.95608181, 0.033350088, 0.2911965, -0.28585601;
 0.24514769, 0.4535771, -0.85683745, -1.1641097;
 -0.16065568, 0.89059281, 0.42548111, 9.1644545;
 0, 0, 0, 1]
Twc:
[0.95608181, 0.24514769, -0.16065568, 2.0310018;
 0.033350088, 0.4535771, 0.89059281, -7.6242504;
 0.2911965, -0.85683745, 0.42548111, -4.8135147;
 0, 0, 0, 1]
Ow:
[-0.28585601;
 -1.1641097;
 9.1644545]
Keyframe: 215 Frame: 1290 Frame from vFrameID : 1291
Tcw:
[0.95277697, 0.02320943, 0.30278268, -0.35009277;
 0.25623778, 0.47364101, -0.84261876, -1.1604238;
 -0.16296701, 0.8804121, 0.44532713, 9.1766872;
 0, 0, 0, 1]
Twc:
[0.95277697, 0.25623778, -0.16296701, 2.1264019;
 0.02320943, 0.47364101, 0.8804121, -7.5215168;
 0.30278268, -0.84261876, 0.44532713, -4.9584203;
 0, 0, 0, 1]
Ow:
[-0.35009277;
 -1.1604238;
 9.1766872]
Keyframe: 216 Frame: 1297 Frame from vFrameID : 1298
Tcw:
[0.94710481, 0.052274421, 0.31663841, -0.32212007;
 0.26211444, 0.44328791, -0.85720003, -1.1785018;
 -0.18517162, 0.89485371, 0.40613824, 9.2295322;
 0, 0, 0, 1]
Twc:
[0.94710481, 0.26211444, -0.18517162, 2.3230312;
 0.052274421, 0.44328791, 0.89485371, -7.7198277;
 0.31663841, -0.85720003, 0.40613824, -4.656682;
 0, 0, 0, 1]
Ow:
[-0.32212007;
 -1.1785018;
 9.2295322]
Keyframe: 217 Frame: 1302 Frame from vFrameID : 1303
Tcw:
[0.93594205, 0.059889417, 0.34702417, -0.29580438;
 0.28292495, 0.45886871, -0.8422547, -1.2102628;
 -0.20968068, 0.88648337, 0.4125303, 9.2430058;
 0, 0, 0, 1]
Twc:
[0.93594205, 0.28292495, -0.20968068, 2.557349;
 0.059889417, 0.45886871, 0.88648337, -7.6207032;
 0.34702417, -0.8422547, 0.4125303, -4.7297182;
 0, 0, 0, 1]
Ow:
[-0.29580438;
 -1.2102628;
 9.2430058]
Keyframe: 218 Frame: 1308 Frame from vFrameID : 1309
Tcw:
[0.93337178, 0.063834079, 0.35318875, -0.30467618;
 0.28403121, 0.47022024, -0.83559513, -1.2241397;
 -0.21941595, 0.88023752, 0.42075944, 9.2608776;
 0, 0, 0, 1]
Twc:
[0.93337178, 0.28403121, -0.21941595, 2.6640544;
 0.063834079, 0.47022024, 0.88023752, -7.5567088;
 0.35318875, -0.83559513, 0.42075944, -4.8118787;
 0, 0, 0, 1]
Ow:
[-0.30467618;
 -1.2241397;
 9.2608776]
Keyframe: 219 Frame: 1314 Frame from vFrameID : 1315
Tcw:
[0.95477641, 0.045136616, 0.2938787, -0.29371929;
 0.24233051, 0.45455977, -0.85711807, -1.2151065;
 -0.17227285, 0.88957185, 0.42306498, 9.2687626;
 0, 0, 0, 1]
Twc:
[0.95477641, 0.24233051, -0.17227285, 2.1716497;
 0.045136616, 0.45455977, 0.88957185, -7.6796346;
 0.2938787, -0.85711807, 0.42306498, -4.8764601;
 0, 0, 0, 1]
Ow:
[-0.29371929;
 -1.2151065;
 9.2687626]
Keyframe: 220 Frame: 1320 Frame from vFrameID : 1321
Tcw:
[0.96299624, 0.044708841, 0.26578057, -0.28841603;
 0.21521838, 0.46603611, -0.85819077, -1.2090311;
 -0.16223206, 0.8836354, 0.43916887, 9.2793684;
 0, 0, 0, 1]
Twc:
[0.96299624, 0.21521838, -0.16223206, 2.0433602;
 0.044708841, 0.46603611, 0.8836354, -7.6232305;
 0.26578057, -0.85819077, 0.43916887, -5.0361338;
 0, 0, 0, 1]
Ow:
[-0.28841603;
 -1.2090311;
 9.2793684]
Keyframe: 221 Frame: 1326 Frame from vFrameID : 1327
Tcw:
[0.95317358, 0.06215113, 0.29596859, -0.28854799;
 0.23447289, 0.46622375, -0.85302866, -1.2169001;
 -0.19100428, 0.88248098, 0.42981938, 9.2700348;
 0, 0, 0, 1]
Twc:
[0.95317358, 0.23447289, -0.19100428, 2.3309827;
 0.06215113, 0.46622375, 0.88248098, -7.5953474;
 0.29596859, -0.85302866, 0.42981938, -4.9370899;
 0, 0, 0, 1]
Ow:
[-0.28854799;
 -1.2169001;
 9.2700348]
Keyframe: 222 Frame: 1332 Frame from vFrameID : 1333
Tcw:
[0.94747359, 0.086490661, 0.30791751, -0.2885766;
 0.22912987, 0.48813653, -0.84215331, -1.2208116;
 -0.22314417, 0.86847115, 0.44267887, 9.2728071;
 0, 0, 0, 1]
Twc:
[0.94747359, 0.22912987, -0.22314417, 2.6223159;
 0.086490661, 0.48813653, 0.86847115, -7.4322829;
 0.30791751, -0.84215331, 0.44267887, -5.0441284;
 0, 0, 0, 1]
Ow:
[-0.2885766;
 -1.2208116;
 9.2728071]
