Keyframe: 0 Frame: 0 Frame from vFrameID : 48
Tcw:
[0.99992716, -0.005607977, -0.010687357, 0.040121283;
 -0.0037323455, 0.69841462, -0.7156837, 0.0021761395;
 0.011477743, 0.71567142, 0.6983428, -0.069624722;
 0, 0, 0, 1]
Twc:
[0.99992716, -0.0037323455, 0.011477743, -0.039311107;
 -0.005607977, 0.69841462, 0.71567142, 0.048533577;
 -0.010687357, -0.7156837, 0.6983428, 0.050608147;
 0, 0, 0, 1]
Ow:
[0.040121283;
 0.0021761395;
 -0.069624722]
Keyframe: 1 Frame: 52 Frame from vFrameID : 48
Tcw:
[0.99994558, 0.0046811919, -0.0093256803, 0.040127594;
 -0.0099282591, 0.70185977, -0.71224594, 0.0021805242;
 0.0032111597, 0.71229976, 0.70186806, -0.069627799;
 0, 0, 0, 1]
Twc:
[0.99994558, -0.0099282591, 0.0032111597, -0.039880175;
 0.0046811919, 0.70185977, 0.71229976, 0.047877595;
 -0.0093256803, -0.71224594, 0.70186806, 0.050796814;
 0, 0, 0, 1]
Ow:
[0.040127594;
 0.0021805242;
 -0.069627799]
Keyframe: 2 Frame: 55 Frame from vFrameID : 56
Tcw:
[0.99978209, 0.020873649, -0.00021655973, 0.040132001;
 -0.014993557, 0.71084881, -0.70318502, 0.0021806397;
 -0.014524096, 0.70303506, 0.71100688, -0.069633007;
 0, 0, 0, 1]
Twc:
[0.99978209, -0.014993557, -0.014524096, -0.041101914;
 0.020873649, 0.71084881, 0.70303506, 0.046566639;
 -0.00021655973, -0.70318502, 0.71100688, 0.051051632;
 0, 0, 0, 1]
Ow:
[0.040132001;
 0.0021806397;
 -0.069633007]
Keyframe: 3 Frame: 56 Frame from vFrameID : 57
Tcw:
[0.99966127, 0.025823038, 0.0032442459, 0.040130679;
 -0.016076125, 0.71069872, -0.70331275, 0.0021784529;
 -0.020467354, 0.70302242, 0.71087313, -0.069629595;
 0, 0, 0, 1]
Twc:
[0.99966127, -0.016076125, -0.020467354, -0.041507196;
 0.025823038, 0.71069872, 0.70302242, 0.046366643;
 0.0032442459, -0.70331275, 0.71087313, 0.050899748;
 0, 0, 0, 1]
Ow:
[0.040130679;
 0.0021784529;
 -0.069629595]
Keyframe: 4 Frame: 57 Frame from vFrameID : 58
Tcw:
[0.99948877, 0.031566486, 0.0050736819, 0.040089428;
 -0.018856073, 0.7101593, -0.70378846, 0.0021411106;
 -0.025819249, 0.70333302, 0.71039146, -0.06969066;
 0, 0, 0, 1]
Twc:
[0.99948877, -0.018856073, -0.025819249, -0.041827925;
 0.031566486, 0.7101593, 0.70333302, 0.046229728;
 0.0050736819, -0.70378846, 0.71039146, 0.050811138;
 0, 0, 0, 1]
Ow:
[0.040089428;
 0.0021411106;
 -0.06969066]
Keyframe: 5 Frame: 58 Frame from vFrameID : 59
Tcw:
[0.99931735, 0.036430754, 0.0061325049, 0.040407982;
 -0.021599179, 0.71082324, -0.70303899, 0.0014372803;
 -0.029971367, 0.70242661, 0.71112484, -0.070225336;
 0, 0, 0, 1]
Twc:
[0.99931735, -0.021599179, -0.029971367, -0.042454105;
 0.036430754, 0.71082324, 0.70242661, 0.046834402;
 0.0061325049, -0.70303899, 0.71112484, 0.050701648;
 0, 0, 0, 1]
Ow:
[0.040407982;
 0.0014372803;
 -0.070225336]
Keyframe: 6 Frame: 60 Frame from vFrameID : 61
Tcw:
[0.99888867, 0.045658063, 0.011694382, 0.040594228;
 -0.02449711, 0.71491635, -0.69878072, 0.0019421019;
 -0.040265478, 0.69771767, 0.7152403, -0.071061976;
 0, 0, 0, 1]
Twc:
[0.99888867, -0.02449711, -0.040265478, -0.043362882;
 0.045658063, 0.71491635, 0.69771767, 0.0463393;
 0.011694382, -0.69878072, 0.7152403, 0.051708773;
 0, 0, 0, 1]
Ow:
[0.040594228;
 0.0019421019;
 -0.071061976]
Keyframe: 7 Frame: 63 Frame from vFrameID : 64
Tcw:
[0.99855387, 0.050572596, 0.018237961, 0.040417802;
 -0.023989923, 0.72276032, -0.69068223, 0.001025442;
 -0.048111267, 0.68924588, 0.72292835, -0.070622042;
 0, 0, 0, 1]
Twc:
[0.99855387, -0.023989923, -0.048111267, -0.043732468;
 0.050572596, 0.72276032, 0.68924588, 0.045890771;
 0.018237961, -0.69068223, 0.72292835, 0.051025793;
 0, 0, 0, 1]
Ow:
[0.040417802;
 0.001025442;
 -0.070622042]
Keyframe: 8 Frame: 66 Frame from vFrameID : 67
Tcw:
[0.99889153, 0.043599024, 0.017744977, 0.040513769;
 -0.019094463, 0.71986926, -0.693847, 0.00056358427;
 -0.043025114, 0.69273901, 0.71990383, -0.069772892;
 0, 0, 0, 1]
Twc:
[0.99889153, -0.019094463, -0.043025114, -0.043460086;
 0.043599024, 0.71986926, 0.69273901, 0.046162337;
 0.017744977, -0.693847, 0.71990383, 0.049901895;
 0, 0, 0, 1]
Ow:
[0.040513769;
 0.00056358427;
 -0.069772892]
Keyframe: 9 Frame: 69 Frame from vFrameID : 70
Tcw:
[0.99920774, 0.037659783, 0.012870436, 0.040326592;
 -0.017942905, 0.71494132, -0.69895416, 0.00158659;
 -0.035524067, 0.69816947, 0.71505064, -0.071037561;
 0, 0, 0, 1]
Twc:
[0.99920774, -0.017942905, -0.035524067, -0.042789716;
 0.037659783, 0.71494132, 0.69816947, 0.046943244;
 0.012870436, -0.69895416, 0.71505064, 0.051385384;
 0, 0, 0, 1]
Ow:
[0.040326592;
 0.00158659;
 -0.071037561]
Keyframe: 10 Frame: 72 Frame from vFrameID : 73
Tcw:
[0.99948287, 0.030358147, 0.010599349, 0.040184762;
 -0.014023232, 0.70815438, -0.70591837, 0.0018557161;
 -0.028936349, 0.7054047, 0.70821393, -0.070982724;
 0, 0, 0, 1]
Twc:
[0.99948287, -0.014023232, -0.028936349, -0.042191941;
 0.030358147, 0.70815438, 0.7054047, 0.04753748;
 0.010599349, -0.70591837, 0.70821393, 0.051155005;
 0, 0, 0, 1]
Ow:
[0.040184762;
 0.0018557161;
 -0.070982724]
Keyframe: 11 Frame: 75 Frame from vFrameID : 76
Tcw:
[0.99970114, 0.024138452, 0.0038711752, 0.040133681;
 -0.014185627, 0.70173562, -0.71229625, 0.0017406791;
 -0.01991027, 0.71202844, 0.7018683, -0.070779666;
 0, 0, 0, 1]
Twc:
[0.99970114, -0.014185627, -0.01991027, -0.041506235;
 0.024138452, 0.70173562, 0.71202844, 0.048206873;
 0.0038711752, -0.71229625, 0.7018683, 0.050762516;
 0, 0, 0, 1]
Ow:
[0.040133681;
 0.0017406791;
 -0.070779666]
Keyframe: 12 Frame: 77 Frame from vFrameID : 78
Tcw:
[0.99985081, 0.017172867, -0.0018577788, 0.040171411;
 -0.01332876, 0.69865036, -0.71533912, 0.0010443144;
 -0.010986486, 0.71525717, 0.69877499, -0.070428744;
 0, 0, 0, 1]
Twc:
[0.99985081, -0.01332876, -0.010986486, -0.040925264;
 0.017172867, 0.69865036, 0.71525717, 0.048955195;
 -0.0018577788, -0.71533912, 0.69877499, 0.050035514;
 0, 0, 0, 1]
Ow:
[0.040171411;
 0.0010443144;
 -0.070428744]
Keyframe: 13 Frame: 81 Frame from vFrameID : 82
Tcw:
[0.99994898, 0.0010129091, -0.010048209, 0.03967328;
 -0.0079508713, 0.69244111, -0.7214306, 0.0017716587;
 0.0062270495, 0.72147369, 0.69241387, -0.070629105;
 0, 0, 0, 1]
Twc:
[0.99994898, -0.0079508713, 0.0062270495, -0.03921736;
 0.0010129091, 0.69244111, 0.72147369, 0.049690083;
 -0.010048209, -0.7214306, 0.69241387, 0.05058134;
 0, 0, 0, 1]
Ow:
[0.03967328;
 0.0017716587;
 -0.070629105]
Keyframe: 14 Frame: 83 Frame from vFrameID : 84
Tcw:
[0.99994653, -0.0062682955, -0.0082217697, 0.039778966;
 -0.0016642653, 0.68727762, -0.72639292, 0.0023571812;
 0.010203884, 0.72636777, 0.68723047, -0.070996761;
 0, 0, 0, 1]
Twc:
[0.99994653, -0.0016642653, 0.010203884, -0.039048474;
 -0.0062682955, 0.68727762, 0.72636777, 0.050199069;
 -0.0082217697, -0.72639292, 0.68723047, 0.050830428;
 0, 0, 0, 1]
Ow:
[0.039778966;
 0.0023571812;
 -0.070996761]
Keyframe: 15 Frame: 86 Frame from vFrameID : 87
Tcw:
[0.9999584, -0.0087756393, -0.0024839321, 0.038855456;
 0.0042279828, 0.68734878, -0.7263152, 0.00064665079;
 0.008081208, 0.72627449, 0.68735731, -0.069787428;
 0, 0, 0, 1]
Twc:
[0.9999584, 0.0042279828, 0.008081208, -0.038292609;
 -0.0087756393, 0.68734878, 0.72627449, 0.050581336;
 -0.0024839321, -0.7263152, 0.68735731, 0.048535086;
 0, 0, 0, 1]
Ow:
[0.038855456;
 0.00064665079;
 -0.069787428]
Keyframe: 16 Frame: 91 Frame from vFrameID : 92
Tcw:
[0.99977344, -0.0065988833, -0.020237152, 0.039137874;
 -0.010163261, 0.68737477, -0.72623181, 0.00066467375;
 0.018702827, 0.72627294, 0.68715197, -0.069916278;
 0, 0, 0, 1]
Twc:
[0.99977344, -0.010163261, 0.018702827, -0.037814617;
 -0.0065988833, 0.68737477, 0.72627294, 0.050579686;
 -0.020237152, -0.72623181, 0.68715197, 0.049317852;
 0, 0, 0, 1]
Ow:
[0.039137874;
 0.00066467375;
 -0.069916278]
Keyframe: 17 Frame: 96 Frame from vFrameID : 97
Tcw:
[0.9995364, -0.0046231998, -0.03009337, 0.039755888;
 -0.018856674, 0.68201774, -0.73109251, 0.00043514371;
 0.023904199, 0.73132104, 0.6816144, -0.070002221;
 0, 0, 0, 1]
Twc:
[0.9995364, -0.018856674, 0.023904199, -0.038055908;
 -0.0046231998, 0.68201774, 0.73132104, 0.051081121;
 -0.03009337, -0.73109251, 0.6816144, 0.049229037;
 0, 0, 0, 1]
Ow:
[0.039755888;
 0.00043514371;
 -0.070002221]
Keyframe: 18 Frame: 100 Frame from vFrameID : 101
Tcw:
[0.99985021, 0.0054674828, -0.016421931, 0.039777063;
 -0.015689911, 0.68689412, -0.72658807, 0.00093659386;
 0.0073075206, 0.7267369, 0.68687701, -0.070066392;
 0, 0, 0, 1]
Twc:
[0.99985021, -0.015689911, 0.0073075206, -0.039244398;
 0.0054674828, 0.68689412, 0.7267369, 0.050059013;
 -0.016421931, -0.72658807, 0.68687701, 0.049460731;
 0, 0, 0, 1]
Ow:
[0.039777063;
 0.00093659386;
 -0.070066392]
Keyframe: 19 Frame: 105 Frame from vFrameID : 106
Tcw:
[0.99880487, 0.043116279, -0.023017429, 0.040048007;
 -0.046519265, 0.69417363, -0.71830279, 0.00063821673;
 -0.014992451, 0.7185151, 0.69534975, -0.069898784;
 0, 0, 0, 1]
Twc:
[0.99880487, -0.046519265, -0.014992451, -0.041018408;
 0.043116279, 0.69417363, 0.7185151, 0.048053574;
 -0.023017429, -0.71830279, 0.69534975, 0.049984332;
 0, 0, 0, 1]
Ow:
[0.040048007;
 0.00063821673;
 -0.069898784]
Keyframe: 20 Frame: 109 Frame from vFrameID : 110
Tcw:
[0.99953645, 0.026564078, -0.014873534, 0.040579524;
 -0.029340262, 0.71011192, -0.7034772, 0.00032218546;
 -0.0081253489, 0.70358753, 0.71056217, -0.069108918;
 0, 0, 0, 1]
Twc:
[0.99953645, -0.029340262, -0.0081253489, -0.041112795;
 0.026564078, 0.71011192, 0.70358753, 0.04731743;
 -0.014873534, -0.7034772, 0.71056217, 0.049936395;
 0, 0, 0, 1]
Ow:
[0.040579524;
 0.00032218546;
 -0.069108918]
Keyframe: 21 Frame: 115 Frame from vFrameID : 116
Tcw:
[0.99986196, 0.014804215, 0.0075432812, 0.042396162;
 -0.0054629529, 0.72167081, -0.69221485, -0.0025170967;
 -0.015691463, 0.69207811, 0.72165203, -0.065519065;
 0, 0, 0, 1]
Twc:
[0.99986196, -0.0054629529, -0.015691463, -0.04343215;
 0.014804215, 0.72167081, 0.69207811, 0.046533179;
 0.0075432812, -0.69221485, 0.72165203, 0.045219786;
 0, 0, 0, 1]
Ow:
[0.042396162;
 -0.0025170967;
 -0.065519065]
Keyframe: 22 Frame: 123 Frame from vFrameID : 124
Tcw:
[0.9986949, 0.046712037, 0.020651203, 0.047897313;
 -0.017031211, 0.68579233, -0.72759801, -0.0082738958;
 -0.048150022, 0.72629666, 0.68569285, -0.053800069;
 0, 0, 0, 1]
Twc:
[0.9986949, -0.017031211, -0.048150022, -0.050566189;
 0.046712037, 0.68579233, 0.72629666, 0.042511608;
 0.020651203, -0.72759801, 0.68569285, 0.029881118;
 0, 0, 0, 1]
Ow:
[0.047897313;
 -0.0082738958;
 -0.053800069]
Keyframe: 23 Frame: 131 Frame from vFrameID : 132
Tcw:
[0.99734277, 0.043115776, 0.058723863, 0.056711648;
 0.010714673, 0.71049088, -0.70362484, -0.0082092285;
 -0.072060101, 0.70238435, 0.70814097, -0.037631541;
 0, 0, 0, 1]
Twc:
[0.99734277, 0.010714673, -0.072060101, -0.059184723;
 0.043115776, 0.71049088, 0.70238435, 0.029819218;
 0.058723863, -0.70362484, 0.70814097, 0.017541889;
 0, 0, 0, 1]
Ow:
[0.056711648;
 -0.0082092285;
 -0.037631541]
Keyframe: 24 Frame: 140 Frame from vFrameID : 141
Tcw:
[0.99837708, 0.045905359, 0.033702184, 0.066048399;
 -0.0067649689, 0.68321007, -0.73019052, -0.0027037691;
 -0.056545328, 0.72877753, 0.68241185, -0.019931521;
 0, 0, 0, 1]
Twc:
[0.99837708, -0.0067649689, -0.056545328, -0.06708654;
 0.045905359, 0.68321007, 0.72877753, 0.013340912;
 0.033702184, -0.73019052, 0.68241185, 0.0094012646;
 0, 0, 0, 1]
Ow:
[0.066048399;
 -0.0027037691;
 -0.019931521]
Keyframe: 25 Frame: 148 Frame from vFrameID : 149
Tcw:
[0.99792534, 0.063786037, 0.0087351436, 0.083234362;
 -0.037576087, 0.68722332, -0.72547376, 0.0019694818;
 -0.052278087, 0.72364044, 0.68819439, 0.0058155023;
 0, 0, 0, 1]
Twc:
[0.99792534, -0.037576087, -0.052278087, -0.08268366;
 0.063786037, 0.68722332, 0.72364044, -0.010870997;
 0.0087351436, -0.72547376, 0.68819439, -0.0033004531;
 0, 0, 0, 1]
Ow:
[0.083234362;
 0.0019694818;
 0.0058155023]
Keyframe: 26 Frame: 155 Frame from vFrameID : 156
Tcw:
[0.99870068, 0.044511672, 0.02481306, 0.0909888;
 -0.011678605, 0.67385787, -0.7387687, 0.0044018216;
 -0.049604304, 0.73751903, 0.67350215, 0.02934549;
 0, 0, 0, 1]
Twc:
[0.99870068, -0.011678605, -0.049604304, -0.0893635;
 0.044511672, 0.67385787, 0.73751903, -0.028659122;
 0.02481306, -0.7387687, 0.67350215, -0.018770032;
 0, 0, 0, 1]
Ow:
[0.0909888;
 0.0044018216;
 0.02934549]
Keyframe: 27 Frame: 164 Frame from vFrameID : 165
Tcw:
[0.99669838, 0.047574565, 0.065795504, 0.10956497;
 0.018698333, 0.65408009, -0.75619417, 0.026105111;
 -0.079011135, 0.75492775, 0.65103102, 0.060666479;
 0, 0, 0, 1]
Twc:
[0.99669838, 0.018698333, -0.079011135, -0.10489801;
 0.047574565, 0.65408009, 0.75492775, -0.068086147;
 0.065795504, -0.75619417, 0.65103102, -0.026964104;
 0, 0, 0, 1]
Ow:
[0.10956497;
 0.026105111;
 0.060666479]
Keyframe: 28 Frame: 171 Frame from vFrameID : 172
Tcw:
[0.99812371, 0.045193017, 0.041311089, 0.11782146;
 0.0021902455, 0.64791101, -0.76171291, 0.017419556;
 -0.061190013, 0.76037419, 0.64659637, 0.075141706;
 0, 0, 0, 1]
Twc:
[0.99812371, 0.0021902455, -0.061190013, -0.11304062;
 0.045193017, 0.64791101, 0.76037419, -0.073746845;
 0.041311089, -0.76171291, 0.64659637, -0.040184986;
 0, 0, 0, 1]
Ow:
[0.11782146;
 0.017419556;
 0.075141706]
Keyframe: 29 Frame: 179 Frame from vFrameID : 180
Tcw:
[0.99817711, 0.06016878, 0.0047093844, 0.12921591;
 -0.035314843, 0.64557034, -0.76288384, 0.02800256;
 -0.048942033, 0.76132691, 0.64651841, 0.095552415;
 0, 0, 0, 1]
Twc:
[0.99817711, -0.035314843, -0.048942033, -0.12331493;
 0.06016878, 0.64557034, 0.76132691, -0.098599009;
 0.0047093844, -0.76288384, 0.64651841, -0.041022219;
 0, 0, 0, 1]
Ow:
[0.12921591;
 0.02800256;
 0.095552415]
Keyframe: 30 Frame: 187 Frame from vFrameID : 188
Tcw:
[0.9983272, 0.056391139, 0.012759341, 0.14475122;
 -0.026520798, 0.64274693, -0.76561934, 0.017453335;
 -0.051375177, 0.76400024, 0.64316732, 0.12648492;
 0, 0, 0, 1]
Twc:
[0.9983272, -0.026520798, -0.051375177, -0.13754803;
 0.056391139, 0.64274693, 0.76400024, -0.11601528;
 0.012759341, -0.76561934, 0.64316732, -0.069835283;
 0, 0, 0, 1]
Ow:
[0.14475122;
 0.017453335;
 0.12648492]
Keyframe: 31 Frame: 195 Frame from vFrameID : 196
Tcw:
[0.99727881, 0.056700341, 0.047116812, 0.15999138;
 -0.0014808327, 0.65439326, -0.75615293, 0.015068263;
 -0.073707052, 0.75402558, 0.65269649, 0.15522115;
 0, 0, 0, 1]
Twc:
[0.99727881, -0.0014808327, -0.073707052, -0.14809281;
 0.056700341, 0.65439326, 0.75402558, -0.13597284;
 0.047116812, -0.75615293, 0.65269649, -0.097456679;
 0, 0, 0, 1]
Ow:
[0.15999138;
 0.015068263;
 0.15522115]
Keyframe: 32 Frame: 203 Frame from vFrameID : 204
Tcw:
[0.99801403, 0.056335986, 0.028182581, 0.16810574;
 -0.014603924, 0.64213777, -0.76645017, 0.022353135;
 -0.061275825, 0.76451641, 0.64168525, 0.17334329;
 0, 0, 0, 1]
Twc:
[0.99801403, -0.014603924, -0.061275825, -0.15682369;
 0.056335986, 0.64213777, 0.76451641, -0.15634798;
 0.028182581, -0.76645017, 0.64168525, -0.098836906;
 0, 0, 0, 1]
Ow:
[0.16810574;
 0.022353135;
 0.17334329]
Keyframe: 33 Frame: 211 Frame from vFrameID : 212
Tcw:
[0.99947488, 0.03069116, -0.010392094, 0.18915492;
 -0.02794197, 0.65395761, -0.756015, 0.00077335536;
 -0.016406989, 0.75590837, 0.65447176, 0.2141;
 0, 0, 0, 1]
Twc:
[0.99947488, -0.02794197, -0.016406989, -0.18552126;
 0.03069116, 0.65395761, 0.75590837, -0.16815113;
 -0.010392094, -0.756015, 0.65447176, -0.13757204;
 0, 0, 0, 1]
Ow:
[0.18915492;
 0.00077335536;
 0.2141]
Keyframe: 34 Frame: 218 Frame from vFrameID : 219
Tcw:
[0.99974382, 0.022632768, -0.00018591189, 0.19682807;
 -0.015244336, 0.66726208, -0.74466699, -0.010473751;
 -0.016729824, 0.74447906, 0.66743618, 0.23550856;
 0, 0, 0, 1]
Twc:
[0.99974382, -0.015244336, -0.016729824, -0.19299729;
 0.022632768, 0.66726208, 0.74447906, -0.17279722;
 -0.00018591189, -0.74466699, 0.66743618, -0.16494979;
 0, 0, 0, 1]
Ow:
[0.19682807;
 -0.010473751;
 0.23550856]
Keyframe: 35 Frame: 226 Frame from vFrameID : 227
Tcw:
[0.9994666, 0.013520146, 0.029726565, 0.19435012;
 0.013116777, 0.66741985, -0.74456614, -0.01209332;
 -0.029906742, 0.74455893, 0.66688651, 0.25664625;
 0, 0, 0, 1]
Twc:
[0.9994666, 0.013116777, -0.029906742, -0.18641239;
 0.013520146, 0.66741985, 0.74455893, -0.18564457;
 0.029726565, -0.74456614, 0.66688651, -0.18593556;
 0, 0, 0, 1]
Ow:
[0.19435012;
 -0.01209332;
 0.25664625]
Keyframe: 36 Frame: 233 Frame from vFrameID : 234
Tcw:
[0.99991804, 0.0078981668, 0.010074311, 0.21825071;
 0.001907376, 0.68626994, -0.72734445, -0.020258725;
 -0.012658385, 0.72730404, 0.68619865, 0.26739794;
 0, 0, 0, 1]
Twc:
[0.99991804, 0.001907376, -0.012658385, -0.21480936;
 0.0078981668, 0.68626994, 0.72730404, -0.18230043;
 0.010074311, -0.72734445, 0.68619865, -0.20042188;
 0, 0, 0, 1]
Ow:
[0.21825071;
 -0.020258725;
 0.26739794]
Keyframe: 37 Frame: 241 Frame from vFrameID : 242
Tcw:
[0.99996823, 0.0019944143, -0.0077209403, 0.22805767;
 -0.0069587291, 0.6910913, -0.72273397, -0.019965351;
 0.0038944439, 0.72276473, 0.69108319, 0.29204166;
 0, 0, 0, 1]
Twc:
[0.99996823, -0.0069587291, 0.0038944439, -0.2293267;
 0.0019944143, 0.6910913, 0.72276473, -0.19773437;
 -0.0077209403, -0.72273397, 0.69108319, -0.21449389;
 0, 0, 0, 1]
Ow:
[0.22805767;
 -0.019965351;
 0.29204166]
Keyframe: 38 Frame: 250 Frame from vFrameID : 251
Tcw:
[0.99999756, 0.001098827, -0.0019286975, 0.24402629;
 -0.002157107, 0.68601471, -0.72758448, -0.017304108;
 0.00052362535, 0.72758681, 0.68601543, 0.31964087;
 0, 0, 0, 1]
Twc:
[0.99999756, -0.002157107, 0.00052362535, -0.24423037;
 0.001098827, 0.68601471, 0.72758681, -0.22096375;
 -0.0019286975, -0.72758448, 0.68601543, -0.23139811;
 0, 0, 0, 1]
Ow:
[0.24402629;
 -0.017304108;
 0.31964087]
Keyframe: 39 Frame: 259 Frame from vFrameID : 260
Tcw:
[0.99970102, 0.018147526, 0.01638642, 0.26408216;
 -0.00097247225, 0.69915611, -0.71496838, -0.02405417;
 -0.024431573, 0.71473873, 0.69896472, 0.34006029;
 0, 0, 0, 1]
Twc:
[0.99970102, -0.00097247225, -0.024431573, -0.25571838;
 0.018147526, 0.69915611, 0.71473873, -0.23102908;
 0.01638642, -0.71496838, 0.69896472, -0.25921547;
 0, 0, 0, 1]
Ow:
[0.26408216;
 -0.02405417;
 0.34006029]
Keyframe: 40 Frame: 268 Frame from vFrameID : 269
Tcw:
[0.99985546, 0.015986346, 0.0057917042, 0.28660566;
 -0.0066827717, 0.68268794, -0.73067951, -0.0099403709;
 -0.015634822, 0.73053515, 0.68269604, 0.37597281;
 0, 0, 0, 1]
Twc:
[0.99985546, -0.0066827717, -0.015634822, -0.28075239;
 0.015986346, 0.68268794, 0.73053515, -0.27245697;
 0.0057917042, -0.73067951, 0.68269604, -0.26559833;
 0, 0, 0, 1]
Ow:
[0.28660566;
 -0.0099403709;
 0.37597281]
Keyframe: 41 Frame: 276 Frame from vFrameID : 277
Tcw:
[0.99988163, 0.014759711, 0.0043461197, 0.2855168;
 -0.0073011788, 0.70378649, -0.71037406, -0.027130112;
 -0.013543656, 0.71025825, 0.70381093, 0.39528754;
 0, 0, 0, 1]
Twc:
[0.99988163, -0.0073011788, -0.013543656, -0.28032744;
 0.014759711, 0.70378649, 0.71025825, -0.26587656;
 0.0043461197, -0.71037406, 0.70381093, -0.2987211;
 0, 0, 0, 1]
Ow:
[0.2855168;
 -0.027130112;
 0.39528754]
Keyframe: 42 Frame: 283 Frame from vFrameID : 284
Tcw:
[0.99918729, -0.0046278001, 0.040042341, 0.29071498;
 0.032789055, 0.67111027, -0.74063206, -0.02977322;
 -0.023445329, 0.74134308, 0.67071658, 0.41422409;
 0, 0, 0, 1]
Twc:
[0.99918729, 0.032789055, -0.023445329, -0.27979085;
 -0.0046278001, 0.67111027, 0.74134308, -0.28575566;
 0.040042341, -0.74063206, 0.67071658, -0.31151888;
 0, 0, 0, 1]
Ow:
[0.29071498;
 -0.02977322;
 0.41422409]
Keyframe: 43 Frame: 292 Frame from vFrameID : 293
Tcw:
[0.9978016, 0.0098526822, 0.065535568, 0.30144608;
 0.040816516, 0.68771064, -0.72483659, -0.040133283;
 -0.052211091, 0.72591805, 0.68579662, 0.43293089;
 0, 0, 0, 1]
Twc:
[0.9978016, 0.040816516, -0.052211091, -0.27654147;
 0.0098526822, 0.68771064, 0.72591805, -0.28964227;
 0.065535568, -0.72483659, 0.68579662, -0.34574804;
 0, 0, 0, 1]
Ow:
[0.30144608;
 -0.040133283;
 0.43293089]
Keyframe: 44 Frame: 301 Frame from vFrameID : 302
Tcw:
[0.99806696, 0.008295957, 0.061591212, 0.30231932;
 0.038063474, 0.70181888, -0.7113378, -0.03487353;
 -0.049127102, 0.71230716, 0.70014644, 0.43971607;
 0, 0, 0, 1]
Twc:
[0.99806696, 0.038063474, -0.049127102, -0.27880555;
 0.008295957, 0.70181888, 0.71230716, -0.29124603;
 0.061591212, -0.7113378, 0.70014644, -0.35129273;
 0, 0, 0, 1]
Ow:
[0.30231932;
 -0.03487353;
 0.43971607]
Keyframe: 45 Frame: 309 Frame from vFrameID : 310
Tcw:
[0.99927229, 0.0055521368, 0.037737064, 0.32741022;
 0.023453509, 0.69078588, -0.7226789, -0.030743986;
 -0.030080644, 0.72303802, 0.690153, 0.4824366;
 0, 0, 0, 1]
Twc:
[0.99927229, 0.023453509, -0.030080644, -0.31193888;
 0.0055521368, 0.69078588, 0.72303802, -0.32940033;
 0.037737064, -0.7226789, 0.690153, -0.36752859;
 0, 0, 0, 1]
Ow:
[0.32741022;
 -0.030743986;
 0.4824366]
Keyframe: 46 Frame: 317 Frame from vFrameID : 318
Tcw:
[0.99649167, 0.022777334, 0.080533177, 0.32992795;
 0.043962564, 0.67634618, -0.7352708, -0.033760726;
 -0.071215816, 0.73623163, 0.67297196, 0.51630425;
 0, 0, 0, 1]
Twc:
[0.99649167, 0.043962564, -0.071215816, -0.29051721;
 0.022777334, 0.67634618, 0.73623163, -0.36480051;
 0.080533177, -0.7352708, 0.67297196, -0.39885175;
 0, 0, 0, 1]
Ow:
[0.32992795;
 -0.033760726;
 0.51630425]
Keyframe: 47 Frame: 325 Frame from vFrameID : 326
Tcw:
[0.99580741, 0.015252368, 0.090194225, 0.34243271;
 0.053134292, 0.70616019, -0.70605558, -0.034806013;
 -0.074460588, 0.70788777, 0.70238912, 0.52223957;
 0, 0, 0, 1]
Twc:
[0.99580741, 0.053134292, -0.074460588, -0.30026138;
 0.015252368, 0.70616019, 0.70788777, -0.35033131;
 0.090194225, -0.70605558, 0.70238912, -0.42227584;
 0, 0, 0, 1]
Ow:
[0.34243271;
 -0.034806013;
 0.52223957]
Keyframe: 48 Frame: 332 Frame from vFrameID : 333
Tcw:
[0.99981135, -0.00029621349, 0.01942236, 0.36343208;
 0.014227109, 0.69193369, -0.72182083, -0.0091896951;
 -0.013225173, 0.72196096, 0.69180739, 0.53465796;
 0, 0, 0, 1]
Twc:
[0.99981135, 0.014227109, -0.013225173, -0.35616183;
 -0.00029621349, 0.69193369, 0.72196096, -0.37953591;
 0.01942236, -0.72182083, 0.69180739, -0.38357234;
 0, 0, 0, 1]
Ow:
[0.36343208;
 -0.0091896951;
 0.53465796]
Keyframe: 49 Frame: 340 Frame from vFrameID : 341
Tcw:
[0.9995445, -0.021526985, -0.02115084, 0.37688249;
 -0.00018369929, 0.69649446, -0.71756214, -0.016292185;
 0.030178392, 0.71723914, 0.69617331, 0.55654776;
 0, 0, 0, 1]
Twc:
[0.9995445, -0.00018369929, 0.030178392, -0.39350954;
 -0.021526985, 0.69649446, 0.71723914, -0.37971735;
 -0.02115084, -0.71756214, 0.69617331, -0.39117295;
 0, 0, 0, 1]
Ow:
[0.37688249;
 -0.016292185;
 0.55654776]
Keyframe: 50 Frame: 348 Frame from vFrameID : 349
Tcw:
[0.99970657, -0.0027805304, 0.024064008, 0.3715803;
 0.019406321, 0.68648165, -0.72688812, -0.022162586;
 -0.014498367, 0.7271418, 0.68633419, 0.58193803;
 0, 0, 0, 1]
Twc:
[0.99970657, 0.019406321, -0.014498367, -0.36260402;
 -0.0027805304, 0.68648165, 0.7271418, -0.40690404;
 0.024064008, -0.72688812, 0.68633419, -0.42445534;
 0, 0, 0, 1]
Ow:
[0.3715803;
 -0.022162586;
 0.58193803]
Keyframe: 51 Frame: 356 Frame from vFrameID : 357
Tcw:
[0.99858159, 0.00097747555, 0.053234283, 0.38371584;
 0.037722453, 0.6926108, -0.72032446, -0.032851368;
 -0.037574738, 0.72131085, 0.6915915, 0.60086435;
 0, 0, 0, 1]
Twc:
[0.99858159, 0.037722453, -0.037574738, -0.359355;
 0.00097747555, 0.6926108, 0.72131085, -0.41103181;
 0.053234283, -0.72032446, 0.6915915, -0.45964316;
 0, 0, 0, 1]
Ow:
[0.38371584;
 -0.032851368;
 0.60086435]
Keyframe: 52 Frame: 364 Frame from vFrameID : 365
Tcw:
[0.99977863, -0.019084977, -0.0088552507, 0.39861628;
 0.0066445284, 0.68576628, -0.72779149, -0.016305417;
 0.019962516, 0.72757155, 0.68574131, 0.6221962;
 0, 0, 0, 1]
Twc:
[0.99977863, 0.0066445284, 0.019962516, -0.41084033;
 -0.019084977, 0.68576628, 0.72757155, -0.43390298;
 -0.0088552507, -0.72779149, 0.68574131, -0.43500274;
 0, 0, 0, 1]
Ow:
[0.39861628;
 -0.016305417;
 0.6221962]
Keyframe: 53 Frame: 373 Frame from vFrameID : 374
Tcw:
[0.9999724, 0.0049236408, 0.0055582719, 0.41240716;
 0.00059787242, 0.69272983, -0.72119695, -0.019893587;
 -0.0074012955, 0.72118038, 0.69270778, 0.65418398;
 0, 0, 0, 1]
Twc:
[0.9999724, 0.00059787242, -0.0074012955, -0.40754211;
 0.0049236408, 0.69272983, 0.72118038, -0.46003434;
 0.0055582719, -0.72119695, 0.69270778, -0.46979785;
 0, 0, 0, 1]
Ow:
[0.41240716;
 -0.019893587;
 0.65418398]
Keyframe: 54 Frame: 380 Frame from vFrameID : 381
Tcw:
[0.99945134, 0.0035551679, 0.032930482, 0.42102927;
 0.021304615, 0.69225538, -0.72133803, -0.033921838;
 -0.025360782, 0.72164387, 0.69179982, 0.67635053;
 0, 0, 0, 1]
Twc:
[0.99945134, 0.021304615, -0.025360782, -0.40292278;
 0.0035551679, 0.69225538, 0.72164387, -0.46609846;
 0.032930482, -0.72133803, 0.69179982, -0.50623298;
 0, 0, 0, 1]
Ow:
[0.42102927;
 -0.033921838;
 0.67635053]
Keyframe: 55 Frame: 389 Frame from vFrameID : 390
Tcw:
[0.99943173, 0.00087609369, 0.033696789, 0.44099152;
 0.024453165, 0.66921204, -0.74266899, -0.026792854;
 -0.023200944, 0.74307096, 0.66881031, 0.69417155;
 0, 0, 0, 1]
Twc:
[0.99943173, 0.024453165, -0.023200944, -0.42398027;
 0.00087609369, 0.66921204, 0.74307096, -0.49827501;
 0.033696789, -0.74266899, 0.66881031, -0.49902734;
 0, 0, 0, 1]
Ow:
[0.44099152;
 -0.026792854;
 0.69417155]
Keyframe: 56 Frame: 396 Frame from vFrameID : 397
Tcw:
[0.99924326, -0.030022139, -0.02473109, 0.46195877;
 0.0016745174, 0.66842759, -0.74377537, -0.011634231;
 0.038860671, 0.7431711, 0.66797203, 0.70857906;
 0, 0, 0, 1]
Twc:
[0.99924326, 0.0016745174, 0.038860671, -0.48912552;
 -0.030022139, 0.66842759, 0.7431711, -0.50494981;
 -0.02473109, -0.74377537, 0.66797203, -0.47053948;
 0, 0, 0, 1]
Ow:
[0.46195877;
 -0.011634231;
 0.70857906]
Keyframe: 57 Frame: 404 Frame from vFrameID : 405
Tcw:
[0.99963516, -0.020397866, -0.017705167, 0.4710485;
 0.00060418207, 0.6722241, -0.7403475, -0.018057615;
 0.02700335, 0.74006665, 0.67199117, 0.7307862;
 0, 0, 0, 1]
Twc:
[0.99963516, 0.00060418207, 0.02700335, -0.49059942;
 -0.020397866, 0.6722241, 0.74006665, -0.51908338;
 -0.017705167, -0.7403475, 0.67199117, -0.49611083;
 0, 0, 0, 1]
Ow:
[0.4710485;
 -0.018057615;
 0.7307862]
Keyframe: 58 Frame: 412 Frame from vFrameID : 413
Tcw:
[0.99925709, -0.028449457, 0.025997244, 0.48383939;
 0.038368691, 0.6711188, -0.74035627, -0.019739777;
 0.0036154937, 0.74080372, 0.6717118, 0.75200546;
 0, 0, 0, 1]
Twc:
[0.99925709, 0.038368691, 0.0036154937, -0.48544145;
 -0.028449457, 0.6711188, 0.74080372, -0.53007573;
 0.025997244, -0.74035627, 0.6717118, -0.5323239;
 0, 0, 0, 1]
Ow:
[0.48383939;
 -0.019739777;
 0.75200546]
Keyframe: 59 Frame: 419 Frame from vFrameID : 420
Tcw:
[0.99985993, -0.013849632, 0.0093977563, 0.48964852;
 0.01624704, 0.66826463, -0.74374622, -0.0087974072;
 0.0040204227, 0.74379468, 0.66839606, 0.76968265;
 0, 0, 0, 1]
Twc:
[0.99985993, 0.01624704, 0.0040204227, -0.49253145;
 -0.013849632, 0.66826463, 0.74379468, -0.55982542;
 0.0093977563, -0.74374622, 0.66839606, -0.52559745;
 0, 0, 0, 1]
Ow:
[0.48964852;
 -0.0087974072;
 0.76968265]
Keyframe: 60 Frame: 427 Frame from vFrameID : 428
Tcw:
[0.99879199, -0.024469214, -0.042612564, 0.49919599;
 -0.014731724, 0.67819637, -0.73473305, -0.019775718;
 0.046878029, 0.73447323, 0.67701662, 0.78973943;
 0, 0, 0, 1]
Twc:
[0.99879199, -0.014731724, 0.046878029, -0.53590572;
 -0.024469214, 0.67819637, 0.73447323, -0.5544157;
 -0.042612564, -0.73473305, 0.67701662, -0.5279246;
 0, 0, 0, 1]
Ow:
[0.49919599;
 -0.019775718;
 0.78973943]
Keyframe: 61 Frame: 434 Frame from vFrameID : 435
Tcw:
[0.99973118, -0.018989654, -0.013301881, 0.50305527;
 0.0034548389, 0.68933558, -0.72443396, -0.013477683;
 0.022926209, 0.72419327, 0.6892159, 0.81890702;
 0, 0, 0, 1]
Twc:
[0.99973118, 0.0034548389, 0.022926209, -0.52164793;
 -0.018989654, 0.68933558, 0.72419327, -0.57420343;
 -0.013301881, -0.72443396, 0.6892159, -0.5674758;
 0, 0, 0, 1]
Ow:
[0.50305527;
 -0.013477683;
 0.81890702]
Keyframe: 62 Frame: 442 Frame from vFrameID : 443
Tcw:
[0.99832886, -0.0040525985, 0.057646126, 0.50055307;
 0.044643927, 0.6874876, -0.72482252, -0.016111434;
 -0.03669358, 0.72618479, 0.68651962, 0.84551704;
 0, 0, 0, 1]
Twc:
[0.99832886, 0.044643927, -0.03669358, -0.46797225;
 -0.0040525985, 0.6874876, 0.72618479, -0.60089672;
 0.057646126, -0.72482252, 0.68651962, -0.62099695;
 0, 0, 0, 1]
Ow:
[0.50055307;
 -0.016111434;
 0.84551704]
Keyframe: 63 Frame: 450 Frame from vFrameID : 451
Tcw:
[0.99807388, -0.0051705986, 0.061820876, 0.50951785;
 0.048701018, 0.68260038, -0.72916728, -0.011519015;
 -0.03842872, 0.73077357, 0.68153739, 0.87119317;
 0, 0, 0, 1]
Twc:
[0.99807388, 0.048701018, -0.03842872, -0.4744966;
 -0.0051705986, 0.68260038, 0.73077357, -0.62614751;
 0.061820876, -0.72916728, 0.68153739, -0.63364887;
 0, 0, 0, 1]
Ow:
[0.50951785;
 -0.011519015;
 0.87119317]
Keyframe: 64 Frame: 458 Frame from vFrameID : 459
Tcw:
[0.99998939, -0.0040838267, -0.002126469, 0.53519148;
 0.0011172601, 0.66326571, -0.74838316, -0.015257597;
 0.0044666813, 0.74837285, 0.6632632, 0.89371574;
 0, 0, 0, 1]
Twc:
[0.99998939, 0.0011172601, 0.0044666813, -0.53916073;
 -0.0040838267, 0.66326571, 0.74837285, -0.6565271;
 -0.002126469, -0.74838316, 0.6632632, -0.60304928;
 0, 0, 0, 1]
Ow:
[0.53519148;
 -0.015257597;
 0.89371574]
Keyframe: 65 Frame: 466 Frame from vFrameID : 467
Tcw:
[0.99985319, -0.0084061101, -0.014930454, 0.53878099;
 -0.0055247415, 0.66667557, -0.74532753, -0.015953571;
 0.016219074, 0.74530059, 0.66653126, 0.9164077;
 0, 0, 0, 1]
Twc:
[0.99985319, -0.0055247415, 0.016219074, -0.5536533;
 -0.0084061101, 0.66667557, 0.74530059, -0.66783434;
 -0.014930454, -0.74532753, 0.66653126, -0.6146608;
 0, 0, 0, 1]
Ow:
[0.53878099;
 -0.015953571;
 0.9164077]
Keyframe: 66 Frame: 474 Frame from vFrameID : 475
Tcw:
[0.99847686, -0.0028095124, 0.05510034, 0.54387712;
 0.042349469, 0.67913681, -0.73278898, -0.02325806;
 -0.03536189, 0.73400635, 0.6782214, 0.94056201;
 0, 0, 0, 1]
Twc:
[0.99847686, 0.042349469, -0.03536189, -0.50880373;
 -0.0028095124, 0.67913681, 0.73400635, -0.67305499;
 0.05510034, -0.73278898, 0.6782214, -0.68492031;
 0, 0, 0, 1]
Ow:
[0.54387712;
 -0.02325806;
 0.94056201]
Keyframe: 67 Frame: 482 Frame from vFrameID : 483
Tcw:
[0.99870378, -0.0067350781, 0.050452191, 0.54750907;
 0.041480895, 0.68212682, -0.73005641, -0.018797606;
 -0.029497806, 0.7312029, 0.68152195, 0.96108049;
 0, 0, 0, 1]
Twc:
[0.99870378, 0.041480895, -0.029497806, -0.51766992;
 -0.0067350781, 0.68212682, 0.7312029, -0.68623495;
 0.050452191, -0.73005641, 0.68152195, -0.69634384;
 0, 0, 0, 1]
Ow:
[0.54750907;
 -0.018797606;
 0.96108049]
Keyframe: 68 Frame: 490 Frame from vFrameID : 491
Tcw:
[0.99984986, -0.017318016, -0.00062497956, 0.55691105;
 0.011387593, 0.6837886, -0.72959131, -0.01804474;
 0.013062429, 0.7294746, 0.68388313, 0.97837704;
 0, 0, 0, 1]
Twc:
[0.99984986, 0.011387593, 0.013062429, -0.56940186;
 -0.017318016, 0.6837886, 0.7294746, -0.69171786;
 -0.00062497956, -0.72959131, 0.68388313, -0.68191278;
 0, 0, 0, 1]
Ow:
[0.55691105;
 -0.01804474;
 0.97837704]
Keyframe: 69 Frame: 498 Frame from vFrameID : 499
Tcw:
[0.99979889, -0.019608514, -0.0041977731, 0.55571038;
 0.010428461, 0.68722665, -0.72636825, -0.0061266422;
 0.017127823, 0.72617841, 0.68729293, 1.000407;
 0, 0, 0, 1]
Twc:
[0.99979889, 0.010428461, 0.017127823, -0.57266957;
 -0.019608514, 0.68722665, 0.72617841, -0.71136683;
 -0.0041977731, -0.72636825, 0.68729293, -0.68969005;
 0, 0, 0, 1]
Ow:
[0.55571038;
 -0.0061266422;
 1.000407]
Keyframe: 70 Frame: 506 Frame from vFrameID : 507
Tcw:
[0.99992359, -0.0089629823, -0.0085145161, 0.57289922;
 -0.0003246179, 0.66946238, -0.74284589, 0.0053970814;
 0.012358263, 0.74279189, 0.66940832, 1.0169883;
 0, 0, 0, 1]
Twc:
[0.99992359, -0.0003246179, 0.012358263, -0.58542192;
 -0.0089629823, 0.66946238, 0.74279189, -0.75388891;
 -0.0085145161, -0.74284589, 0.66940832, -0.67189324;
 0, 0, 0, 1]
Ow:
[0.57289922;
 0.0053970814;
 1.0169883]
Keyframe: 71 Frame: 514 Frame from vFrameID : 515
Tcw:
[0.99980438, -0.0036376759, 0.019441864, 0.56696028;
 0.017010301, 0.65971363, -0.75132453, 0.027235746;
 -0.010092988, 0.7515083, 0.65964645, 1.0391883;
 0, 0, 0, 1]
Twc:
[0.99980438, 0.017010301, -0.010092988, -0.55682415;
 -0.0036376759, 0.65971363, 0.7515083, -0.79686391;
 0.019441864, -0.75132453, 0.65964645, -0.67605674;
 0, 0, 0, 1]
Ow:
[0.56696028;
 0.027235746;
 1.0391883]
Keyframe: 72 Frame: 522 Frame from vFrameID : 523
Tcw:
[0.99965006, -0.018622255, -0.018788839, 0.57638764;
 -0.0021355117, 0.65112323, -0.75896901, 0.032521635;
 0.026367564, 0.75874352, 0.6508556, 1.0654212;
 0, 0, 0, 1]
Twc:
[0.99965006, -0.0021355117, 0.026367564, -0.60420901;
 -0.018622255, 0.65112323, 0.75874352, -0.81882346;
 -0.018788839, -0.75896901, 0.6508556, -0.6579228;
 0, 0, 0, 1]
Ow:
[0.57638764;
 0.032521635;
 1.0654212]
Keyframe: 73 Frame: 530 Frame from vFrameID : 531
Tcw:
[0.99988854, -0.013371652, -0.0066377399, 0.57595897;
 0.0037040939, 0.65295166, -0.75739056, 0.031013012;
 0.014461686, 0.75728154, 0.65292841, 1.0863686;
 0, 0, 0, 1]
Twc:
[0.99988854, 0.0037040939, 0.014461686, -0.5917204;
 -0.013371652, 0.65295166, 0.75728154, -0.83523536;
 -0.0066377399, -0.75739056, 0.65292841, -0.68200886;
 0, 0, 0, 1]
Ow:
[0.57595897;
 0.031013012;
 1.0863686]
Keyframe: 74 Frame: 538 Frame from vFrameID : 539
Tcw:
[0.99954391, -0.0013021253, 0.03016996, 0.58634084;
 0.023795785, 0.64907652, -0.76035082, 0.027987957;
 -0.018592542, 0.76072198, 0.64881152, 1.105963;
 0, 0, 0, 1]
Twc:
[0.99954391, 0.023795785, -0.018592542, -0.56617677;
 -0.0013021253, 0.64907652, 0.76072198, -0.85873318;
 0.03016996, -0.76035082, 0.64881152, -0.71397072;
 0, 0, 0, 1]
Ow:
[0.58634084;
 0.027987957;
 1.105963]
Keyframe: 75 Frame: 547 Frame from vFrameID : 548
Tcw:
[0.99941987, -0.018331286, 0.028702792, 0.59591812;
 0.033580039, 0.67097312, -0.74072087, 0.042286098;
 -0.0056804372, 0.74125504, 0.67119944, 1.1039337;
 0, 0, 0, 1]
Twc:
[0.99941987, 0.033580039, -0.0056804372, -0.59072155;
 -0.018331286, 0.67097312, 0.74125504, -0.83574533;
 0.028702792, -0.74072087, 0.67119944, -0.72674197;
 0, 0, 0, 1]
Ow:
[0.59591812;
 0.042286098;
 1.1039337]
Keyframe: 76 Frame: 555 Frame from vFrameID : 556
Tcw:
[0.9998861, -0.011737832, -0.009487086, 0.62938088;
 0.0011515119, 0.68609852, -0.72750771, 0.034784138;
 0.015048439, 0.72741395, 0.6860339, 1.1293175;
 0, 0, 0, 1]
Twc:
[0.9998861, 0.0011515119, 0.015048439, -0.64634371;
 -0.011737832, 0.68609852, 0.72741395, -0.83795911;
 -0.009487086, -0.72750771, 0.6860339, -0.74347341;
 0, 0, 0, 1]
Ow:
[0.62938088;
 0.034784138;
 1.1293175]
Keyframe: 77 Frame: 563 Frame from vFrameID : 564
Tcw:
[0.99976921, -0.02137569, 0.0021449793, 0.62585342;
 0.01619637, 0.68437815, -0.72894734, 0.02273941;
 0.014113776, 0.72881389, 0.68456638, 1.1514317;
 0, 0, 0, 1]
Twc:
[0.99976921, 0.01619637, 0.014113776, -0.64232832;
 -0.02137569, 0.68437815, 0.72881389, -0.84136361;
 0.0021449793, -0.72894734, 0.68456638, -0.77299803;
 0, 0, 0, 1]
Ow:
[0.62585342;
 0.02273941;
 1.1514317]
Keyframe: 78 Frame: 572 Frame from vFrameID : 573
Tcw:
[0.99933577, -0.0037141743, 0.036251798, 0.64464003;
 0.029381257, 0.67060548, -0.7412321, 0.018381655;
 -0.02155759, 0.74180484, 0.67026919, 1.1813664;
 0, 0, 0, 1]
Twc:
[0.99933577, 0.029381257, -0.02155759, -0.61928451;
 -0.0037141743, 0.67060548, 0.74180484, -0.88627595;
 0.036251798, -0.7412321, 0.67026919, -0.80157781;
 0, 0, 0, 1]
Ow:
[0.64464003;
 0.018381655;
 1.1813664]
Keyframe: 79 Frame: 580 Frame from vFrameID : 581
Tcw:
[0.99990481, -0.0078935036, 0.011318337, 0.66237599;
 0.013720467, 0.65610528, -0.75454462, 0.013234377;
 -0.0014700199, 0.75462812, 0.65615112, 1.1924384;
 0, 0, 0, 1]
Twc:
[0.99990481, 0.013720467, -0.0014700199, -0.66074157;
 -0.0078935036, 0.65610528, 0.75462812, -0.90330213;
 0.011318337, -0.75454462, 0.65615112, -0.77993089;
 0, 0, 0, 1]
Ow:
[0.66237599;
 0.013234377;
 1.1924384]
Keyframe: 80 Frame: 588 Frame from vFrameID : 589
Tcw:
[0.99988413, -0.01266918, 0.0084368996, 0.65537858;
 0.01483429, 0.6868695, -0.72662932, -0.00061875582;
 0.0034107477, 0.72667032, 0.68697786, 1.2009857;
 0, 0, 0, 1]
Twc:
[0.99988413, 0.01483429, 0.0034107477, -0.65938979;
 -0.01266918, 0.6868695, 0.72667032, -0.86399251;
 0.0084368996, -0.72662932, 0.68697786, -0.83102965;
 0, 0, 0, 1]
Ow:
[0.65537858;
 -0.00061875582;
 1.2009857]
Keyframe: 81 Frame: 596 Frame from vFrameID : 597
Tcw:
[0.99954027, -0.025147131, 0.016935566, 0.66376078;
 0.029597322, 0.68826383, -0.7248565, 0.00059735775;
 0.0065719225, 0.72502452, 0.68869174, 1.2187612;
 0, 0, 0, 1]
Twc:
[0.99954027, 0.029597322, 0.0065719225, -0.67148292;
 -0.025147131, 0.68826383, 0.72502452, -0.86735117;
 0.016935566, -0.7248565, 0.68869174, -0.85015887;
 0, 0, 0, 1]
Ow:
[0.66376078;
 0.00059735775;
 1.2187612]
Keyframe: 82 Frame: 604 Frame from vFrameID : 605
Tcw:
[0.99848747, 0.0071997708, 0.05450641, 0.66907567;
 0.033728924, 0.70269626, -0.71069002, 0.0066447258;
 -0.043418255, 0.7114535, 0.70139056, 1.2293978;
 0, 0, 0, 1]
Twc:
[0.99848747, 0.033728924, -0.043418255, -0.61490947;
 0.0071997708, 0.70269626, 0.7114535, -0.88414586;
 0.05450641, -0.71069002, 0.70139056, -0.89403456;
 0, 0, 0, 1]
Ow:
[0.66907567;
 0.0066447258;
 1.2293978]
Keyframe: 83 Frame: 611 Frame from vFrameID : 612
Tcw:
[0.99961758, -0.003895222, 0.027377078, 0.67658639;
 0.022357494, 0.69646245, -0.71724486, -0.00011944771;
 -0.016273279, 0.71758264, 0.69628322, 1.2411448;
 0, 0, 0, 1]
Twc:
[0.99961758, 0.022357494, -0.016273279, -0.65612751;
 -0.003895222, 0.69646245, 0.71758264, -0.8879053;
 0.027377078, -0.71724486, 0.69628322, -0.88279688;
 0, 0, 0, 1]
Ow:
[0.67658639;
 -0.00011944771;
 1.2411448]
Keyframe: 84 Frame: 619 Frame from vFrameID : 620
Tcw:
[0.99990243, -0.0013329518, -0.013907308, 0.67985511;
 -0.0091374591, 0.69062543, -0.7231549, 0.00078195333;
 0.010568671, 0.72321141, 0.69054586, 1.2504323;
 0, 0, 0, 1]
Twc:
[0.99990243, -0.0091374591, 0.010568671, -0.69299692;
 -0.0013329518, 0.69062543, 0.72321141, -0.90396065;
 -0.013907308, -0.7231549, 0.69054586, -0.85346037;
 0, 0, 0, 1]
Ow:
[0.67985511;
 0.00078195333;
 1.2504323]
Keyframe: 85 Frame: 626 Frame from vFrameID : 627
Tcw:
[0.99991548, -0.0027173324, -0.012712603, 0.68099612;
 -0.0075503909, 0.67466116, -0.73808897, 0.0016852617;
 0.010582332, 0.73812258, 0.67458367, 1.2702364;
 0, 0, 0, 1]
Twc:
[0.99991548, -0.0075503909, 0.010582332, -0.694368;
 -0.0027173324, 0.67466116, 0.73812258, -0.9368766;
 -0.012712603, -0.73808897, 0.67458367, -0.8469795;
 0, 0, 0, 1]
Ow:
[0.68099612;
 0.0016852617;
 1.2702364]
Keyframe: 86 Frame: 633 Frame from vFrameID : 634
Tcw:
[0.9994579, 0.0039952965, 0.032679234, 0.67646629;
 0.021560412, 0.67071533, -0.74140143, 0.014383614;
 -0.024880581, 0.74170411, 0.67026556, 1.2865666;
 0, 0, 0, 1]
Twc:
[0.9994579, 0.021560412, -0.024880581, -0.64439923;
 0.0039952965, 0.67071533, 0.74170411, -0.96660185;
 0.032679234, -0.74140143, 0.67026556, -0.87378377;
 0, 0, 0, 1]
Ow:
[0.67646629;
 0.014383614;
 1.2865666]
Keyframe: 87 Frame: 640 Frame from vFrameID : 641
Tcw:
[0.99996728, -0.005001951, 0.0063568517, 0.68764824;
 0.0080730785, 0.66616535, -0.74576038, 0.02906394;
 -0.00050445739, 0.74578732, 0.66618395, 1.2935736;
 0, 0, 0, 1]
Twc:
[0.99996728, 0.0080730785, -0.00050445739, -0.68720782;
 -0.005001951, 0.66616535, 0.74578732, -0.98065251;
 0.0063568517, -0.74576038, 0.66618395, -0.84445447;
 0, 0, 0, 1]
Ow:
[0.68764824;
 0.02906394;
 1.2935736]
Keyframe: 88 Frame: 648 Frame from vFrameID : 649
Tcw:
[0.9996143, -0.00086641288, -0.02775716, 0.7021336;
 -0.019779418, 0.67938071, -0.73351932, 0.033676267;
 0.019493211, 0.73378545, 0.67910159, 1.2978752;
 0, 0, 0, 1]
Twc:
[0.9996143, -0.019779418, 0.019493211, -0.72649646;
 -0.00086641288, 0.67938071, 0.73378545, -0.9746325;
 -0.02775716, -0.73351932, 0.67910159, -0.83719754;
 0, 0, 0, 1]
Ow:
[0.7021336;
 0.033676267;
 1.2978752]
Keyframe: 89 Frame: 656 Frame from vFrameID : 657
Tcw:
[0.99940741, -0.034261286, 0.0033137368, 0.70253503;
 0.025253702, 0.66441089, -0.74694067, 0.03369391;
 0.023389466, 0.74658173, 0.66488242, 1.3257473;
 0, 0, 0, 1]
Twc:
[0.99940741, 0.025253702, 0.023389466, -0.73397809;
 -0.034261286, 0.66441089, 0.74658173, -0.98809552;
 0.0033137368, -0.74694067, 0.66488242, -0.85862666;
 0, 0, 0, 1]
Ow:
[0.70253503;
 0.03369391;
 1.3257473]
Keyframe: 90 Frame: 664 Frame from vFrameID : 665
Tcw:
[0.9989683, -0.015477023, 0.042694848, 0.71010309;
 0.041743271, 0.68319315, -0.72904366, 0.0089463592;
 -0.017885402, 0.73007369, 0.68313432, 1.3497927;
 0, 0, 0, 1]
Twc:
[0.9989683, 0.041743271, -0.017885402, -0.68560231;
 -0.015477023, 0.68319315, 0.73007369, -0.98056996;
 0.042694848, -0.72904366, 0.68313432, -0.94588518;
 0, 0, 0, 1]
Ow:
[0.71010309;
 0.0089463592;
 1.3497927]
Keyframe: 91 Frame: 672 Frame from vFrameID : 673
Tcw:
[0.99940735, -0.030698849, 0.015572419, 0.71831393;
 0.032195937, 0.67357099, -0.73842096, 0.011083722;
 0.012179542, 0.73848474, 0.67416018, 1.3673019;
 0, 0, 0, 1]
Twc:
[0.99940735, 0.032195937, 0.012179542, -0.73489821;
 -0.030698849, 0.67357099, 0.73848474, -0.99514586;
 0.015572419, -0.73842096, 0.67416018, -0.92478192;
 0, 0, 0, 1]
Ow:
[0.71831393;
 0.011083722;
 1.3673019]
Keyframe: 92 Frame: 680 Frame from vFrameID : 681
Tcw:
[0.99833322, -0.055121154, -0.017099937, 0.73014659;
 0.025450738, 0.68641448, -0.72676504, 0.0015226603;
 0.05179777, 0.72511852, 0.68667322, 1.384246;
 0, 0, 0, 1]
Twc:
[0.99833322, 0.025450738, 0.05179777, -0.80066925;
 -0.055121154, 0.68641448, 0.72511852, -0.96454102;
 -0.017099937, -0.72676504, 0.68667322, -0.93693268;
 0, 0, 0, 1]
Ow:
[0.73014659;
 0.0015226603;
 1.384246]
Keyframe: 93 Frame: 688 Frame from vFrameID : 689
Tcw:
[0.9989562, -0.045611151, 0.0024678989, 0.73478258;
 0.032632589, 0.67481369, -0.7372663, 0.0017693043;
 0.031962194, 0.73657727, 0.67559779, 1.3975184;
 0, 0, 0, 1]
Twc:
[0.9989562, 0.032632589, 0.031962194, -0.77874106;
 -0.045611151, 0.67481369, 0.73657727, -0.99706;
 0.0024678989, -0.7372663, 0.67559779, -0.94466919;
 0, 0, 0, 1]
Ow:
[0.73478258;
 0.0017693043;
 1.3975184]
Keyframe: 94 Frame: 696 Frame from vFrameID : 697
Tcw:
[0.99856293, -0.021026755, 0.049295064, 0.7269479;
 0.050267361, 0.686418, -0.7254678, 0.019515812;
 -0.018582786, 0.72690314, 0.68648851, 1.3976223;
 0, 0, 0, 1]
Twc:
[0.99856293, 0.050267361, -0.018582786, -0.70091248;
 -0.021026755, 0.686418, 0.72690314, -1.0140468;
 0.049295064, -0.7254678, 0.68648851, -0.98112851;
 0, 0, 0, 1]
Ow:
[0.7269479;
 0.019515812;
 1.3976223]
Keyframe: 95 Frame: 704 Frame from vFrameID : 705
Tcw:
[0.99920171, -0.037086442, 0.014849586, 0.73513949;
 0.036086202, 0.67845303, -0.73375696, 0.014658689;
 0.01713769, 0.73370713, 0.6792497, 1.4101071;
 0, 0, 0, 1]
Twc:
[0.99920171, 0.036086202, 0.01713769, -0.7592476;
 -0.037086442, 0.67845303, 0.73370713, -1.0172871;
 0.014849586, -0.73375696, 0.6792497, -0.95797551;
 0, 0, 0, 1]
Ow:
[0.73513949;
 0.014658689;
 1.4101071]
Keyframe: 96 Frame: 712 Frame from vFrameID : 713
Tcw:
[0.99857849, -0.051175818, -0.014901169, 0.71320415;
 0.024344644, 0.68660492, -0.72662306, 0.040931582;
 0.047416743, 0.72522736, 0.68687475, 1.402338;
 0, 0, 0, 1]
Twc:
[0.99857849, 0.024344644, 0.047416743, -0.77968109;
 -0.051175818, 0.68660492, 0.72522736, -1.008619;
 -0.014901169, -0.72662306, 0.68687475, -0.9228611;
 0, 0, 0, 1]
Ow:
[0.71320415;
 0.040931582;
 1.402338]
Keyframe: 97 Frame: 720 Frame from vFrameID : 721
Tcw:
[0.99923265, -0.03908233, -0.0025748801, 0.70970541;
 0.024215056, 0.66811085, -0.7436676, 0.046912253;
 0.030784568, 0.7430346, 0.66854459, 1.4079044;
 0, 0, 0, 1]
Twc:
[0.99923265, 0.024215056, 0.030784568, -0.75363857;
 -0.03908233, 0.66811085, 0.7430346, -1.0497273;
 -0.0025748801, -0.7436676, 0.66854459, -0.90453231;
 0, 0, 0, 1]
Ow:
[0.70970541;
 0.046912253;
 1.4079044]
Keyframe: 98 Frame: 728 Frame from vFrameID : 729
Tcw:
[0.99867189, -0.014882188, 0.049324859, 0.72379583;
 0.046300452, 0.6791693, -0.73251981, 0.031286001;
 -0.022598432, 0.73383075, 0.67895639, 1.4221253;
 0, 0, 0, 1]
Twc:
[0.99867189, 0.046300452, -0.022598432, -0.69214529;
 -0.014882188, 0.6791693, 0.73383075, -1.0540761;
 0.049324859, -0.73251981, 0.67895639, -0.97834456;
 0, 0, 0, 1]
Ow:
[0.72379583;
 0.031286001;
 1.4221253]
Keyframe: 99 Frame: 736 Frame from vFrameID : 737
Tcw:
[0.99930352, -0.021547677, 0.030465426, 0.70827013;
 0.037084561, 0.66415912, -0.7466709, 0.049348414;
 -0.0041448674, 0.74728066, 0.66449565, 1.4204109;
 0, 0, 0, 1]
Twc:
[0.99930352, 0.037084561, -0.0041448674, -0.70371956;
 -0.021547677, 0.66415912, 0.74728066, -1.0789592;
 0.030465426, -0.7466709, 0.66449565, -0.92858756;
 0, 0, 0, 1]
Ow:
[0.70827013;
 0.049348414;
 1.4204109]
Keyframe: 100 Frame: 744 Frame from vFrameID : 745
Tcw:
[0.99895847, -0.041275363, -0.019450814, 0.71442705;
 0.013357955, 0.67215234, -0.74029237, 0.044715405;
 0.043629747, 0.73926151, 0.67200363, 1.4315022;
 0, 0, 0, 1]
Twc:
[0.99895847, 0.013357955, 0.043629747, -0.77673638;
 -0.041275363, 0.67215234, 0.73926151, -1.0588218;
 -0.019450814, -0.74029237, 0.67200363, -0.914976;
 0, 0, 0, 1]
Ow:
[0.71442705;
 0.044715405;
 1.4315022]
Keyframe: 101 Frame: 752 Frame from vFrameID : 753
Tcw:
[0.99983567, -0.016635749, 0.0072056693, 0.72061539;
 0.016463798, 0.66677594, -0.74507636, 0.057724357;
 0.0075903363, 0.74507254, 0.66694027, 1.442246;
 0, 0, 0, 1]
Twc:
[0.99983567, 0.016463798, 0.0075903363, -0.73239446;
 -0.016635749, 0.66677594, 0.74507254, -1.1010791;
 0.0072056693, -0.74507636, 0.66694027, -0.92407542;
 0, 0, 0, 1]
Ow:
[0.72061539;
 0.057724357;
 1.442246]
Keyframe: 102 Frame: 760 Frame from vFrameID : 761
Tcw:
[0.99940211, 0.016643984, 0.030304322, 0.72290468;
 0.011121009, 0.67516845, -0.73757976, 0.057821214;
 -0.032736789, 0.73747575, 0.67457968, 1.452719;
 0, 0, 0, 1]
Twc:
[0.99940211, 0.011121009, -0.032736789, -0.67555821;
 0.016643984, 0.67516845, 0.73747575, -1.1224161;
 0.030304322, -0.73757976, 0.67457968, -0.95923406;
 0, 0, 0, 1]
Ow:
[0.72290468;
 0.057821214;
 1.452719]
Keyframe: 103 Frame: 767 Frame from vFrameID : 768
Tcw:
[0.99930084, -0.03241381, 0.018634256, 0.72747386;
 0.035711888, 0.67992598, -0.73241061, 0.060690105;
 0.011070303, 0.73256397, 0.68060815, 1.4666708;
 0, 0, 0, 1]
Twc:
[0.99930084, 0.035711888, 0.011070303, -0.74536902;
 -0.03241381, 0.67992598, 0.73256397, -1.0921147;
 0.018634256, -0.73241061, 0.68060815, -0.96733391;
 0, 0, 0, 1]
Ow:
[0.72747386;
 0.060690105;
 1.4666708]
Keyframe: 104 Frame: 775 Frame from vFrameID : 776
Tcw:
[0.99966341, -0.024944643, -0.0071276138, 0.72527933;
 0.011868401, 0.68403316, -0.72935432, 0.060957909;
 0.023069007, 0.72902429, 0.68409902, 1.4809953;
 0, 0, 0, 1]
Twc:
[0.99966341, 0.011868401, 0.023069007, -0.75992376;
 -0.024944643, 0.68403316, 0.72902429, -1.1032869;
 -0.0071276138, -0.72935432, 0.68409902, -0.96351796;
 0, 0, 0, 1]
Ow:
[0.72527933;
 0.060957909;
 1.4809953]
Keyframe: 105 Frame: 783 Frame from vFrameID : 784
Tcw:
[0.99927002, -0.021224961, 0.031763282, 0.72971272;
 0.037819993, 0.66694951, -0.74414241, 0.064299226;
 -0.0053901123, 0.74480051, 0.66726542, 1.4967895;
 0, 0, 0, 1]
Twc:
[0.99927002, 0.037819993, -0.0053901123, -0.723544;
 -0.021224961, 0.66694951, 0.74480051, -1.1422057;
 0.031763282, -0.74414241, 0.66726542, -0.97408611;
 0, 0, 0, 1]
Ow:
[0.72971272;
 0.064299226;
 1.4967895]
Keyframe: 106 Frame: 791 Frame from vFrameID : 792
Tcw:
[0.99820709, -0.01454845, 0.058059994, 0.73612058;
 0.052669812, 0.67430747, -0.73657, 0.062816739;
 -0.028434336, 0.73830742, 0.67386472, 1.5090051;
 0, 0, 0, 1]
Twc:
[0.99820709, 0.052669812, -0.028434336, -0.69520175;
 -0.01454845, 0.67430747, 0.73830742, -1.145758;
 0.058059994, -0.73657, 0.67386472, -1.0133356;
 0, 0, 0, 1]
Ow:
[0.73612058;
 0.062816739;
 1.5090051]
Keyframe: 107 Frame: 799 Frame from vFrameID : 800
Tcw:
[0.99910444, -0.039299984, -0.015677502, 0.74469912;
 0.013649574, 0.65008175, -0.75974166, 0.063821614;
 0.040049493, 0.7588473, 0.65003598, 1.5181367;
 0, 0, 0, 1]
Twc:
[0.99910444, 0.013649574, 0.040049493, -0.805704;
 -0.039299984, 0.65008175, 0.7588473, -1.1642566;
 -0.015677502, -0.75974166, 0.65003598, -0.92668056;
 0, 0, 0, 1]
Ow:
[0.74469912;
 0.063821614;
 1.5181367]
Keyframe: 108 Frame: 807 Frame from vFrameID : 808
Tcw:
[0.99855667, -0.048545647, -0.022975117, 0.74616545;
 0.012066864, 0.61963016, -0.78480119, 0.068720043;
 0.052334756, 0.78339124, 0.61932164, 1.5288546;
 0, 0, 0, 1]
Twc:
[0.99855667, 0.012066864, 0.052334756, -0.82593;
 -0.048545647, 0.61963016, 0.78339124, -1.2040492;
 -0.022975117, -0.78480119, 0.61932164, -0.8757779;
 0, 0, 0, 1]
Ow:
[0.74616545;
 0.068720043;
 1.5288546]
Keyframe: 109 Frame: 815 Frame from vFrameID : 816
Tcw:
[0.99499714, -0.09678629, 0.024761818, 0.75031543;
 0.081032462, 0.63689458, -0.76668054, 0.062715292;
 0.058433495, 0.76485145, 0.64155108, 1.5413764;
 0, 0, 0, 1]
Twc:
[0.99499714, 0.081032462, 0.058433495, -0.84171164;
 -0.09678629, 0.63689458, 0.76485145, -1.1462468;
 0.024761818, -0.76668054, 0.64155108, -0.95936829;
 0, 0, 0, 1]
Ow:
[0.75031543;
 0.062715292;
 1.5413764]
Keyframe: 110 Frame: 822 Frame from vFrameID : 823
Tcw:
[0.99590349, -0.084506817, 0.032169688, 0.75019574;
 0.077302016, 0.61111546, -0.78775775, 0.086250007;
 0.046911508, 0.78701746, 0.61514455, 1.5516629;
 0, 0, 0, 1]
Twc:
[0.99590349, 0.077302016, 0.046911508, -0.82658064;
 -0.084506817, 0.61111546, 0.78701746, -1.2104979;
 0.032169688, -0.78775775, 0.61514455, -0.91068643;
 0, 0, 0, 1]
Ow:
[0.75019574;
 0.086250007;
 1.5516629]
Keyframe: 111 Frame: 830 Frame from vFrameID : 831
Tcw:
[0.99656039, -0.055120625, -0.061879266, 0.76042509;
 -0.015617894, 0.60840195, -0.79347533, 0.088183224;
 0.081384324, 0.79171252, 0.60544842, 1.5626512;
 0, 0, 0, 1]
Twc:
[0.99656039, -0.015617894, 0.081384324, -0.88360763;
 -0.055120625, 0.60840195, 0.79171252, -1.2489063;
 -0.061879266, -0.79347533, 0.60544842, -0.82907897;
 0, 0, 0, 1]
Ow:
[0.76042509;
 0.088183224;
 1.5626512]
Keyframe: 112 Frame: 838 Frame from vFrameID : 839
Tcw:
[0.99518979, -0.058065075, -0.078903638, 0.76048791;
 -0.021871636, 0.65339983, -0.75669694, 0.081939816;
 0.095493287, 0.7547828, 0.64898688, 1.5704869;
 0, 0, 0, 1]
Twc:
[0.99518979, -0.021871636, 0.095493287, -0.90500855;
 -0.058065075, 0.65339983, 0.7547828, -1.1947582;
 -0.078903638, -0.75669694, 0.64898688, -0.8972165;
 0, 0, 0, 1]
Ow:
[0.76048791;
 0.081939816;
 1.5704869]
Keyframe: 113 Frame: 846 Frame from vFrameID : 847
Tcw:
[0.99110454, -0.09861178, -0.089372553, 0.77390671;
 -0.016696654, 0.57410347, -0.81861252, 0.080315292;
 0.13203393, 0.81282282, 0.56735009, 1.5947835;
 0, 0, 0, 1]
Twc:
[0.99110454, -0.016696654, 0.13203393, -0.97624695;
 -0.09861178, 0.57410347, 0.81282282, -1.2660693;
 -0.089372553, -0.81861252, 0.56735009, -0.76988733;
 0, 0, 0, 1]
Ow:
[0.77390671;
 0.080315292;
 1.5947835]
Keyframe: 114 Frame: 854 Frame from vFrameID : 855
Tcw:
[0.99522144, -0.088043243, -0.04222139, 0.77132797;
 0.019150531, 0.6000042, -0.79976761, 0.078531682;
 0.095747143, 0.79513729, 0.59882313, 1.602561;
 0, 0, 0, 1]
Twc:
[0.99522144, 0.019150531, 0.095747143, -0.92258674;
 -0.088043243, 0.6000042, 0.79513729, -1.2534652;
 -0.04222139, -0.79976761, 0.59882313, -0.86427695;
 0, 0, 0, 1]
Ow:
[0.77132797;
 0.078531682;
 1.602561]
Keyframe: 115 Frame: 861 Frame from vFrameID : 862
Tcw:
[0.99343455, -0.10026864, -0.055081379, 0.76647389;
 0.017507536, 0.60905093, -0.79293787, 0.091528893;
 0.11305416, 0.78676754, 0.60680771, 1.5948607;
 0, 0, 0, 1]
Twc:
[0.99343455, 0.017507536, 0.11305416, -0.94334978;
 -0.10026864, 0.60905093, 0.78676754, -1.2336771;
 -0.055081379, -0.79293787, 0.60680771, -0.85297859;
 0, 0, 0, 1]
Ow:
[0.76647389;
 0.091528893;
 1.5948607]
Keyframe: 116 Frame: 868 Frame from vFrameID : 869
Tcw:
[0.99426711, -0.10267062, -0.029861586, 0.76760989;
 0.041210365, 0.62565672, -0.77900922, 0.081970751;
 0.098664463, 0.77331263, 0.62630093, 1.6019607;
 0, 0, 0, 1]
Twc:
[0.99426711, 0.041210365, 0.098664463, -0.92464387;
 -0.10267062, 0.62565672, 0.77331263, -1.2112911;
 -0.029861586, -0.77900922, 0.62630093, -0.91653162;
 0, 0, 0, 1]
Ow:
[0.76760989;
 0.081970751;
 1.6019607]
Keyframe: 117 Frame: 875 Frame from vFrameID : 876
Tcw:
[0.99474621, -0.10236888, -0.0008021078, 0.77261746;
 0.061066855, 0.59965533, -0.797925, 0.090230942;
 0.082163677, 0.79368389, 0.6027562, 1.603019;
 0, 0, 0, 1]
Twc:
[0.99474621, 0.061066855, 0.082163677, -0.90577829;
 -0.10236888, 0.59965533, 0.79368389, -1.2473059;
 -0.0008021078, -0.797925, 0.6027562, -0.89361244;
 0, 0, 0, 1]
Ow:
[0.77261746;
 0.090230942;
 1.603019]
Keyframe: 118 Frame: 883 Frame from vFrameID : 884
Tcw:
[0.98666948, -0.15872809, 0.035898417, 0.77490574;
 0.12208287, 0.57609028, -0.80821764, 0.089516342;
 0.10760611, 0.80182624, 0.5877887, 1.6098704;
 0, 0, 0, 1]
Twc:
[0.98666948, 0.12208287, 0.10760611, -0.94873619;
 -0.15872809, 0.57609028, 0.80182624, -1.2194067;
 0.035898417, -0.80821764, 0.5877887, -0.90173292;
 0, 0, 0, 1]
Ow:
[0.77490574;
 0.089516342;
 1.6098704]
Keyframe: 119 Frame: 890 Frame from vFrameID : 891
Tcw:
[0.99354613, -0.10505784, 0.04276548, 0.76249593;
 0.095708363, 0.574117, -0.81316024, 0.096418977;
 0.060876463, 0.81200522, 0.58046669, 1.6164722;
 0, 0, 0, 1]
Twc:
[0.99354613, 0.095708363, 0.060876463, -0.86520815;
 -0.10505784, 0.574117, 0.81200522, -1.2878335;
 0.04276548, -0.81316024, 0.58046669, -0.89251262;
 0, 0, 0, 1]
Ow:
[0.76249593;
 0.096418977;
 1.6164722]
Keyframe: 120 Frame: 898 Frame from vFrameID : 899
Tcw:
[0.99206132, -0.10548143, 0.068468668, 0.77889359;
 0.11705368, 0.57554597, -0.8093487, 0.088521481;
 0.045964397, 0.81093806, 0.58332384, 1.6204109;
 0, 0, 0, 1]
Twc:
[0.99206132, 0.11705368, 0.045964397, -0.85755324;
 -0.10548143, 0.57554597, 0.81093806, -1.2828423;
 0.068468668, -0.8093487, 0.58332384, -0.92690951;
 0, 0, 0, 1]
Ow:
[0.77889359;
 0.088521481;
 1.6204109]
Keyframe: 121 Frame: 906 Frame from vFrameID : 907
Tcw:
[0.99290299, -0.046794876, 0.10933387, 0.7796337;
 0.11507242, 0.61018389, -0.78385836, 0.087911785;
 -0.030033214, 0.79087663, 0.61123824, 1.6262721;
 0, 0, 0, 1]
Twc:
[0.99290299, 0.11507242, -0.030033214, -0.73537469;
 -0.046794876, 0.61018389, 0.79087663, -1.3033401;
 0.10933387, -0.78385836, 0.61123824, -1.0103697;
 0, 0, 0, 1]
Ow:
[0.7796337;
 0.087911785;
 1.6262721]
Keyframe: 122 Frame: 913 Frame from vFrameID : 914
Tcw:
[0.99097788, -0.073855191, 0.11184031, 0.77028364;
 0.13370386, 0.60255134, -0.78680056, 0.089337945;
 -0.0092802206, 0.79465544, 0.6069898, 1.6461527;
 0, 0, 0, 1]
Twc:
[0.99097788, 0.13370386, -0.0092802206, -0.7600022;
 -0.073855191, 0.60255134, 0.79465544, -1.3050655;
 0.11184031, -0.78680056, 0.6069898, -1.0150555;
 0, 0, 0, 1]
Ow:
[0.77028364;
 0.089337945;
 1.6461527]
Keyframe: 123 Frame: 920 Frame from vFrameID : 921
Tcw:
[0.99625796, -0.081666678, 0.028295791, 0.77461755;
 0.071608059, 0.59659779, -0.79933929, 0.089005232;
 0.048398182, 0.79837435, 0.60021329, 1.6493677;
 0, 0, 0, 1]
Twc:
[0.99625796, 0.071608059, 0.048398182, -0.8579188;
 -0.081666678, 0.59659779, 0.79837435, -1.3066528;
 0.028295791, -0.79933929, 0.60021329, -0.94074547;
 0, 0, 0, 1]
Ow:
[0.77461755;
 0.089005232;
 1.6493677]
Keyframe: 124 Frame: 928 Frame from vFrameID : 929
Tcw:
[0.99380422, -0.11027536, 0.01387389, 0.77694935;
 0.079000801, 0.61305982, -0.78607666, 0.082149744;
 0.078179359, 0.78230238, 0.61797333, 1.6563406;
 0, 0, 0, 1]
Twc:
[0.99380422, 0.079000801, 0.078179359, -0.90811712;
 -0.11027536, 0.61305982, 0.78230238, -1.2604434;
 0.01387389, -0.78607666, 0.61797333, -0.96977758;
 0, 0, 0, 1]
Ow:
[0.77694935;
 0.082149744;
 1.6563406]
Keyframe: 125 Frame: 936 Frame from vFrameID : 937
Tcw:
[0.99657619, -0.061527018, 0.055229723, 0.77949458;
 0.081035763, 0.59433502, -0.80012441, 0.078577876;
 0.016404308, 0.80186051, 0.59728605, 1.661913;
 0, 0, 0, 1]
Twc:
[0.99657619, 0.081035763, 0.016404308, -0.81045586;
 -0.061527018, 0.59433502, 0.80186051, -1.331364;
 0.055229723, -0.80012441, 0.59728605, -0.97281659;
 0, 0, 0, 1]
Ow:
[0.77949458;
 0.078577876;
 1.661913]
Keyframe: 126 Frame: 943 Frame from vFrameID : 944
Tcw:
[0.99718243, -0.050042976, 0.055883318, 0.77806956;
 0.074956179, 0.63521928, -0.76868588, 0.072443306;
 0.0029691686, 0.77070886, 0.63718057, 1.6649828;
 0, 0, 0, 1]
Twc:
[0.99718243, 0.074956179, 0.0029691686, -0.78625095;
 -0.050042976, 0.63521928, 0.77070886, -1.2902974;
 0.055883318, -0.76868588, 0.63718057, -1.0486896;
 0, 0, 0, 1]
Ow:
[0.77806956;
 0.072443306;
 1.6649828]
Keyframe: 127 Frame: 951 Frame from vFrameID : 952
Tcw:
[0.99729192, -0.062799826, 0.03827586, 0.78024346;
 0.069410406, 0.63166875, -0.77212489, 0.083740056;
 0.024311643, 0.77269059, 0.6343171, 1.6648068;
 0, 0, 0, 1]
Twc:
[0.99729192, 0.069410406, 0.024311643, -0.82441711;
 -0.062799826, 0.63166875, 0.77269059, -1.2902775;
 0.03827586, -0.77212489, 0.6343171, -1.0212221;
 0, 0, 0, 1]
Ow:
[0.78024346;
 0.083740056;
 1.6648068]
Keyframe: 128 Frame: 959 Frame from vFrameID : 960
Tcw:
[0.99511951, -0.088423781, 0.043799881, 0.77585644;
 0.089128472, 0.61494076, -0.78352022, 0.084200621;
 0.042347487, 0.78360009, 0.61982065, 1.6687629;
 0, 0, 0, 1]
Twc:
[0.99511951, 0.089128472, 0.042347487, -0.85024244;
 -0.088423781, 0.61494076, 0.78360009, -1.290817;
 0.043799881, -0.78352022, 0.61982065, -1.0023432;
 0, 0, 0, 1]
Ow:
[0.77585644;
 0.084200621;
 1.6687629]
