Keyframe: 0 Frame: 0 Frame from vFrameID : 72
Tcw:
[0.99827302, -0.0310295, -0.049881496, 0.022583291;
 -0.035456341, 0.35876048, -0.93275601, -0.022852555;
 0.046838462, 0.93291378, 0.3570407, -0.054004017;
 0, 0, 0, 1]
Twc:
[0.99827302, -0.035456341, 0.046838462, -0.020825092;
 -0.0310295, 0.35876048, 0.93291378, 0.059280433;
 -0.049881496, -0.93275601, 0.3570407, -0.0009077359;
 0, 0, 0, 1]
Ow:
[0.022583291;
 -0.022852555;
 -0.054004017]
Keyframe: 1 Frame: 71 Frame from vFrameID : 72
Tcw:
[0.99797386, -0.048375461, -0.041327544, 0.022583127;
 -0.021489775, 0.35509357, -0.93458372, -0.022851519;
 0.059886064, 0.93357825, 0.35333455, -0.054004941;
 0, 0, 0, 1]
Twc:
[0.99797386, -0.021489775, 0.059886064, -0.019794304;
 -0.048375461, 0.35509357, 0.93357825, 0.059624735;
 -0.041327544, -0.93458372, 0.35333455, -0.0013415419;
 0, 0, 0, 1]
Ow:
[0.022583127;
 -0.022851519;
 -0.054004941]
Keyframe: 2 Frame: 72 Frame from vFrameID : 74
Tcw:
[0.99787349, -0.045918126, -0.046260718, 0.022560082;
 -0.027268158, 0.35055098, -0.93614662, -0.022895433;
 0.059202839, 0.93541729, 0.34855342, -0.053995755;
 0, 0, 0, 1]
Twc:
[0.99787349, -0.027268158, 0.059202839, -0.019939721;
 -0.045918126, 0.35055098, 0.93541729, 0.059570495;
 -0.046260718, -0.93614662, 0.34855342, -0.0015694317;
 0, 0, 0, 1]
Ow:
[0.022560082;
 -0.022895433;
 -0.053995755]
Keyframe: 3 Frame: 76 Frame from vFrameID : 77
Tcw:
[0.99802148, -0.041341562, -0.047370255, 0.022487931;
 -0.03083523, 0.33475184, -0.94180167, -0.023048516;
 0.054792833, 0.94139898, 0.33281475, -0.053994782;
 0, 0, 0, 1]
Twc:
[0.99802148, -0.03083523, 0.054792833, -0.020195618;
 -0.041341562, 0.33475184, 0.94139898, 0.059475854;
 -0.047370255, -0.94180167, 0.33281475, -0.0026716117;
 0, 0, 0, 1]
Ow:
[0.022487931;
 -0.023048516;
 -0.053994782]
Keyframe: 4 Frame: 77 Frame from vFrameID : 78
Tcw:
[0.99810994, -0.037092812, -0.048996996, 0.022486398;
 -0.033731256, 0.33578229, -0.94133544, -0.023365635;
 0.051369105, 0.94120902, 0.33389646, -0.053952388;
 0, 0, 0, 1]
Twc:
[0.99810994, -0.033731256, 0.051369105, -0.020460563;
 -0.037092812, 0.33578229, 0.94120902, 0.059460323;
 -0.048996996, -0.94133544, 0.33389646, -0.0028786249;
 0, 0, 0, 1]
Ow:
[0.022486398;
 -0.023365635;
 -0.053952388]
Keyframe: 5 Frame: 78 Frame from vFrameID : 79
Tcw:
[0.9981041, -0.036985651, -0.049196705, 0.022520438;
 -0.033948723, 0.33590579, -0.94128358, -0.023894455;
 0.051339444, 0.94116914, 0.33401331, -0.054009944;
 0, 0, 0, 1]
Twc:
[0.9981041, -0.033948723, 0.051339444, -0.020516085;
 -0.036985651, 0.33590579, 0.94116914, 0.059691712;
 -0.049196705, -0.94128358, 0.33401331, -0.0033434858;
 0, 0, 0, 1]
Ow:
[0.022520438;
 -0.023894455;
 -0.054009944]
Keyframe: 6 Frame: 80 Frame from vFrameID : 81
Tcw:
[0.99805921, -0.021422258, -0.058471203, 0.02585892;
 -0.048046291, 0.33242467, -0.9419052, -0.027072761;
 0.039615005, 0.94288647, 0.33075023, -0.054893047;
 0, 0, 0, 1]
Twc:
[0.99805921, -0.048046291, 0.039615005, -0.024934892;
 -0.021422258, 0.33242467, 0.94288647, 0.061311521;
 -0.058471203, -0.9419052, 0.33075023, -0.0058320845;
 0, 0, 0, 1]
Ow:
[0.02585892;
 -0.027072761;
 -0.054893047]
Keyframe: 7 Frame: 84 Frame from vFrameID : 85
Tcw:
[0.99833828, -0.001045752, -0.05761537, 0.023087004;
 -0.054204892, 0.3222768, -0.94509232, -0.023780761;
 0.019556429, 0.9466449, 0.3216846, -0.054183338;
 0, 0, 0, 1]
Twc:
[0.99833828, -0.054204892, 0.019556429, -0.023278041;
 -0.001045752, 0.3222768, 0.9466449, 0.058980513;
 -0.05761537, -0.94509232, 0.3216846, -0.0037149021;
 0, 0, 0, 1]
Ow:
[0.023087004;
 -0.023780761;
 -0.054183338]
Keyframe: 8 Frame: 87 Frame from vFrameID : 88
Tcw:
[0.99832642, 0.012460836, -0.056472253, 0.0245075;
 -0.057432108, 0.32807836, -0.94290304, -0.021586441;
 0.0067779641, 0.94456834, 0.32824495, -0.054986775;
 0, 0, 0, 1]
Twc:
[0.99832642, -0.057432108, 0.0067779641, -0.025333541;
 0.012460836, 0.32807836, 0.94456834, 0.058715425;
 -0.056472253, -0.94290304, 0.32824495, -0.00092079584;
 0, 0, 0, 1]
Ow:
[0.0245075;
 -0.021586441;
 -0.054986775]
Keyframe: 9 Frame: 90 Frame from vFrameID : 91
Tcw:
[0.99848485, 0.017191432, -0.052272476, 0.024482626;
 -0.055017535, 0.32939661, -0.94258738, -0.020211916;
 0.0010139489, 0.94403511, 0.32984337, -0.054707453;
 0, 0, 0, 1]
Twc:
[0.99848485, -0.055017535, 0.0010139489, -0.025502071;
 0.017191432, 0.32939661, 0.94403511, 0.057882603;
 -0.052272476, -0.94258738, 0.32984337, 0.00027316195;
 0, 0, 0, 1]
Ow:
[0.024482626;
 -0.020211916;
 -0.054707453]
Keyframe: 10 Frame: 93 Frame from vFrameID : 94
Tcw:
[0.99858904, 0.01894898, -0.049607418, 0.026522156;
 -0.053083654, 0.33079383, -0.94220889, -0.018966494;
 -0.0014440684, 0.9435128, 0.33133298, -0.054594841;
 0, 0, 0, 1]
Twc:
[0.99858904, -0.053083654, -0.0014440684, -0.027570384;
 0.01894898, 0.33079383, 0.9435128, 0.057282362;
 -0.049607418, -0.94220889, 0.33133298, 0.0015343665;
 0, 0, 0, 1]
Ow:
[0.026522156;
 -0.018966494;
 -0.054594841]
Keyframe: 11 Frame: 96 Frame from vFrameID : 97
Tcw:
[0.99875271, 0.014815286, -0.047681473, 0.026921449;
 -0.049902469, 0.32795551, -0.94337422, -0.017674297;
 0.0016610435, 0.94457698, 0.32828578, -0.053947754;
 0, 0, 0, 1]
Twc:
[0.99875271, -0.049902469, 0.0016610435, -0.027680254;
 0.014815286, 0.32795551, 0.94457698, 0.056355342;
 -0.047681473, -0.94337422, 0.32828578, 0.0023204591;
 0, 0, 0, 1]
Ow:
[0.026921449;
 -0.017674297;
 -0.053947754]
Keyframe: 12 Frame: 99 Frame from vFrameID : 100
Tcw:
[0.99890536, 0.0028818848, -0.046688043, 0.025940942;
 -0.04503236, 0.32928565, -0.94315588, -0.018710025;
 0.012655635, 0.94422597, 0.32905498, -0.054029308;
 0, 0, 0, 1]
Twc:
[0.99890536, -0.04503236, 0.012655635, -0.026071327;
 0.0028818848, 0.32928565, 0.94422597, 0.057102062;
 -0.046688043, -0.94315588, 0.32905498, 0.0013432738;
 0, 0, 0, 1]
Ow:
[0.025940942;
 -0.018710025;
 -0.054029308]
Keyframe: 13 Frame: 102 Frame from vFrameID : 103
Tcw:
[0.99875879, -0.016188156, -0.047104701, 0.025460735;
 -0.039407145, 0.32157847, -0.94606256, -0.021286292;
 0.030462867, 0.94674456, 0.32054138, -0.054253578;
 0, 0, 0, 1]
Twc:
[0.99875879, -0.039407145, 0.030462867, -0.024615245;
 -0.016188156, 0.32157847, 0.94674456, 0.058621656;
 -0.047104701, -0.94606256, 0.32054138, -0.0015483247;
 0, 0, 0, 1]
Ow:
[0.025460735;
 -0.021286292;
 -0.054253578]
Keyframe: 14 Frame: 105 Frame from vFrameID : 106
Tcw:
[0.99805242, -0.026012972, -0.056698125, 0.025327833;
 -0.045649432, 0.3148846, -0.94803154, -0.022317495;
 0.042514484, 0.94877344, 0.31308386, -0.054726467;
 0, 0, 0, 1]
Twc:
[0.99805242, -0.045649432, 0.042514484, -0.023970621;
 -0.026012972, 0.3148846, 0.94877344, 0.059609301;
 -0.056698125, -0.94803154, 0.31308386, -0.0025876753;
 0, 0, 0, 1]
Ow:
[0.025327833;
 -0.022317495;
 -0.054726467]
Keyframe: 15 Frame: 108 Frame from vFrameID : 109
Tcw:
[0.99684066, -0.044617236, -0.065711707, 0.02285747;
 -0.048756238, 0.30937585, -0.94968909, -0.023096859;
 0.062702119, 0.94989258, 0.30622306, -0.054990441;
 0, 0, 0, 1]
Twc:
[0.99684066, -0.048756238, 0.062702119, -0.020463355;
 -0.044617236, 0.30937585, 0.94989258, 0.060400456;
 -0.065711707, -0.94968909, 0.30622306, -0.0035934937;
 0, 0, 0, 1]
Ow:
[0.02285747;
 -0.023096859;
 -0.054990441]
Keyframe: 16 Frame: 111 Frame from vFrameID : 112
Tcw:
[0.995592, -0.058736991, -0.0731197, 0.02321652;
 -0.051239964, 0.31234506, -0.94858581, -0.024626762;
 0.078555651, 0.94815111, 0.30795857, -0.05451782;
 0, 0, 0, 1]
Twc:
[0.995592, -0.051239964, 0.078555651, -0.020093374;
 -0.058736991, 0.31234506, 0.94815111, 0.060746845;
 -0.0731197, -0.94858581, 0.30795857, -0.0048737824;
 0, 0, 0, 1]
Ow:
[0.02321652;
 -0.024626762;
 -0.05451782]
Keyframe: 17 Frame: 114 Frame from vFrameID : 115
Tcw:
[0.99446476, -0.058638502, -0.087185577, 0.026783353;
 -0.064383276, 0.31566682, -0.94668329, -0.033756178;
 0.083033688, 0.94705647, 0.31014422, -0.058903392;
 0, 0, 0, 1]
Twc:
[0.99446476, -0.064383276, 0.083033688, -0.023917468;
 -0.058638502, 0.31566682, 0.94705647, 0.068011083;
 -0.087185577, -0.94668329, 0.31014422, -0.011352741;
 0, 0, 0, 1]
Ow:
[0.026783353;
 -0.033756178;
 -0.058903392]
Keyframe: 18 Frame: 120 Frame from vFrameID : 121
Tcw:
[0.99518132, -0.048571527, -0.085176148, 0.024056409;
 -0.065933108, 0.31147143, -0.94796538, -0.030129883;
 0.072574064, 0.94901335, 0.30676809, -0.054848496;
 0, 0, 0, 1]
Twc:
[0.99518132, -0.065933108, 0.072574064, -0.021946467;
 -0.048571527, 0.31147143, 0.94901335, 0.062605008;
 -0.085176148, -0.94796538, 0.30676809, -0.0096872868;
 0, 0, 0, 1]
Ow:
[0.024056409;
 -0.030129883;
 -0.054848496]
Keyframe: 19 Frame: 124 Frame from vFrameID : 125
Tcw:
[0.99651152, -0.021645689, -0.080599077, 0.024471432;
 -0.069454797, 0.32033458, -0.9447549, -0.031140096;
 0.046268541, 0.94705713, 0.31771371, -0.053828917;
 0, 0, 0, 1]
Twc:
[0.99651152, -0.069454797, 0.046268541, -0.024058308;
 -0.021645689, 0.32033458, 0.94705713, 0.061484013;
 -0.080599077, -0.9447549, 0.31771371, -0.010345199;
 0, 0, 0, 1]
Ow:
[0.024471432;
 -0.031140096;
 -0.053828917]
Keyframe: 20 Frame: 129 Frame from vFrameID : 130
Tcw:
[0.99766511, -0.006355565, -0.067999631, 0.027650034;
 -0.062701851, 0.30941561, -0.94885743, -0.032026712;
 0.027070673, 0.95090568, 0.30829465, -0.052721038;
 0, 0, 0, 1]
Twc:
[0.99766511, -0.062701851, 0.027070673, -0.028166415;
 -0.006355565, 0.30941561, 0.95090568, 0.060218032;
 -0.067999631, -0.94885743, 0.30829465, -0.012254979;
 0, 0, 0, 1]
Ow:
[0.027650034;
 -0.032026712;
 -0.052721038]
Keyframe: 21 Frame: 137 Frame from vFrameID : 138
Tcw:
[0.99763417, -0.004517986, -0.068598077, 0.030099683;
 -0.06350299, 0.32166725, -0.94472086, -0.040121485;
 0.026333991, 0.94684201, 0.32061934, -0.051887047;
 0, 0, 0, 1]
Twc:
[0.99763417, -0.06350299, 0.026333991, -0.03120991;
 -0.004517986, 0.32166725, 0.94684201, 0.062170587;
 -0.068598077, -0.94472086, 0.32061934, -0.019202834;
 0, 0, 0, 1]
Ow:
[0.030099683;
 -0.040121485;
 -0.051887047]
Keyframe: 22 Frame: 146 Frame from vFrameID : 147
Tcw:
[0.99175394, -0.041052528, -0.12140365, 0.039866053;
 -0.10115578, 0.33088136, -0.93823504, -0.060971659;
 0.078687124, 0.942779, 0.32400021, -0.043878585;
 0, 0, 0, 1]
Twc:
[0.99175394, -0.10115578, 0.078687124, -0.042252272;
 -0.041052528, 0.33088136, 0.942779, 0.063178793;
 -0.12140365, -0.93823504, 0.32400021, -0.038149197;
 0, 0, 0, 1]
Ow:
[0.039866053;
 -0.060971659;
 -0.043878585]
Keyframe: 23 Frame: 153 Frame from vFrameID : 154
Tcw:
[0.99381781, -0.014607386, -0.11005832, 0.078823805;
 -0.10215216, 0.2679809, -0.95799333, -0.059662525;
 0.043487307, 0.96331346, 0.26483199, 0.019347314;
 0, 0, 0, 1]
Twc:
[0.99381781, -0.10215216, 0.043487307, -0.085272513;
 -0.014607386, 0.2679809, 0.96331346, -0.0014977035;
 -0.11005832, -0.95799333, 0.26483199, -0.053604871;
 0, 0, 0, 1]
Ow:
[0.078823805;
 -0.059662525;
 0.019347314]
Keyframe: 24 Frame: 161 Frame from vFrameID : 162
Tcw:
[0.99652696, 0.07522212, -0.035715781, 0.070967101;
 -0.05474199, 0.26859266, -0.9616971, -0.081071161;
 -0.062747896, 0.96031225, 0.27177763, 0.026231477;
 0, 0, 0, 1]
Twc:
[0.99652696, -0.05474199, -0.062747896, -0.073512658;
 0.07522212, 0.26859266, 0.96031225, -0.0087535856;
 -0.035715781, -0.9616971, 0.27177763, -0.082560383;
 0, 0, 0, 1]
Ow:
[0.070967101;
 -0.081071161;
 0.026231477]
Keyframe: 25 Frame: 171 Frame from vFrameID : 172
Tcw:
[0.99118721, 0.12633298, 0.039848313, 0.080919743;
 -0.0024447546, 0.31820768, -0.9480179, -0.11085949;
 -0.13244596, 0.93956578, 0.31571224, 0.056250639;
 0, 0, 0, 1]
Twc:
[0.99118721, -0.0024447546, -0.13244596, -0.073027462;
 0.12633298, 0.31820768, 0.93956578, -0.027797665;
 0.039848313, -0.9480179, 0.31571224, -0.1260803;
 0, 0, 0, 1]
Ow:
[0.080919743;
 -0.11085949;
 0.056250639]
Keyframe: 26 Frame: 180 Frame from vFrameID : 181
Tcw:
[0.99271679, 0.11781093, 0.025178604, 0.12646547;
 -0.0073996563, 0.26823443, -0.96332526, -0.11797332;
 -0.12024402, 0.95612282, 0.26715258, 0.14661472;
 0, 0, 0, 1]
Twc:
[0.99271679, -0.0073996563, -0.12024402, -0.10878782;
 0.11781093, 0.26823443, 0.95612282, -0.1234362;
 0.025178604, -0.96332526, 0.26715258, -0.15599941;
 0, 0, 0, 1]
Ow:
[0.12646547;
 -0.11797332;
 0.14661472]
Keyframe: 27 Frame: 190 Frame from vFrameID : 191
Tcw:
[0.9943018, 0.10658759, 0.0017249683, 0.15840824;
 -0.027062332, 0.2680361, -0.96302873, -0.12772745;
 -0.10310926, 0.9574945, 0.26939327, 0.18740991;
 0, 0, 0, 1]
Twc:
[0.9943018, -0.027062332, -0.10310926, -0.14163852;
 0.10658759, 0.2680361, 0.9574945, -0.16209276;
 0.0017249683, -0.96302873, 0.26939327, -0.17376541;
 0, 0, 0, 1]
Ow:
[0.15840824;
 -0.12772745;
 0.18740991]
Keyframe: 28 Frame: 198 Frame from vFrameID : 199
Tcw:
[0.99618047, 0.087285928, -0.0023646834, 0.17900646;
 -0.026476884, 0.27614859, -0.96075016, -0.14473665;
 -0.083206967, 0.95714319, 0.2774049, 0.23214115;
 0, 0, 0, 1]
Twc:
[0.99618047, -0.026476884, -0.083206967, -0.16283916;
 0.087285928, 0.27614859, 0.95714319, -0.19784826;
 -0.0023646834, -0.96075016, 0.2774049, -0.20302957;
 0, 0, 0, 1]
Ow:
[0.17900646;
 -0.14473665;
 0.23214115]
Keyframe: 29 Frame: 207 Frame from vFrameID : 208
Tcw:
[0.99245781, 0.11490864, 0.042702232, 0.16706325;
 0.0097846659, 0.27297711, -0.96197075, -0.17488815;
 -0.12219549, 0.95513326, 0.26979393, 0.28774598;
 0, 0, 0, 1]
Twc:
[0.99245781, 0.0097846659, -0.12219549, -0.12893075;
 0.11490864, 0.27297711, 0.95513326, -0.24629229;
 0.042702232, -0.96197075, 0.26979393, -0.25300339;
 0, 0, 0, 1]
Ow:
[0.16706325;
 -0.17488815;
 0.28774598]
Keyframe: 30 Frame: 217 Frame from vFrameID : 218
Tcw:
[0.99064678, 0.11487927, 0.073631912, 0.20480233;
 0.036783196, 0.29481396, -0.95484644, -0.20413411;
 -0.13139978, 0.94862401, 0.28783089, 0.3547079;
 0, 0, 0, 1]
Twc:
[0.99064678, 0.036783196, -0.13139978, -0.14876953;
 0.11487927, 0.29481396, 0.94862401, -0.29983038;
 0.073631912, -0.95484644, 0.28783089, -0.3120926;
 0, 0, 0, 1]
Ow:
[0.20480233;
 -0.20413411;
 0.3547079]
Keyframe: 31 Frame: 225 Frame from vFrameID : 226
Tcw:
[0.99625707, 0.086436734, -0.00073808804, 0.23520885;
 -0.021632634, 0.24104935, -0.97027171, -0.18950933;
 -0.083689205, 0.96665603, 0.24201697, 0.4525888;
 0, 0, 0, 1]
Twc:
[0.99625707, -0.021632634, -0.083689205, -0.20055127;
 0.086436734, 0.24104935, 0.96665603, -0.41214728;
 -0.00073808804, -0.97027171, 0.24201697, -0.29323614;
 0, 0, 0, 1]
Ow:
[0.23520885;
 -0.18950933;
 0.4525888]
Keyframe: 32 Frame: 234 Frame from vFrameID : 235
Tcw:
[0.99915069, 0.023554841, -0.033808563, 0.30029497;
 -0.038932361, 0.27093884, -0.96180892, -0.20480312;
 -0.013495204, 0.96230835, 0.27162579, 0.50607264;
 0, 0, 0, 1]
Twc:
[0.99915069, -0.038932361, -0.013495204, -0.30118385;
 0.023554841, 0.27093884, 0.96230835, -0.43858218;
 -0.033808563, -0.96180892, 0.27162579, -0.32429132;
 0, 0, 0, 1]
Ow:
[0.30029497;
 -0.20480312;
 0.50607264]
Keyframe: 33 Frame: 243 Frame from vFrameID : 244
Tcw:
[0.99941754, 0.0045397533, -0.033823244, 0.31944683;
 -0.033866782, 0.25399214, -0.96661317, -0.22427455;
 0.0042026532, 0.96719563, 0.25399792, 0.57638395;
 0, 0, 0, 1]
Twc:
[0.99941754, -0.033866782, 0.0042026532, -0.32927856;
 0.0045397533, 0.25399214, 0.96719563, -0.50196224;
 -0.033823244, -0.96661317, 0.25399792, -0.35238236;
 0, 0, 0, 1]
Ow:
[0.31944683;
 -0.22427455;
 0.57638395]
Keyframe: 34 Frame: 254 Frame from vFrameID : 255
Tcw:
[0.99975336, 0.011475678, -0.01901309, 0.38318968;
 -0.02153706, 0.29217538, -0.95612222, -0.26662636;
 -0.0054169931, 0.95629591, 0.29235047, 0.64619434;
 0, 0, 0, 1]
Twc:
[0.99975336, -0.02153706, -0.0054169931, -0.38533711;
 0.011475678, 0.29217538, 0.95629591, -0.54444867;
 -0.01901309, -0.95612222, 0.29235047, -0.43655697;
 0, 0, 0, 1]
Ow:
[0.38318968;
 -0.26662636;
 0.64619434]
Keyframe: 35 Frame: 263 Frame from vFrameID : 264
Tcw:
[0.99639219, -0.020002503, -0.082477458, 0.39545327;
 -0.073168017, 0.28994086, -0.95424354, -0.28185302;
 0.043000843, 0.95683551, 0.28743127, 0.7151593;
 0, 0, 0, 1]
Twc:
[0.99639219, -0.073168017, 0.043000843, -0.44540161;
 -0.020002503, 0.28994086, 0.95683551, -0.59465903;
 -0.082477458, -0.95424354, 0.28743127, -0.4418996;
 0, 0, 0, 1]
Ow:
[0.39545327;
 -0.28185302;
 0.7151593]
Keyframe: 36 Frame: 271 Frame from vFrameID : 272
Tcw:
[0.99732953, -0.0086458297, -0.072518982, 0.41923213;
 -0.066584788, 0.30029336, -0.95152003, -0.31793693;
 0.030003648, 0.95380771, 0.29891574, 0.76204216;
 0, 0, 0, 1]
Twc:
[0.99732953, -0.066584788, 0.030003648, -0.4621464;
 -0.0086458297, 0.30029336, 0.95380771, -0.62774277;
 -0.072518982, -0.95152003, 0.29891574, -0.49990746;
 0, 0, 0, 1]
Ow:
[0.41923213;
 -0.31793693;
 0.76204216]
Keyframe: 37 Frame: 281 Frame from vFrameID : 282
Tcw:
[0.99968117, 0.021251079, -0.013637093, 0.44172496;
 -0.019308487, 0.29533571, -0.95519841, -0.38016927;
 -0.016271476, 0.95515716, 0.29565185, 0.8301487;
 0, 0, 0, 1]
Twc:
[0.99968117, -0.019308487, -0.016271476, -0.43541685;
 0.021251079, 0.29533571, 0.95515716, -0.69003201;
 -0.013637093, -0.95519841, 0.29565185, -0.60254824;
 0, 0, 0, 1]
Ow:
[0.44172496;
 -0.38016927;
 0.8301487]
Keyframe: 38 Frame: 290 Frame from vFrameID : 291
Tcw:
[0.99795657, -0.0044131191, -0.063743345, 0.48871607;
 -0.059916958, 0.28190881, -0.95756847, -0.38847995;
 0.022195674, 0.95943105, 0.28106833, 0.88293749;
 0, 0, 0, 1]
Twc:
[0.99795657, -0.059916958, 0.022195674, -0.53059131;
 -0.0044131191, 0.28190881, 0.95943105, -0.73544502;
 -0.063743345, -0.95756847, 0.28106833, -0.58900952;
 0, 0, 0, 1]
Ow:
[0.48871607;
 -0.38847995;
 0.88293749]
Keyframe: 39 Frame: 300 Frame from vFrameID : 301
Tcw:
[0.99414843, -0.032936208, -0.10287893, 0.52762759;
 -0.089362748, 0.28431058, -0.95455843, -0.4018029;
 0.060689103, 0.9581663, 0.27970365, 0.94387662;
 0, 0, 0, 1]
Twc:
[0.99414843, -0.089362748, 0.060689103, -0.61772937;
 -0.032936208, 0.28431058, 0.9581663, -0.77277595;
 -0.10287893, -0.95455843, 0.27970365, -0.59326833;
 0, 0, 0, 1]
Ow:
[0.52762759;
 -0.4018029;
 0.94387662]
Keyframe: 40 Frame: 308 Frame from vFrameID : 309
Tcw:
[0.99955302, -0.005582883, -0.029369028, 0.54138535;
 -0.026829919, 0.26578146, -0.96365988, -0.43312854;
 0.013185744, 0.96401715, 0.26551288, 1.004108;
 0, 0, 0, 1]
Twc:
[0.99955302, -0.026829919, 0.013185744, -0.56600404;
 -0.005582883, 0.26578146, 0.96401715, -0.8498373;
 -0.029369028, -0.96365988, 0.26551288, -0.66809219;
 0, 0, 0, 1]
Ow:
[0.54138535;
 -0.43312854;
 1.004108]
Keyframe: 41 Frame: 316 Frame from vFrameID : 317
Tcw:
[0.99976283, 0.019115901, 0.010435916, 0.55977809;
 0.00409859, 0.30547237, -0.95219213, -0.46948209;
 -0.021389894, 0.95200902, 0.30532157, 1.0421791;
 0, 0, 0, 1]
Twc:
[0.99976283, 0.00409859, -0.021389894, -0.53542894;
 0.019115901, 0.30547237, 0.95200902, -0.85945088;
 0.010435916, -0.95219213, 0.30532157, -0.77107871;
 0, 0, 0, 1]
Ow:
[0.55977809;
 -0.46948209;
 1.0421791]
Keyframe: 42 Frame: 324 Frame from vFrameID : 325
Tcw:
[0.99885851, 0.0041468656, -0.047586091, 0.60926414;
 -0.046864606, 0.27774906, -0.95950985, -0.48546827;
 0.0092380336, 0.96064472, 0.27762637, 1.0968064;
 0, 0, 0, 1]
Twc:
[0.99885851, -0.046864606, 0.0092380336, -0.64145225;
 0.0041468656, 0.27774906, 0.96064472, -0.92132944;
 -0.047586091, -0.95950985, 0.27762637, -0.7413215;
 0, 0, 0, 1]
Ow:
[0.60926414;
 -0.48546827;
 1.0968064]
Keyframe: 43 Frame: 332 Frame from vFrameID : 333
Tcw:
[0.99654669, -0.0093264813, -0.082509041, 0.62873513;
 -0.075849853, 0.30207428, -0.95026201, -0.52392304;
 0.033786461, 0.95323879, 0.30032369, 1.1395023;
 0, 0, 0, 1]
Twc:
[0.99654669, -0.075849853, 0.033786461, -0.70480311;
 -0.0093264813, 0.30207428, 0.95323879, -0.92209011;
 -0.082509041, -0.95026201, 0.30032369, -0.78820735;
 0, 0, 0, 1]
Ow:
[0.62873513;
 -0.52392304;
 1.1395023]
Keyframe: 44 Frame: 341 Frame from vFrameID : 342
Tcw:
[0.99874675, 0.00094804668, -0.050040763, 0.63810158;
 -0.048442405, 0.2696583, -0.96173686, -0.54663515;
 0.012582135, 0.96295559, 0.26936626, 1.1884153;
 0, 0, 0, 1]
Twc:
[0.99874675, -0.048442405, 0.012582135, -0.67873496;
 0.00094804668, 0.2696583, 0.96295559, -0.99759144;
 -0.050040763, -0.96173686, 0.26936626, -0.81390709;
 0, 0, 0, 1]
Ow:
[0.63810158;
 -0.54663515;
 1.1884153]
Keyframe: 45 Frame: 349 Frame from vFrameID : 350
Tcw:
[0.99993789, 0.011072574, 0.0012480655, 0.67231786;
 -0.0021592681, 0.30243635, -0.95316714, -0.55394357;
 -0.010931474, 0.95310527, 0.30244148, 1.2570877;
 0, 0, 0, 1]
Twc:
[0.99993789, -0.0021592681, -0.010931474, -0.65973043;
 0.011072574, 0.30243635, 0.95310527, -1.0380485;
 0.0012480655, -0.95316714, 0.30244148, -0.90903538;
 0, 0, 0, 1]
Ow:
[0.67231786;
 -0.55394357;
 1.2570877]
Keyframe: 46 Frame: 358 Frame from vFrameID : 359
Tcw:
[0.99633759, -0.010451312, -0.084865354, 0.71412838;
 -0.078365311, 0.28546187, -0.95518082, -0.56779933;
 0.034208715, 0.95833308, 0.28359738, 1.3043927;
 0, 0, 0, 1]
Twc:
[0.99633759, -0.078365311, 0.034208715, -0.80063033;
 -0.010451312, 0.28546187, 0.95833308, -1.0804939;
 -0.084865354, -0.95518082, 0.28359738, -0.85166866;
 0, 0, 0, 1]
Ow:
[0.71412838;
 -0.56779933;
 1.3043927]
Keyframe: 47 Frame: 367 Frame from vFrameID : 368
Tcw:
[0.99608576, -0.014686003, -0.087163746, 0.73027766;
 -0.079240046, 0.28860837, -0.9541626, -0.59760654;
 0.039169021, 0.95733458, 0.28631496, 1.3670375;
 0, 0, 0, 1]
Twc:
[0.99608576, -0.079240046, 0.039169021, -0.82831901;
 -0.014686003, 0.28860837, 0.95733458, -1.1255132;
 -0.087163746, -0.9541626, 0.28631496, -0.89796329;
 0, 0, 0, 1]
Ow:
[0.73027766;
 -0.59760654;
 1.3670375]
Keyframe: 48 Frame: 375 Frame from vFrameID : 376
Tcw:
[0.99976283, 0.007923034, -0.020286141, 0.74765241;
 -0.021717444, 0.29300961, -0.95586282, -0.613419;
 -0.0016292994, 0.95607668, 0.29311219, 1.3979123;
 0, 0, 0, 1]
Twc:
[0.99976283, -0.021717444, -0.0016292994, -0.75851935;
 0.007923034, 0.29300961, 0.95607668, -1.1626973;
 -0.020286141, -0.95586282, 0.29311219, -0.98092252;
 0, 0, 0, 1]
Ow:
[0.74765241;
 -0.613419;
 1.3979123]
Keyframe: 49 Frame: 385 Frame from vFrameID : 386
Tcw:
[0.99866873, -0.012830158, -0.049961016, 0.81700057;
 -0.04444778, 0.27744329, -0.95971328, -0.612517;
 0.026174622, 0.96065634, 0.27650368, 1.4676179;
 0, 0, 0, 1]
Twc:
[0.99866873, -0.04444778, 0.026174622, -0.88155234;
 -0.012830158, 0.27744329, 0.96065634, -1.2294555;
 -0.049961016, -0.95971328, 0.27650368, -0.95282429;
 0, 0, 0, 1]
Ow:
[0.81700057;
 -0.612517;
 1.4676179]
Keyframe: 50 Frame: 393 Frame from vFrameID : 394
Tcw:
[0.99601471, -0.015057079, -0.087908879, 0.83454603;
 -0.078841828, 0.31216243, -0.94675159, -0.63881189;
 0.041697163, 0.94990939, 0.30973125, 1.4986341;
 0, 0, 0, 1]
Twc:
[0.99601471, -0.078841828, 0.041697163, -0.94407403;
 -0.015057079, 0.31216243, 0.94990939, -1.2115878;
 -0.087908879, -0.94675159, 0.30973125, -0.99560601;
 0, 0, 0, 1]
Ow:
[0.83454603;
 -0.63881189;
 1.4986341]
Keyframe: 51 Frame: 401 Frame from vFrameID : 402
Tcw:
[0.99910575, 0.0059330743, -0.041862898, 0.85632735;
 -0.041682471, 0.30425218, -0.95167917, -0.63422191;
 0.0070904936, 0.95257306, 0.30422738, 1.5469496;
 0, 0, 0, 1]
Twc:
[0.99910575, -0.041682471, 0.0070904936, -0.89296615;
 0.0059330743, 0.30425218, 0.95257306, -1.2856997;
 -0.041862898, -0.95167917, 0.30422738, -1.0383518;
 0, 0, 0, 1]
Ow:
[0.85632735;
 -0.63422191;
 1.5469496]
Keyframe: 52 Frame: 410 Frame from vFrameID : 411
Tcw:
[0.99911731, 0.040459804, 0.011295261, 0.88249511;
 -0.0026973463, 0.33012828, -0.94393224, -0.66335654;
 -0.0419202, 0.94306856, 0.32994601, 1.5935791;
 0, 0, 0, 1]
Twc:
[0.99911731, -0.0026973463, -0.0419202, -0.81670231;
 0.040459804, 0.33012828, 0.94306856, -1.3195671;
 0.011295261, -0.94393224, 0.32994601, -1.1619267;
 0, 0, 0, 1]
Ow:
[0.88249511;
 -0.66335654;
 1.5935791]
Keyframe: 53 Frame: 419 Frame from vFrameID : 420
Tcw:
[0.99506837, -0.01809706, -0.097526439, 0.94833612;
 -0.087029077, 0.31244537, -0.94594073, -0.62541604;
 0.047590431, 0.94976336, 0.30932954, 1.6494766;
 0, 0, 0, 1]
Twc:
[0.99506837, -0.087029077, 0.047590431, -1.076588;
 -0.01809706, 0.31244537, 0.94976336, -1.3540419;
 -0.097526439, -0.94594073, 0.30932954, -1.0093504;
 0, 0, 0, 1]
Ow:
[0.94833612;
 -0.62541604;
 1.6494766]
Keyframe: 54 Frame: 428 Frame from vFrameID : 429
Tcw:
[0.99344707, -0.042044714, -0.10627858, 0.97768193;
 -0.085681833, 0.3414349, -0.93599188, -0.63469654;
 0.075640731, 0.93896455, 0.33559504, 1.7351449;
 0, 0, 0, 1]
Twc:
[0.99344707, -0.085681833, 0.075640731, -1.1569048;
 -0.042044714, 0.3414349, 0.93896455, -1.3714256;
 -0.10627858, -0.93599188, 0.33559504, -1.0724702;
 0, 0, 0, 1]
Ow:
[0.97768193;
 -0.63469654;
 1.7351449]
Keyframe: 55 Frame: 438 Frame from vFrameID : 439
Tcw:
[0.99874502, -0.010470305, -0.048977111, 0.98756719;
 -0.042781699, 0.33009934, -0.94297624, -0.66078925;
 0.026040561, 0.94388813, 0.32923716, 1.7810047;
 0, 0, 0, 1]
Twc:
[0.99874502, -0.042781699, 0.026040561, -1.0609758;
 -0.010470305, 0.33009934, 0.94388813, -1.4526029;
 -0.048977111, -0.94297624, 0.32923716, -1.1611131;
 0, 0, 0, 1]
Ow:
[0.98756719;
 -0.66078925;
 1.7810047]
Keyframe: 56 Frame: 447 Frame from vFrameID : 448
Tcw:
[0.99847215, -0.017922062, -0.052270196, 1.0477509;
 -0.043149728, 0.3380191, -0.94014955, -0.67586476;
 0.034517743, 0.94096857, 0.33672932, 1.8593611;
 0, 0, 0, 1]
Twc:
[0.99847215, -0.043149728, 0.034517743, -1.1394944;
 -0.017922062, 0.3380191, 0.94096857, -1.5023673;
 -0.052270196, -0.94014955, 0.33672932, -1.2067492;
 0, 0, 0, 1]
Ow:
[1.0477509;
 -0.67586476;
 1.8593611]
Keyframe: 57 Frame: 456 Frame from vFrameID : 457
Tcw:
[0.98731536, -0.067986086, -0.14347914, 1.0734107;
 -0.11591899, 0.3088598, -0.94401717, -0.6813361;
 0.10849497, 0.94867462, 0.29706115, 1.9254028;
 0, 0, 0, 1]
Twc:
[0.98731536, -0.11591899, 0.10849497, -1.3476713;
 -0.067986086, 0.3088598, 0.94867462, -1.5431664;
 -0.14347914, -0.94401717, 0.29706115, -1.0611433;
 0, 0, 0, 1]
Ow:
[1.0734107;
 -0.6813361;
 1.9254028]
Keyframe: 58 Frame: 464 Frame from vFrameID : 465
Tcw:
[0.98656529, -0.085037246, -0.13949037, 1.1091577;
 -0.1069033, 0.30960941, -0.94483531, -0.69725579;
 0.12353372, 0.94705367, 0.29635912, 1.9818938;
 0, 0, 0, 1]
Twc:
[0.98656529, -0.1069033, 0.12353372, -1.4136262;
 -0.085037246, 0.30960941, 0.94705367, -1.5667633;
 -0.13949037, -0.94483531, 0.29635912, -1.0914273;
 0, 0, 0, 1]
Ow:
[1.1091577;
 -0.69725579;
 1.9818938]
Keyframe: 59 Frame: 473 Frame from vFrameID : 474
Tcw:
[0.9959147, -0.045103773, -0.078227654, 1.1040182;
 -0.060415786, 0.31102446, -0.94847971, -0.71727729;
 0.067110725, 0.94933105, 0.30702883, 2.0273166;
 0, 0, 0, 1]
Twc:
[0.9959147, -0.060415786, 0.067110725, -1.2788975;
 -0.045103773, 0.31102446, 0.94933105, -1.6517086;
 -0.078227654, -0.94847971, 0.30702883, -1.2164029;
 0, 0, 0, 1]
Ow:
[1.1040182;
 -0.71727729;
 2.0273166]
Keyframe: 60 Frame: 482 Frame from vFrameID : 483
Tcw:
[0.99754739, -0.038956568, -0.058151938, 1.1477338;
 -0.042146713, 0.32899731, -0.94338983, -0.73107874;
 0.055883065, 0.94352698, 0.32654852, 2.1035399;
 0, 0, 0, 1]
Twc:
[0.99754739, -0.042146713, 0.055883065, -1.2932836;
 -0.038956568, 0.32899731, 0.94352698, -1.699512;
 -0.058151938, -0.94338983, 0.32654852, -1.3098572;
 0, 0, 0, 1]
Ow:
[1.1477338;
 -0.73107874;
 2.1035399]
Keyframe: 61 Frame: 491 Frame from vFrameID : 492
Tcw:
[0.98908186, -0.071925215, -0.12862274, 1.1605806;
 -0.098143749, 0.3295891, -0.93900949, -0.75113112;
 0.10993111, 0.9413808, 0.31893158, 2.1753964;
 0, 0, 0, 1]
Twc:
[0.98908186, -0.098143749, 0.10993111, -1.4607719;
 -0.071925215, 0.3295891, 0.9413808, -1.7168367;
 -0.12862274, -0.93900949, 0.31893158, -1.2498449;
 0, 0, 0, 1]
Ow:
[1.1605806;
 -0.75113112;
 2.1753964]
Keyframe: 62 Frame: 500 Frame from vFrameID : 501
Tcw:
[0.9877525, -0.081072986, -0.13331214, 1.1922927;
 -0.10062649, 0.32197937, -0.9413839, -0.77353984;
 0.11924456, 0.94326901, 0.30987784, 2.242388;
 0, 0, 0, 1]
Twc:
[0.9877525, -0.10062649, 0.11924456, -1.5229212;
 -0.081072986, 0.32197937, 0.94326901, -1.7694486;
 -0.13331214, -0.9413839, 0.30987784, -1.2641172;
 0, 0, 0, 1]
Ow:
[1.1922927;
 -0.77353984;
 2.242388]
Keyframe: 63 Frame: 509 Frame from vFrameID : 510
Tcw:
[0.99653769, -0.04920204, -0.067020565, 1.2091442;
 -0.047214612, 0.32861075, -0.94328457, -0.78398371;
 0.0684352, 0.943183, 0.32514995, 2.3035073;
 0, 0, 0, 1]
Twc:
[0.99653769, -0.047214612, 0.0684352, -1.3996142;
 -0.04920204, 0.32861075, 0.943183, -1.8555111;
 -0.067020565, -0.94328457, 0.32514995, -1.4074675;
 0, 0, 0, 1]
Ow:
[1.2091442;
 -0.78398371;
 2.3035073]
Keyframe: 64 Frame: 517 Frame from vFrameID : 518
Tcw:
[0.99494815, -0.052705627, -0.085441664, 1.2360944;
 -0.064530239, 0.31620461, -0.9464938, -0.79914093;
 0.076902598, 0.94722581, 0.3112061, 2.3584836;
 0, 0, 0, 1]
Twc:
[0.99494815, -0.064530239, 0.076902598, -1.4627922;
 -0.052705627, 0.31620461, 0.94722581, -1.9161754;
 -0.085441664, -0.9464938, 0.3112061, -1.3847424;
 0, 0, 0, 1]
Ow:
[1.2360944;
 -0.79914093;
 2.3584836]
Keyframe: 65 Frame: 527 Frame from vFrameID : 528
Tcw:
[0.98721588, -0.076782525, -0.13967557, 1.2538089;
 -0.10827822, 0.31999698, -0.94121081, -0.80992496;
 0.1169643, 0.94430208, 0.30759221, 2.4095378;
 0, 0, 0, 1]
Twc:
[0.98721588, -0.10827822, 0.1169643, -1.6073071;
 -0.076782525, 0.31999698, 0.94430208, -1.9198872;
 -0.13967557, -0.94121081, 0.30759221, -1.3283387;
 0, 0, 0, 1]
Ow:
[1.2538089;
 -0.80992496;
 2.4095378]
Keyframe: 66 Frame: 537 Frame from vFrameID : 538
Tcw:
[0.98680931, -0.068565056, -0.14665008, 1.2553084;
 -0.11738652, 0.32075354, -0.9398604, -0.83025289;
 0.11148012, 0.94467771, 0.30847397, 2.4767056;
 0, 0, 0, 1]
Twc:
[0.98680931, -0.11738652, 0.11148012, -1.6123139;
 -0.068565056, 0.32075354, 0.94467771, -1.9873117;
 -0.14665008, -0.9398604, 0.30847397, -1.36023;
 0, 0, 0, 1]
Ow:
[1.2553084;
 -0.83025289;
 2.4767056]
Keyframe: 67 Frame: 547 Frame from vFrameID : 548
Tcw:
[0.99583036, -0.031780332, -0.085509375, 1.2732818;
 -0.071462333, 0.31084701, -0.94776964, -0.85392857;
 0.056700766, 0.94992846, 0.30727983, 2.5456543;
 0, 0, 0, 1]
Twc:
[0.99583036, -0.071462333, 0.056700766, -1.4733371;
 -0.031780332, 0.31084701, 0.94992846, -2.1122832;
 -0.085509375, -0.94776964, 0.30727983, -1.4826783;
 0, 0, 0, 1]
Ow:
[1.2732818;
 -0.85392857;
 2.5456543]
Keyframe: 68 Frame: 557 Frame from vFrameID : 558
Tcw:
[0.98989511, -0.057214301, -0.12974668, 1.3062538;
 -0.10707541, 0.29827356, -0.94845545, -0.86329758;
 0.092965215, 0.95276409, 0.28913331, 2.6099582;
 0, 0, 0, 1]
Twc:
[0.98989511, -0.10707541, 0.092965215, -1.6281275;
 -0.057214301, 0.29827356, 0.95276409, -2.154439;
 -0.12974668, -0.94845545, 0.28913331, -1.4039431;
 0, 0, 0, 1]
Ow:
[1.3062538;
 -0.86329758;
 2.6099582]
Keyframe: 69 Frame: 566 Frame from vFrameID : 567
Tcw:
[0.98210496, -0.097678736, -0.16102409, 1.3191682;
 -0.12091504, 0.32848528, -0.93673742, -0.87805676;
 0.14439337, 0.93944466, 0.3107962, 2.645499;
 0, 0, 0, 1]
Twc:
[0.98210496, -0.12091504, 0.14439337, -1.7837243;
 -0.097678736, 0.32848528, 0.93944466, -2.0680165;
 -0.16102409, -0.93673742, 0.3107962, -1.4323018;
 0, 0, 0, 1]
Ow:
[1.3191682;
 -0.87805676;
 2.645499]
Keyframe: 70 Frame: 574 Frame from vFrameID : 575
Tcw:
[0.9847731, -0.10156501, -0.14109027, 1.3246181;
 -0.10143348, 0.32342711, -0.94080079, -0.87834436;
 0.14118487, 0.9407866, 0.30820024, 2.689275;
 0, 0, 0, 1]
Twc:
[0.9847731, -0.10143348, 0.14118487, -1.7732269;
 -0.10156501, 0.32342711, 0.9407866, -2.1114187;
 -0.14109027, -0.94080079, 0.30820024, -1.4682915;
 0, 0, 0, 1]
Ow:
[1.3246181;
 -0.87834436;
 2.689275]
Keyframe: 71 Frame: 582 Frame from vFrameID : 583
Tcw:
[0.99168134, -0.066760965, -0.11005024, 1.3172781;
 -0.086805351, 0.28442359, -0.95476073, -0.89259034;
 0.095041625, 0.95637137, 0.27626237, 2.735168;
 0, 0, 0, 1]
Twc:
[0.99168134, -0.086805351, 0.095041625, -1.6437567;
 -0.066760965, 0.28442359, 0.95637137, -2.27402;
 -0.11005024, -0.95476073, 0.27626237, -1.4628674;
 0, 0, 0, 1]
Ow:
[1.3172781;
 -0.89259034;
 2.735168]
Keyframe: 72 Frame: 590 Frame from vFrameID : 591
Tcw:
[0.99684829, -0.032201812, -0.072501734, 1.3167121;
 -0.05965437, 0.29818043, -0.95264357, -0.90428764;
 0.052295446, 0.9539662, 0.29531968, 2.7759995;
 0, 0, 0, 1]
Twc:
[0.99684829, -0.05965437, 0.052295446, -1.5116792;
 -0.032201812, 0.29818043, 0.9539662, -2.3361683;
 -0.072501734, -0.95264357, 0.29531968, -1.5858072;
 0, 0, 0, 1]
Ow:
[1.3167121;
 -0.90428764;
 2.7759995]
Keyframe: 73 Frame: 598 Frame from vFrameID : 599
Tcw:
[0.99280185, -0.05502842, -0.10637817, 1.3536965;
 -0.085308559, 0.29851675, -0.95058411, -0.91033077;
 0.084064811, 0.95281667, 0.2916736, 2.8319039;
 0, 0, 0, 1]
Twc:
[0.99280185, -0.085308559, 0.084064811, -1.6596749;
 -0.05502842, 0.29851675, 0.95281667, -2.3520448;
 -0.10637817, -0.95058411, 0.2916736, -1.547334;
 0, 0, 0, 1]
Ow:
[1.3536965;
 -0.91033077;
 2.8319039]
Keyframe: 74 Frame: 608 Frame from vFrameID : 609
Tcw:
[0.99055976, -0.072140269, -0.11656372, 1.3581942;
 -0.085950762, 0.3355639, -0.93808812, -0.8961153;
 0.10678851, 0.93925112, 0.3261956, 2.889853;
 0, 0, 0, 1]
Twc:
[0.99055976, -0.085950762, 0.10678851, -1.7309976;
 -0.072140269, 0.3355639, 0.93925112, -2.3156133;
 -0.11656372, -0.93808812, 0.3261956, -1.6249763;
 0, 0, 0, 1]
Ow:
[1.3581942;
 -0.8961153;
 2.889853]
Keyframe: 75 Frame: 616 Frame from vFrameID : 617
Tcw:
[0.9972468, -0.018465983, -0.071817905, 1.3676655;
 -0.063272104, 0.29317364, -0.95396322, -0.91686839;
 0.038670987, 0.95588088, 0.2911981, 3.0003645;
 0, 0, 0, 1]
Twc:
[0.9972468, -0.063272104, 0.038670987, -1.5379392;
 -0.018465983, 0.29317364, 0.95588088, -2.5739341;
 -0.071817905, -0.95396322, 0.2911981, -1.6501364;
 0, 0, 0, 1]
Ow:
[1.3676655;
 -0.91686839;
 3.0003645]
Keyframe: 76 Frame: 624 Frame from vFrameID : 625
Tcw:
[0.99956745, 0.020601608, -0.020988971, 1.3415532;
 -0.026298234, 0.30659431, -0.95147693, -0.92789185;
 -0.013166855, 0.9516173, 0.3070035, 3.0340729;
 0, 0, 0, 1]
Twc:
[0.99956745, -0.026298234, -0.013166855, -1.3254256;
 0.020601608, 0.30659431, 0.9516173, -2.6304281;
 -0.020988971, -0.95147693, 0.3070035, -1.7861807;
 0, 0, 0, 1]
Ow:
[1.3415532;
 -0.92789185;
 3.0340729]
Keyframe: 77 Frame: 632 Frame from vFrameID : 633
Tcw:
[0.99761689, 0.0047839433, -0.068831019, 1.3745853;
 -0.066951863, 0.3082099, -0.94895947, -0.9084748;
 0.016674634, 0.95130634, 0.30779567, 3.0769646;
 0, 0, 0, 1]
Twc:
[0.99761689, -0.066951863, 0.016674634, -1.4834408;
 0.0047839433, 0.3082099, 0.95130634, -2.6537108;
 -0.068831019, -0.94895947, 0.30779567, -1.7145681;
 0, 0, 0, 1]
Ow:
[1.3745853;
 -0.9084748;
 3.0769646]
Keyframe: 78 Frame: 641 Frame from vFrameID : 642
Tcw:
[0.99670953, -0.02709878, -0.076391988, 1.3661069;
 -0.064867854, 0.29844621, -0.95221955, -0.89110857;
 0.048602886, 0.95404166, 0.29570633, 3.138303;
 0, 0, 0, 1]
Twc:
[0.99670953, -0.064867854, 0.048602886, -1.5719467;
 -0.02709878, 0.29844621, 0.95404166, -2.6911042;
 -0.076391988, -0.95221955, 0.29570633, -1.6721874;
 0, 0, 0, 1]
Ow:
[1.3661069;
 -0.89110857;
 3.138303]
Keyframe: 79 Frame: 649 Frame from vFrameID : 650
Tcw:
[0.99727577, -0.0023736618, -0.07372532, 1.3890036;
 -0.069886774, 0.28935197, -0.95466816, -0.89577883;
 0.023598626, 0.95721984, 0.28839782, 3.2041728;
 0, 0, 0, 1]
Twc:
[0.99727577, -0.069886774, 0.023598626, -1.5234368;
 -0.0023736618, 0.28935197, 0.95721984, -2.8046055;
 -0.07372532, -0.95466816, 0.28839782, -1.6768433;
 0, 0, 0, 1]
Ow:
[1.3890036;
 -0.89577883;
 3.2041728]
Keyframe: 80 Frame: 657 Frame from vFrameID : 658
Tcw:
[0.9987089, 0.048531096, -0.015010365, 1.3954179;
 -0.028989386, 0.30183282, -0.95292002, -0.90715402;
 -0.041715633, 0.95212483, 0.30285001, 3.2435987;
 0, 0, 0, 1]
Twc:
[0.9987089, -0.028989386, -0.041715633, -1.2846054;
 0.048531096, 0.30183282, 0.95212483, -2.8822231;
 -0.015010365, -0.95292002, 0.30285001, -1.8258233;
 0, 0, 0, 1]
Ow:
[1.3954179;
 -0.90715402;
 3.2435987]
Keyframe: 81 Frame: 666 Frame from vFrameID : 667
Tcw:
[0.99851406, 0.0047547161, -0.054287106, 1.4159006;
 -0.053577725, 0.26765624, -0.96202368, -0.87813306;
 0.0099561336, 0.96350276, 0.26751328, 3.3211963;
 0, 0, 0, 1]
Twc:
[0.99851406, -0.053577725, 0.0099561336, -1.4939113;
 0.0047547161, 0.26765624, 0.96350276, -2.9716761;
 -0.054287106, -0.96202368, 0.26751328, -1.6563838;
 0, 0, 0, 1]
Ow:
[1.4159006;
 -0.87813306;
 3.3211963]
Keyframe: 82 Frame: 675 Frame from vFrameID : 676
Tcw:
[0.99623466, -0.021687759, -0.083941363, 1.4140506;
 -0.074574322, 0.27943972, -0.95726281, -0.89784116;
 0.044217438, 0.95991826, 0.2767702, 3.3881462;
 0, 0, 0, 1]
Twc:
[0.99623466, -0.074574322, 0.044217438, -1.6254972;
 -0.021687759, 0.27943972, 0.95991826, -2.9707832;
 -0.083941363, -0.95726281, 0.2767702, -1.6785104;
 0, 0, 0, 1]
Ow:
[1.4140506;
 -0.89784116;
 3.3881462]
Keyframe: 83 Frame: 682 Frame from vFrameID : 683
Tcw:
[0.9983511, 0.0080443956, -0.056836531, 1.4217641;
 -0.05696851, 0.26044041, -0.96380776, -0.90882337;
 0.0070492784, 0.96545643, 0.26046923, 3.431916;
 0, 0, 0, 1]
Twc:
[0.9983511, -0.05696851, 0.0070492784, -1.4953866;
 0.0080443956, 0.26044041, 0.96545643, -3.0881081;
 -0.056836531, -0.96380776, 0.26046923, -1.6890314;
 0, 0, 0, 1]
Ow:
[1.4217641;
 -0.90882337;
 3.431916]
Keyframe: 84 Frame: 691 Frame from vFrameID : 692
Tcw:
[0.99855077, 0.052056201, 0.013654907, 1.420175;
 -0.0017880438, 0.2856774, -0.95832419, -0.93100953;
 -0.053787611, 0.95691097, 0.28535649, 3.4433265;
 0, 0, 0, 1]
Twc:
[0.99855077, -0.0017880438, -0.053787611, -1.2345732;
 0.052056201, 0.2856774, 0.95691097, -3.1029174;
 0.013654907, -0.95832419, 0.28535649, -1.8941768;
 0, 0, 0, 1]
Ow:
[1.420175;
 -0.93100953;
 3.4433265]
Keyframe: 85 Frame: 700 Frame from vFrameID : 701
Tcw:
[0.9983722, 0.037234563, -0.04320354, 1.4634699;
 -0.050644323, 0.23035648, -0.97178757, -0.93101597;
 -0.026231868, 0.97239369, 0.23186722, 3.5218501;
 0, 0, 0, 1]
Twc:
[0.9983722, -0.050644323, -0.026231868, -1.4158535;
 0.037234563, 0.23035648, 0.97239369, -3.2646506;
 -0.04320354, -0.97178757, 0.23186722, -1.6581242;
 0, 0, 0, 1]
Ow:
[1.4634699;
 -0.93101597;
 3.5218501]
Keyframe: 86 Frame: 709 Frame from vFrameID : 710
Tcw:
[0.99634594, 0.007607779, -0.085070275, 1.4977586;
 -0.084029041, 0.26568457, -0.96039099, -0.96738851;
 0.015295416, 0.96402997, 0.26535299, 3.5513792;
 0, 0, 0, 1]
Twc:
[0.99634594, -0.084029041, 0.015295416, -1.6278943;
 0.007607779, 0.26568457, 0.96402997, -3.1780107;
 -0.085070275, -0.96039099, 0.26535299, -1.7440257;
 0, 0, 0, 1]
Ow:
[1.4977586;
 -0.96738851;
 3.5513792]
Keyframe: 87 Frame: 719 Frame from vFrameID : 720
Tcw:
[0.99922365, 0.024819657, -0.030594869, 1.4915498;
 -0.035838041, 0.25013307, -0.96754795, -0.975981;
 -0.016361421, 0.9678933, 0.25082836, 3.6047757;
 0, 0, 0, 1]
Twc:
[0.99922365, -0.035838041, -0.016361421, -1.46639;
 0.024819657, 0.25013307, 0.9678933, -3.2819328;
 -0.030594869, -0.96754795, 0.25082836, -1.8028548;
 0, 0, 0, 1]
Ow:
[1.4915498;
 -0.975981;
 3.6047757]
Keyframe: 88 Frame: 727 Frame from vFrameID : 728
Tcw:
[0.99928206, 0.03777368, 0.0029144636, 1.4812787;
 -0.0076011345, 0.27525699, -0.96134061, -0.9797945;
 -0.0371156, 0.96062833, 0.27534649, 3.6593115;
 0, 0, 0, 1]
Twc:
[0.99928206, -0.0076011345, -0.0371156, -1.3518453;
 0.03777368, 0.27525699, 0.96062833, -3.301496;
 0.0029144636, -0.96134061, 0.27534649, -1.953812;
 0, 0, 0, 1]
Ow:
[1.4812787;
 -0.9797945;
 3.6593115]
Keyframe: 89 Frame: 737 Frame from vFrameID : 738
Tcw:
[0.99476528, -0.017183296, -0.10073094, 1.5460596;
 -0.093307108, 0.24916522, -0.96395564, -0.99470514;
 0.041662581, 0.96830857, 0.2462576, 3.699003;
 0, 0, 0, 1]
Twc:
[0.99476528, -0.093307108, 0.041662581, -1.7848896;
 -0.017183296, 0.24916522, 0.96830857, -3.3073637;
 -0.10073094, -0.96395564, 0.2462576, -1.7140231;
 0, 0, 0, 1]
Ow:
[1.5460596;
 -0.99470514;
 3.699003]
Keyframe: 90 Frame: 746 Frame from vFrameID : 747
Tcw:
[0.99630231, -0.013994491, -0.084769733, 1.566619;
 -0.077799596, 0.27169049, -0.95923483, -1.0234914;
 0.036455132, 0.96228296, 0.26959708, 3.7530169;
 0, 0, 0, 1]
Twc:
[0.99630231, -0.077799596, 0.036455132, -1.77727;
 -0.013994491, 0.27169049, 0.96228296, -3.3114669;
 -0.084769733, -0.95923483, 0.26959708, -1.8607692;
 0, 0, 0, 1]
Ow:
[1.566619;
 -1.0234914;
 3.7530169]
Keyframe: 91 Frame: 754 Frame from vFrameID : 755
Tcw:
[0.9983865, 0.054991487, -0.014151689, 1.5556777;
 -0.026763946, 0.23592323, -0.97140306, -1.0504539;
 -0.050080188, 0.97021449, 0.23701437, 3.7871704;
 0, 0, 0, 1]
Twc:
[0.9983865, -0.026763946, -0.050080188, -1.3916198;
 0.054991487, 0.23592323, 0.97021449, -3.5120902;
 -0.014151689, -0.97140306, 0.23701437, -1.8960125;
 0, 0, 0, 1]
Ow:
[1.5556777;
 -1.0504539;
 3.7871704]
Keyframe: 92 Frame: 764 Frame from vFrameID : 765
Tcw:
[0.9973675, 0.068565808, 0.023596121, 1.5636275;
 0.0027629395, 0.28923747, -0.9572534, -1.069458;
 -0.072459735, 0.95479864, 0.2882866, 3.8179619;
 0, 0, 0, 1]
Twc:
[0.9973675, 0.0027629395, -0.072459735, -1.2799078;
 0.068565808, 0.28923747, 0.95479864, -3.4432688;
 0.023596121, -0.9572534, 0.2882866, -2.161305;
 0, 0, 0, 1]
Ow:
[1.5636275;
 -1.069458;
 3.8179619]
Keyframe: 93 Frame: 772 Frame from vFrameID : 773
Tcw:
[0.99930328, 0.037188608, -0.0031570205, 1.6226436;
 -0.013030761, 0.26838228, -0.96322435, -1.0798498;
 -0.034973685, 0.96259439, 0.26867989, 3.8596466;
 0, 0, 0, 1]
Twc:
[0.99930328, -0.013030761, -0.034973685, -1.5005982;
 0.037188608, 0.26838228, 0.96259439, -3.4858055;
 -0.0031570205, -0.96322435, 0.26867989, -2.0720243;
 0, 0, 0, 1]
Ow:
[1.6226436;
 -1.0798498;
 3.8596466]
Keyframe: 94 Frame: 782 Frame from vFrameID : 783
Tcw:
[0.99844104, 0.032466922, -0.045402538, 1.6416925;
 -0.052632935, 0.27685073, -0.95947039, -1.1065319;
 -0.018581325, 0.96036428, 0.27812797, 3.8997736;
 0, 0, 0, 1]
Twc:
[0.99844104, -0.052632935, -0.018581325, -1.6249102;
 0.032466922, 0.27685073, 0.96036428, -3.4921601;
 -0.045402538, -0.95947039, 0.27812797, -2.0717838;
 0, 0, 0, 1]
Ow:
[1.6416925;
 -1.1065319;
 3.8997736]
Keyframe: 95 Frame: 790 Frame from vFrameID : 791
Tcw:
[0.9982906, 0.058441143, -0.00067567732, 1.638101;
 -0.015617821, 0.25560722, -0.96665454, -1.1303644;
 -0.056319691, 0.96501273, 0.25608301, 3.9385476;
 0, 0, 0, 1]
Twc:
[0.9982906, -0.015617821, -0.056319691, -1.431137;
 0.058441143, 0.25560722, 0.96501273, -3.6075518;
 -0.00067567732, -0.96665454, 0.25608301, -2.1001604;
 0, 0, 0, 1]
Ow:
[1.638101;
 -1.1303644;
 3.9385476]
Keyframe: 96 Frame: 799 Frame from vFrameID : 800
Tcw:
[0.99621391, 0.080234438, 0.033469886, 1.646663;
 0.0082597351, 0.29590043, -0.95518309, -1.1501149;
 -0.086542331, 0.95184314, 0.29411742, 3.9625978;
 0, 0, 0, 1]
Twc:
[0.99621391, 0.0082597351, -0.086542331, -1.2879965;
 0.080234438, 0.29590043, 0.95184314, -3.5635712;
 0.033469886, -0.95518309, 0.29411742, -2.3191528;
 0, 0, 0, 1]
Ow:
[1.646663;
 -1.1501149;
 3.9625978]
Keyframe: 97 Frame: 807 Frame from vFrameID : 808
Tcw:
[0.99894953, 0.041878387, -0.018603595, 1.6938959;
 -0.029498199, 0.27699143, -0.96041948, -1.1267906;
 -0.035067786, 0.95995933, 0.27793577, 3.9980822;
 0, 0, 0, 1]
Twc:
[0.99894953, -0.029498199, -0.035067786, -1.5851508;
 0.041878387, 0.27699143, 0.95995933, -3.5968227;
 -0.018603595, -0.96041948, 0.27793577, -2.1618893;
 0, 0, 0, 1]
Ow:
[1.6938959;
 -1.1267906;
 3.9980822]
Keyframe: 98 Frame: 816 Frame from vFrameID : 817
Tcw:
[0.99805152, 0.024648683, -0.057319999, 1.7061239;
 -0.062065851, 0.29795146, -0.95256114, -1.1380095;
 -0.0064008008, 0.95426273, 0.29890075, 4.0340233;
 0, 0, 0, 1]
Twc:
[0.99805152, -0.062065851, -0.0064008008, -1.7476102;
 0.024648683, 0.29795146, 0.95426273, -3.5525002;
 -0.057319999, -0.95256114, 0.29890075, -2.1920013;
 0, 0, 0, 1]
Ow:
[1.7061239;
 -1.1380095;
 4.0340233]
Keyframe: 99 Frame: 824 Frame from vFrameID : 825
Tcw:
[0.99886203, 0.02731606, -0.039096285, 1.7149057;
 -0.045442734, 0.29622746, -0.95403576, -1.148487;
 -0.014479105, 0.95472676, 0.29713166, 4.0569658;
 0, 0, 0, 1]
Twc:
[0.99886203, -0.045442734, -0.014479105, -1.7064034;
 0.02731606, 0.29622746, 0.95472676, -3.5799248;
 -0.039096285, -0.95403576, 0.29713166, -2.2341044;
 0, 0, 0, 1]
Ow:
[1.7149057;
 -1.148487;
 4.0569658]
Keyframe: 100 Frame: 833 Frame from vFrameID : 834
Tcw:
[0.99753278, 0.06697154, 0.021050641, 1.7252767;
 -0.0022290959, 0.32992381, -0.94400495, -1.1675854;
 -0.070166573, 0.94162893, 0.3292591, 4.1056175;
 0, 0, 0, 1]
Twc:
[0.99753278, -0.0022290959, -0.070166573, -1.4355458;
 0.06697154, 0.32992381, 0.94162893, -3.5962985;
 0.021050641, -0.94400495, 0.3292591, -2.4903364;
 0, 0, 0, 1]
Ow:
[1.7252767;
 -1.1675854;
 4.1056175]
Keyframe: 101 Frame: 842 Frame from vFrameID : 843
Tcw:
[0.99954337, 0.021087125, -0.021641739, 1.7658459;
 -0.027028713, 0.30376768, -0.95236266, -1.1540016;
 -0.01350853, 0.95251274, 0.30419892, 4.1529284;
 0, 0, 0, 1]
Twc:
[0.99954337, -0.027028713, -0.01350853, -1.7401309;
 0.021087125, 0.30376768, 0.95251274, -3.6424057;
 -0.021641739, -0.95236266, 0.30419892, -2.3241286;
 0, 0, 0, 1]
Ow:
[1.7658459;
 -1.1540016;
 4.1529284]
Keyframe: 102 Frame: 850 Frame from vFrameID : 851
Tcw:
[0.99416441, -0.006155971, -0.10769969, 1.8096733;
 -0.10148063, 0.28526193, -0.95306206, -1.1410892;
 0.036589645, 0.95842981, 0.28297254, 4.1977153;
 0, 0, 0, 1]
Twc:
[0.99416441, -0.10148063, 0.036589645, -2.0685041;
 -0.006155971, 0.28526193, 0.95842981, -3.6865661;
 -0.10769969, -0.95306206, 0.28297254, -2.0804658;
 0, 0, 0, 1]
Ow:
[1.8096733;
 -1.1410892;
 4.1977153]
Keyframe: 103 Frame: 858 Frame from vFrameID : 859
Tcw:
[0.99527371, -0.0209911, -0.094813451, 1.8241251;
 -0.085166216, 0.28042683, -0.95608968, -1.1578785;
 0.046657611, 0.95964587, 0.27731374, 4.2333436;
 0, 0, 0, 1]
Twc:
[0.99527371, -0.085166216, 0.046657611, -2.1116335;
 -0.0209911, 0.28042683, 0.95964587, -3.6995201;
 -0.094813451, -0.95608968, 0.27731374, -2.1080484;
 0, 0, 0, 1]
Ow:
[1.8241251;
 -1.1578785;
 4.2333436]
Keyframe: 104 Frame: 867 Frame from vFrameID : 868
Tcw:
[0.99898654, 0.04260996, -0.014502705, 1.8185096;
 -0.02625758, 0.28999555, -0.95666772, -1.1546743;
 -0.036557853, 0.95607895, 0.29082048, 4.2565064;
 0, 0, 0, 1]
Twc:
[0.99898654, -0.02625758, -0.036557853, -1.6913767;
 0.04260996, 0.28999555, 0.95607895, -3.8121922;
 -0.014502705, -0.95666772, 0.29082048, -2.3161457;
 0, 0, 0, 1]
Ow:
[1.8185096;
 -1.1546743;
 4.2565064]
Keyframe: 105 Frame: 876 Frame from vFrameID : 877
Tcw:
[0.9983415, 0.056363333, -0.011723624, 1.834504;
 -0.029655127, 0.32894069, -0.94388485, -1.1724597;
 -0.049344119, 0.94266707, 0.33006659, 4.3064733;
 0, 0, 0, 1]
Twc:
[0.9983415, -0.029655127, -0.049344119, -1.6537318;
 0.056363333, 0.32894069, 0.94266707, -3.7772994;
 -0.011723624, -0.94388485, 0.33006659, -2.5065827;
 0, 0, 0, 1]
Ow:
[1.834504;
 -1.1724597;
 4.3064733]
Keyframe: 106 Frame: 884 Frame from vFrameID : 885
Tcw:
[0.99692249, 0.009343856, -0.077834703, 1.8711923;
 -0.077247128, 0.28626609, -0.95503122, -1.1513155;
 0.01335776, 0.95810461, 0.28610688, 4.3452439;
 0, 0, 0, 1]
Twc:
[0.99692249, -0.077247128, 0.01335776, -2.0124123;
 0.009343856, 0.28626609, 0.95810461, -3.8510997;
 -0.077834703, -0.95503122, 0.28610688, -2.1971028;
 0, 0, 0, 1]
Ow:
[1.8711923;
 -1.1513155;
 4.3452439]
Keyframe: 107 Frame: 892 Frame from vFrameID : 893
Tcw:
[0.9971537, -0.0088030389, -0.074879982, 1.8893783;
 -0.067628622, 0.33460984, -0.93992692, -1.1617728;
 0.033329792, 0.94231564, 0.33306208, 4.372879;
 0, 0, 0, 1]
Twc:
[0.9971537, -0.067628622, 0.033329792, -2.1083169;
 -0.0088030389, 0.33460984, 0.94231564, -3.7152596;
 -0.074879982, -0.93992692, 0.33306208, -2.4069452;
 0, 0, 0, 1]
Ow:
[1.8893783;
 -1.1617728;
 4.372879]
Keyframe: 108 Frame: 901 Frame from vFrameID : 902
Tcw:
[0.99950838, 0.0014088543, 0.031320758, 1.897415;
 0.028719634, 0.35957178, -0.93267536, -1.2021924;
 -0.012576064, 0.93311638, 0.35935456, 4.4106636;
 0, 0, 0, 1]
Twc:
[0.99950838, 0.028719634, -0.012576064, -1.806487;
 0.0014088543, 0.35957178, 0.93311638, -3.6860609;
 0.031320758, -0.93267536, 0.35935456, -2.7656758;
 0, 0, 0, 1]
Ow:
[1.897415;
 -1.2021924;
 4.4106636]
Keyframe: 109 Frame: 909 Frame from vFrameID : 910
Tcw:
[0.99380165, 0.025161631, 0.10828257, 1.7735305;
 0.089671329, 0.39427346, -0.91460782, -1.1719435;
 -0.065705962, 0.91864866, 0.38957334, 4.4715109;
 0, 0, 0, 1]
Twc:
[0.99380165, 0.089671329, -0.065705962, -1.3636429;
 0.025161631, 0.39427346, 0.91864866, -3.6903062;
 0.10828257, -0.91460782, 0.38957334, -3.0058928;
 0, 0, 0, 1]
Ow:
[1.7735305;
 -1.1719435;
 4.4715109]
Keyframe: 110 Frame: 918 Frame from vFrameID : 919
Tcw:
[0.99869817, -0.0073268958, -0.050480995, 1.9194279;
 -0.044426832, 0.36134923, -0.93137157, -1.2144439;
 0.025065331, 0.93240178, 0.36055329, 4.4855022;
 0, 0, 0, 1]
Twc:
[0.99869817, -0.044426832, 0.025065331, -2.0833135;
 -0.0073268958, 0.36134923, 0.93240178, -3.7293885;
 -0.050480995, -0.93137157, 0.36055329, -2.6514666;
 0, 0, 0, 1]
Ow:
[1.9194279;
 -1.2144439;
 4.4855022]
Keyframe: 111 Frame: 926 Frame from vFrameID : 927
Tcw:
[0.99823588, -0.057887718, -0.013194906, 1.9701856;
 0.010309171, 0.38785809, -0.92166144, -1.2096022;
 0.058470629, 0.91989952, 0.38777065, 4.4908299;
 0, 0, 0, 1]
Twc:
[0.99823588, 0.010309171, 0.058470629, -2.2168219;
 -0.057887718, 0.38785809, 0.91989952, -3.5479088;
 -0.013194906, -0.92166144, 0.38777065, -2.8302596;
 0, 0, 0, 1]
Ow:
[1.9701856;
 -1.2096022;
 4.4908299]
Keyframe: 112 Frame: 936 Frame from vFrameID : 937
Tcw:
[0.99387622, 0.037903138, 0.10379508, 1.9095429;
 0.080899067, 0.39025101, -0.91714746, -1.261922;
 -0.075268902, 0.91992801, 0.38479486, 4.5875597;
 0, 0, 0, 1]
Twc:
[0.99387622, 0.080899067, -0.075268902, -1.4504603;
 0.037903138, 0.39025101, 0.91992801, -3.8001356;
 0.10379508, -0.91714746, 0.38479486, -3.1208391;
 0, 0, 0, 1]
Ow:
[1.9095429;
 -1.261922;
 4.5875597]
Keyframe: 113 Frame: 944 Frame from vFrameID : 945
Tcw:
[0.99069518, 0.040677316, 0.1298786, 1.9139988;
 0.10540117, 0.37441725, -0.9212504, -1.2656659;
 -0.086102784, 0.9263677, 0.36664593, 4.627142;
 0, 0, 0, 1]
Twc:
[0.99069518, 0.10540117, -0.086102784, -1.364377;
 0.040677316, 0.37441725, 0.9263677, -3.890404;
 0.1298786, -0.9212504, 0.36664593, -3.1111054;
 0, 0, 0, 1]
Ow:
[1.9139988;
 -1.2656659;
 4.627142]
Keyframe: 114 Frame: 953 Frame from vFrameID : 954
Tcw:
[0.9921298, 0.052420389, 0.11371257, 1.9275012;
 0.083321996, 0.40149781, -0.91206193, -1.2799408;
 -0.093465991, 0.91435856, 0.39397019, 4.6818027;
 0, 0, 0, 1]
Twc:
[0.9921298, 0.083321996, -0.093465991, -1.3680948;
 0.052420389, 0.40149781, 0.91435856, -3.8679934;
 0.11371257, -0.91206193, 0.39397019, -3.2310572;
 0, 0, 0, 1]
Ow:
[1.9275012;
 -1.2799408;
 4.6818027]
Keyframe: 115 Frame: 961 Frame from vFrameID : 962
Tcw:
[0.98919946, 0.080089912, 0.12276009, 1.9341526;
 0.08497408, 0.36907351, -0.92550749, -1.3062114;
 -0.11943131, 0.92594296, 0.35828176, 4.7303143;
 0, 0, 0, 1]
Twc:
[0.98919946, 0.08497408, -0.11943131, -1.2373209;
 0.080089912, 0.36907351, 0.92594296, -4.0528193;
 0.12276009, -0.92550749, 0.35828176, -3.1411304;
 0, 0, 0, 1]
Ow:
[1.9341526;
 -1.3062114;
 4.7303143]
Keyframe: 116 Frame: 970 Frame from vFrameID : 971
Tcw:
[0.97177118, 0.17253119, 0.16091549, 1.8756932;
 0.089060038, 0.36333141, -0.92739344, -1.2790009;
 -0.21846995, 0.91554534, 0.33770937, 4.8281708;
 0, 0, 0, 1]
Twc:
[0.97177118, 0.089060038, -0.21846995, -0.65402645;
 0.17253119, 0.36333141, 0.91554534, -4.2793241;
 0.16091549, -0.92739344, 0.33770937, -3.1184835;
 0, 0, 0, 1]
Ow:
[1.8756932;
 -1.2790009;
 4.8281708]
Keyframe: 117 Frame: 980 Frame from vFrameID : 981
Tcw:
[0.98327261, 0.14031979, 0.11612642, 1.9046776;
 0.065324388, 0.32347104, -0.94398052, -1.2531133;
 -0.17002268, 0.93577605, 0.30889392, 4.8669629;
 0, 0, 0, 1]
Twc:
[0.98327261, 0.065324388, -0.17002268, -0.96346438;
 0.14031979, 0.32347104, 0.93577605, -4.4163055;
 0.11612642, -0.94398052, 0.30889392, -2.9074731;
 0, 0, 0, 1]
Ow:
[1.9046776;
 -1.2531133;
 4.8669629]
Keyframe: 118 Frame: 988 Frame from vFrameID : 989
Tcw:
[0.99584401, 0.082766637, 0.038005427, 1.9373899;
 0.0083331382, 0.33274153, -0.94298124, -1.2424952;
 -0.09069337, 0.93937892, 0.33066896, 4.9077578;
 0, 0, 0, 1]
Twc:
[0.99584401, 0.0083331382, -0.09069337, -1.473883;
 0.082766637, 0.33274153, 0.93937892, -4.3571658;
 0.038005427, -0.94298124, 0.33066896, -2.868124;
 0, 0, 0, 1]
Ow:
[1.9373899;
 -1.2424952;
 4.9077578]
Keyframe: 119 Frame: 998 Frame from vFrameID : 999
Tcw:
[0.9984622, 0.055322558, 0.0035503332, 1.9262757;
 -0.013546527, 0.30558699, -0.95206779, -1.2111398;
 -0.05375576, 0.95055562, 0.30586651, 4.9328351;
 0, 0, 0, 1]
Twc:
[0.9984622, -0.013546527, -0.05375576, -1.674552;
 0.055322558, 0.30558699, 0.95055562, -4.4253922;
 0.0035503332, -0.95206779, 0.30586651, -2.668715;
 0, 0, 0, 1]
Ow:
[1.9262757;
 -1.2111398;
 4.9328351]
Keyframe: 120 Frame: 1006 Frame from vFrameID : 1007
Tcw:
[0.99757051, 0.069240928, 0.0076653454, 1.9426101;
 -0.012149229, 0.28126457, -0.95955336, -1.238904;
 -0.068596356, 0.957129, 0.28142247, 4.971489;
 0, 0, 0, 1]
Twc:
[0.99757051, -0.012149229, -0.068596356, -1.6119164;
 0.069240928, 0.28126457, 0.957129, -4.5444045;
 0.0076653454, -0.95955336, 0.28142247, -2.6027739;
 0, 0, 0, 1]
Ow:
[1.9426101;
 -1.238904;
 4.971489]
Keyframe: 121 Frame: 1014 Frame from vFrameID : 1015
Tcw:
[0.99738532, 0.069826059, -0.01862216, 1.9604034;
 -0.036000248, 0.25664002, -0.96583635, -1.2195975;
 -0.062661357, 0.96398145, 0.25848272, 5.0038753;
 0, 0, 0, 1]
Twc:
[0.99738532, -0.036000248, -0.062661357, -1.6856339;
 0.069826059, 0.25664002, 0.96398145, -4.6475329;
 -0.01862216, -0.96583635, 0.25848272, -2.4348402;
 0, 0, 0, 1]
Ow:
[1.9604034;
 -1.2195975;
 5.0038753]
Keyframe: 122 Frame: 1022 Frame from vFrameID : 1023
Tcw:
[0.99857521, 0.028364606, -0.045198981, 1.9686131;
 -0.050702255, 0.24025925, -0.96938372, -1.2095407;
 -0.016636714, 0.97029424, 0.24135509, 5.0491319;
 0, 0, 0, 1]
Twc:
[0.99857521, -0.050702255, -0.016636714, -1.9431337;
 0.028364606, 0.24025925, 0.97029424, -4.6643791;
 -0.045198981, -0.96938372, 0.24135509, -2.3021634;
 0, 0, 0, 1]
Ow:
[1.9686131;
 -1.2095407;
 5.0491319]
Keyframe: 123 Frame: 1032 Frame from vFrameID : 1033
Tcw:
[0.99790353, 0.064361058, -0.0067955162, 1.9819496;
 -0.022141736, 0.24085319, -0.97030896, -1.2465928;
 -0.06081339, 0.96842521, 0.24177332, 5.0922041;
 0, 0, 0, 1]
Twc:
[0.99790353, -0.022141736, -0.06081339, -1.695722;
 0.064361058, 0.24085319, 0.96842521, -4.7587337;
 -0.0067955162, -0.97030896, 0.24177332, -2.4272709;
 0, 0, 0, 1]
Ow:
[1.9819496;
 -1.2465928;
 5.0922041]
Keyframe: 124 Frame: 1040 Frame from vFrameID : 1041
Tcw:
[0.99549252, 0.08947894, 0.031435095, 1.9314367;
 0.0095473705, 0.23522049, -0.97189516, -1.2121409;
 -0.094358325, 0.96781445, 0.23330595, 5.1417336;
 0, 0, 0, 1]
Twc:
[0.99549252, 0.0095473705, -0.094358325, -1.4259926;
 0.08947894, 0.23522049, 0.96781445, -4.8639469;
 0.031435095, -0.97189516, 0.23330595, -2.438386;
 0, 0, 0, 1]
Ow:
[1.9314367;
 -1.2121409;
 5.1417336]
Keyframe: 125 Frame: 1048 Frame from vFrameID : 1049
Tcw:
[0.99433929, 0.10290633, 0.026450291, 1.9207613;
 0.0026201904, 0.22511648, -0.97432834, -1.2167662;
 -0.10621895, 0.96888226, 0.22357252, 5.1852155;
 0, 0, 0, 1]
Twc:
[0.99433929, 0.0026201904, -0.10621895, -1.3559321;
 0.10290633, 0.22511648, 0.96888226, -4.947608;
 0.026450291, -0.97432834, 0.22357252, -2.3956063;
 0, 0, 0, 1]
Ow:
[1.9207613;
 -1.2167662;
 5.1852155]
Keyframe: 126 Frame: 1056 Frame from vFrameID : 1057
Tcw:
[0.99730635, 0.071836151, -0.014817734, 1.9238231;
 -0.031520899, 0.2373347, -0.97091639, -1.2181368;
 -0.066230133, 0.96876818, 0.23895974, 5.1973124;
 0, 0, 0, 1]
Twc:
[0.99730635, -0.031520899, -0.066230133, -1.6128192;
 0.071836151, 0.2373347, 0.96876818, -4.8840847;
 -0.014817734, -0.97091639, 0.23895974, -2.3961508;
 0, 0, 0, 1]
Ow:
[1.9238231;
 -1.2181368;
 5.1973124]
Keyframe: 127 Frame: 1065 Frame from vFrameID : 1066
Tcw:
[0.9952206, 0.095750779, 0.019177252, 1.939065;
 -0.0025913259, 0.22220893, -0.97499561, -1.2330791;
 -0.097617947, 0.97028601, 0.22139503, 5.2592421;
 0, 0, 0, 1]
Twc:
[0.9952206, -0.0025913259, -0.097617947, -1.4195962;
 0.095750779, 0.22220893, 0.97028601, -5.0146351;
 0.019177252, -0.97499561, 0.22139503, -2.4038026;
 0, 0, 0, 1]
Ow:
[1.939065;
 -1.2330791;
 5.2592421]
Keyframe: 128 Frame: 1074 Frame from vFrameID : 1075
Tcw:
[0.99376953, 0.10496347, 0.037480503, 1.9604138;
 0.012165687, 0.2321195, -0.97261119, -1.2468108;
 -0.11078861, 0.96700734, 0.22939634, 5.2882147;
 0, 0, 0, 1]
Twc:
[0.99376953, 0.012165687, -0.11078861, -1.3471572;
 0.10496347, 0.2321195, 0.96700734, -5.0301051;
 0.037480503, -0.97261119, 0.22939634, -2.4992366;
 0, 0, 0, 1]
Ow:
[1.9604138;
 -1.2468108;
 5.2882147]
Keyframe: 129 Frame: 1082 Frame from vFrameID : 1083
Tcw:
[0.99750954, 0.063016988, -0.031679388, 1.9814801;
 -0.044239257, 0.20918632, -0.97687459, -1.2412728;
 -0.054932799, 0.97584319, 0.21145317, 5.3028932;
 0, 0, 0, 1]
Twc:
[0.99750954, -0.044239257, -0.054932799, -1.7401555;
 0.063016988, 0.20918632, 0.97584319, -5.0400019;
 -0.031679388, -0.97687459, 0.21145317, -2.2711093;
 0, 0, 0, 1]
Ow:
[1.9814801;
 -1.2412728;
 5.3028932]
Keyframe: 130 Frame: 1090 Frame from vFrameID : 1091
Tcw:
[0.99812067, 0.054526985, -0.027963795, 1.9920126;
 -0.040371466, 0.2418098, -0.96948344, -1.2565281;
 -0.04610109, 0.96879041, 0.24355669, 5.3320565;
 0, 0, 0, 1]
Twc:
[0.99812067, -0.040371466, -0.04610109, -1.7931832;
 0.054526985, 0.2418098, 0.96879041, -4.9704227;
 -0.027963795, -0.96948344, 0.24355669, -2.4611371;
 0, 0, 0, 1]
Ow:
[1.9920126;
 -1.2565281;
 5.3320565]
Keyframe: 131 Frame: 1098 Frame from vFrameID : 1099
Tcw:
[0.99365211, 0.099995576, 0.051539917, 1.9672526;
 0.027427861, 0.2289791, -0.97304487, -1.2287191;
 -0.10910174, 0.96828169, 0.2247829, 5.372561;
 0, 0, 0, 1]
Twc:
[0.99365211, 0.027427861, -0.10910174, -1.3349079;
 0.099995576, 0.2289791, 0.96828169, -5.1175184;
 0.051539917, -0.97304487, 0.2247829, -2.5046508;
 0, 0, 0, 1]
Ow:
[1.9672526;
 -1.2287191;
 5.372561]
Keyframe: 132 Frame: 1107 Frame from vFrameID : 1108
Tcw:
[0.99296266, 0.10665541, 0.051476393, 1.984367;
 0.024886617, 0.23703848, -0.97118145, -1.228628;
 -0.11578364, 0.96562797, 0.23271605, 5.4032979;
 0, 0, 0, 1]
Twc:
[0.99296266, 0.024886617, -0.11578364, -1.3142124;
 0.10665541, 0.23703848, 0.96562797, -5.1379871;
 0.051476393, -0.97118145, 0.23271605, -2.552803;
 0, 0, 0, 1]
Ow:
[1.984367;
 -1.228628;
 5.4032979]
Keyframe: 133 Frame: 1116 Frame from vFrameID : 1117
Tcw:
[0.99815995, 0.06038484, -0.0055096541, 2.0111423;
 -0.018836748, 0.222431, -0.97476643, -1.2457116;
 -0.057635598, 0.97307664, 0.22315918, 5.4410162;
 0, 0, 0, 1]
Twc:
[0.99815995, -0.018836748, -0.057635598, -1.7173105;
 0.06038484, 0.222431, 0.97307664, -5.1388831;
 -0.0055096541, -0.97476643, 0.22315918, -2.4174099;
 0, 0, 0, 1]
Ow:
[2.0111423;
 -1.2457116;
 5.4410162]
Keyframe: 134 Frame: 1125 Frame from vFrameID : 1126
Tcw:
[0.99881285, 0.04299638, -0.02289653, 2.0241151;
 -0.031031273, 0.19928212, -0.9794507, -1.2354128;
 -0.037549965, 0.97899842, 0.20037977, 5.4753661;
 0, 0, 0, 1]
Twc:
[0.99881285, -0.031031273, -0.037549965, -1.8544487;
 0.04299638, 0.19928212, 0.97899842, -5.2012086;
 -0.02289653, -0.9794507, 0.20037977, -2.2608333;
 0, 0, 0, 1]
Ow:
[2.0241151;
 -1.2354128;
 5.4753661]
Keyframe: 135 Frame: 1133 Frame from vFrameID : 1134
Tcw:
[0.99738944, 0.065907791, 0.0295034, 2.007014;
 0.014974433, 0.21091551, -0.97738957, -1.2375319;
 -0.070640311, 0.97527987, 0.20937797, 5.4952888;
 0, 0, 0, 1]
Twc:
[0.99738944, 0.014974433, -0.070640311, -1.5950544;
 0.065907791, 0.21091551, 0.97527987, -5.2307076;
 0.0295034, -0.97738957, 0.20937797, -2.4193571;
 0, 0, 0, 1]
Ow:
[2.007014;
 -1.2375319;
 5.4952888]
Keyframe: 136 Frame: 1141 Frame from vFrameID : 1142
Tcw:
[0.99749148, 0.06480898, 0.028470373, 2.0291126;
 0.012664165, 0.23232335, -0.97255617, -1.2384307;
 -0.069644704, 0.97047704, 0.23091981, 5.5060067;
 0, 0, 0, 1]
Twc:
[0.99749148, 0.012664165, -0.069644704, -1.6248745;
 0.06480898, 0.23232335, 0.97047704, -5.1872411;
 0.028470373, -0.97255617, 0.23091981, -2.533659;
 0, 0, 0, 1]
Ow:
[2.0291126;
 -1.2384307;
 5.5060067]
Keyframe: 137 Frame: 1150 Frame from vFrameID : 1151
Tcw:
[0.99963599, 0.026754446, -0.0034712995, 2.0321705;
 -0.0096558286, 0.23465653, -0.9720304, -1.2439789;
 -0.025191572, 0.97171009, 0.23482944, 5.5443988;
 0, 0, 0, 1]
Twc:
[0.99963599, -0.0096558286, -0.025191572, -1.9037702;
 0.026754446, 0.23465653, 0.97171009, -5.1500101;
 -0.0034712995, -0.9720304, 0.23482944, -2.5041192;
 0, 0, 0, 1]
Ow:
[2.0321705;
 -1.2439789;
 5.5443988]
Keyframe: 138 Frame: 1159 Frame from vFrameID : 1160
Tcw:
[0.99884349, 0.038440812, 0.028878517, 2.0299323;
 0.020045076, 0.2130021, -0.9768461, -1.2583321;
 -0.043701943, 0.97629523, 0.21198522, 5.5783987;
 0, 0, 0, 1]
Twc:
[0.99884349, 0.020045076, -0.043701943, -1.7585745;
 0.038440812, 0.2130021, 0.97629523, -5.2561688;
 0.028878517, -0.9768461, 0.21198522, -2.4703562;
 0, 0, 0, 1]
Ow:
[2.0299323;
 -1.2583321;
 5.5783987]
