Keyframe: 0 Frame: 0 Frame from vFrameID : 59
Tcw:
[0.99978513, -0.020599579, -0.0023127799, 0.041114498;
 0.012958587, 0.70818931, -0.70590365, 0.0018644296;
 0.016179204, 0.70572197, 0.70830411, -0.079474896;
 0, 0, 0, 1]
Twc:
[0.99978513, 0.012958587, 0.016179204, -0.039843984;
 -0.020599579, 0.70818931, 0.70572197, 0.05561376;
 -0.0023127799, -0.70590365, 0.70830411, 0.057703592;
 0, 0, 0, 1]
Ow:
[0.041114498;
 0.0018644296;
 -0.079474896]
Keyframe: 1 Frame: 70 Frame from vFrameID : 59
Tcw:
[0.99994284, -0.0087263305, -0.0061738025, 0.040459368;
 0.0018361342, 0.7091918, -0.70501322, 0.0078335032;
 0.010530588, 0.7049616, 0.7091673, -0.079921626;
 0, 0, 0, 1]
Twc:
[0.99994284, 0.0018361342, 0.010530588, -0.039629817;
 -0.0087263305, 0.7091918, 0.7049616, 0.05113928;
 -0.0061738025, -0.70501322, 0.7091673, 0.062450316;
 0, 0, 0, 1]
Ow:
[0.040459368;
 0.0078335032;
 -0.079921626]
Keyframe: 2 Frame: 73 Frame from vFrameID : 74
Tcw:
[0.99995047, -0.0058876909, -0.0080218613, 0.041364603;
 -0.001438154, 0.71218938, -0.7019859, 0.009568166;
 0.0098461611, 0.70196271, 0.71214563, -0.080711074;
 0, 0, 0, 1]
Twc:
[0.99995047, -0.001438154, 0.0098461611, -0.040554103;
 -0.0058876909, 0.71218938, 0.70196271, 0.050085362;
 -0.0080218613, -0.7019859, 0.71214563, 0.06452658;
 0, 0, 0, 1]
Ow:
[0.041364603;
 0.009568166;
 -0.080711074]
Keyframe: 3 Frame: 75 Frame from vFrameID : 76
Tcw:
[0.99994451, -0.0082516633, -0.0065499488, 0.041826516;
 0.0012954385, 0.71330249, -0.70085514, 0.0098810084;
 0.010455315, 0.70080775, 0.71327358, -0.081180573;
 0, 0, 0, 1]
Twc:
[0.99994451, 0.0012954385, 0.010455315, -0.040988225;
 -0.0082516633, 0.71330249, 0.70080775, 0.050188966;
 -0.0065499488, -0.70085514, 0.71327358, 0.065103076;
 0, 0, 0, 1]
Ow:
[0.041826516;
 0.0098810084;
 -0.081180573]
Keyframe: 4 Frame: 76 Frame from vFrameID : 77
Tcw:
[0.99996036, -0.0082979491, -0.0032344391, 0.041562736;
 0.0036554672, 0.71358037, -0.70056385, 0.010737889;
 0.0081212753, 0.70052421, 0.7135824, -0.081621125;
 0, 0, 0, 1]
Twc:
[0.99996036, 0.0036554672, 0.0081212753, -0.040937472;
 -0.0082979491, 0.71358037, 0.70052421, 0.049860116;
 -0.0032344391, -0.70056385, 0.7135824, 0.065900408;
 0, 0, 0, 1]
Ow:
[0.041562736;
 0.010737889;
 -0.081621125]
Keyframe: 5 Frame: 77 Frame from vFrameID : 78
Tcw:
[0.99996173, -0.0079627838, -0.0036165428, 0.041991692;
 0.0031500342, 0.7137053, -0.70043898, 0.010706138;
 0.0081585897, 0.70040083, 0.7137031, -0.081749216;
 0, 0, 0, 1]
Twc:
[0.99996173, 0.0031500342, 0.0081585897, -0.041356854;
 -0.0079627838, 0.7137053, 0.70040083, 0.049950562;
 -0.0036165428, -0.70043898, 0.7137031, 0.065995529;
 0, 0, 0, 1]
Ow:
[0.041991692;
 0.010706138;
 -0.081749216]
Keyframe: 6 Frame: 78 Frame from vFrameID : 79
Tcw:
[0.99998397, -0.0056621106, 0.00020422888, 0.041228693;
 0.0041931556, 0.71534848, -0.69875532, 0.010898802;
 0.003810335, 0.69874495, 0.71536076, -0.082132198;
 0, 0, 0, 1]
Twc:
[0.99998397, 0.0041931556, 0.003810335, -0.040960778;
 -0.0056621106, 0.71534848, 0.69874495, 0.049826458;
 0.00020422888, -0.69875532, 0.71536076, 0.066361323;
 0, 0, 0, 1]
Ow:
[0.041228693;
 0.010898802;
 -0.082132198]
Keyframe: 7 Frame: 79 Frame from vFrameID : 80
Tcw:
[0.99999213, -0.0021209083, 0.0033459768, 0.041188441;
 0.0038517849, 0.71797431, -0.69605899, 0.010715015;
 -0.00092604809, 0.69606638, 0.71797681, -0.082823135;
 0, 0, 0, 1]
Twc:
[0.99999213, 0.0038517849, -0.00092604809, -0.041306086;
 -0.0021209083, 0.71797431, 0.69606638, 0.050044652;
 0.0033459768, -0.69605899, 0.71797681, 0.066785559;
 0, 0, 0, 1]
Ow:
[0.041188441;
 0.010715015;
 -0.082823135]
Keyframe: 8 Frame: 81 Frame from vFrameID : 82
Tcw:
[0.99995577, 9.4647803e-05, 0.0094027212, 0.039769635;
 0.0064583318, 0.71987498, -0.69407368, 0.010161683;
 -0.0068344763, 0.69410372, 0.71984255, -0.083051644;
 0, 0, 0, 1]
Twc:
[0.99995577, 0.0064583318, -0.0068344763, -0.04040112;
 9.4647803e-05, 0.71987498, 0.69410372, 0.050327547;
 0.0094027212, -0.69407368, 0.71984255, 0.06646312;
 0, 0, 0, 1]
Ow:
[0.039769635;
 0.010161683;
 -0.083051644]
Keyframe: 9 Frame: 85 Frame from vFrameID : 86
Tcw:
[0.99978817, -0.0032542723, 0.020324387, 0.038397603;
 0.016642718, 0.70882684, -0.70518619, 0.0096803531;
 -0.012111603, 0.70537502, 0.70873082, -0.083231665;
 0, 0, 0, 1]
Twc:
[0.99978817, 0.016642718, -0.012111603, -0.039558642;
 -0.0032542723, 0.70882684, 0.70537502, 0.051972803;
 0.020324387, -0.70518619, 0.70873082, 0.065034889;
 0, 0, 0, 1]
Ow:
[0.038397603;
 0.0096803531;
 -0.083231665]
Keyframe: 10 Frame: 88 Frame from vFrameID : 89
Tcw:
[0.99968231, -0.0064056581, 0.024376668, 0.037455041;
 0.021820813, 0.70399088, -0.70987374, 0.0099912658;
 -0.012613744, 0.71018016, 0.70390701, -0.083472632;
 0, 0, 0, 1]
Twc:
[0.99968231, 0.021820813, -0.012613744, -0.038714066;
 -0.0064056581, 0.70399088, 0.71018016, 0.052486766;
 0.024376668, -0.70987374, 0.70390701, 0.064936474;
 0, 0, 0, 1]
Ow:
[0.037455041;
 0.0099912658;
 -0.083472632]
Keyframe: 11 Frame: 92 Frame from vFrameID : 93
Tcw:
[0.99959284, -0.018060682, 0.022089949, 0.03658995;
 0.028416829, 0.7000286, -0.7135492, 0.010468964;
 -0.0025764108, 0.71388638, 0.70025682, -0.084259704;
 0, 0, 0, 1]
Twc:
[0.99959284, 0.028416829, -0.0025764108, -0.037089635;
 -0.018060682, 0.7000286, 0.71388638, 0.053484119;
 0.022089949, -0.7135492, 0.70025682, 0.065665275;
 0, 0, 0, 1]
Ow:
[0.03658995;
 0.010468964;
 -0.084259704]
Keyframe: 12 Frame: 95 Frame from vFrameID : 96
Tcw:
[0.99968952, -0.013049061, 0.021226259, 0.036380455;
 0.024270486, 0.70270354, -0.71106869, 0.010072425;
 -0.0056369896, 0.71136308, 0.70280212, -0.083913043;
 0, 0, 0, 1]
Twc:
[0.99968952, 0.024270486, -0.0056369896, -0.037086643;
 -0.013049061, 0.70270354, 0.71136308, 0.053089444;
 0.021226259, -0.71106869, 0.70280212, 0.065364227;
 0, 0, 0, 1]
Ow:
[0.036380455;
 0.010072425;
 -0.083913043]
Keyframe: 13 Frame: 98 Frame from vFrameID : 99
Tcw:
[0.99957949, -0.016179763, 0.024062835, 0.037154075;
 0.02851673, 0.69887531, -0.71467477, 0.010266859;
 -0.0052536521, 0.71506047, 0.69904286, -0.084290758;
 0, 0, 0, 1]
Twc:
[0.99957949, 0.02851673, -0.0052536521, -0.037874065;
 -0.016179763, 0.69887531, 0.71506047, 0.053698875;
 0.024062835, -0.71467477, 0.69904286, 0.065366283;
 0, 0, 0, 1]
Ow:
[0.037154075;
 0.010266859;
 -0.084290758]
Keyframe: 14 Frame: 102 Frame from vFrameID : 103
Tcw:
[0.99978572, -0.0090127615, 0.018635815, 0.036605224;
 0.019633466, 0.69818521, -0.71564794, 0.0094004162;
 -0.0065612854, 0.71586049, 0.6982125, -0.083904803;
 0, 0, 0, 1]
Twc:
[0.99978572, 0.019633466, -0.0065612854, -0.037332464;
 -0.0090127615, 0.69818521, 0.71586049, 0.053830814;
 0.018635815, -0.71564794, 0.6982125, 0.064628601;
 0, 0, 0, 1]
Ow:
[0.036605224;
 0.0094004162;
 -0.083904803]
Keyframe: 15 Frame: 107 Frame from vFrameID : 108
Tcw:
[0.99993336, 0.0081153493, 0.0082104579, 0.036316447;
 0.00016850742, 0.70087796, -0.71328121, 0.008898329;
 -0.011543055, 0.71323508, 0.70082986, -0.083023109;
 0, 0, 0, 1]
Twc:
[0.99993336, 0.00016850742, -0.011543055, -0.037273869;
 0.0081153493, 0.70087796, 0.71323508, 0.052683625;
 0.0082104579, -0.71328121, 0.70082986, 0.064233907;
 0, 0, 0, 1]
Ow:
[0.036316447;
 0.008898329;
 -0.083023109]
Keyframe: 16 Frame: 112 Frame from vFrameID : 113
Tcw:
[0.99956506, 0.02921498, -0.0040262938, 0.037682004;
 -0.023134543, 0.69210392, -0.72142702, 0.0089427084;
 -0.018289862, 0.72120637, 0.69247878, -0.082518257;
 0, 0, 0, 1]
Twc:
[0.99956506, -0.023134543, -0.018289862, -0.038967978;
 0.02921498, 0.69210392, 0.72120637, 0.052222531;
 -0.0040262938, -0.72142702, 0.69247878, 0.063745372;
 0, 0, 0, 1]
Ow:
[0.037682004;
 0.0089427084;
 -0.082518257]
Keyframe: 17 Frame: 117 Frame from vFrameID : 118
Tcw:
[0.99969387, 0.024445364, -0.0038151871, 0.038550552;
 -0.019469831, 0.68213773, -0.73096448, 0.0087938495;
 -0.01526621, 0.73081499, 0.68240482, -0.082337692;
 0, 0, 0, 1]
Twc:
[0.99969387, -0.019469831, -0.01526621, -0.039624523;
 0.024445364, 0.68213773, 0.73081499, 0.053232621;
 -0.0038151871, -0.73096448, 0.68240482, 0.062762707;
 0, 0, 0, 1]
Ow:
[0.038550552;
 0.0087938495;
 -0.082337692]
Keyframe: 18 Frame: 122 Frame from vFrameID : 123
Tcw:
[0.99991763, 0.010839391, -0.0068748686, 0.038739774;
 -0.012434918, 0.68522912, -0.72822142, 0.0088861771;
 -0.0031826168, 0.72824693, 0.68530744, -0.082985923;
 0, 0, 0, 1]
Twc:
[0.99991763, -0.012434918, -0.0031826168, -0.038890198;
 0.010839391, 0.68522912, 0.72824693, 0.053925261;
 -0.0068748686, -0.72822142, 0.68530744, 0.063608304;
 0, 0, 0, 1]
Ow:
[0.038739774;
 0.0088861771;
 -0.082985923]
Keyframe: 19 Frame: 126 Frame from vFrameID : 127
Tcw:
[0.99996603, 0.0061504678, -0.0054858099, 0.038165849;
 -0.0082066897, 0.68198591, -0.73131925, 0.0095299333;
 -0.00075671065, 0.73133945, 0.68201321, -0.083701804;
 0, 0, 0, 1]
Twc:
[0.99996603, -0.0082066897, -0.00075671065, -0.038149681;
 0.0061504678, 0.68198591, 0.73133945, 0.054480419;
 -0.0054858099, -0.73131925, 0.68201321, 0.064264536;
 0, 0, 0, 1]
Ow:
[0.038165849;
 0.0095299333;
 -0.083701804]
Keyframe: 20 Frame: 132 Frame from vFrameID : 133
Tcw:
[0.99994504, 0.0082816649, 0.0064278604, 0.036826901;
 -0.00094630849, 0.68194306, -0.73140466, 0.010242462;
 -0.010440683, 0.73135841, 0.68191338, -0.084103703;
 0, 0, 0, 1]
Twc:
[0.99994504, -0.00094630849, -0.010440683, -0.037693284;
 0.0082816649, 0.68194306, 0.73135841, 0.054220188;
 0.0064278604, -0.73140466, 0.68191338, 0.064606115;
 0, 0, 0, 1]
Ow:
[0.036826901;
 0.010242462;
 -0.084103703]
Keyframe: 21 Frame: 138 Frame from vFrameID : 139
Tcw:
[0.99925488, 0.01225208, 0.036599841, 0.034906898;
 0.018196959, 0.68671453, -0.72669941, 0.01113113;
 -0.034037221, 0.72682393, 0.6859799, -0.085172348;
 0, 0, 0, 1]
Twc:
[0.99925488, 0.018196959, -0.034037221, -0.037982471;
 0.01225208, 0.68671453, 0.72682393, 0.053833712;
 0.036599841, -0.72669941, 0.6859799, 0.065237917;
 0, 0, 0, 1]
Ow:
[0.034906898;
 0.01113113;
 -0.085172348]
Keyframe: 22 Frame: 143 Frame from vFrameID : 144
Tcw:
[0.99895477, 0.014705576, 0.043279573, 0.034325082;
 0.020526959, 0.70167041, -0.71220595, 0.011762556;
 -0.040841397, 0.71234989, 0.70063514, -0.086257823;
 0, 0, 0, 1]
Twc:
[0.99895477, 0.020526959, -0.040841397, -0.038053542;
 0.014705576, 0.70167041, 0.71234989, 0.052687544;
 0.043279573, -0.71220595, 0.70063514, 0.067327045;
 0, 0, 0, 1]
Ow:
[0.034325082;
 0.011762556;
 -0.086257823]
Keyframe: 23 Frame: 148 Frame from vFrameID : 149
Tcw:
[0.99871182, 0.019047705, 0.04703109, 0.033311859;
 0.019745681, 0.70792347, -0.70601308, 0.011593085;
 -0.046742342, 0.70603222, 0.70663542, -0.08609958;
 0, 0, 0, 1]
Twc:
[0.99871182, 0.019745681, -0.046742342, -0.037522357;
 0.019047705, 0.70792347, 0.70603222, 0.051947549;
 0.04703109, -0.70601308, 0.70663542, 0.067459188;
 0, 0, 0, 1]
Ow:
[0.033311859;
 0.011593085;
 -0.08609958]
Keyframe: 24 Frame: 154 Frame from vFrameID : 155
Tcw:
[0.99891227, 0.018358404, 0.042863477, 0.036625959;
 0.017923579, 0.69744402, -0.71641511, 0.011176027;
 -0.043047115, 0.71640408, 0.6963563, -0.084247477;
 0, 0, 0, 1]
Twc:
[0.99891227, 0.017923579, -0.043047115, -0.040413041;
 0.018358404, 0.69744402, 0.71640408, 0.05188819;
 0.042863477, -0.71641511, 0.6963563, 0.065103024;
 0, 0, 0, 1]
Ow:
[0.036625959;
 0.011176027;
 -0.084247477]
Keyframe: 25 Frame: 160 Frame from vFrameID : 161
Tcw:
[0.99899548, 0.017415179, 0.041288782, 0.037281264;
 0.01755398, 0.69566739, -0.71814954, 0.0073565133;
 -0.04122996, 0.71815294, 0.69466287, -0.080416791;
 0, 0, 0, 1]
Twc:
[0.99899548, 0.01755398, -0.04122996, -0.04068853;
 0.017415179, 0.69566739, 0.71815294, 0.051984604;
 0.041288782, -0.71814954, 0.69466287, 0.059606332;
 0, 0, 0, 1]
Ow:
[0.037281264;
 0.0073565133;
 -0.080416791]
Keyframe: 26 Frame: 166 Frame from vFrameID : 167
Tcw:
[0.99982607, 0.012248168, 0.014066231, 0.040674772;
 0.0010388539, 0.71642226, -0.69766617, 0.0069066249;
 -0.018622493, 0.69755942, 0.71628493, -0.07821086;
 0, 0, 0, 1]
Twc:
[0.99982607, 0.0010388539, -0.018622493, -0.042131349;
 0.012248168, 0.71642226, 0.69755942, 0.049110468;
 0.014066231, -0.69766617, 0.71628493, 0.060267635;
 0, 0, 0, 1]
Ow:
[0.040674772;
 0.0069066249;
 -0.07821086]
Keyframe: 27 Frame: 172 Frame from vFrameID : 173
Tcw:
[0.99985039, 0.0085079279, 0.015059573, 0.043127228;
 0.0042704921, 0.72228223, -0.69158524, 0.0052311309;
 -0.016761219, 0.69154608, 0.72213781, -0.075724274;
 0, 0, 0, 1]
Twc:
[0.99985039, 0.0042704921, -0.016761219, -0.044412348;
 0.0085079279, 0.72228223, 0.69154608, 0.048221551;
 0.015059573, -0.69158524, 0.72213781, 0.057651661;
 0, 0, 0, 1]
Ow:
[0.043127228;
 0.0052311309;
 -0.075724274]
Keyframe: 28 Frame: 181 Frame from vFrameID : 182
Tcw:
[0.99829412, 0.042569701, 0.039958611, 0.045990057;
 -0.0013284824, 0.70077688, -0.71337926, 0.0021033101;
 -0.058370411, 0.71210921, 0.69963801, -0.066354364;
 0, 0, 0, 1]
Twc:
[0.99829412, -0.0013284824, -0.058370411, -0.049781941;
 0.042569701, 0.70077688, 0.71210921, 0.043819822;
 0.039958611, -0.71337926, 0.69963801, 0.046086792;
 0, 0, 0, 1]
Ow:
[0.045990057;
 0.0021033101;
 -0.066354364]
Keyframe: 29 Frame: 190 Frame from vFrameID : 191
Tcw:
[0.99751967, 0.033170696, 0.062082145, 0.049616165;
 0.02094638, 0.70214927, -0.7117216, 0.0018345583;
 -0.06719923, 0.71125674, 0.69971287, -0.054859161;
 0, 0, 0, 1]
Twc:
[0.99751967, 0.02094638, -0.06719923, -0.053218022;
 0.033170696, 0.70214927, 0.71125674, 0.03608501;
 0.062082145, -0.7117216, 0.69971287, 0.03661108;
 0, 0, 0, 1]
Ow:
[0.049616165;
 0.0018345583;
 -0.054859161]
Keyframe: 30 Frame: 198 Frame from vFrameID : 199
Tcw:
[0.99896413, 0.029589543, 0.034570057, 0.059018183;
 0.0050803069, 0.68243921, -0.73092473, 0.00092835538;
 -0.04521969, 0.73034322, 0.68158197, -0.043937601;
 0, 0, 0, 1]
Twc:
[0.99896413, 0.0050803069, -0.04521969, -0.06094861;
 0.029589543, 0.68243921, 0.73034322, 0.029709658;
 0.034570057, -0.73092473, 0.68158197, 0.028585371;
 0, 0, 0, 1]
Ow:
[0.059018183;
 0.00092835538;
 -0.043937601]
Keyframe: 31 Frame: 206 Frame from vFrameID : 207
Tcw:
[0.99846137, 0.049481284, 0.025029149, 0.063560538;
 -0.015719756, 0.68543077, -0.72796816, -0.0043128608;
 -0.053176545, 0.72645462, 0.68515396, -0.026508713;
 0, 0, 0, 1]
Twc:
[0.99846137, -0.015719756, -0.053176545, -0.064940184;
 0.049481284, 0.68543077, 0.72645462, 0.019068487;
 0.025029149, -0.72796816, 0.68515396, 0.013432059;
 0, 0, 0, 1]
Ow:
[0.063560538;
 -0.0043128608;
 -0.026508713]
Keyframe: 32 Frame: 214 Frame from vFrameID : 215
Tcw:
[0.99604023, 0.066666998, 0.058816426, 0.062051918;
 -0.0026824528, 0.68380982, -0.72965533, -0.0053986525;
 -0.088863179, 0.72660828, 0.68128097, -0.012825528;
 0, 0, 0, 1]
Twc:
[0.99604023, -0.0026824528, -0.088863179, -0.062960409;
 0.066666998, 0.68380982, 0.72660828, 0.0088739721;
 0.058816426, -0.72965533, 0.68128097, 0.00114896;
 0, 0, 0, 1]
Ow:
[0.062051918;
 -0.0053986525;
 -0.012825528]
Keyframe: 33 Frame: 222 Frame from vFrameID : 223
Tcw:
[0.99596137, 0.057350092, 0.06907919, 0.070179313;
 0.012760358, 0.67117476, -0.7411893, -0.0074366038;
 -0.088871486, 0.73907739, 0.66773236, -0.0010286341;
 0, 0, 0, 1]
Twc:
[0.99596137, 0.012760358, -0.088871486, -0.069892406;
 0.057350092, 0.67117476, 0.73907739, 0.0017267112;
 0.06907919, -0.7411893, 0.66773236, -0.0096730087;
 0, 0, 0, 1]
Ow:
[0.070179313;
 -0.0074366038;
 -0.0010286341]
Keyframe: 34 Frame: 231 Frame from vFrameID : 232
Tcw:
[0.99833912, 0.036265463, 0.044764522, 0.081779189;
 0.010600651, 0.6481089, -0.76147389, -0.0060635908;
 -0.05662749, 0.76068366, 0.64664805, 0.017485738;
 0, 0, 0, 1]
Twc:
[0.99833912, 0.010600651, -0.05662749, -0.080588907;
 0.036265463, 0.6481089, 0.76068366, -0.012337008;
 0.044764522, -0.76147389, 0.64664805, -0.019585188;
 0, 0, 0, 1]
Ow:
[0.081779189;
 -0.0060635908;
 0.017485738]
Keyframe: 35 Frame: 240 Frame from vFrameID : 241
Tcw:
[0.99886477, 0.046806473, 0.0088531636, 0.091135971;
 -0.023895552, 0.65310055, -0.75689411, -0.012695419;
 -0.041209549, 0.75582325, 0.65347761, 0.031191152;
 0, 0, 0, 1]
Twc:
[0.99886477, -0.023895552, -0.041209549, -0.090050496;
 0.046806473, 0.65310055, 0.75582325, -0.019549366;
 0.0088531636, -0.75689411, 0.65347761, -0.030798646;
 0, 0, 0, 1]
Ow:
[0.091135971;
 -0.012695419;
 0.031191152]
Keyframe: 36 Frame: 249 Frame from vFrameID : 250
Tcw:
[0.99853772, 0.053962037, -0.0032345227, 0.094985999;
 -0.037521917, 0.64876354, -0.76006442, -0.020133333;
 -0.038916185, 0.75907439, 0.64983964, 0.042648997;
 0, 0, 0, 1]
Twc:
[0.99853772, -0.037521917, -0.038916185, -0.093942821;
 0.053962037, 0.64876354, 0.75907439, -0.024437627;
 -0.0032345227, -0.76006442, 0.64983964, -0.042710409;
 0, 0, 0, 1]
Ow:
[0.094985999;
 -0.020133333;
 0.042648997]
Keyframe: 37 Frame: 258 Frame from vFrameID : 259
Tcw:
[0.99654227, 0.076395214, 0.032669604, 0.099665649;
 -0.025478449, 0.6552248, -0.75500417, -0.022475895;
 -0.079084642, 0.75156122, 0.65490562, 0.052896999;
 0, 0, 0, 1]
Twc:
[0.99654227, -0.025478449, -0.079084642, -0.095710345;
 0.076395214, 0.6552248, 0.75156122, -0.032642543;
 0.032669604, -0.75500417, 0.65490562, -0.054867975;
 0, 0, 0, 1]
Ow:
[0.099665649;
 -0.022475895;
 0.052896999]
Keyframe: 38 Frame: 266 Frame from vFrameID : 267
Tcw:
[0.99868488, 0.046293005, -0.022033978, 0.11365999;
 -0.046178427, 0.62550396, -0.77885324, -0.013478415;
 -0.022273118, 0.77884644, 0.62681907, 0.064941078;
 0, 0, 0, 1]
Twc:
[0.99868488, -0.046178427, -0.022273118, -0.11268649;
 0.046293005, 0.62550396, 0.77884644, -0.047409989;
 -0.022033978, -0.77885324, 0.62681907, -0.048699632;
 0, 0, 0, 1]
Ow:
[0.11365999;
 -0.013478415;
 0.064941078]
Keyframe: 39 Frame: 275 Frame from vFrameID : 276
Tcw:
[0.99884391, 0.038170051, -0.029221207, 0.1176222;
 -0.047121786, 0.65724277, -0.75220442, -0.01630527;
 -0.0095062554, 0.75271177, 0.65828156, 0.073666602;
 0, 0, 0, 1]
Twc:
[0.99884391, -0.047121786, -0.0095062554, -0.11755427;
 0.038170051, 0.65724277, 0.75271177, -0.049222846;
 -0.029221207, -0.75220442, 0.65828156, -0.057321206;
 0, 0, 0, 1]
Ow:
[0.1176222;
 -0.01630527;
 0.073666602]
Keyframe: 40 Frame: 284 Frame from vFrameID : 285
Tcw:
[0.9987033, 0.048964206, 0.013938113, 0.12040142;
 -0.020375578, 0.63533926, -0.77196425, -0.01484729;
 -0.046654046, 0.77067924, 0.63551307, 0.090053111;
 0, 0, 0, 1]
Twc:
[0.9987033, -0.020375578, -0.046654046, -0.11634646;
 0.048964206, 0.63533926, 0.77067924, -0.065864362;
 0.013938113, -0.77196425, 0.63551307, -0.070369683;
 0, 0, 0, 1]
Ow:
[0.12040142;
 -0.01484729;
 0.090053111]
Keyframe: 41 Frame: 294 Frame from vFrameID : 295
Tcw:
[0.99809843, 0.040572017, 0.046405058, 0.12832902;
 0.008351421, 0.65688682, -0.75394291, -0.015007611;
 -0.061071858, 0.75289679, 0.65529889, 0.10018823;
 0, 0, 0, 1]
Twc:
[0.99809843, 0.008351421, -0.061071858, -0.12184098;
 0.040572017, 0.65688682, 0.75289679, -0.070779659;
 0.046405058, -0.75394291, 0.65529889, -0.082923226;
 0, 0, 0, 1]
Ow:
[0.12832902;
 -0.015007611;
 0.10018823]
Keyframe: 42 Frame: 302 Frame from vFrameID : 303
Tcw:
[0.99921858, 0.039469298, 0.0021088948, 0.1364754;
 -0.023501553, 0.63617885, -0.77118361, -0.017746504;
 -0.03177971, 0.77053142, 0.63660926, 0.10864966;
 0, 0, 0, 1]
Twc:
[0.99921858, -0.023501553, -0.03177971, -0.13333295;
 0.039469298, 0.63617885, 0.77053142, -0.077814616;
 0.0021088948, -0.77118361, 0.63660926, -0.083141007;
 0, 0, 0, 1]
Ow:
[0.1364754;
 -0.017746504;
 0.10864966]
Keyframe: 43 Frame: 311 Frame from vFrameID : 312
Tcw:
[0.99859792, 0.049431924, 0.018939203, 0.14035346;
 -0.018636594, 0.66316551, -0.74824077, -0.022066683;
 -0.049546804, 0.74683869, 0.66315693, 0.11946271;
 0, 0, 0, 1]
Twc:
[0.99859792, -0.018636594, -0.049546804, -0.13464892;
 0.049431924, 0.66316551, 0.74683869, -0.081523448;
 0.018939203, -0.74824077, 0.66315693, -0.098391898;
 0, 0, 0, 1]
Ow:
[0.14035346;
 -0.022066683;
 0.11946271]
Keyframe: 44 Frame: 320 Frame from vFrameID : 321
Tcw:
[0.99612492, 0.054520003, 0.069012254, 0.14581195;
 0.016446864, 0.65536338, -0.75513464, -0.025168769;
 -0.08639805, 0.75334346, 0.65192711, 0.1289995;
 0, 0, 0, 1]
Twc:
[0.99612492, 0.016446864, -0.08639805, -0.13368766;
 0.054520003, 0.65536338, 0.75334346, -0.088635914;
 0.069012254, -0.75513464, 0.65192711, -0.1131669;
 0, 0, 0, 1]
Ow:
[0.14581195;
 -0.025168769;
 0.1289995]
Keyframe: 45 Frame: 329 Frame from vFrameID : 330
Tcw:
[0.9962588, 0.05592249, 0.065887026, 0.15345207;
 0.011925931, 0.66614437, -0.74572748, -0.027622219;
 -0.085593209, 0.74372333, 0.66298527, 0.13441089;
 0, 0, 0, 1]
Twc:
[0.9962588, 0.011925931, -0.085593209, -0.14104389;
 0.05592249, 0.66614437, 0.74372333, -0.090145536;
 0.065887026, -0.74572748, 0.66298527, -0.11982157;
 0, 0, 0, 1]
Ow:
[0.15345207;
 -0.027622219;
 0.13441089]
Keyframe: 46 Frame: 338 Frame from vFrameID : 339
Tcw:
[0.99954295, 0.029575611, 0.0062613585, 0.15977782;
 -0.014263776, 0.64399511, -0.76489663, -0.02866549;
 -0.026654569, 0.7644577, 0.6441226, 0.14236325;
 0, 0, 0, 1]
Twc:
[0.99954295, -0.014263776, -0.026654569, -0.15631904;
 0.029575611, 0.64399511, 0.7644577, -0.095095776;
 0.0062613585, -0.76489663, 0.6441226, -0.11462595;
 0, 0, 0, 1]
Ow:
[0.15977782;
 -0.02866549;
 0.14236325]
Keyframe: 47 Frame: 347 Frame from vFrameID : 348
Tcw:
[0.99893194, 0.044777185, 0.011402383, 0.16217569;
 -0.021157663, 0.66264331, -0.74863619, -0.031098392;
 -0.041077536, 0.74759537, 0.66288292, 0.14864133;
 0, 0, 0, 1]
Twc:
[0.99893194, -0.021157663, -0.041077536, -0.15655461;
 0.044777185, 0.66264331, 0.74759537, -0.097778209;
 0.011402383, -0.74863619, 0.66288292, -0.12366238;
 0, 0, 0, 1]
Ow:
[0.16217569;
 -0.031098392;
 0.14864133]
Keyframe: 48 Frame: 356 Frame from vFrameID : 357
Tcw:
[0.99764502, 0.039543334, 0.056042176, 0.16567953;
 0.015958117, 0.66083205, -0.75036412, -0.034356229;
 -0.066706367, 0.74949139, 0.6586448, 0.15484092;
 0, 0, 0, 1]
Twc:
[0.99764502, 0.015958117, -0.066706367, -0.15441221;
 0.039543334, 0.66083205, 0.74949139, -0.099899754;
 0.056042176, -0.75036412, 0.6586448, -0.13704988;
 0, 0, 0, 1]
Ow:
[0.16567953;
 -0.034356229;
 0.15484092]
Keyframe: 49 Frame: 365 Frame from vFrameID : 366
Tcw:
[0.99840635, 0.03113576, 0.047066774, 0.16770603;
 0.014241719, 0.6680156, -0.74401098, -0.034035772;
 -0.054606687, 0.74349558, 0.6665076, 0.15769428;
 0, 0, 0, 1]
Twc:
[0.99840635, 0.014241719, -0.054606687, -0.15834287;
 0.03113576, 0.6680156, 0.74349558, -0.099730223;
 0.047066774, -0.74401098, 0.6665076, -0.1383208;
 0, 0, 0, 1]
Ow:
[0.16770603;
 -0.034035772;
 0.15769428]
Keyframe: 50 Frame: 374 Frame from vFrameID : 375
Tcw:
[0.99999213, 3.0824329e-05, 0.0039602346, 0.16786875;
 0.0029230474, 0.66895127, -0.7433005, -0.035048328;
 -0.0026721158, 0.74330628, 0.66894591, 0.1601378;
 0, 0, 0, 1]
Twc:
[0.99999213, 0.0029230474, -0.0026721158, -0.16733707;
 3.0824329e-05, 0.66895127, 0.74330628, -0.095590979;
 0.0039602346, -0.7433005, 0.66894591, -0.13383977;
 0, 0, 0, 1]
Ow:
[0.16786875;
 -0.035048328;
 0.1601378]
Keyframe: 51 Frame: 383 Frame from vFrameID : 384
Tcw:
[0.99954861, 0.003482138, 0.02984032, 0.16718447;
 0.019692162, 0.67419243, -0.73829317, -0.035112523;
 -0.022688955, 0.73854756, 0.67381948, 0.16788939;
 0, 0, 0, 1]
Twc:
[0.99954861, 0.019692162, -0.022688955, -0.16260834;
 0.003482138, 0.67419243, 0.73854756, -0.10090386;
 0.02984032, -0.73829317, 0.67381948, -0.14403933;
 0, 0, 0, 1]
Ow:
[0.16718447;
 -0.035112523;
 0.16788939]
Keyframe: 52 Frame: 391 Frame from vFrameID : 392
Tcw:
[0.99634767, 0.0090936925, 0.08490365, 0.16860394;
 0.056207109, 0.6786769, -0.732283, -0.040138207;
 -0.064281307, 0.73438066, 0.67568702, 0.17057788;
 0, 0, 0, 1]
Twc:
[0.99634767, 0.056207109, -0.064281307, -0.15476713;
 0.0090936925, 0.6786769, 0.73438066, -0.099561453;
 0.08490365, -0.732283, 0.67568702, -0.15896489;
 0, 0, 0, 1]
Ow:
[0.16860394;
 -0.040138207;
 0.17057788]
Keyframe: 53 Frame: 399 Frame from vFrameID : 400
Tcw:
[0.99792498, 0.0067864819, 0.064028941, 0.17565343;
 0.042931378, 0.67098546, -0.74022657, -0.035463683;
 -0.047986023, 0.74143946, 0.66930181, 0.17741978;
 0, 0, 0, 1]
Twc:
[0.99792498, 0.042931378, -0.047986023, -0.16525276;
 0.0067864819, 0.67098546, 0.74143946, -0.10894247;
 0.064028941, -0.74022657, 0.66930181, -0.15624544;
 0, 0, 0, 1]
Ow:
[0.17565343;
 -0.035463683;
 0.17741978]
Keyframe: 54 Frame: 408 Frame from vFrameID : 409
Tcw:
[0.99972069, -0.0040496006, 0.023284242, 0.17950398;
 0.019749841, 0.68427038, -0.72896093, -0.03415788;
 -0.012980716, 0.72921717, 0.68415922, 0.18052334;
 0, 0, 0, 1]
Twc:
[0.99972069, 0.019749841, -0.012980716, -0.1764359;
 -0.0040496006, 0.68427038, 0.72921717, -0.10754056;
 0.023284242, -0.72896093, 0.68415922, -0.15258607;
 0, 0, 0, 1]
Ow:
[0.17950398;
 -0.03415788;
 0.18052334]
Keyframe: 55 Frame: 417 Frame from vFrameID : 418
Tcw:
[0.99878418, 0.0034775618, 0.049174175, 0.1802206;
 0.033223491, 0.68945599, -0.72356522, -0.031670809;
 -0.036419675, 0.72431922, 0.68850219, 0.19264585;
 0, 0, 0, 1]
Twc:
[0.99878418, 0.033223491, -0.036419675, -0.17193316;
 0.0034775618, 0.68945599, 0.72431922, -0.11832819;
 0.049174175, -0.72356522, 0.68850219, -0.16441518;
 0, 0, 0, 1]
Ow:
[0.1802206;
 -0.031670809;
 0.19264585]
Keyframe: 56 Frame: 426 Frame from vFrameID : 427
Tcw:
[0.99775749, 0.0094777076, 0.066257894, 0.18569963;
 0.040592674, 0.70140719, -0.71160394, -0.03097526;
 -0.053218137, 0.7126978, 0.6994496, 0.19559202;
 0, 0, 0, 1]
Twc:
[0.99775749, 0.040592674, -0.053218137, -0.1736168;
 0.0094777076, 0.70140719, 0.7126978, -0.11943172;
 0.066257894, -0.71160394, 0.6994496, -0.17115293;
 0, 0, 0, 1]
Ow:
[0.18569963;
 -0.03097526;
 0.19559202]
Keyframe: 57 Frame: 434 Frame from vFrameID : 435
Tcw:
[0.99926656, 0.011329331, 0.036578558, 0.19026756;
 0.018341819, 0.69691336, -0.71692073, -0.027893871;
 -0.033614319, 0.71706587, 0.69619441, 0.19960102;
 0, 0, 0, 1]
Twc:
[0.99926656, 0.018341819, -0.033614319, -0.18290694;
 0.011329331, 0.69691336, 0.71706587, -0.12584306;
 0.036578558, -0.71692073, 0.69619441, -0.16591853;
 0, 0, 0, 1]
Ow:
[0.19026756;
 -0.027893871;
 0.19960102]
Keyframe: 58 Frame: 442 Frame from vFrameID : 443
Tcw:
[0.99992704, 0.0059113265, 0.010536719, 0.19027208;
 0.0032848315, 0.70625341, -0.70795149, -0.030988112;
 -0.011626527, 0.70793444, 0.70618248, 0.20423418;
 0, 0, 0, 1]
Twc:
[0.99992704, 0.0032848315, -0.011626527, -0.18778186;
 0.0059113265, 0.70625341, 0.70793444, -0.1238237;
 0.010536719, -0.70795149, 0.70618248, -0.16816951;
 0, 0, 0, 1]
Ow:
[0.19027208;
 -0.030988112;
 0.20423418]
Keyframe: 59 Frame: 450 Frame from vFrameID : 451
Tcw:
[0.9968403, 0.056316346, 0.056016997, 0.18559125;
 0.0035886688, 0.67256951, -0.74002522, -0.01745066;
 -0.079350844, 0.73788798, 0.67024231, 0.20587198;
 0, 0, 0, 1]
Twc:
[0.9968403, 0.0035886688, -0.079350844, -0.16860609;
 0.056316346, 0.67256951, 0.73788798, -0.15062551;
 0.056016997, -0.74002522, 0.67024231, -0.16129431;
 0, 0, 0, 1]
Ow:
[0.18559125;
 -0.01745066;
 0.20587198]
Keyframe: 60 Frame: 458 Frame from vFrameID : 459
Tcw:
[0.99655855, 0.049208988, 0.066705212, 0.18650779;
 0.015547435, 0.67947799, -0.73353118, -0.016071305;
 -0.081421047, 0.7320438, 0.6763745, 0.20834582;
 0, 0, 0, 1]
Twc:
[0.99655855, 0.015547435, -0.081421047, -0.16865233;
 0.049208988, 0.67947799, 0.7320438, -0.15077603;
 0.066705212, -0.73353118, 0.6763745, -0.16514964;
 0, 0, 0, 1]
Ow:
[0.18650779;
 -0.016071305;
 0.20834582]
Keyframe: 61 Frame: 466 Frame from vFrameID : 467
Tcw:
[0.99913526, 0.026513333, 0.032028552, 0.19064707;
 0.0049823495, 0.68841654, -0.7252984, -0.01978413;
 -0.041279063, 0.72483081, 0.68768913, 0.21054623;
 0, 0, 0, 1]
Twc:
[0.99913526, 0.0049823495, -0.041279063, -0.18169247;
 0.026513333, 0.68841654, 0.72483081, -0.14404537;
 0.032028552, -0.7252984, 0.68768913, -0.16524591;
 0, 0, 0, 1]
Ow:
[0.19064707;
 -0.01978413;
 0.21054623]
Keyframe: 62 Frame: 475 Frame from vFrameID : 476
Tcw:
[0.99967998, 0.01907132, 0.0166208, 0.17287123;
 -0.00085582462, 0.68213189, -0.73122865, 0.00094071031;
 -0.025283074, 0.7309804, 0.68192995, 0.20980142;
 0, 0, 0, 1]
Twc:
[0.99967998, -0.00085582462, -0.025283074, -0.16751067;
 0.01907132, 0.68213189, 0.7309804, -0.1572993;
 0.0166208, -0.73122865, 0.68192995, -0.14525525;
 0, 0, 0, 1]
Ow:
[0.17287123;
 0.00094071031;
 0.20980142]
Keyframe: 63 Frame: 483 Frame from vFrameID : 484
Tcw:
[0.99836779, -0.0077542178, 0.05658346, 0.17033038;
 0.047115155, 0.67178565, -0.73924571, 0.0021706298;
 -0.032279681, 0.74070501, 0.67105448, 0.2127614;
 0, 0, 0, 1]
Twc:
[0.99836779, 0.047115155, -0.032279681, -0.16328675;
 -0.0077542178, 0.67178565, 0.74070501, -0.15773085;
 0.05658346, -0.73924571, 0.67105448, -0.15080774;
 0, 0, 0, 1]
Ow:
[0.17033038;
 0.0021706298;
 0.2127614]
Keyframe: 64 Frame: 491 Frame from vFrameID : 492
Tcw:
[0.99178272, 0.057612646, 0.11422696, 0.16044167;
 0.046203434, 0.67129755, -0.73974651, 0.010993317;
 -0.11929903, 0.73894548, 0.66311938, 0.20657018;
 0, 0, 0, 1]
Twc:
[0.99178272, 0.046203434, -0.11929903, -0.13498758;
 0.057612646, 0.67129755, 0.73894548, -0.16926736;
 0.11422696, -0.73974651, 0.66311938, -0.14717519;
 0, 0, 0, 1]
Ow:
[0.16044167;
 0.010993317;
 0.20657018]
Keyframe: 65 Frame: 499 Frame from vFrameID : 500
Tcw:
[0.99853396, 0.021012453, 0.049884174, 0.16308482;
 0.023181321, 0.66678613, -0.74488848, 0.011365727;
 -0.048914012, 0.74495286, 0.66532147, 0.20938745;
 0, 0, 0, 1]
Twc:
[0.99853396, 0.023181321, -0.048914012, -0.15286723;
 0.021012453, 0.66678613, 0.74495286, -0.16698909;
 0.049884174, -0.74488848, 0.66532147, -0.13897912;
 0, 0, 0, 1]
Ow:
[0.16308482;
 0.011365727;
 0.20938745]
Keyframe: 66 Frame: 508 Frame from vFrameID : 509
Tcw:
[0.99911737, 0.018109633, 0.037900671, 0.16440108;
 0.01583712, 0.67329639, -0.7392031, 0.011629552;
 -0.03890508, 0.73915088, 0.67241532, 0.21143487;
 0, 0, 0, 1]
Twc:
[0.99911737, 0.01583712, -0.03890508, -0.15621428;
 0.018109633, 0.67329639, 0.73915088, -0.16708966;
 0.037900671, -0.7392031, 0.67241532, -0.13980636;
 0, 0, 0, 1]
Ow:
[0.16440108;
 0.011629552;
 0.21143487]
Keyframe: 67 Frame: 517 Frame from vFrameID : 518
Tcw:
[0.99601692, 0.026541989, 0.085122198, 0.16595575;
 0.045200303, 0.67260897, -0.73861635, 0.010500677;
 -0.076858304, 0.73952192, 0.6687302, 0.21443725;
 0, 0, 0, 1]
Twc:
[0.99601692, 0.045200303, -0.076858304, -0.1492881;
 0.026541989, 0.67260897, 0.73952192, -0.1700487;
 0.085122198, -0.73861635, 0.6687302, -0.14977121;
 0, 0, 0, 1]
Ow:
[0.16595575;
 0.010500677;
 0.21443725]
Keyframe: 68 Frame: 526 Frame from vFrameID : 527
Tcw:
[0.99264073, 0.048937906, 0.1107676, 0.16757159;
 0.049690522, 0.66954321, -0.74110913, 0.0098911822;
 -0.11043201, 0.7411592, 0.66218406, 0.21674746;
 0, 0, 0, 1]
Twc:
[0.99264073, 0.049690522, -0.11043201, -0.14289401;
 0.048937906, 0.66954321, 0.7411592, -0.17546755;
 0.1107676, -0.74110913, 0.66218406, -0.15475778;
 0, 0, 0, 1]
Ow:
[0.16757159;
 0.0098911822;
 0.21674746]
Keyframe: 69 Frame: 534 Frame from vFrameID : 535
Tcw:
[0.99672502, 0.032067694, 0.074235618, 0.1682546;
 0.034152515, 0.66519028, -0.74589241, 0.0093354881;
 -0.073299862, 0.74598497, 0.66191661, 0.21896857;
 0, 0, 0, 1]
Twc:
[0.99672502, 0.034152515, -0.073299862, -0.15197203;
 0.032067694, 0.66519028, 0.74598497, -0.17495267;
 0.074235618, -0.74589241, 0.66191661, -0.15046614;
 0, 0, 0, 1]
Ow:
[0.1682546;
 0.0093354881;
 0.21896857]
Keyframe: 70 Frame: 543 Frame from vFrameID : 544
Tcw:
[0.9971993, 0.042327631, 0.061659668, 0.16920455;
 0.016287737, 0.68174136, -0.73141193, 0.009535864;
 -0.07299488, 0.73036778, 0.67914259, 0.22145846;
 0, 0, 0, 1]
Twc:
[0.9971993, 0.016287737, -0.07299488, -0.15272065;
 0.042327631, 0.68174136, 0.73036778, -0.17540915;
 0.061659668, -0.73141193, 0.67914259, -0.15386033;
 0, 0, 0, 1]
Ow:
[0.16920455;
 0.009535864;
 0.22145846]
Keyframe: 71 Frame: 551 Frame from vFrameID : 552
Tcw:
[0.99469948, 0.052084021, 0.088657469, 0.17031153;
 0.030907676, 0.67089701, -0.74090612, 0.0088299289;
 -0.0980694, 0.73971915, 0.66573113, 0.22371385;
 0, 0, 0, 1]
Twc:
[0.99469948, 0.030907676, -0.0980694, -0.14774223;
 0.052084021, 0.67089701, 0.73971915, -0.1802799;
 0.088657469, -0.74090612, 0.66573113, -0.15749051;
 0, 0, 0, 1]
Ow:
[0.17031153;
 0.0088299289;
 0.22371385]
Keyframe: 72 Frame: 559 Frame from vFrameID : 560
Tcw:
[0.99665028, 0.037373301, 0.072742485, 0.17178605;
 0.028655585, 0.67349404, -0.73863697, 0.0095755085;
 -0.076596938, 0.73824722, 0.67016709, 0.22578537;
 0, 0, 0, 1]
Twc:
[0.99665028, 0.028655585, -0.076596938, -0.15419053;
 0.037373301, 0.67349404, 0.73824722, -0.1795547;
 0.072742485, -0.73863697, 0.67016709, -0.15673725;
 0, 0, 0, 1]
Ow:
[0.17178605;
 0.0095755085;
 0.22578537]
Keyframe: 73 Frame: 567 Frame from vFrameID : 568
Tcw:
[0.99912941, 0.031330079, 0.027546167, 0.17344579;
 -0.00014217841, 0.662853, -0.74874955, 0.0097909272;
 -0.04171744, 0.74809378, 0.66228038, 0.22765145;
 0, 0, 0, 1]
Twc:
[0.99912941, -0.00014217841, -0.04171744, -0.16379638;
 0.031330079, 0.662853, 0.74809378, -0.18222865;
 0.027546167, -0.74874955, 0.66228038, -0.1482159;
 0, 0, 0, 1]
Ow:
[0.17344579;
 0.0097909272;
 0.22765145]
Keyframe: 74 Frame: 575 Frame from vFrameID : 576
Tcw:
[0.99759209, 0.048241571, 0.049827363, 0.17396845;
 0.0057969526, 0.65793288, -0.75305426, 0.0094019398;
 -0.069111586, 0.75152981, 0.65606898, 0.2301079;
 0, 0, 0, 1]
Twc:
[0.99759209, 0.0057969526, -0.069111586, -0.15770093;
 0.048241571, 0.65793288, 0.75152981, -0.18751131;
 0.049827363, -0.75305426, 0.65606898, -0.15255488;
 0, 0, 0, 1]
Ow:
[0.17396845;
 0.0094019398;
 0.2301079]
Keyframe: 75 Frame: 583 Frame from vFrameID : 584
Tcw:
[0.99590456, 0.053061619, 0.073202029, 0.17490718;
 0.021439966, 0.64796042, -0.76137215, 0.0094888136;
 -0.087831661, 0.7598235, 0.64416915, 0.23170921;
 0, 0, 0, 1]
Twc:
[0.99590456, 0.021439966, -0.087831661, -0.1540429;
 0.053061619, 0.64796042, 0.7598235, -0.19148733;
 0.073202029, -0.76137215, 0.64416915, -0.15483895;
 0, 0, 0, 1]
Ow:
[0.17490718;
 0.0094888136;
 0.23170921]
Keyframe: 76 Frame: 591 Frame from vFrameID : 592
Tcw:
[0.99941415, 0.012668383, 0.031793613, 0.1768356;
 0.014568533, 0.68313009, -0.73015141, 0.0098123997;
 -0.030969011, 0.73018682, 0.6825453, 0.23317373;
 0, 0, 0, 1]
Twc:
[0.99941415, 0.014568533, -0.030969011, -0.16965379;
 0.012668383, 0.68313009, 0.73018682, -0.17920376;
 0.031793613, -0.73015141, 0.6825453, -0.15760934;
 0, 0, 0, 1]
Ow:
[0.1768356;
 0.0098123997;
 0.23317373]
Keyframe: 77 Frame: 599 Frame from vFrameID : 600
Tcw:
[0.99983704, -0.0066660745, 0.016776105, 0.17743431;
 0.01683831, 0.67938817, -0.73358583, 0.0095991343;
 -0.0065073497, 0.73374879, 0.67938972, 0.23480275;
 0, 0, 0, 1]
Twc:
[0.99983704, 0.01683831, -0.0065073497, -0.17603908;
 -0.0066660745, 0.67938817, 0.73374879, -0.17762497;
 0.016776105, -0.73358583, 0.67938972, -0.15545742;
 0, 0, 0, 1]
Ow:
[0.17743431;
 0.0095991343;
 0.23480275]
Keyframe: 78 Frame: 608 Frame from vFrameID : 609
Tcw:
[0.99958527, 0.016509792, 0.02359589, 0.17819786;
 0.0063379882, 0.67314303, -0.73948514, 0.0092521459;
 -0.028092155, 0.73932803, 0.67275918, 0.23674926;
 0, 0, 0, 1]
Twc:
[0.99958527, 0.0063379882, -0.028092155, -0.1715318;
 0.016509792, 0.67314303, 0.73932803, -0.18420537;
 0.02359589, -0.73948514, 0.67275918, -0.15663815;
 0, 0, 0, 1]
Ow:
[0.17819786;
 0.0092521459;
 0.23674926]
Keyframe: 79 Frame: 615 Frame from vFrameID : 616
Tcw:
[0.99854976, 0.037527777, 0.038601454, 0.18030769;
 0.0045228531, 0.65599763, -0.75474942, 0.01075498;
 -0.053646531, 0.75382942, 0.65487653, 0.23952171;
 0, 0, 0, 1]
Twc:
[0.99854976, 0.0045228531, -0.053646531, -0.16724533;
 0.037527777, 0.65599763, 0.75382942, -0.1943803;
 0.038601454, -0.75474942, 0.65487653, -0.15569998;
 0, 0, 0, 1]
Ow:
[0.18030769;
 0.01075498;
 0.23952171]
Keyframe: 80 Frame: 621 Frame from vFrameID : 622
Tcw:
[0.99978733, 0.019388458, 0.007029525, 0.1808887;
 -0.0073623718, 0.65393329, -0.7565164, 0.01015915;
 -0.019264527, 0.75630373, 0.65393692, 0.24051338;
 0, 0, 0, 1]
Twc:
[0.99978733, -0.0073623718, -0.019264527, -0.17614205;
 0.019388458, 0.65393329, 0.75630373, -0.19205174;
 0.007029525, -0.7565164, 0.65393692, -0.1508666;
 0, 0, 0, 1]
Ow:
[0.1808887;
 0.01015915;
 0.24051338]
Keyframe: 81 Frame: 628 Frame from vFrameID : 629
Tcw:
[0.99989569, 0.0039541726, -0.013892049, 0.18197331;
 -0.012911218, 0.67584652, -0.7369293, 0.0094094127;
 0.0064749471, 0.73703182, 0.67582703, 0.24187106;
 0, 0, 0, 1]
Twc:
[0.99989569, -0.012911218, 0.0064749471, -0.18339895;
 0.0039541726, 0.67584652, 0.73703182, -0.18534553;
 -0.013892049, -0.7369293, 0.67582703, -0.15400095;
 0, 0, 0, 1]
Ow:
[0.18197331;
 0.0094094127;
 0.24187106]
Keyframe: 82 Frame: 636 Frame from vFrameID : 637
Tcw:
[0.99792325, 0.041808188, 0.049002845, 0.18068863;
 0.0087063638, 0.66621888, -0.74570543, 0.010431036;
 -0.063823216, 0.74458343, 0.66447133, 0.24308664;
 0, 0, 0, 1]
Twc:
[0.99792325, 0.0087063638, -0.063823216, -0.16488962;
 0.041808188, 0.66621888, 0.74458343, -0.19550188;
 0.049002845, -0.74570543, 0.66447133, -0.16259986;
 0, 0, 0, 1]
Ow:
[0.18068863;
 0.010431036;
 0.24308664]
Keyframe: 83 Frame: 643 Frame from vFrameID : 644
Tcw:
[0.99200004, 0.063147292, 0.10930841, 0.1719705;
 0.043834928, 0.63970536, -0.76736927, 0.017506771;
 -0.11838246, 0.76602185, 0.63181967, 0.23954615;
 0, 0, 0, 1]
Twc:
[0.99200004, 0.043834928, -0.11838246, -0.14300407;
 0.063147292, 0.63970536, 0.76602185, -0.20555624;
 0.10930841, -0.76736927, 0.63181967, -0.15671365;
 0, 0, 0, 1]
Ow:
[0.1719705;
 0.017506771;
 0.23954615]
Keyframe: 84 Frame: 651 Frame from vFrameID : 652
Tcw:
[0.99716645, 0.036477227, 0.065791205, 0.17255554;
 0.027085878, 0.641819, -0.76637763, 0.018056065;
 -0.070181377, 0.76598811, 0.6390124, 0.24005949;
 0, 0, 0, 1]
Twc:
[0.99716645, 0.027085878, -0.070181377, -0.15570794;
 0.036477227, 0.641819, 0.76598811, -0.20176579;
 0.065791205, -0.76637763, 0.6390124, -0.15091586;
 0, 0, 0, 1]
Ow:
[0.17255554;
 0.018056065;
 0.24005949]
Keyframe: 85 Frame: 658 Frame from vFrameID : 659
Tcw:
[0.99701709, 0.036629643, 0.067934908, 0.17249084;
 0.027054753, 0.65848732, -0.75210541, 0.017403714;
 -0.072283626, 0.75169992, 0.65553212, 0.24133614;
 0, 0, 0, 1]
Twc:
[0.99701709, 0.027054753, -0.072283626, -0.15500252;
 0.036629643, 0.65848732, 0.75169992, -0.19919074;
 0.067934908, -0.75210541, 0.65553212, -0.15683231;
 0, 0, 0, 1]
Ow:
[0.17249084;
 0.017403714;
 0.24133614]
Keyframe: 86 Frame: 665 Frame from vFrameID : 666
Tcw:
[0.99604321, 0.048027206, 0.074775487, 0.17303512;
 0.025908269, 0.6479255, -0.76126295, 0.017271012;
 -0.085010275, 0.76018804, 0.64411747, 0.24245757;
 0, 0, 0, 1]
Twc:
[0.99604321, 0.025908269, -0.085010275, -0.15218653;
 0.048027206, 0.6479255, 0.76018804, -0.20381407;
 0.074775487, -0.76126295, 0.64411747, -0.15596217;
 0, 0, 0, 1]
Ow:
[0.17303512;
 0.017271012;
 0.24245757]
Keyframe: 87 Frame: 673 Frame from vFrameID : 674
Tcw:
[0.99111497, 0.043389842, 0.12573141, 0.17093392;
 0.067585945, 0.64986873, -0.75703555, 0.016912036;
 -0.11455656, 0.75880694, 0.6411621, 0.24149214;
 0, 0, 0, 1]
Twc:
[0.99111497, 0.067585945, -0.11455656, -0.14289367;
 0.043389842, 0.64986873, 0.75880694, -0.2016533;
 0.12573141, -0.75703555, 0.6411621, -0.16352434;
 0, 0, 0, 1]
Ow:
[0.17093392;
 0.016912036;
 0.24149214]
Keyframe: 88 Frame: 681 Frame from vFrameID : 682
Tcw:
[0.99554694, 0.054698713, 0.076774962, 0.1731756;
 0.022653684, 0.6517505, -0.75809503, 0.016925298;
 -0.091504946, 0.7564584, 0.64760911, 0.24298669;
 0, 0, 0, 1]
Twc:
[0.99554694, 0.022653684, -0.091504946, -0.15055336;
 0.054698713, 0.6517505, 0.7564584, -0.20431288;
 0.076774962, -0.75809503, 0.64760911, -0.15782496;
 0, 0, 0, 1]
Ow:
[0.1731756;
 0.016925298;
 0.24298669]
Keyframe: 89 Frame: 689 Frame from vFrameID : 690
Tcw:
[0.99604517, 0.05155886, 0.072358176, 0.17378508;
 0.020540327, 0.65871304, -0.75211382, 0.016509533;
 -0.086441405, 0.75062561, 0.65504891, 0.24383263;
 0, 0, 0, 1]
Twc:
[0.99604517, 0.020540327, -0.086441405, -0.15235966;
 0.05155886, 0.65871304, 0.75062561, -0.20286223;
 0.072358176, -0.75211382, 0.65504891, -0.15988003;
 0, 0, 0, 1]
Ow:
[0.17378508;
 0.016509533;
 0.24383263]
Keyframe: 90 Frame: 697 Frame from vFrameID : 698
Tcw:
[0.99270612, 0.03619181, 0.11499892, 0.17203614;
 0.067707673, 0.62187278, -0.78018582, 0.019175917;
 -0.09975104, 0.78228152, 0.61488646, 0.2438651;
 0, 0, 0, 1]
Twc:
[0.99270612, 0.067707673, -0.09975104, -0.14775388;
 0.03619181, 0.62187278, 0.78228152, -0.20892243;
 0.11499892, -0.78018582, 0.61488646, -0.15477253;
 0, 0, 0, 1]
Ow:
[0.17203614;
 0.019175917;
 0.2438651]
Keyframe: 91 Frame: 705 Frame from vFrameID : 706
Tcw:
[0.98797202, 0.072441928, 0.13661416, 0.16966358;
 0.05641026, 0.65374511, -0.75460929, 0.01873111;
 -0.1439762, 0.75323933, 0.6417954, 0.24313363;
 0, 0, 0, 1]
Twc:
[0.98797202, 0.05641026, -0.1439762, -0.13367406;
 0.072441928, 0.65374511, 0.75323933, -0.20767395;
 0.13661416, -0.75460929, 0.6417954, -0.16508584;
 0, 0, 0, 1]
Ow:
[0.16966358;
 0.01873111;
 0.24313363]
Keyframe: 92 Frame: 713 Frame from vFrameID : 714
Tcw:
[0.99554467, 0.065894835, 0.067444026, 0.17376105;
 0.0080319885, 0.65340996, -0.75696164, 0.01861503;
 -0.093948461, 0.75413084, 0.64996952, 0.24477057;
 0, 0, 0, 1]
Twc:
[0.99554467, 0.0080319885, -0.093948461, -0.15014058;
 0.065894835, 0.65340996, 0.75413084, -0.20820224;
 0.067444026, -0.75696164, 0.64996952, -0.1567217;
 0, 0, 0, 1]
Ow:
[0.17376105;
 0.01861503;
 0.24477057]
Keyframe: 93 Frame: 721 Frame from vFrameID : 722
Tcw:
[0.99726158, 0.064194955, 0.036719188, 0.17571314;
 -0.013872651, 0.650078, -0.75974083, 0.017417185;
 -0.072641864, 0.75715101, 0.6491884, 0.2467159;
 0, 0, 0, 1]
Twc:
[0.99726158, -0.013872651, -0.072641864, -0.15706845;
 0.064194955, 0.650078, 0.75715101, -0.2094036;
 0.036719188, -0.75974083, 0.6491884, -0.1533846;
 0, 0, 0, 1]
Ow:
[0.17571314;
 0.017417185;
 0.2467159]
Keyframe: 94 Frame: 728 Frame from vFrameID : 729
Tcw:
[0.99471033, 0.067427807, 0.07749135, 0.17526099;
 0.015992559, 0.64353585, -0.76524889, 0.0175476;
 -0.10146751, 0.76244026, 0.6390534, 0.24691039;
 0, 0, 0, 1]
Twc:
[0.99471033, 0.015992559, -0.10146751, -0.14956115;
 0.067427807, 0.64353585, 0.76244026, -0.21136439;
 0.07749135, -0.76524889, 0.6390534, -0.15794183;
 0, 0, 0, 1]
Ow:
[0.17526099;
 0.0175476;
 0.24691039]
Keyframe: 95 Frame: 736 Frame from vFrameID : 737
Tcw:
[0.99330032, 0.071593784, 0.090713054, 0.17324443;
 0.023154259, 0.64575797, -0.76319104, 0.018613577;
 -0.1132184, 0.76017827, 0.63977385, 0.24632996;
 0, 0, 0, 1]
Twc:
[0.99330032, 0.023154259, -0.1132184, -0.14462565;
 0.071593784, 0.64575797, 0.76017827, -0.21167777;
 0.090713054, -0.76319104, 0.63977385, -0.15910529;
 0, 0, 0, 1]
Ow:
[0.17324443;
 0.018613577;
 0.24632996]
Keyframe: 96 Frame: 743 Frame from vFrameID : 744
Tcw:
[0.99717712, 0.052917164, 0.053268913, 0.17518167;
 0.0092289401, 0.61768633, -0.7863704, 0.019078754;
 -0.074515969, 0.78464216, 0.61545432, 0.248714;
 0, 0, 0, 1]
Twc:
[0.99717712, 0.0092289401, -0.074515969, -0.15633006;
 0.052917164, 0.61768633, 0.78464216, -0.21620631;
 0.053268913, -0.7863704, 0.61545432, -0.14740087;
 0, 0, 0, 1]
Ow:
[0.17518167;
 0.019078754;
 0.248714]
Keyframe: 97 Frame: 751 Frame from vFrameID : 752
Tcw:
[0.99732131, 0.061757229, 0.039194677, 0.17611;
 -0.0097104199, 0.64289409, -0.76589352, 0.017836563;
 -0.072497487, 0.76346135, 0.64177167, 0.24883911;
 0, 0, 0, 1]
Twc:
[0.99732131, -0.0097104199, -0.072497487, -0.15742484;
 0.061757229, 0.64289409, 0.76346135, -0.21232213;
 0.039194677, -0.76589352, 0.64177167, -0.15293956;
 0, 0, 0, 1]
Ow:
[0.17611;
 0.017836563;
 0.24883911]
Keyframe: 98 Frame: 759 Frame from vFrameID : 760
Tcw:
[0.99567878, 0.078617685, 0.049426932, 0.17595495;
 -0.013615856, 0.65008855, -0.75973642, 0.017954342;
 -0.091860607, 0.75578046, 0.64834982, 0.24840975;
 0, 0, 0, 1]
Twc:
[0.99567878, -0.013615856, -0.091860607, -0.15213108;
 0.078617685, 0.65008855, 0.75578046, -0.21324833;
 0.049426932, -0.75973642, 0.64834982, -0.15611278;
 0, 0, 0, 1]
Ow:
[0.17595495;
 0.017954342;
 0.24840975]
Keyframe: 99 Frame: 766 Frame from vFrameID : 767
Tcw:
[0.99149609, 0.06715551, 0.11147062, 0.17404334;
 0.040266376, 0.65621853, -0.75349575, 0.016972765;
 -0.12375048, 0.7515766, 0.64793396, 0.24738444;
 0, 0, 0, 1]
Twc:
[0.99149609, 0.040266376, -0.12375048, -0.14263277;
 0.06715551, 0.65621853, 0.7515766, -0.20875417;
 0.11147062, -0.75349575, 0.64793396, -0.1669006;
 0, 0, 0, 1]
Ow:
[0.17404334;
 0.016972765;
 0.24738444]
Keyframe: 100 Frame: 774 Frame from vFrameID : 775
Tcw:
[0.99581993, 0.078758165, 0.046258055, 0.17601028;
 -0.015975427, 0.648826, -0.76076907, 0.017293438;
 -0.089930207, 0.75685, 0.64737207, 0.24863607;
 0, 0, 0, 1]
Twc:
[0.99581993, -0.015975427, -0.089930207, -0.15263838;
 0.078758165, 0.648826, 0.75685, -0.2132629;
 0.046258055, -0.76076907, 0.64737207, -0.15594564;
 0, 0, 0, 1]
Ow:
[0.17601028;
 0.017293438;
 0.24863607]
Keyframe: 101 Frame: 781 Frame from vFrameID : 782
Tcw:
[0.99780756, 0.054441597, -0.037632287, 0.17980921;
 -0.06438531, 0.66691589, -0.74234611, 0.0161983;
 -0.015316938, 0.74314153, 0.66895896, 0.25036845;
 0, 0, 0, 1]
Twc:
[0.99780756, -0.06438531, -0.015316938, -0.17453718;
 0.054441597, 0.66691589, 0.74314153, -0.2066512;
 -0.037632287, -0.74234611, 0.66895896, -0.14869483;
 0, 0, 0, 1]
Ow:
[0.17980921;
 0.0161983;
 0.25036845]
Keyframe: 102 Frame: 789 Frame from vFrameID : 790
Tcw:
[0.99753624, 0.070141293, -0.001262979, 0.1797269;
 -0.047072686, 0.65589327, -0.75338447, 0.015960276;
 -0.052014984, 0.75158781, 0.65757906, 0.25173017;
 0, 0, 0, 1]
Twc:
[0.99753624, -0.047072686, -0.052014984, -0.16543908;
 0.070141293, 0.65589327, 0.75158781, -0.21227184;
 -0.001262979, -0.75338447, 0.65757906, -0.15328129;
 0, 0, 0, 1]
Ow:
[0.1797269;
 0.015960276;
 0.25173017]
Keyframe: 103 Frame: 794 Frame from vFrameID : 795
Tcw:
[0.99648327, 0.051364731, 0.066202804, 0.17820796;
 0.014623654, 0.67135078, -0.74099547, 0.015323818;
 -0.082506336, 0.73935771, 0.66823864, 0.25217748;
 0, 0, 0, 1]
Twc:
[0.99648327, 0.014623654, -0.082506336, -0.15699908;
 0.051364731, 0.67135078, 0.73935771, -0.20589061;
 0.066202804, -0.74099547, 0.66823864, -0.16895771;
 0, 0, 0, 1]
Ow:
[0.17820796;
 0.015323818;
 0.25217748]
Keyframe: 104 Frame: 802 Frame from vFrameID : 803
Tcw:
[0.99883407, 0.029245658, 0.038407911, 0.17879495;
 0.0089556407, 0.669541, -0.74272114, 0.015558407;
 -0.047437038, 0.74219912, 0.66849846, 0.2528196;
 0, 0, 0, 1]
Twc:
[0.99883407, 0.0089556407, -0.047437038, -0.16673282;
 0.029245658, 0.669541, 0.74219912, -0.20328845;
 0.038407911, -0.74272114, 0.66849846, -0.16432108;
 0, 0, 0, 1]
Ow:
[0.17879495;
 0.015558407;
 0.2528196]
Keyframe: 105 Frame: 810 Frame from vFrameID : 811
Tcw:
[0.99970782, 0.022713158, 0.0082681961, 0.17914294;
 -0.0094764698, 0.68297857, -0.73037696, 0.015174046;
 -0.022236168, 0.73008519, 0.68299425, 0.25336218;
 0, 0, 0, 1]
Twc:
[0.99970782, -0.0094764698, -0.022236168, -0.17331299;
 0.022713158, 0.68297857, 0.73008519, -0.19940841;
 0.0082681961, -0.73037696, 0.68299425, -0.16344331;
 0, 0, 0, 1]
Ow:
[0.17914294;
 0.015174046;
 0.25336218]
Keyframe: 106 Frame: 817 Frame from vFrameID : 818
Tcw:
[0.99935037, 0.024624307, 0.026316036, 0.17915991;
 0.002668563, 0.67762518, -0.73540258, 0.015129954;
 -0.035941187, 0.73499507, 0.67711926, 0.25381741;
 0, 0, 0, 1]
Twc:
[0.99935037, 0.002668563, -0.035941187, -0.16996139;
 0.024624307, 0.67762518, 0.73499507, -0.20121866;
 0.026316036, -0.73540258, 0.67711926, -0.16545282;
 0, 0, 0, 1]
Ow:
[0.17915991;
 0.015129954;
 0.25381741]
Keyframe: 107 Frame: 824 Frame from vFrameID : 825
Tcw:
[0.99306709, 0.05452263, 0.10413983, 0.17644526;
 0.038131692, 0.68860006, -0.72413808, 0.015739799;
 -0.1111926, 0.72308868, 0.68174696, 0.2509504;
 0, 0, 0, 1]
Twc:
[0.99306709, 0.038131692, -0.1111926, -0.14791831;
 0.05452263, 0.68860006, 0.72308868, -0.2019181;
 0.10413983, -0.72413808, 0.68174696, -0.17806187;
 0, 0, 0, 1]
Ow:
[0.17644526;
 0.015739799;
 0.2509504]
Keyframe: 108 Frame: 832 Frame from vFrameID : 833
Tcw:
[0.99232072, 0.056329653, 0.11012061, 0.17510387;
 0.045502771, 0.66160971, -0.74846649, 0.018154085;
 -0.11501772, 0.7477296, 0.65396589, 0.24984895;
 0, 0, 0, 1]
Twc:
[0.99232072, 0.045502771, -0.11501772, -0.14584821;
 0.056329653, 0.66160971, 0.7477296, -0.20869391;
 0.11012061, -0.74846649, 0.65396589, -0.16908751;
 0, 0, 0, 1]
Ow:
[0.17510387;
 0.018154085;
 0.24984895]
Keyframe: 109 Frame: 840 Frame from vFrameID : 841
Tcw:
[0.99916095, 0.0077228937, 0.040220995, 0.17991339;
 0.025838442, 0.64309108, -0.76535368, 0.015791304;
 -0.031776506, 0.76575077, 0.64235193, 0.25473613;
 0, 0, 0, 1]
Twc:
[0.99916095, 0.025838442, -0.031776506, -0.17207584;
 0.0077228937, 0.64309108, 0.76575077, -0.20660909;
 0.040220995, -0.76535368, 0.64235193, -0.15878062;
 0, 0, 0, 1]
Ow:
[0.17991339;
 0.015791304;
 0.25473613]
Keyframe: 110 Frame: 849 Frame from vFrameID : 850
Tcw:
[0.99788409, 0.039227869, 0.051850632, 0.17863637;
 0.011254114, 0.68123317, -0.73198003, 0.015289448;
 -0.064036384, 0.73101473, 0.67935026, 0.25251463;
 0, 0, 0, 1]
Twc:
[0.99788409, 0.011254114, -0.064036384, -0.16226034;
 0.039227869, 0.68123317, 0.73101473, -0.20201513;
 0.051850632, -0.73198003, 0.67935026, -0.16961671;
 0, 0, 0, 1]
Ow:
[0.17863637;
 0.015289448;
 0.25251463]
Keyframe: 111 Frame: 858 Frame from vFrameID : 859
Tcw:
[0.99552107, 0.05626281, 0.075975843, 0.17792726;
 0.019252859, 0.66614318, -0.74557537, 0.01618214;
 -0.09255895, 0.74369872, 0.66207635, 0.25245267;
 0, 0, 0, 1]
Twc:
[0.99552107, 0.019252859, -0.09255895, -0.15407512;
 0.05626281, 0.66614318, 0.74369872, -0.20853902;
 0.075975843, -0.74557537, 0.66207635, -0.1685961;
 0, 0, 0, 1]
Ow:
[0.17792726;
 0.01618214;
 0.25245267]
Keyframe: 112 Frame: 867 Frame from vFrameID : 868
Tcw:
[0.99634701, 0.056114867, 0.064372234, 0.17823732;
 0.0098109711, 0.67359102, -0.73903918, 0.01611837;
 -0.08483164, 0.73697102, 0.67057985, 0.25196829;
 0, 0, 0, 1]
Twc:
[0.99634701, 0.0098109711, -0.08483164, -0.15636946;
 0.056114867, 0.67359102, 0.73697102, -0.20655227;
 0.064372234, -0.73903918, 0.67057985, -0.16852628;
 0, 0, 0, 1]
Ow:
[0.17823732;
 0.01611837;
 0.25196829]
Keyframe: 113 Frame: 874 Frame from vFrameID : 875
Tcw:
[0.99989688, -0.012897475, 0.0063165757, 0.18060814;
 0.01323398, 0.65668911, -0.75404525, 0.016347148;
 0.0055772532, 0.75405109, 0.65679204, 0.25518066;
 0, 0, 0, 1]
Twc:
[0.99989688, 0.01323398, 0.0055772532, -0.18222906;
 -0.012897475, 0.65668911, 0.75405109, -0.20082487;
 0.0063165757, -0.75404525, 0.65679204, -0.15641499;
 0, 0, 0, 1]
Ow:
[0.18060814;
 0.016347148;
 0.25518066]
Keyframe: 114 Frame: 883 Frame from vFrameID : 884
Tcw:
[0.99852866, 0.036917869, 0.039719418, 0.17935805;
 0.0045993645, 0.67216837, -0.74038404, 0.016278595;
 -0.05403154, 0.73947734, 0.6710096, 0.25341833;
 0, 0, 0, 1]
Twc:
[0.99852866, 0.0045993645, -0.05403154, -0.16547644;
 0.036917869, 0.67216837, 0.73947734, -0.20496058;
 0.039719418, -0.74038404, 0.6710096, -0.16511773;
 0, 0, 0, 1]
Ow:
[0.17935805;
 0.016278595;
 0.25341833]
Keyframe: 115 Frame: 890 Frame from vFrameID : 891
Tcw:
[0.98993683, 0.044259239, 0.13441063, 0.17448093;
 0.069116548, 0.67760664, -0.73216951, 0.016528741;
 -0.1234828, 0.73409152, 0.66772866, 0.25054115;
 0, 0, 0, 1]
Twc:
[0.98993683, 0.069116548, -0.1234828, -0.14292999;
 0.044259239, 0.67760664, 0.73409152, -0.20284253;
 0.13441063, -0.73216951, 0.66772866, -0.17864379;
 0, 0, 0, 1]
Ow:
[0.17448093;
 0.016528741;
 0.25054115]
Keyframe: 116 Frame: 897 Frame from vFrameID : 898
Tcw:
[0.99452972, 0.036085904, 0.098022349, 0.17445615;
 0.048019826, 0.67542982, -0.73585916, 0.016737074;
 -0.09276136, 0.73654079, 0.67000222, 0.2491011;
 0, 0, 0, 1]
Twc:
[0.99452972, 0.048019826, -0.09276136, -0.1511986;
 0.036085904, 0.67542982, 0.73654079, -0.20107326;
 0.098022349, -0.73585916, 0.67000222, -0.17168278;
 0, 0, 0, 1]
Ow:
[0.17445615;
 0.016737074;
 0.2491011]
Keyframe: 117 Frame: 905 Frame from vFrameID : 906
Tcw:
[0.99815279, 0.042798821, -0.043119676, 0.18301684;
 -0.060645562, 0.65952396, -0.74923313, 0.01690048;
 -0.0036278351, 0.75046414, 0.66090119, 0.25335395;
 0, 0, 0, 1]
Twc:
[0.99815279, -0.060645562, -0.0036278351, -0.18073469;
 0.042798821, 0.65952396, 0.75046414, -0.20911224;
 -0.043119676, -0.74923313, 0.66090119, -0.14688793;
 0, 0, 0, 1]
Ow:
[0.18301684;
 0.01690048;
 0.25335395]
Keyframe: 118 Frame: 914 Frame from vFrameID : 915
Tcw:
[0.99817502, 0.031004148, 0.05182004, 0.17780711;
 0.018060178, 0.66558498, -0.74610353, 0.017631896;
 -0.057622947, 0.74567777, 0.66381043, 0.25183332;
 0, 0, 0, 1]
Twc:
[0.99817502, 0.018060178, -0.057622947, -0.16328968;
 0.031004148, 0.66558498, 0.74567777, -0.20503479;
 0.05182004, -0.74610353, 0.66381043, -0.16322833;
 0, 0, 0, 1]
Ow:
[0.17780711;
 0.017631896;
 0.25183332]
Keyframe: 119 Frame: 922 Frame from vFrameID : 923
Tcw:
[0.98240614, 0.067986079, 0.1739427, 0.17184705;
 0.079504088, 0.69052714, -0.71892375, 0.016541302;
 -0.16898897, 0.72010428, 0.67297292, 0.24958229;
 0, 0, 0, 1]
Twc:
[0.98240614, 0.079504088, -0.16898897, -0.12796204;
 0.067986079, 0.69052714, 0.72010428, -0.2028307;
 0.1739427, -0.71892375, 0.67297292, -0.18596174;
 0, 0, 0, 1]
Ow:
[0.17184705;
 0.016541302;
 0.24958229]
Keyframe: 120 Frame: 930 Frame from vFrameID : 931
Tcw:
[0.99483591, 0.044212915, 0.091360413, 0.17503983;
 0.038790107, 0.66617996, -0.74478155, 0.016656116;
 -0.09379144, 0.7444793, 0.66102475, 0.25181282;
 0, 0, 0, 1]
Twc:
[0.99483591, 0.038790107, -0.09379144, -0.15116411;
 0.044212915, 0.66617996, 0.7444793, -0.20630443;
 0.091360413, -0.74478155, 0.66102475, -0.17004105;
 0, 0, 0, 1]
Ow:
[0.17503983;
 0.016656116;
 0.25181282]
Keyframe: 121 Frame: 939 Frame from vFrameID : 940
Tcw:
[0.99938935, 0.017986128, 0.029957226, 0.1767717;
 0.0099440878, 0.67549133, -0.73730087, 0.016250603;
 -0.033497036, 0.73714852, 0.6749, 0.25318846;
 0, 0, 0, 1]
Twc:
[0.99938935, 0.0099440878, -0.033497036, -0.16834429;
 0.017986128, 0.67549133, 0.73714852, -0.20079407;
 0.029957226, -0.73730087, 0.6749, -0.16419089;
 0, 0, 0, 1]
Ow:
[0.1767717;
 0.016250603;
 0.25318846]
Keyframe: 122 Frame: 947 Frame from vFrameID : 948
Tcw:
[0.99889612, 0.0038513844, 0.046815142, 0.17756157;
 0.032526542, 0.66232735, -0.74850816, 0.016607791;
 -0.033889741, 0.7492047, 0.66147095, 0.2550191;
 0, 0, 0, 1]
Twc:
[0.99889612, 0.032526542, -0.033889741, -0.16926323;
 0.0038513844, 0.66232735, 0.7492047, -0.20274515;
 0.046815142, -0.74850816, 0.66147095, -0.16456924;
 0, 0, 0, 1]
Ow:
[0.17756157;
 0.016607791;
 0.2550191]
Keyframe: 123 Frame: 956 Frame from vFrameID : 957
Tcw:
[0.99662185, 0.023824453, 0.078595936, 0.17840688;
 0.04142794, 0.68048316, -0.73159164, 0.015733197;
 -0.07091298, 0.73237628, 0.6771974, 0.25506395;
 0, 0, 0, 1]
Twc:
[0.99662185, 0.04142794, -0.07091298, -0.16036864;
 0.023824453, 0.68048316, 0.73237628, -0.20175941;
 0.078595936, -0.73159164, 0.6771974, -0.17524043;
 0, 0, 0, 1]
Ow:
[0.17840688;
 0.015733197;
 0.25506395]
Keyframe: 124 Frame: 963 Frame from vFrameID : 964
Tcw:
[0.9987734, 0.04067868, 0.028229613, 0.17982931;
 -0.0070842197, 0.68166399, -0.7316311, 0.016554803;
 -0.049004897, 0.73053366, 0.68111604, 0.25396079;
 0, 0, 0, 1]
Twc:
[0.9987734, -0.0070842197, -0.049004897, -0.16704614;
 0.04067868, 0.68166399, 0.73053366, -0.20412694;
 0.028229613, -0.7316311, 0.68111604, -0.16594127;
 0, 0, 0, 1]
Ow:
[0.17982931;
 0.016554803;
 0.25396079]
Keyframe: 125 Frame: 971 Frame from vFrameID : 972
Tcw:
[0.99984157, 0.017661776, -0.0022061935, 0.18108581;
 -0.013454605, 0.66882348, -0.74329948, 0.016059086;
 -0.011652436, 0.74321145, 0.66895515, 0.25577888;
 0, 0, 0, 1]
Twc:
[0.99984157, -0.013454605, -0.011652436, -0.1778606;
 0.017661776, 0.66882348, 0.74321145, -0.20403676;
 -0.0022061935, -0.74329948, 0.66895515, -0.15876839;
 0, 0, 0, 1]
Ow:
[0.18108581;
 0.016059086;
 0.25577888]
Keyframe: 126 Frame: 980 Frame from vFrameID : 981
Tcw:
[0.99514538, 0.061846007, 0.076555371, 0.17924011;
 0.015225954, 0.6717611, -0.74061137, 0.017300129;
 -0.097230777, 0.73818165, 0.66755825, 0.25358167;
 0, 0, 0, 1]
Twc:
[0.99514538, 0.015225954, -0.097230777, -0.15397744;
 0.061846007, 0.6717611, 0.73818165, -0.20989616;
 0.076555371, -0.74061137, 0.66755825, -0.17018966;
 0, 0, 0, 1]
Ow:
[0.17924011;
 0.017300129;
 0.25358167]
Keyframe: 127 Frame: 989 Frame from vFrameID : 990
Tcw:
[0.99821979, 0.030202288, 0.051430758, 0.1792578;
 0.018923907, 0.65737069, -0.75332969, 0.017726995;
 -0.056561355, 0.75296187, 0.65562886, 0.25282338;
 0, 0, 0, 1]
Twc:
[0.99821979, 0.018923907, -0.056561355, -0.16497409;
 0.030202288, 0.65737069, 0.75296187, -0.20743357;
 0.051430758, -0.75332969, 0.65562886, -0.1616234;
 0, 0, 0, 1]
Ow:
[0.1792578;
 0.017726995;
 0.25282338]
Keyframe: 128 Frame: 998 Frame from vFrameID : 999
Tcw:
[0.99929076, 0.034365255, 0.015393248, 0.1799961;
 -0.010771825, 0.65259469, -0.75763065, 0.017359562;
 -0.03608172, 0.75692749, 0.652502, 0.25392675;
 0, 0, 0, 1]
Twc:
[0.99929076, -0.010771825, -0.03608172, -0.17051934;
 0.034365255, 0.65259469, 0.75692749, -0.2097185;
 0.015393248, -0.75763065, 0.652502, -0.15530629;
 0, 0, 0, 1]
Ow:
[0.1799961;
 0.017359562;
 0.25392675]
Keyframe: 129 Frame: 1006 Frame from vFrameID : 1007
Tcw:
[0.99722016, 0.068384245, 0.029588703, 0.18012086;
 -0.021610707, 0.64548105, -0.76347047, 0.017475978;
 -0.0713083, 0.76070875, 0.64516461, 0.25427967;
 0, 0, 0, 1]
Twc:
[0.99722016, -0.021610707, -0.0713083, -0.16111024;
 0.068384245, 0.64548105, 0.76070875, -0.2170306;
 0.029588703, -0.76347047, 0.64516461, -0.15603939;
 0, 0, 0, 1]
Ow:
[0.18012086;
 0.017475978;
 0.25427967]
Keyframe: 130 Frame: 1012 Frame from vFrameID : 1013
Tcw:
[0.99340582, 0.064788096, 0.094590753, 0.17542318;
 0.032681216, 0.6307866, -0.77526784, 0.019662596;
 -0.10989471, 0.77324688, 0.62450969, 0.25168487;
 0, 0, 0, 1]
Twc:
[0.99340582, 0.032681216, -0.10989471, -0.14725015;
 0.064788096, 0.6307866, 0.77324688, -0.21838278;
 0.094590753, -0.77526784, 0.62450969, -0.15852928;
 0, 0, 0, 1]
Ow:
[0.17542318;
 0.019662596;
 0.25168487]
Keyframe: 131 Frame: 1018 Frame from vFrameID : 1019
Tcw:
[0.99054217, 0.068584301, 0.11883759, 0.17422281;
 0.048407368, 0.63573545, -0.77038765, 0.019580662;
 -0.12838577, 0.76885408, 0.6264028, 0.25092477;
 0, 0, 0, 1]
Twc:
[0.99054217, 0.048407368, -0.12838577, -0.14130773;
 0.068584301, 0.63573545, 0.76885408, -0.2173216;
 0.11883759, -0.77038765, 0.6264028, -0.16279949;
 0, 0, 0, 1]
Ow:
[0.17422281;
 0.019580662;
 0.25092477]
Keyframe: 132 Frame: 1024 Frame from vFrameID : 1025
Tcw:
[0.99483263, 0.050798181, 0.087906294, 0.17548868;
 0.036975101, 0.62509817, -0.77966988, 0.020205989;
 -0.094555877, 0.77889138, 0.61998981, 0.25190002;
 0, 0, 0, 1]
Twc:
[0.99483263, 0.036975101, -0.094555877, -0.15151036;
 0.050798181, 0.62509817, 0.77889138, -0.217748;
 0.087906294, -0.77966988, 0.61998981, -0.15584801;
 0, 0, 0, 1]
Ow:
[0.17548868;
 0.020205989;
 0.25190002]
Keyframe: 133 Frame: 1032 Frame from vFrameID : 1033
Tcw:
[0.99628997, 0.044239733, 0.073818356, 0.17644125;
 0.026574764, 0.65768743, -0.75282204, 0.017887034;
 -0.081854045, 0.7519908, 0.65407169, 0.25294483;
 0, 0, 0, 1]
Twc:
[0.99628997, 0.026574764, -0.081854045, -0.15555744;
 0.044239733, 0.65768743, 0.7519908, -0.20978196;
 0.073818356, -0.75282204, 0.65407169, -0.16500291;
 0, 0, 0, 1]
Ow:
[0.17644125;
 0.017887034;
 0.25294483]
Keyframe: 134 Frame: 1038 Frame from vFrameID : 1039
Tcw:
[0.99554944, 0.042434011, 0.084146783, 0.17679685;
 0.035315368, 0.65984589, -0.7505706, 0.018074468;
 -0.087373629, 0.75020182, 0.65541065, 0.25234699;
 0, 0, 0, 1]
Twc:
[0.99554944, 0.035315368, -0.087373629, -0.15459985;
 0.042434011, 0.65984589, 0.75020182, -0.20873971;
 0.084146783, -0.7505706, 0.65541065, -0.16670161;
 0, 0, 0, 1]
Ow:
[0.17679685;
 0.018074468;
 0.25234699]
Keyframe: 135 Frame: 1044 Frame from vFrameID : 1045
Tcw:
[0.98949492, 0.083967887, 0.11768281, 0.17459805;
 0.032383595, 0.66460758, -0.74649048, 0.017794296;
 -0.14089411, 0.74245954, 0.65490663, 0.25089592;
 0, 0, 0, 1]
Twc:
[0.98949492, 0.032383595, -0.14089411, -0.13799037;
 0.083967887, 0.66460758, 0.74245954, -0.21276692;
 0.11768281, -0.74649048, 0.65490663, -0.17157732;
 0, 0, 0, 1]
Ow:
[0.17459805;
 0.017794296;
 0.25089592]
Keyframe: 136 Frame: 1052 Frame from vFrameID : 1053
Tcw:
[0.99056619, 0.082435846, 0.10946684, 0.17396823;
 0.02894395, 0.65493923, -0.75512701, 0.019557461;
 -0.13394366, 0.75117171, 0.64637464, 0.24954194;
 0, 0, 0, 1]
Twc:
[0.99056619, 0.02894395, -0.13394366, -0.13946855;
 0.082435846, 0.65493923, 0.75117171, -0.214599;
 0.10946684, -0.75512701, 0.64637464, -0.16557296;
 0, 0, 0, 1]
Ow:
[0.17396823;
 0.019557461;
 0.24954194]
Keyframe: 137 Frame: 1060 Frame from vFrameID : 1061
Tcw:
[0.99350548, 0.086870082, 0.073487386, 0.1749554;
 -0.00080405449, 0.65119356, -0.75891131, 0.018756926;
 -0.1137812, 0.75392348, 0.64703423, 0.25112972;
 0, 0, 0, 1]
Twc:
[0.99350548, -0.00080405449, -0.1137812, -0.14523023;
 0.086870082, 0.65119356, 0.75392348, -0.21674536;
 0.073487386, -0.75891131, 0.64703423, -0.16111168;
 0, 0, 0, 1]
Ow:
[0.1749554;
 0.018756926;
 0.25112972]
Keyframe: 138 Frame: 1068 Frame from vFrameID : 1069
Tcw:
[0.99362302, 0.065386496, 0.091858104, 0.17533185;
 0.023135798, 0.67911541, -0.73366684, 0.017676681;
 -0.11035416, 0.73111343, 0.67327195, 0.25081131;
 0, 0, 0, 1]
Twc:
[0.99362302, 0.023135798, -0.11035416, -0.14694466;
 0.065386496, 0.67911541, 0.73111343, -0.20684035;
 0.091858104, -0.73366684, 0.67327195, -0.17200106;
 0, 0, 0, 1]
Ow:
[0.17533185;
 0.017676681;
 0.25081131]
Keyframe: 139 Frame: 1075 Frame from vFrameID : 1076
Tcw:
[0.9747892, 0.1139725, 0.1918235, 0.16938207;
 0.066084094, 0.6736629, -0.73607826, 0.018324003;
 -0.21311705, 0.73019761, 0.64914757, 0.24974751;
 0, 0, 0, 1]
Twc:
[0.9747892, 0.066084094, -0.21311705, -0.11309727;
 0.1139725, 0.6736629, 0.73019761, -0.21401414;
 0.1918235, -0.73607826, 0.64914757, -0.18112655;
 0, 0, 0, 1]
Ow:
[0.16938207;
 0.018324003;
 0.24974751]
Keyframe: 140 Frame: 1083 Frame from vFrameID : 1084
Tcw:
[0.98746866, 0.11004379, 0.11311964, 0.17342368;
 0.012971354, 0.65776473, -0.75311178, 0.017986521;
 -0.15728138, 0.74514157, 0.64809459, 0.25054386;
 0, 0, 0, 1]
Twc:
[0.98746866, 0.012971354, -0.15728138, -0.13207786;
 0.11004379, 0.65776473, 0.74514157, -0.21760572;
 0.11311964, -0.75311178, 0.64809459, -0.16844788;
 0, 0, 0, 1]
Ow:
[0.17342368;
 0.017986521;
 0.25054386]
Keyframe: 141 Frame: 1091 Frame from vFrameID : 1092
Tcw:
[0.99877912, 0.049266387, 0.0036177945, 0.17716035;
 -0.027922789, 0.62345737, -0.78135854, 0.019622274;
 -0.040750254, 0.7803036, 0.6240719, 0.25303245;
 0, 0, 0, 1]
Twc:
[0.99877912, -0.027922789, -0.040750254, -0.16608502;
 0.049266387, 0.62345737, 0.7803036, -0.21840382;
 0.0036177945, -0.78135854, 0.6240719, -0.14321932;
 0, 0, 0, 1]
Ow:
[0.17716035;
 0.019622274;
 0.25303245]
Keyframe: 142 Frame: 1099 Frame from vFrameID : 1100
Tcw:
[0.99899805, 0.040922951, 0.018115131, 0.17811514;
 -0.013172578, 0.6557253, -0.75488466, 0.017938398;
 -0.042770658, 0.75388968, 0.65560734, 0.25337902;
 0, 0, 0, 1]
Twc:
[0.99899805, -0.013172578, -0.042770658, -0.1668632;
 0.040922951, 0.6557253, 0.75388968, -0.2100715;
 0.018115131, -0.75488466, 0.65560734, -0.15580231;
 0, 0, 0, 1]
Ow:
[0.17811514;
 0.017938398;
 0.25337902]
Keyframe: 143 Frame: 1106 Frame from vFrameID : 1107
Tcw:
[0.99512362, 0.069324866, 0.070164487, 0.17766005;
 0.0085755205, 0.64784884, -0.76172066, 0.017467074;
 -0.098262161, 0.75860792, 0.64409518, 0.25389427;
 0, 0, 0, 1]
Twc:
[0.99512362, 0.0085755205, -0.098262161, -0.1519953;
 0.069324866, 0.64784884, 0.75860792, -0.2162385;
 0.070164487, -0.76172066, 0.64409518, -0.16269247;
 0, 0, 0, 1]
Ow:
[0.17766005;
 0.017467074;
 0.25389427]
Keyframe: 144 Frame: 1113 Frame from vFrameID : 1114
Tcw:
[0.9887805, 0.065729655, 0.13413689, 0.17330047;
 0.058033407, 0.65840715, -0.75042129, 0.018507749;
 -0.13764162, 0.74978638, 0.64720565, 0.25087214;
 0, 0, 0, 1]
Twc:
[0.9887805, 0.058033407, -0.13764162, -0.13789976;
 0.065729655, 0.65840715, 0.74978638, -0.21167712;
 0.13413689, -0.75042129, 0.64720565, -0.17172323;
 0, 0, 0, 1]
Ow:
[0.17330047;
 0.018507749;
 0.25087214]
Keyframe: 145 Frame: 1119 Frame from vFrameID : 1120
Tcw:
[0.9929198, 0.052254912, 0.10667581, 0.17550692;
 0.045087777, 0.66504574, -0.7454403, 0.017906532;
 -0.10989721, 0.74497223, 0.65798098, 0.25178334;
 0, 0, 0, 1]
Twc:
[0.9929198, 0.045087777, -0.10989721, -0.14740136;
 0.052254912, 0.66504574, 0.74497223, -0.20865136;
 0.10667581, -0.7454403, 0.65798098, -0.17104274;
 0, 0, 0, 1]
Ow:
[0.17550692;
 0.017906532;
 0.25178334]
Keyframe: 146 Frame: 1127 Frame from vFrameID : 1128
Tcw:
[0.99740803, 0.04887927, 0.052801784, 0.17783579;
 0.008109957, 0.65279293, -0.75749296, 0.018269442;
 -0.071494333, 0.75595778, 0.6507045, 0.25300384;
 0, 0, 0, 1]
Twc:
[0.99740803, 0.008109957, -0.071494333, -0.15943468;
 0.04887927, 0.65279293, 0.75595778, -0.2118789;
 0.052801784, -0.75749296, 0.6507045, -0.16018182;
 0, 0, 0, 1]
Ow:
[0.17783579;
 0.018269442;
 0.25300384]
Keyframe: 147 Frame: 1136 Frame from vFrameID : 1137
Tcw:
[0.99398965, 0.06973467, 0.084389895, 0.17634878;
 0.014738245, 0.67860657, -0.73435408, 0.01748839;
 -0.10847748, 0.73118412, 0.67350012, 0.25193727;
 0, 0, 0, 1]
Twc:
[0.99398965, 0.014738245, -0.10847748, -0.14821708;
 0.06973467, 0.67860657, 0.73118412, -0.20837788;
 0.084389895, -0.73435408, 0.67350012, -0.17171916;
 0, 0, 0, 1]
Ow:
[0.17634878;
 0.01748839;
 0.25193727]
Keyframe: 148 Frame: 1143 Frame from vFrameID : 1144
Tcw:
[0.98349321, 0.1031647, 0.14865461, 0.17278716;
 0.046655063, 0.64918685, -0.75919682, 0.019465223;
 -0.17482692, 0.75360036, 0.63365763, 0.25079918;
 0, 0, 0, 1]
Twc:
[0.98349321, 0.046655063, -0.17482692, -0.1269967;
 0.1031647, 0.64918685, 0.75360036, -0.21946447;
 0.14865461, -0.75919682, 0.63365763, -0.16982852;
 0, 0, 0, 1]
Ow:
[0.17278716;
 0.019465223;
 0.25079918]
Keyframe: 149 Frame: 1151 Frame from vFrameID : 1152
Tcw:
[0.98674589, 0.13837489, 0.08476375, 0.17388269;
 -0.022483535, 0.63389778, -0.77308995, 0.017574012;
 -0.16070779, 0.76093757, 0.62860721, 0.25115481;
 0, 0, 0, 1]
Twc:
[0.98674589, -0.022483535, -0.16070779, -0.13082039;
 0.13837489, 0.63389778, 0.76093757, -0.22631426;
 0.08476375, -0.77308995, 0.62860721, -0.15903038;
 0, 0, 0, 1]
Ow:
[0.17388269;
 0.017574012;
 0.25115481]
Keyframe: 150 Frame: 1159 Frame from vFrameID : 1160
Tcw:
[0.9958483, 0.088954426, -0.019319354, 0.17759916;
 -0.067320809, 0.57685822, -0.8140654, 0.021753773;
 -0.061270192, 0.81198627, 0.58045179, 0.25320828;
 0, 0, 0, 1]
Twc:
[0.9958483, -0.067320809, -0.061270192, -0.15988323;
 0.088954426, 0.57685822, 0.81198627, -0.23394872;
 -0.019319354, -0.8140654, 0.58045179, -0.12583511;
 0, 0, 0, 1]
Ow:
[0.17759916;
 0.021753773;
 0.25320828]
Keyframe: 151 Frame: 1168 Frame from vFrameID : 1169
Tcw:
[0.9968344, 0.06335637, -0.048033044, 0.17827125;
 -0.075707339, 0.57189006, -0.81682932, 0.021102577;
 -0.024281723, 0.81788003, 0.57487619, 0.25385308;
 0, 0, 0, 1]
Twc:
[0.9968344, -0.075707339, -0.024281723, -0.1699453;
 0.06335637, 0.57189006, 0.81788003, -0.23098433;
 -0.048033044, -0.81682932, 0.57487619, -0.12013398;
 0, 0, 0, 1]
Ow:
[0.17827125;
 0.021102577;
 0.25385308]
