Keyframe: 0 Frame: 0 Frame from vFrameID : 66
Tcw:
[0.9996677, 0.022694046, -0.012223131, 0.045913603;
 -0.024654413, 0.70343077, -0.71033603, -0.09849748;
 -0.0075222719, 0.71040136, 0.70375657, -0.020455319;
 0, 0, 0, 1]
Twc:
[0.9996677, -0.024654413, -0.0075222719, -0.048480615;
 0.022694046, 0.70343077, 0.71040136, 0.082775682;
 -0.012223131, -0.71033603, 0.70375657, -0.055009536;
 0, 0, 0, 1]
Ow:
[0.045913603;
 -0.09849748;
 -0.020455319]
Keyframe: 1 Frame: 84 Frame from vFrameID : 66
Tcw:
[0.99963188, 0.025968045, -0.0078611597, 0.043148853;
 -0.023771876, 0.69861072, -0.7151069, -0.099718437;
 -0.013078039, 0.71503055, 0.69897085, -0.02105787;
 0, 0, 0, 1]
Twc:
[0.99963188, -0.023771876, -0.013078039, -0.045778856;
 0.025968045, 0.69861072, 0.71503055, 0.083600901;
 -0.0078611597, -0.7151069, 0.69897085, -0.05625131;
 0, 0, 0, 1]
Ow:
[0.043148853;
 -0.099718437;
 -0.02105787]
Keyframe: 2 Frame: 86 Frame from vFrameID : 87
Tcw:
[0.99914348, 0.041252851, 0.0032472017, 0.034711439;
 -0.026295273, 0.69354069, -0.71993738, -0.10186774;
 -0.031951539, 0.71923536, 0.69403142, -0.022207607;
 0, 0, 0, 1]
Twc:
[0.99914348, -0.026295273, -0.031951539, -0.038069915;
 0.041252851, 0.69354069, 0.71923536, 0.085189968;
 0.0032472017, -0.71993738, 0.69403142, -0.058038328;
 0, 0, 0, 1]
Ow:
[0.034711439;
 -0.10186774;
 -0.022207607]
Keyframe: 3 Frame: 88 Frame from vFrameID : 89
Tcw:
[0.99876386, 0.046762109, 0.016853321, 0.03733819;
 -0.021296093, 0.7089234, -0.70496392, -0.10123748;
 -0.044913314, 0.70373356, 0.70904291, -0.025844879;
 0, 0, 0, 1]
Twc:
[0.99876386, -0.021296093, -0.044913314, -0.040608775;
 0.046762109, 0.7089234, 0.70373356, 0.088211514;
 0.016853321, -0.70496392, 0.70904291, -0.05367291;
 0, 0, 0, 1]
Ow:
[0.03733819;
 -0.10123748;
 -0.025844879]
Keyframe: 4 Frame: 89 Frame from vFrameID : 90
Tcw:
[0.99875855, 0.04686711, 0.016876608, 0.037301011;
 -0.021353995, 0.70891815, -0.70496744, -0.1010793;
 -0.045003921, 0.70373189, 0.70903885, -0.02598409;
 0, 0, 0, 1]
Twc:
[0.99875855, -0.021353995, -0.045003921, -0.040582538;
 0.04686711, 0.70891815, 0.70373189, 0.088194586;
 0.016876608, -0.70496744, 0.70903885, -0.053463399;
 0, 0, 0, 1]
Ow:
[0.037301011;
 -0.1010793;
 -0.02598409]
Keyframe: 5 Frame: 91 Frame from vFrameID : 92
Tcw:
[0.99871087, 0.039928578, 0.03134159, 0.033726078;
 -0.0064059589, 0.7116521, -0.70250285, -0.10079983;
 -0.050354246, 0.70139647, 0.71099049, -0.020898547;
 0, 0, 0, 1]
Twc:
[0.99871087, -0.0064059589, -0.050354246, -0.035380647;
 0.039928578, 0.7116521, 0.70139647, 0.085045941;
 0.03134159, -0.70250285, 0.71099049, -0.057010524;
 0, 0, 0, 1]
Ow:
[0.033726078;
 -0.10079983;
 -0.020898547]
Keyframe: 6 Frame: 93 Frame from vFrameID : 94
Tcw:
[0.99880874, 0.034618236, 0.034390032, 0.03605875;
 0.00020861722, 0.70172876, -0.71244419, -0.099568143;
 -0.048796035, 0.71160269, 0.70088559, -0.019960284;
 0, 0, 0, 1]
Twc:
[0.99880874, 0.00020861722, -0.048796035, -0.036969006;
 0.034618236, 0.70172876, 0.71160269, 0.082825325;
 0.034390032, -0.71244419, 0.70088559, -0.05818693;
 0, 0, 0, 1]
Ow:
[0.03605875;
 -0.099568143;
 -0.019960284]
Keyframe: 7 Frame: 95 Frame from vFrameID : 96
Tcw:
[0.99888235, 0.028137231, 0.037978001, 0.037694916;
 0.0077918516, 0.69448215, -0.71946776, -0.099497288;
 -0.046618875, 0.71895957, 0.69348669, -0.01813494;
 0, 0, 0, 1]
Twc:
[0.99888235, 0.0077918516, -0.046618875, -0.037722945;
 0.028137231, 0.69448215, 0.71895957, 0.081076749;
 0.037978001, -0.71946776, 0.69348669, -0.060440328;
 0, 0, 0, 1]
Ow:
[0.037694916;
 -0.099497288;
 -0.01813494]
Keyframe: 8 Frame: 98 Frame from vFrameID : 99
Tcw:
[0.99903095, 0.021621088, 0.038337283, 0.042513829;
 0.012544079, 0.69503587, -0.71886563, -0.10132249;
 -0.042188443, 0.71864986, 0.69409114, -0.021487348;
 0, 0, 0, 1]
Twc:
[0.99903095, 0.012544079, -0.042188443, -0.042108152;
 0.021621088, 0.69503587, 0.71864986, 0.084945448;
 0.038337283, -0.71886563, 0.69409114, -0.059552934;
 0, 0, 0, 1]
Ow:
[0.042513829;
 -0.10132249;
 -0.021487348]
Keyframe: 9 Frame: 100 Frame from vFrameID : 101
Tcw:
[0.99889416, 0.018256865, 0.043326482, 0.042073995;
 0.018322401, 0.69751066, -0.71634012, -0.10004903;
 -0.043298811, 0.71634179, 0.69640481, -0.020576332;
 0, 0, 0, 1]
Twc:
[0.99889416, 0.018322401, -0.043298811, -0.041085258;
 0.018256865, 0.69751066, 0.71634179, 0.083756819;
 0.043326482, -0.71634012, 0.69640481, -0.059162598;
 0, 0, 0, 1]
Ow:
[0.042073995;
 -0.10004903;
 -0.020576332]
Keyframe: 10 Frame: 102 Frame from vFrameID : 103
Tcw:
[0.99885058, 0.010666427, 0.046729974, 0.049855571;
 0.025778063, 0.70238632, -0.71132898, -0.099566363;
 -0.040409837, 0.711716, 0.70130408, -0.021616921;
 0, 0, 0, 1]
Twc:
[0.99885058, 0.025778063, -0.040409837, -0.048105177;
 0.010666427, 0.70238632, 0.711716, 0.084787384;
 0.046729974, -0.71132898, 0.70130408, -0.057994157;
 0, 0, 0, 1]
Ow:
[0.049855571;
 -0.099566363;
 -0.021616921]
Keyframe: 11 Frame: 106 Frame from vFrameID : 107
Tcw:
[0.9975245, 0.0082864435, 0.069830261, 0.048477899;
 0.042955443, 0.71442205, -0.69839525, -0.099924624;
 -0.055675492, 0.69966596, 0.71229756, -0.018924907;
 0, 0, 0, 1]
Twc:
[0.9975245, 0.042955443, -0.055675492, -0.045119233;
 0.0082864435, 0.71442205, 0.69966596, 0.084227763;
 0.069830261, -0.69839525, 0.71229756, -0.059691943;
 0, 0, 0, 1]
Ow:
[0.048477899;
 -0.099924624;
 -0.018924907]
Keyframe: 12 Frame: 110 Frame from vFrameID : 111
Tcw:
[0.99744135, 0.034852423, 0.062418524, 0.032925829;
 0.019085042, 0.71160948, -0.70231599, -0.1007119;
 -0.068895027, 0.70171022, 0.70912355, -0.016628578;
 0, 0, 0, 1]
Twc:
[0.99744135, 0.019085042, -0.068895027, -0.032065116;
 0.034852423, 0.71160948, 0.70171022, 0.082188442;
 0.062418524, -0.70231599, 0.70912355, -0.060995042;
 0, 0, 0, 1]
Ow:
[0.032925829;
 -0.1007119;
 -0.016628578]
Keyframe: 13 Frame: 114 Frame from vFrameID : 115
Tcw:
[0.99698937, 0.043677621, 0.06406568, 0.032245815;
 0.014385302, 0.70771122, -0.70635533, -0.10107839;
 -0.076191925, 0.70515037, 0.7049523, -0.016029358;
 0, 0, 0, 1]
Twc:
[0.99698937, 0.014385302, -0.076191925, -0.031916;
 0.043677621, 0.70771122, 0.70515037, 0.081429005;
 0.06406568, -0.70635533, 0.7049523, -0.062163178;
 0, 0, 0, 1]
Ow:
[0.032245815;
 -0.10107839;
 -0.016029358]
Keyframe: 14 Frame: 119 Frame from vFrameID : 120
Tcw:
[0.99787033, -0.016520718, 0.063102089, 0.056053888;
 0.055327695, 0.72676367, -0.68465573, -0.095287845;
 -0.0345493, 0.6866889, 0.72612995, -0.013873253;
 0, 0, 0, 1]
Twc:
[0.99787033, 0.055327695, -0.0345493, -0.051141769;
 -0.016520718, 0.72676367, 0.6866889, 0.079704396;
 0.063102089, -0.68465573, 0.72612995, -0.058702696;
 0, 0, 0, 1]
Ow:
[0.056053888;
 -0.095287845;
 -0.013873253]
Keyframe: 15 Frame: 125 Frame from vFrameID : 126
Tcw:
[0.99843782, -0.024757797, 0.0500894, 0.057593353;
 0.052481644, 0.723158, -0.68868583, -0.094404794;
 -0.019172205, 0.69023877, 0.72332764, -0.011320919;
 0, 0, 0, 1]
Twc:
[0.99843782, 0.052481644, -0.019172205, -0.05276591;
 -0.024757797, 0.723158, 0.69023877, 0.077509604;
 0.0500894, -0.68868583, 0.72332764, -0.05971133;
 0, 0, 0, 1]
Ow:
[0.057593353;
 -0.094404794;
 -0.011320919]
Keyframe: 16 Frame: 131 Frame from vFrameID : 132
Tcw:
[0.99792063, -0.062096212, 0.017275434, 0.064309604;
 0.056904711, 0.72292447, -0.68857974, -0.090263195;
 0.030269358, 0.68813097, 0.72495484, -0.0072068349;
 0, 0, 0, 1]
Twc:
[0.99792063, 0.056904711, 0.030269358, -0.058821339;
 -0.062096212, 0.72292447, 0.68813097, 0.074206106;
 0.017275434, -0.68857974, 0.72495484, -0.058039751;
 0, 0, 0, 1]
Ow:
[0.064309604;
 -0.090263195;
 -0.0072068349]
Keyframe: 17 Frame: 138 Frame from vFrameID : 139
Tcw:
[0.99598086, -0.079911329, -0.040452033, 0.072654441;
 0.030616086, 0.72818637, -0.68469501, -0.087793544;
 0.084171504, 0.68070465, 0.72770625, -0.0040866286;
 0, 0, 0, 1]
Twc:
[0.99598086, 0.030616086, 0.084171504, -0.069330566;
 -0.079911329, 0.72818637, 0.68070465, 0.07251776;
 -0.040452033, -0.68469501, 0.72770625, -0.054198917;
 0, 0, 0, 1]
Ow:
[0.072654441;
 -0.087793544;
 -0.0040866286]
Keyframe: 18 Frame: 145 Frame from vFrameID : 146
Tcw:
[0.99229628, -0.10380976, -0.067613818, 0.071592733;
 0.029825222, 0.72989082, -0.68291271, -0.08605174;
 0.12024371, 0.67563516, 0.72736412, 0.008463677;
 0, 0, 0, 1]
Twc:
[0.99229628, 0.029825222, 0.12024371, -0.069492392;
 -0.10380976, 0.72989082, 0.67563516, 0.064522043;
 -0.067613818, -0.68291271, 0.72736412, -0.060081348;
 0, 0, 0, 1]
Ow:
[0.071592733;
 -0.08605174;
 0.008463677]
Keyframe: 19 Frame: 153 Frame from vFrameID : 154
Tcw:
[0.99411774, -0.095513366, -0.051059466, 0.070389025;
 0.033247381, 0.71781272, -0.69544196, -0.06731718;
 0.10307514, 0.68965364, 0.71676594, 0.018452913;
 0, 0, 0, 1]
Twc:
[0.99411774, 0.033247381, 0.10307514, -0.069638893;
 -0.095513366, 0.71781272, 0.68965364, 0.042318102;
 -0.051059466, -0.69544196, 0.71676594, -0.056447588;
 0, 0, 0, 1]
Ow:
[0.070389025;
 -0.06731718;
 0.018452913]
Keyframe: 20 Frame: 160 Frame from vFrameID : 161
Tcw:
[0.99634576, -0.07791616, -0.034988325, 0.081820577;
 0.031310864, 0.71432316, -0.69911522, -0.052033957;
 0.079465345, 0.69546497, 0.71415246, 0.028124467;
 0, 0, 0, 1]
Twc:
[0.99634576, 0.031310864, 0.079465345, -0.082127273;
 -0.07791616, 0.71432316, 0.69546497, 0.02398462;
 -0.034988325, -0.69911522, 0.71415246, -0.053600121;
 0, 0, 0, 1]
Ow:
[0.081820577;
 -0.052033957;
 0.028124467]
Keyframe: 21 Frame: 169 Frame from vFrameID : 170
Tcw:
[0.99495381, -0.079887666, -0.060702998, 0.09302669;
 0.016181896, 0.72485578, -0.68871057, -0.050548788;
 0.099020399, 0.68425292, 0.72249079, 0.050152391;
 0, 0, 0, 1]
Twc:
[0.99495381, 0.016181896, 0.099020399, -0.096705392;
 -0.079887666, 0.72485578, 0.68425292, 0.0097553479;
 -0.060702998, -0.68871057, 0.72249079, -0.065401122;
 0, 0, 0, 1]
Ow:
[0.09302669;
 -0.050548788;
 0.050152391]
Keyframe: 22 Frame: 177 Frame from vFrameID : 178
Tcw:
[0.99327219, -0.079787187, -0.083930805, 0.10720525;
 -0.00061317411, 0.7211374, -0.69279182, -0.029304547;
 0.11580155, 0.68818229, 0.71623677, 0.079032369;
 0, 0, 0, 1]
Twc:
[0.99327219, -0.00061317411, 0.11580155, -0.11565403;
 -0.079787187, 0.7211374, 0.68818229, -0.024702467;
 -0.083930805, -0.69279182, 0.71623677, -0.067910016;
 0, 0, 0, 1]
Ow:
[0.10720525;
 -0.029304547;
 0.079032369]
Keyframe: 23 Frame: 186 Frame from vFrameID : 187
Tcw:
[0.99620241, -0.06015484, -0.062945321, 0.10382694;
 0.0002523982, 0.72494227, -0.68880963, -0.033411659;
 0.087066956, 0.68617791, 0.72220439, 0.095828995;
 0, 0, 0, 1]
Twc:
[0.99620241, 0.0002523982, 0.087066956, -0.11176775;
 -0.06015484, 0.72494227, 0.68617791, -0.035288528;
 -0.062945321, -0.68880963, 0.72220439, -0.085686974;
 0, 0, 0, 1]
Ow:
[0.10382694;
 -0.033411659;
 0.095828995]
Keyframe: 24 Frame: 194 Frame from vFrameID : 195
Tcw:
[0.99981743, -0.018541675, 0.0046147248, 0.075372376;
 0.016637625, 0.72605407, -0.68743628, -0.020859692;
 0.0093956804, 0.68738759, 0.72623003, 0.13233078;
 0, 0, 0, 1]
Twc:
[0.99981743, 0.016637625, 0.0093956804, -0.076254904;
 -0.018541675, 0.72605407, 0.68738759, -0.074419737;
 0.0046147248, -0.68743628, 0.72623003, -0.11079012;
 0, 0, 0, 1]
Ow:
[0.075372376;
 -0.020859692;
 0.13233078]
Keyframe: 25 Frame: 202 Frame from vFrameID : 203
Tcw:
[0.99994272, -0.0010807018, -0.010648843, 0.076531015;
 -0.0064586317, 0.73243451, -0.68080688, -0.016654015;
 0.0085353293, 0.68083662, 0.73238558, 0.14836788;
 0, 0, 0, 1]
Twc:
[0.99994272, -0.0064586317, 0.0085353293, -0.077900566;
 -0.0010807018, 0.73243451, 0.68083662, -0.088733613;
 -0.010648843, -0.68080688, 0.73238558, -0.1191857;
 0, 0, 0, 1]
Ow:
[0.076531015;
 -0.016654015;
 0.14836788]
Keyframe: 26 Frame: 210 Frame from vFrameID : 211
Tcw:
[0.99658477, -0.014776954, -0.081242844, 0.10360582;
 -0.044916648, 0.72856951, -0.68349761, -0.014123283;
 0.06929107, 0.68481249, 0.72541755, 0.17739834;
 0, 0, 0, 1]
Twc:
[0.99658477, -0.044916648, 0.06929107, -0.11617848;
 -0.014776954, 0.72856951, 0.68481249, -0.10966382;
 -0.081242844, -0.68349761, 0.72541755, -0.12992387;
 0, 0, 0, 1]
Ow:
[0.10360582;
 -0.014123283;
 0.17739834]
Keyframe: 27 Frame: 218 Frame from vFrameID : 219
Tcw:
[0.99825126, -0.050061531, -0.031437267, 0.11163533;
 0.015242178, 0.73180288, -0.68134588, -0.02031634;
 0.0571151, 0.67967516, 0.73128623, 0.20063752;
 0, 0, 0, 1]
Twc:
[0.99825126, 0.015242178, 0.0571151, -0.12258987;
 -0.050061531, 0.73180288, 0.67967516, -0.11591215;
 -0.031437267, -0.68134588, 0.73128623, -0.15705639;
 0, 0, 0, 1]
Ow:
[0.11163533;
 -0.02031634;
 0.20063752]
Keyframe: 28 Frame: 225 Frame from vFrameID : 226
Tcw:
[0.99906456, -0.031523399, 0.029601796, 0.12947595;
 0.043243062, 0.73096639, -0.68104196, -0.018602684;
 -0.00016916064, 0.68168497, 0.73164582, 0.21716672;
 0, 0, 0, 1]
Twc:
[0.99906456, 0.043243062, -0.00016916064, -0.12851366;
 -0.031523399, 0.73096639, 0.68168497, -0.13035983;
 0.029601796, -0.68104196, 0.73164582, -0.17539105;
 0, 0, 0, 1]
Ow:
[0.12947595;
 -0.018602684;
 0.21716672]
Keyframe: 29 Frame: 233 Frame from vFrameID : 234
Tcw:
[0.99903893, -0.0057457821, 0.043453194, 0.12633269;
 0.033710342, 0.73434615, -0.67793757, -0.028186195;
 -0.028014403, 0.67875087, 0.73383409, 0.242403;
 0, 0, 0, 1]
Twc:
[0.99903893, 0.033710342, -0.028014403, -0.11847033;
 -0.0057457821, 0.73434615, 0.67875087, -0.14310694;
 0.043453194, -0.67793757, 0.73383409, -0.20248163;
 0, 0, 0, 1]
Ow:
[0.12633269;
 -0.028186195;
 0.242403]
Keyframe: 30 Frame: 241 Frame from vFrameID : 242
Tcw:
[0.9983595, -0.057023752, 0.005162864, 0.13942887;
 0.043616779, 0.69900811, -0.71378237, -0.029071569;
 0.037093665, 0.71283656, 0.70034856, 0.27220502;
 0, 0, 0, 1]
Twc:
[0.9983595, 0.043616779, 0.037093665, -0.14802921;
 -0.057023752, 0.69900811, 0.71283656, -0.16576567;
 0.005162864, -0.71378237, 0.70034856, -0.21210901;
 0, 0, 0, 1]
Ow:
[0.13942887;
 -0.029071569;
 0.27220502]
Keyframe: 31 Frame: 249 Frame from vFrameID : 250
Tcw:
[0.99902284, -0.042103101, -0.01344042, 0.12683243;
 0.020551518, 0.71177703, -0.70210475, -0.018259227;
 0.039127368, 0.70114249, 0.71194679, 0.28163469;
 0, 0, 0, 1]
Twc:
[0.99902284, 0.020551518, 0.039127368, -0.13735287;
 -0.042103101, 0.71177703, 0.70114249, -0.17912953;
 -0.01344042, -0.70210475, 0.71194679, -0.21162416;
 0, 0, 0, 1]
Ow:
[0.12683243;
 -0.018259227;
 0.28163469]
Keyframe: 32 Frame: 257 Frame from vFrameID : 258
Tcw:
[0.99864304, -0.051917445, -0.0040869699, 0.14686637;
 0.03322883, 0.69565403, -0.71760803, -0.029419169;
 0.040099494, 0.71649849, 0.69643515, 0.300295;
 0, 0, 0, 1]
Twc:
[0.99864304, 0.03322883, 0.040099494, -0.15773119;
 -0.051917445, 0.69565403, 0.71649849, -0.18707041;
 -0.0040869699, -0.71760803, 0.69643515, -0.22964719;
 0, 0, 0, 1]
Ow:
[0.14686637;
 -0.029419169;
 0.300295]
Keyframe: 33 Frame: 265 Frame from vFrameID : 266
Tcw:
[0.99834841, -0.05053306, 0.027328953, 0.16072667;
 0.054566193, 0.68526381, -0.72624791, -0.022917628;
 0.017971989, 0.72653973, 0.68688941, 0.32717383;
 0, 0, 0, 1]
Twc:
[0.99834841, 0.054566193, 0.017971989, -0.16509065;
 -0.05053306, 0.68526381, 0.72653973, -0.21387814;
 0.027328953, -0.72624791, 0.68688941, -0.24576861;
 0, 0, 0, 1]
Ow:
[0.16072667;
 -0.022917628;
 0.32717383]
Keyframe: 34 Frame: 274 Frame from vFrameID : 275
Tcw:
[0.9978438, -0.063607953, 0.016180711, 0.17104307;
 0.055268638, 0.68135834, -0.72986037, -0.015951261;
 0.035400063, 0.72918093, 0.68340468, 0.36592472;
 0, 0, 0, 1]
Twc:
[0.9978438, 0.055268638, 0.035400063, -0.18274641;
 -0.063607953, 0.68135834, 0.72918093, -0.2450771;
 0.016180711, -0.72986037, 0.68340468, -0.26448447;
 0, 0, 0, 1]
Ow:
[0.17104307;
 -0.015951261;
 0.36592472]
Keyframe: 35 Frame: 283 Frame from vFrameID : 284
Tcw:
[0.9961102, -0.085053459, -0.023029959, 0.18697895;
 0.041488487, 0.68328077, -0.72897607, -0.015152931;
 0.07773786, 0.72518498, 0.68415171, 0.3965559;
 0, 0, 0, 1]
Twc:
[0.9961102, 0.041488487, 0.07773786, -0.21645038;
 -0.085053459, 0.68328077, 0.72518498, -0.26131949;
 -0.023029959, -0.72897607, 0.68415171, -0.2780444;
 0, 0, 0, 1]
Ow:
[0.18697895;
 -0.015152931;
 0.3965559]
Keyframe: 36 Frame: 291 Frame from vFrameID : 292
Tcw:
[0.99680209, -0.073510803, -0.03133199, 0.19176456;
 0.028091982, 0.68942922, -0.72380811, 0.0094355792;
 0.074808903, 0.72061324, 0.68928963, 0.41200167;
 0, 0, 0, 1]
Twc:
[0.99680209, 0.028091982, 0.074808903, -0.2222378;
 -0.073510803, 0.68942922, 0.72061324, -0.28930229;
 -0.03133199, -0.72380811, 0.68928963, -0.27115056;
 0, 0, 0, 1]
Ow:
[0.19176456;
 0.0094355792;
 0.41200167]
Keyframe: 37 Frame: 299 Frame from vFrameID : 300
Tcw:
[0.99681675, -0.077731557, 0.017724777, 0.18239056;
 0.066290885, 0.68457466, -0.72592217, -0.020985886;
 0.044293128, 0.7247864, 0.6875484, 0.44120798;
 0, 0, 0, 1]
Twc:
[0.99681675, 0.066290885, 0.044293128, -0.19996127;
 -0.077731557, 0.68457466, 0.7247864, -0.29123762;
 0.017724777, -0.72592217, 0.6875484, -0.3218188;
 0, 0, 0, 1]
Ow:
[0.18239056;
 -0.020985886;
 0.44120798]
Keyframe: 38 Frame: 307 Frame from vFrameID : 308
Tcw:
[0.99764758, -0.065550782, 0.020061169, 0.19844551;
 0.060360596, 0.701262, -0.71034372, -0.019687727;
 0.03249545, 0.70988357, 0.70356905, 0.44248235;
 0, 0, 0, 1]
Twc:
[0.99764758, 0.060360596, 0.03249545, -0.21116897;
 -0.065550782, 0.701262, 0.70988357, -0.28729644;
 0.020061169, -0.71034372, 0.70356905, -0.32928297;
 0, 0, 0, 1]
Ow:
[0.19844551;
 -0.019687727;
 0.44248235]
Keyframe: 39 Frame: 316 Frame from vFrameID : 317
Tcw:
[0.99817592, -0.05873603, -0.013960647, 0.21141942;
 0.029874258, 0.68149024, -0.73121721, -0.014257818;
 0.052462842, 0.72946632, 0.68200183, 0.47881436;
 0, 0, 0, 1]
Twc:
[0.99817592, 0.029874258, 0.052462842, -0.2357278;
 -0.05873603, 0.68149024, 0.72946632, -0.32714447;
 -0.013960647, -0.73121721, 0.68200183, -0.33402631;
 0, 0, 0, 1]
Ow:
[0.21141942;
 -0.014257818;
 0.47881436]
Keyframe: 40 Frame: 325 Frame from vFrameID : 326
Tcw:
[0.99935365, -0.0096927136, 0.034616716, 0.22066462;
 0.031903308, 0.68291157, -0.72980404, -0.019160464;
 -0.016566375, 0.73043674, 0.68277943, 0.48591352;
 0, 0, 0, 1]
Twc:
[0.99935365, 0.031903308, -0.016566375, -0.2118609;
 -0.0096927136, 0.68291157, 0.73043674, -0.33970532;
 0.034616716, -0.72980404, 0.68277943, -0.35339382;
 0, 0, 0, 1]
Ow:
[0.22066462;
 -0.019160464;
 0.48591352]
Keyframe: 41 Frame: 333 Frame from vFrameID : 334
Tcw:
[0.99378335, -0.095784903, 0.056743793, 0.228026;
 0.10612164, 0.66091877, -0.74291623, 0.01329726;
 0.033657119, 0.74431956, 0.66697496, 0.53008699;
 0, 0, 0, 1]
Twc:
[0.99378335, 0.10612164, 0.033657119, -0.24586079;
 -0.095784903, 0.66091877, 0.74431956, -0.38150105;
 0.056743793, -0.74291623, 0.66697496, -0.35661504;
 0, 0, 0, 1]
Ow:
[0.228026;
 0.01329726;
 0.53008699]
Keyframe: 42 Frame: 344 Frame from vFrameID : 345
Tcw:
[0.99146909, -0.10008889, 0.083494343, 0.23558101;
 0.12979911, 0.69975382, -0.70249325, 0.017658114;
 0.011886287, 0.7073378, 0.70677572, 0.55864823;
 0, 0, 0, 1]
Twc:
[0.99146909, 0.12979911, 0.011886287, -0.24250354;
 -0.10008889, 0.69975382, 0.7073378, -0.38393036;
 0.083494343, -0.70249325, 0.70677572, -0.40210399;
 0, 0, 0, 1]
Ow:
[0.23558101;
 0.017658114;
 0.55864823]
Keyframe: 43 Frame: 353 Frame from vFrameID : 354
Tcw:
[0.99428391, -0.10517682, 0.018366165, 0.27230448;
 0.087416388, 0.70316821, -0.70562935, 0.022031486;
 0.061301351, 0.70320147, 0.70834303, 0.58364975;
 0, 0, 0, 1]
Twc:
[0.99428391, 0.087416388, 0.061301351, -0.3084524;
 -0.10517682, 0.70316821, 0.70320147, -0.39727506;
 0.018366165, -0.70562935, 0.70834303, -0.40287939;
 0, 0, 0, 1]
Ow:
[0.27230448;
 0.022031486;
 0.58364975]
Keyframe: 44 Frame: 362 Frame from vFrameID : 363
Tcw:
[0.99682593, -0.074946985, 0.026852358, 0.25578424;
 0.071654961, 0.69763249, -0.71286362, 0.031194031;
 0.0346939, 0.71252501, 0.70078844, 0.62683129;
 0, 0, 0, 1]
Twc:
[0.99682593, 0.071654961, 0.0346939, -0.2789548;
 -0.074946985, 0.69763249, 0.71252501, -0.44922471;
 0.026852358, -0.71286362, 0.70078844, -0.42390746;
 0, 0, 0, 1]
Ow:
[0.25578424;
 0.031194031;
 0.62683129]
Keyframe: 45 Frame: 371 Frame from vFrameID : 372
Tcw:
[0.99711514, -0.069127508, 0.03134919, 0.26820925;
 0.070406631, 0.68801713, -0.72227097, 0.012162119;
 0.028360009, 0.72239453, 0.69089931, 0.64452535;
 0, 0, 0, 1]
Twc:
[0.99711514, 0.070406631, 0.028360009, -0.28657055;
 -0.069127508, 0.68801713, 0.72239453, -0.45542866;
 0.03134919, -0.72227097, 0.69089931, -0.44492593;
 0, 0, 0, 1]
Ow:
[0.26820925;
 0.012162119;
 0.64452535]
Keyframe: 46 Frame: 381 Frame from vFrameID : 382
Tcw:
[0.99466354, -0.092585631, 0.045522615, 0.26832944;
 0.098017856, 0.71030182, -0.69703931, 0.0066790283;
 0.032201026, 0.69778162, 0.71558636, 0.64788282;
 0, 0, 0, 1]
Twc:
[0.99466354, 0.098017856, 0.032201026, -0.28841469;
 -0.092585631, 0.71030182, 0.69778162, -0.43198141;
 0.045522615, -0.69703931, 0.71558636, -0.47117564;
 0, 0, 0, 1]
Ow:
[0.26832944;
 0.0066790283;
 0.64788282]
Keyframe: 47 Frame: 389 Frame from vFrameID : 390
Tcw:
[0.99764025, -0.068635367, -0.001763417, 0.27408808;
 0.047804795, 0.71283728, -0.69969833, 0.019440413;
 0.049281079, 0.69796294, 0.71443623, 0.69236189;
 0, 0, 0, 1]
Twc:
[0.99764025, 0.047804795, 0.049281079, -0.30849099;
 -0.068635367, 0.71283728, 0.69796294, -0.47828862;
 -0.001763417, -0.69969833, 0.71443623, -0.48056269;
 0, 0, 0, 1]
Ow:
[0.27408808;
 0.019440413;
 0.69236189]
Keyframe: 48 Frame: 398 Frame from vFrameID : 399
Tcw:
[0.9976089, -0.068564907, 0.0086776493, 0.27658394;
 0.055673864, 0.72288018, -0.68872684, 0.021967351;
 0.040949591, 0.68756312, 0.72496903, 0.71427453;
 0, 0, 0, 1]
Twc:
[0.9976089, 0.055673864, 0.040949591, -0.30639488;
 -0.068564907, 0.72288018, 0.68756312, -0.48802462;
 0.0086776493, -0.68872684, 0.72496903, -0.50509745;
 0, 0, 0, 1]
Ow:
[0.27658394;
 0.021967351;
 0.71427453]
Keyframe: 49 Frame: 406 Frame from vFrameID : 407
Tcw:
[0.99628514, -0.068584114, 0.052078698, 0.28423214;
 0.085484922, 0.71456057, -0.69433099, 0.018622875;
 0.010406687, 0.69620353, 0.71776897, 0.73063099;
 0, 0, 0, 1]
Twc:
[0.99628514, 0.085484922, 0.010406687, -0.29237169;
 -0.068584114, 0.71456057, 0.69620353, -0.50248128;
 0.052078698, -0.69433099, 0.71776897, -0.52629626;
 0, 0, 0, 1]
Ow:
[0.28423214;
 0.018622875;
 0.73063099]
Keyframe: 50 Frame: 415 Frame from vFrameID : 416
Tcw:
[0.99624634, -0.045134887, 0.073865198, 0.28781605;
 0.082997963, 0.7404328, -0.66698623, 0.01541391;
 -0.024587866, 0.67061323, 0.74139959, 0.74069482;
 0, 0, 0, 1]
Twc:
[0.99624634, 0.082997963, -0.024587866, -0.2698029;
 -0.045134887, 0.7404328, 0.67061323, -0.49514216;
 0.073865198, -0.66698623, 0.74139959, -0.56012952;
 0, 0, 0, 1]
Ow:
[0.28781605;
 0.01541391;
 0.74069482]
Keyframe: 51 Frame: 422 Frame from vFrameID : 423
Tcw:
[0.99852699, -0.047823433, 0.025628347, 0.29398909;
 0.052473459, 0.73103988, -0.68031406, 0.019321054;
 0.01379961, 0.68065673, 0.73247254, 0.77726108;
 0, 0, 0, 1]
Twc:
[0.99852699, 0.052473459, 0.01379961, -0.3052958;
 -0.047823433, 0.73103988, 0.68065673, -0.52911288;
 0.025628347, -0.68031406, 0.73247254, -0.56371242;
 0, 0, 0, 1]
Ow:
[0.29398909;
 0.019321054;
 0.77726108]
Keyframe: 52 Frame: 430 Frame from vFrameID : 431
Tcw:
[0.99808699, -0.053546581, 0.030905942, 0.29956338;
 0.060508013, 0.7433551, -0.66615462, 0.0063499808;
 0.012696212, 0.66675025, 0.74517304, 0.79374969;
 0, 0, 0, 1]
Twc:
[0.99808699, 0.060508013, 0.012696212, -0.30945215;
 -0.053546581, 0.7433551, 0.66675025, -0.51791257;
 0.030905942, -0.66615462, 0.74517304, -0.5965091;
 0, 0, 0, 1]
Ow:
[0.29956338;
 0.0063499808;
 0.79374969]
Keyframe: 53 Frame: 438 Frame from vFrameID : 439
Tcw:
[0.99499583, -0.08020518, 0.059585426, 0.3113414;
 0.099175103, 0.7202695, -0.68656844, -0.0013048053;
 0.012148777, 0.68904209, 0.72461951, 0.8157537;
 0, 0, 0, 1]
Twc:
[0.99499583, 0.099175103, 0.012148777, -0.3195644;
 -0.08020518, 0.7202695, 0.68904209, -0.53617764;
 0.059585426, -0.68656844, 0.72461951, -0.61055827;
 0, 0, 0, 1]
Ow:
[0.3113414;
 -0.0013048053;
 0.8157537]
Keyframe: 54 Frame: 445 Frame from vFrameID : 446
Tcw:
[0.99671149, -0.039728392, 0.070624344, 0.30483928;
 0.076674677, 0.74433976, -0.66338474, 0.045240313;
 -0.026213301, 0.66661829, 0.74493819, 0.80189312;
 0, 0, 0, 1]
Twc:
[0.99671149, 0.076674677, -0.026213301, -0.28628534;
 -0.039728392, 0.74433976, 0.66661829, -0.55612004;
 0.070624344, -0.66338474, 0.74493819, -0.58887815;
 0, 0, 0, 1]
Ow:
[0.30483928;
 0.045240313;
 0.80189312]
Keyframe: 55 Frame: 454 Frame from vFrameID : 455
Tcw:
[0.9949078, -0.085537694, 0.053308867, 0.29830888;
 0.099118121, 0.73442864, -0.67140913, 0.042485923;
 0.018279228, 0.67327404, 0.73916709, 0.82921582;
 0, 0, 0, 1]
Twc:
[0.9949078, 0.099118121, 0.018279228, -0.31615835;
 -0.085537694, 0.73442864, 0.67327404, -0.56397569;
 0.053308867, -0.67140913, 0.73916709, -0.60030609;
 0, 0, 0, 1]
Ow:
[0.29830888;
 0.042485923;
 0.82921582]
Keyframe: 56 Frame: 463 Frame from vFrameID : 464
Tcw:
[0.99445391, -0.10069088, 0.03037769, 0.29983914;
 0.095992528, 0.75093812, -0.65335852, 0.04581663;
 0.042975478, 0.65265095, 0.75643891, 0.83623719;
 0, 0, 0, 1]
Twc:
[0.99445391, 0.095992528, 0.042975478, -0.33851197;
 -0.10069088, 0.75093812, 0.65265095, -0.54998541;
 0.03037769, -0.65335852, 0.75643891, -0.61173606;
 0, 0, 0, 1]
Ow:
[0.29983914;
 0.04581663;
 0.83623719]
Keyframe: 57 Frame: 471 Frame from vFrameID : 472
Tcw:
[0.9928993, -0.10870216, 0.0483201, 0.30888283;
 0.11313476, 0.73735297, -0.66596633, 0.049986035;
 0.036763016, 0.66670418, 0.74441522, 0.84990585;
 0, 0, 0, 1]
Twc:
[0.9928993, 0.11313476, 0.036763016, -0.34358981;
 -0.10870216, 0.73735297, 0.66670418, -0.5699169;
 0.0483201, -0.66596633, 0.74441522, -0.61431909;
 0, 0, 0, 1]
Ow:
[0.30888283;
 0.049986035;
 0.84990585]
Keyframe: 58 Frame: 480 Frame from vFrameID : 481
Tcw:
[0.99523628, -0.071313165, 0.066476598, 0.32593435;
 0.097429737, 0.75190759, -0.65202951, 0.059318542;
 -0.0034859679, 0.65540022, 0.75527376, 0.85418332;
 0, 0, 0, 1]
Twc:
[0.99523628, 0.097429737, -0.0034859679, -0.32718343;
 -0.071313165, 0.75190759, 0.65540022, -0.58119059;
 0.066476598, -0.65202951, 0.75527376, -0.62813181;
 0, 0, 0, 1]
Ow:
[0.32593435;
 0.059318542;
 0.85418332]
Keyframe: 59 Frame: 487 Frame from vFrameID : 488
Tcw:
[0.99649787, -0.078702427, 0.028248494, 0.32584211;
 0.076483451, 0.72133338, -0.68835193, 0.059990525;
 0.033798385, 0.68810177, 0.72482663, 0.87098366;
 0, 0, 0, 1]
Twc:
[0.99649787, 0.076483451, 0.033798385, -0.3587271;
 -0.078702427, 0.72133338, 0.68810177, -0.61695403;
 0.028248494, -0.68835193, 0.72482663, -0.59922206;
 0, 0, 0, 1]
Ow:
[0.32584211;
 0.059990525;
 0.87098366]
Keyframe: 60 Frame: 496 Frame from vFrameID : 497
Tcw:
[0.99390143, -0.10828, 0.02086509, 0.33645636;
 0.093330577, 0.72523385, -0.6821475, 0.061330676;
 0.058730867, 0.67993474, 0.73091686, 0.88267511;
 0, 0, 0, 1]
Twc:
[0.99390143, 0.093330577, 0.058730867, -0.39196876;
 -0.10828, 0.72523385, 0.67993474, -0.60820907;
 0.02086509, -0.6821475, 0.73091686, -0.61034572;
 0, 0, 0, 1]
Ow:
[0.33645636;
 0.061330676;
 0.88267511]
Keyframe: 61 Frame: 504 Frame from vFrameID : 505
Tcw:
[0.99243951, -0.11742189, 0.035719402, 0.34108144;
 0.10962947, 0.7172488, -0.6881392, 0.066697866;
 0.055182908, 0.68685246, 0.72469896, 0.89314783;
 0, 0, 0, 1]
Twc:
[0.99243951, 0.10962947, 0.055182908, -0.39510125;
 -0.11742189, 0.7172488, 0.68685246, -0.62124932;
 0.035719402, -0.6881392, 0.72469896, -0.61354911;
 0, 0, 0, 1]
Ow:
[0.34108144;
 0.066697866;
 0.89314783]
Keyframe: 62 Frame: 512 Frame from vFrameID : 513
Tcw:
[0.99304396, -0.10250618, 0.05793244, 0.34323421;
 0.11424808, 0.71985227, -0.68466055, 0.071228385;
 0.028479144, 0.6865167, 0.72655606, 0.90112972;
 0, 0, 0, 1]
Twc:
[0.99304396, 0.11424808, 0.028479144, -0.3746478;
 -0.10250618, 0.71985227, 0.6865167, -0.63473094;
 0.05793244, -0.68466055, 0.72655606, -0.62583846;
 0, 0, 0, 1]
Ow:
[0.34323421;
 0.071228385;
 0.90112972]
Keyframe: 63 Frame: 519 Frame from vFrameID : 520
Tcw:
[0.99481702, -0.097070694, 0.030272258, 0.3491663;
 0.090398856, 0.70802242, -0.70038009, 0.074941337;
 0.046552945, 0.69948661, 0.71312785, 0.90997803;
 0, 0, 0, 1]
Twc:
[0.99481702, 0.090398856, 0.046552945, -0.39649335;
 -0.097070694, 0.70802242, 0.69948661, -0.65568376;
 0.030272258, -0.70038009, 0.71312785, -0.60701329;
 0, 0, 0, 1]
Ow:
[0.3491663;
 0.074941337;
 0.90997803]
Keyframe: 64 Frame: 527 Frame from vFrameID : 528
Tcw:
[0.99400985, -0.10862249, -0.012063321, 0.35179242;
 0.06937784, 0.71243179, -0.6983034, 0.078791946;
 0.084445745, 0.69328356, 0.71570021, 0.92637157;
 0, 0, 0, 1]
Twc:
[0.99400985, 0.06937784, 0.084445745, -0.43337974;
 -0.10862249, 0.71243179, 0.69328356, -0.66015953;
 -0.012063321, -0.6983034, 0.71570021, -0.60373992;
 0, 0, 0, 1]
Ow:
[0.35179242;
 0.078791946;
 0.92637157]
Keyframe: 65 Frame: 535 Frame from vFrameID : 536
Tcw:
[0.99345809, -0.1136433, 0.01123446, 0.35626736;
 0.090203136, 0.72058481, -0.68747431, 0.075110108;
 0.070031464, 0.6839903, 0.72612178, 0.93734503;
 0, 0, 0, 1]
Twc:
[0.99345809, 0.090203136, 0.070031464, -0.42635551;
 -0.1136433, 0.72058481, 0.6839903, -0.65477073;
 0.01123446, -0.68747431, 0.72612178, -0.63299286;
 0, 0, 0, 1]
Ow:
[0.35626736;
 0.075110108;
 0.93734503]
Keyframe: 66 Frame: 543 Frame from vFrameID : 544
Tcw:
[0.99308604, -0.10677829, 0.048769519, 0.35541657;
 0.11039526, 0.70825738, -0.69726926, 0.08475709;
 0.039911851, 0.69783229, 0.71514833, 0.94705933;
 0, 0, 0, 1]
Twc:
[0.99308604, 0.11039526, 0.039911851, -0.40011492;
 -0.10677829, 0.70825738, 0.69783229, -0.68296766;
 0.048769519, -0.69726926, 0.71514833, -0.63552284;
 0, 0, 0, 1]
Ow:
[0.35541657;
 0.08475709;
 0.94705933]
Keyframe: 67 Frame: 552 Frame from vFrameID : 553
Tcw:
[0.99104071, -0.12951149, 0.032634858, 0.36452103;
 0.11601654, 0.7137143, -0.69076192, 0.08161363;
 0.066169634, 0.68835938, 0.72234547, 0.95555353;
 0, 0, 0, 1]
Twc:
[0.99104071, 0.11601654, 0.066169634, -0.43395239;
 -0.12951149, 0.7137143, 0.68835938, -0.66880339;
 0.032634858, -0.69076192, 0.72234547, -0.64576024;
 0, 0, 0, 1]
Ow:
[0.36452103;
 0.08161363;
 0.95555353]
Keyframe: 68 Frame: 560 Frame from vFrameID : 561
Tcw:
[0.99279296, -0.11919396, -0.012447427, 0.36608669;
 0.079106688, 0.72981107, -0.67905664, 0.074561983;
 0.090023726, 0.67317802, 0.7339803, 0.96318662;
 0, 0, 0, 1]
Twc:
[0.99279296, 0.079106688, 0.090023726, -0.45605627;
 -0.11919396, 0.72981107, 0.67317802, -0.65917683;
 -0.012447427, -0.67905664, 0.7339803, -0.65177137;
 0, 0, 0, 1]
Ow:
[0.36608669;
 0.074561983;
 0.96318662]
Keyframe: 69 Frame: 568 Frame from vFrameID : 569
Tcw:
[0.98899591, -0.14704579, 0.016267242, 0.35796544;
 0.11975468, 0.73114145, -0.67163306, 0.07801196;
 0.086867161, 0.66619045, 0.74070531, 0.97068715;
 0, 0, 0, 1]
Twc:
[0.98899591, 0.11975468, 0.086867161, -0.44768947;
 -0.14704579, 0.73114145, 0.66619045, -0.65106297;
 0.016267242, -0.67163306, 0.74070531, -0.67242086;
 0, 0, 0, 1]
Ow:
[0.35796544;
 0.07801196;
 0.97068715]
Keyframe: 70 Frame: 577 Frame from vFrameID : 578
Tcw:
[0.98566091, -0.15985386, 0.054031115, 0.36560363;
 0.15594934, 0.74070877, -0.65347558, 0.082300186;
 0.064439274, 0.65253145, 0.75501674, 0.97049427;
 0, 0, 0, 1]
Twc:
[0.98566091, 0.15594934, 0.064439274, -0.43573377;
 -0.15985386, 0.74070877, 0.65253145, -0.63579535;
 0.054031115, -0.65347558, 0.75501674, -0.69871223;
 0, 0, 0, 1]
Ow:
[0.36560363;
 0.082300186;
 0.97049427]
Keyframe: 71 Frame: 584 Frame from vFrameID : 585
Tcw:
[0.98764777, -0.14880741, 0.049073502, 0.36740634;
 0.14316365, 0.72969335, -0.66861933, 0.076982498;
 0.0636869, 0.66738594, 0.74198383, 0.98164356;
 0, 0, 0, 1]
Twc:
[0.98764777, 0.14316365, 0.0636869, -0.436407;
 -0.14880741, 0.72969335, 0.66738594, -0.65663594;
 0.049073502, -0.66861933, 0.74198383, -0.69492155;
 0, 0, 0, 1]
Ow:
[0.36740634;
 0.076982498;
 0.98164356]
Keyframe: 72 Frame: 592 Frame from vFrameID : 593
Tcw:
[0.99374241, -0.11104953, -0.012003118, 0.36633152;
 0.071732804, 0.71687078, -0.69350612, 0.084439546;
 0.085618213, 0.68830538, 0.72035074, 0.98646998;
 0, 0, 0, 1]
Twc:
[0.99374241, 0.071732804, 0.085618213, -0.45455602;
 -0.11104953, 0.71687078, 0.68830538, -0.69884396;
 -0.012003118, -0.69350612, 0.72035074, -0.64764798;
 0, 0, 0, 1]
Ow:
[0.36633152;
 0.084439546;
 0.98646998]
Keyframe: 73 Frame: 601 Frame from vFrameID : 602
Tcw:
[0.99380362, -0.1104244, 0.012679558, 0.36873725;
 0.08948236, 0.72717899, -0.68059063, 0.078713;
 0.065933503, 0.67750806, 0.7325542, 0.99645442;
 0, 0, 0, 1]
Twc:
[0.99380362, 0.08948236, 0.065933503, -0.4391956;
 -0.1104244, 0.72717899, 0.67750806, -0.69162673;
 0.012679558, -0.68059063, 0.7325542, -0.68106091;
 0, 0, 0, 1]
Ow:
[0.36873725;
 0.078713;
 0.99645442]
Keyframe: 74 Frame: 609 Frame from vFrameID : 610
Tcw:
[0.99380732, -0.080841906, 0.076234184, 0.36448118;
 0.11110334, 0.73383278, -0.67018318, 0.085974902;
 -0.0017642585, 0.67450279, 0.73827016, 0.99389338;
 0, 0, 0, 1]
Twc:
[0.99380732, 0.11110334, -0.0017642585, -0.37002268;
 -0.080841906, 0.73383278, 0.67450279, -0.70400977;
 0.076234184, -0.67018318, 0.73827016, -0.70392889;
 0, 0, 0, 1]
Ow:
[0.36448118;
 0.085974902;
 0.99389338]
Keyframe: 75 Frame: 617 Frame from vFrameID : 618
Tcw:
[0.99119061, -0.11243016, 0.070004329, 0.36624378;
 0.12995027, 0.72351414, -0.67796767, 0.08700335;
 0.025574896, 0.68109232, 0.73175079, 1.0020273;
 0, 0, 0, 1]
Twc:
[0.99119061, 0.12995027, 0.025574896, -0.39995024;
 -0.11243016, 0.72351414, 0.68109232, -0.70424438;
 0.070004329, -0.67796767, 0.73175079, -0.69988745;
 0, 0, 0, 1]
Ow:
[0.36624378;
 0.08700335;
 1.0020273]
Keyframe: 76 Frame: 625 Frame from vFrameID : 626
Tcw:
[0.99139839, -0.1271349, 0.031080449, 0.36987418;
 0.11481073, 0.73079973, -0.67286718, 0.087681293;
 0.062831327, 0.6706478, 0.73911011, 1.0067935;
 0, 0, 0, 1]
Twc:
[0.99139839, 0.11481073, 0.062831327, -0.44001758;
 -0.1271349, 0.73079973, 0.6706478, -0.6922574;
 0.031080449, -0.67286718, 0.73911011, -0.69662929;
 0, 0, 0, 1]
Ow:
[0.36987418;
 0.087681293;
 1.0067935]
Keyframe: 77 Frame: 633 Frame from vFrameID : 634
Tcw:
[0.99076647, -0.12793143, 0.044893406, 0.36766127;
 0.1257529, 0.74335051, -0.65697503, 0.092434585;
 0.050676219, 0.65655428, 0.7525745, 1.0124257;
 0, 0, 0, 1]
Twc:
[0.99076647, 0.1257529, 0.050676219, -0.42719626;
 -0.12793143, 0.74335051, 0.65655428, -0.68638825;
 0.044893406, -0.65697503, 0.7525745, -0.71770412;
 0, 0, 0, 1]
Ow:
[0.36766127;
 0.092434585;
 1.0124257]
Keyframe: 78 Frame: 641 Frame from vFrameID : 642
Tcw:
[0.98914903, -0.12381006, 0.079090044, 0.36791733;
 0.14484547, 0.73178905, -0.66596138, 0.094751209;
 0.024575491, 0.67019093, 0.74178177, 1.0152345;
 0, 0, 0, 1]
Twc:
[0.98914903, 0.14484547, 0.024575491, -0.40259925;
 -0.12381006, 0.73178905, 0.67019093, -0.70418692;
 0.079090044, -0.66596138, 0.74178177, -0.71908033;
 0, 0, 0, 1]
Ow:
[0.36791733;
 0.094751209;
 1.0152345]
Keyframe: 79 Frame: 649 Frame from vFrameID : 650
Tcw:
[0.99042279, -0.11402661, 0.077850021, 0.37273806;
 0.13649592, 0.72381437, -0.67635906, 0.09691909;
 0.020773968, 0.68050766, 0.73244643, 1.0235131;
 0, 0, 0, 1]
Twc:
[0.99042279, 0.13649592, 0.020773968, -0.40365976;
 -0.11402661, 0.72381437, 0.68050766, -0.72415787;
 0.077850021, -0.67635906, 0.73244643, -0.71313411;
 0, 0, 0, 1]
Ow:
[0.37273806;
 0.09691909;
 1.0235131]
Keyframe: 80 Frame: 658 Frame from vFrameID : 659
Tcw:
[0.99247783, -0.12223034, 0.0068918616, 0.37166828;
 0.093412325, 0.71969199, -0.68798083, 0.097884834;
 0.07913211, 0.68344951, 0.72569615, 1.0266653;
 0, 0, 0, 1]
Twc:
[0.99247783, 0.093412325, 0.07913211, -0.45925838;
 -0.12223034, 0.71969199, 0.68344951, -0.72669172;
 0.0068918616, -0.68798083, 0.72569615, -0.68026572;
 0, 0, 0, 1]
Ow:
[0.37166828;
 0.097884834;
 1.0266653]
Keyframe: 81 Frame: 666 Frame from vFrameID : 667
Tcw:
[0.99488127, -0.098598726, 0.022125997, 0.37118307;
 0.088256441, 0.74119186, -0.66546631, 0.097375631;
 0.049214523, 0.66401273, 0.74609989, 1.0278614;
 0, 0, 0, 1]
Twc:
[0.99488127, 0.088256441, 0.049214523, -0.4284628;
 -0.098598726, 0.74119186, 0.66401273, -0.71808887;
 0.022125997, -0.66546631, 0.74609989, -0.71029985;
 0, 0, 0, 1]
Ow:
[0.37118307;
 0.097375631;
 1.0278614]
Keyframe: 82 Frame: 674 Frame from vFrameID : 675
Tcw:
[0.99372309, -0.10363476, 0.042121977, 0.37457594;
 0.10392296, 0.71584058, -0.69048697, 0.096438199;
 0.041405834, 0.6905303, 0.72211736, 1.0317073;
 0, 0, 0, 1]
Twc:
[0.99372309, 0.10392296, 0.041405834, -0.42496556;
 -0.10363476, 0.71584058, 0.6905303, -0.74264032;
 0.042121977, -0.69048697, 0.72211736, -0.69420224;
 0, 0, 0, 1]
Ow:
[0.37457594;
 0.096438199;
 1.0317073]
Keyframe: 83 Frame: 683 Frame from vFrameID : 684
Tcw:
[0.99304569, -0.085910812, 0.08049573, 0.37616375;
 0.11769539, 0.74089974, -0.66122264, 0.096081734;
 -0.0028330944, 0.6660983, 0.74585861, 1.0340027;
 0, 0, 0, 1]
Twc:
[0.99304569, 0.11769539, -0.0028330944, -0.38192675;
 -0.085910812, 0.74089974, 0.6660983, -0.7276178;
 0.08049573, -0.66122264, 0.74585861, -0.73796797;
 0, 0, 0, 1]
Ow:
[0.37616375;
 0.096081734;
 1.0340027]
Keyframe: 84 Frame: 691 Frame from vFrameID : 692
Tcw:
[0.99624318, -0.085842513, 0.011425409, 0.38013217;
 0.0705081, 0.72743517, -0.68254423, 0.096955687;
 0.050280068, 0.68078566, 0.73075497, 1.0374405;
 0, 0, 0, 1]
Twc:
[0.99624318, 0.0705081, 0.050280068, -0.43770283;
 -0.085842513, 0.72743517, 0.68078566, -0.7441721;
 0.011425409, -0.68254423, 0.73075497, -0.69628143;
 0, 0, 0, 1]
Ow:
[0.38013217;
 0.096955687;
 1.0374405]
Keyframe: 85 Frame: 700 Frame from vFrameID : 701
Tcw:
[0.99313617, -0.11608988, -0.014270029, 0.38257921;
 0.077831186, 0.74699736, -0.66025543, 0.097245932;
 0.087308653, 0.65461296, 0.75090551, 1.042267;
 0, 0, 0, 1]
Twc:
[0.99313617, 0.077831186, 0.087308653, -0.47852096;
 -0.11608988, 0.74699736, 0.65461296, -0.71051031;
 -0.014270029, -0.66025543, 0.75090551, -0.71297747;
 0, 0, 0, 1]
Ow:
[0.38257921;
 0.097245932;
 1.042267]
Keyframe: 86 Frame: 708 Frame from vFrameID : 709
Tcw:
[0.98995286, -0.13592808, 0.038947213, 0.38142756;
 0.12572135, 0.72009343, -0.68239254, 0.099340439;
 0.064710677, 0.68043298, 0.72994763, 1.0450935;
 0, 0, 0, 1]
Twc:
[0.98995286, 0.12572135, 0.064710677, -0.45771322;
 -0.13592808, 0.72009343, 0.68043298, -0.73080367;
 0.038947213, -0.68239254, 0.72994763, -0.70992982;
 0, 0, 0, 1]
Ow:
[0.38142756;
 0.099340439;
 1.0450935]
Keyframe: 87 Frame: 716 Frame from vFrameID : 717
Tcw:
[0.99477476, -0.083136909, 0.059257209, 0.38446215;
 0.10113662, 0.72317147, -0.68322355, 0.1015512;
 0.013947971, 0.68564665, 0.72780091, 1.0449259;
 0, 0, 0, 1]
Twc:
[0.99477476, 0.10113662, 0.013947971, -0.40729842;
 -0.083136909, 0.72317147, 0.68564665, -0.75792587;
 0.059257209, -0.68322355, 0.72780091, -0.713898;
 0, 0, 0, 1]
Ow:
[0.38446215;
 0.1015512;
 1.0449259]
Keyframe: 88 Frame: 725 Frame from vFrameID : 726
Tcw:
[0.99178505, -0.12471265, 0.028446235, 0.38829067;
 0.11019859, 0.72010267, -0.68506086, 0.10414237;
 0.064951546, 0.68256783, 0.72793025, 1.0482788;
 0, 0, 0, 1]
Twc:
[0.99178505, 0.11019859, 0.064951546, -0.46466455;
 -0.12471265, 0.72010267, 0.68256783, -0.74208987;
 0.028446235, -0.68506086, 0.72793025, -0.70277542;
 0, 0, 0, 1]
Ow:
[0.38829067;
 0.10414237;
 1.0482788]
Keyframe: 89 Frame: 733 Frame from vFrameID : 734
Tcw:
[0.99263608, -0.12108614, 0.0034226016, 0.38934082;
 0.093290128, 0.74613738, -0.65922379, 0.10379076;
 0.077269129, 0.6546886, 0.75193906, 1.0546234;
 0, 0, 0, 1]
Twc:
[0.99263608, 0.093290128, 0.077269129, -0.47764623;
 -0.12108614, 0.74613738, 0.6546886, -0.72074831;
 0.0034226016, -0.65922379, 0.75193906, -0.72592366;
 0, 0, 0, 1]
Ow:
[0.38934082;
 0.10379076;
 1.0546234]
Keyframe: 90 Frame: 741 Frame from vFrameID : 742
Tcw:
[0.99027461, -0.13610147, 0.028853627, 0.39028189;
 0.12045281, 0.73493534, -0.66735381, 0.10624674;
 0.069622286, 0.66433907, 0.74418169, 1.0576317;
 0, 0, 0, 1]
Twc:
[0.99027461, 0.12045281, 0.069622286, -0.47291872;
 -0.13610147, 0.73493534, 0.66433907, -0.72759265;
 0.028853627, -0.66735381, 0.74418169, -0.72742701;
 0, 0, 0, 1]
Ow:
[0.39028189;
 0.10624674;
 1.0576317]
Keyframe: 91 Frame: 750 Frame from vFrameID : 751
Tcw:
[0.98882562, -0.12400649, 0.082742192, 0.38846955;
 0.14758998, 0.73613882, -0.66054279, 0.10939354;
 0.021001855, 0.66537356, 0.74621505, 1.0642034;
 0, 0, 0, 1]
Twc:
[0.98882562, 0.14758998, 0.021001855, -0.42262429;
 -0.12400649, 0.73613882, 0.66537356, -0.74044889;
 0.082742192, -0.66054279, 0.74621505, -0.75400829;
 0, 0, 0, 1]
Ow:
[0.38846955;
 0.10939354;
 1.0642034]
Keyframe: 92 Frame: 759 Frame from vFrameID : 760
Tcw:
[0.98876864, -0.14648552, 0.029641418, 0.39071208;
 0.12906946, 0.7369495, -0.66351074, 0.12202585;
 0.075350486, 0.65988439, 0.74757934, 1.068347;
 0, 0, 0, 1]
Twc:
[0.98876864, 0.12906946, 0.075350486, -0.48257414;
 -0.14648552, 0.7369495, 0.65988439, -0.73767865;
 0.029641418, -0.66351074, 0.74757934, -0.72928989;
 0, 0, 0, 1]
Ow:
[0.39071208;
 0.12202585;
 1.068347]
Keyframe: 93 Frame: 768 Frame from vFrameID : 769
Tcw:
[0.98718518, -0.15946648, -0.0059903003, 0.39408207;
 0.11762052, 0.75247866, -0.64802879, 0.12096885;
 0.10784644, 0.63901979, 0.76159233, 1.0768771;
 0, 0, 0, 1]
Twc:
[0.98718518, 0.11762052, 0.10784644, -0.51939774;
 -0.15946648, 0.75247866, 0.63901979, -0.7163294;
 -0.0059903003, -0.64802879, 0.76159233, -0.7393893;
 0, 0, 0, 1]
Ow:
[0.39408207;
 0.12096885;
 1.0768771]
Keyframe: 94 Frame: 777 Frame from vFrameID : 778
Tcw:
[0.98780507, -0.14953078, 0.043377988, 0.39387989;
 0.14018837, 0.73299211, -0.66563487, 0.12081301;
 0.067737177, 0.6635986, 0.7450158, 1.0791248;
 0, 0, 0, 1]
Twc:
[0.98780507, 0.14018837, 0.067737177, -0.47911003;
 -0.14953078, 0.73299211, 0.6635986, -0.74576354;
 0.043377988, -0.66563487, 0.7450158, -0.74063343;
 0, 0, 0, 1]
Ow:
[0.39387989;
 0.12081301;
 1.0791248]
Keyframe: 95 Frame: 785 Frame from vFrameID : 786
Tcw:
[0.9897669, -0.12595855, 0.067051418, 0.3961587;
 0.1391146, 0.74719328, -0.6498841, 0.12042946;
 0.031758092, 0.6525616, 0.75706983, 1.0818527;
 0, 0, 0, 1]
Twc:
[0.9897669, 0.1391146, 0.031758092, -0.44321585;
 -0.12595855, 0.74719328, 0.6525616, -0.74606007;
 0.067051418, -0.6498841, 0.75706983, -0.76733589;
 0, 0, 0, 1]
Ow:
[0.3961587;
 0.12042946;
 1.0818527]
Keyframe: 96 Frame: 793 Frame from vFrameID : 794
Tcw:
[0.98695242, -0.15584102, 0.040478721, 0.39799726;
 0.1425361, 0.72870803, -0.66982687, 0.12181348;
 0.07488934, 0.66685694, 0.74141312, 1.0853934;
 0, 0, 0, 1]
Twc:
[0.98695242, 0.1425361, 0.07488934, -0.49145153;
 -0.15584102, 0.72870803, 0.66685694, -0.75054425;
 0.040478721, -0.66982687, 0.74141312, -0.73924136;
 0, 0, 0, 1]
Ow:
[0.39799726;
 0.12181348;
 1.0853934]
Keyframe: 97 Frame: 802 Frame from vFrameID : 803
Tcw:
[0.9863444, -0.16464581, 0.0040557142, 0.39874446;
 0.12616587, 0.73953539, -0.66118801, 0.12186545;
 0.10586249, 0.6526708, 0.75020927, 1.0915551;
 0, 0, 0, 1]
Twc:
[0.9863444, 0.12616587, 0.10586249, -0.52422941;
 -0.16464581, 0.73953539, 0.6526708, -0.73689836;
 0.0040557142, -0.66118801, 0.75020927, -0.73993605;
 0, 0, 0, 1]
Ow:
[0.39874446;
 0.12186545;
 1.0915551]
Keyframe: 98 Frame: 811 Frame from vFrameID : 812
Tcw:
[0.98910695, -0.14681755, 0.010583479, 0.39836711;
 0.11461262, 0.7230354, -0.68123692, 0.11979908;
 0.092365302, 0.67502916, 0.73198652, 1.0923722;
 0, 0, 0, 1]
Twc:
[0.98910695, 0.11461262, 0.092365302, -0.50865543;
 -0.14681755, 0.7230354, 0.67502916, -0.76551473;
 0.010583479, -0.68123692, 0.73198652, -0.72220623;
 0, 0, 0, 1]
Ow:
[0.39836711;
 0.11979908;
 1.0923722]
Keyframe: 99 Frame: 819 Frame from vFrameID : 820
Tcw:
[0.98955411, -0.13128938, 0.059545964, 0.39829326;
 0.13687475, 0.7259813, -0.6739558, 0.12616372;
 0.045253985, 0.67506611, 0.736368, 1.0955524;
 0, 0, 0, 1]
Twc:
[0.98955411, 0.13687475, 0.045253985, -0.46097949;
 -0.13128938, 0.7259813, 0.67506611, -0.77887112;
 0.059545964, -0.6739558, 0.736368, -0.74541771;
 0, 0, 0, 1]
Ow:
[0.39829326;
 0.12616372;
 1.0955524]
Keyframe: 100 Frame: 828 Frame from vFrameID : 829
Tcw:
[0.98937011, -0.1447226, 0.014216874, 0.4022035;
 0.11719131, 0.73561633, -0.66718423, 0.12461281;
 0.08609847, 0.66175824, 0.74475706, 1.1000596;
 0, 0, 0, 1]
Twc:
[0.98937011, 0.11719131, 0.08609847, -0.50724512;
 -0.1447226, 0.73561633, 0.66175824, -0.76143283;
 0.014216874, -0.66718423, 0.74475706, -0.74185556;
 0, 0, 0, 1]
Ow:
[0.4022035;
 0.12461281;
 1.1000596]
Keyframe: 101 Frame: 836 Frame from vFrameID : 837
Tcw:
[0.98393512, -0.17365895, -0.0414031, 0.40450183;
 0.10401776, 0.74614036, -0.65761298, 0.12376305;
 0.1450929, 0.64274186, 0.75221735, 1.1033925;
 0, 0, 0, 1]
Twc:
[0.98393512, 0.10401776, 0.1450929, -0.57097155;
 -0.17365895, 0.74614036, 0.64274186, -0.73129576;
 -0.0414031, -0.65761298, 0.75221735, -0.73185515;
 0, 0, 0, 1]
Ow:
[0.40450183;
 0.12376305;
 1.1033925]
Keyframe: 102 Frame: 844 Frame from vFrameID : 845
Tcw:
[0.98088384, -0.1913978, -0.035125475, 0.40775129;
 0.1203872, 0.73868001, -0.6632185, 0.126748;
 0.15288505, 0.64631164, 0.74760109, 1.1078748;
 0, 0, 0, 1]
Twc:
[0.98088384, 0.1203872, 0.15288505, -0.58459294;
 -0.1913978, 0.73868001, 0.64631164, -0.7316159;
 -0.035125475, -0.6632185, 0.74760109, -0.72986436;
 0, 0, 0, 1]
Ow:
[0.40775129;
 0.126748;
 1.1078748]
Keyframe: 103 Frame: 853 Frame from vFrameID : 854
Tcw:
[0.98291779, -0.18277387, -0.021595838, 0.41048008;
 0.12481185, 0.74820393, -0.65162325, 0.12695977;
 0.1352578, 0.63779664, 0.75823528, 1.1119447;
 0, 0, 0, 1]
Twc:
[0.98291779, 0.12481185, 0.1352578, -0.56971341;
 -0.18277387, 0.74820393, 0.63779664, -0.72916144;
 -0.021595838, -0.65162325, 0.75823528, -0.75152111;
 0, 0, 0, 1]
Ow:
[0.41048008;
 0.12695977;
 1.1119447]
Keyframe: 104 Frame: 862 Frame from vFrameID : 863
Tcw:
[0.97811538, -0.20772199, -0.011909836, 0.41258916;
 0.14990319, 0.74324328, -0.6520111, 0.12833259;
 0.14428894, 0.63595676, 0.75811589, 1.1153299;
 0, 0, 0, 1]
Twc:
[0.97811538, 0.14990319, 0.14428894, -0.58372706;
 -0.20772199, 0.74324328, 0.63595676, -0.71898007;
 -0.011909836, -0.6520111, 0.75811589, -0.75696111;
 0, 0, 0, 1]
Ow:
[0.41258916;
 0.12833259;
 1.1153299]
Keyframe: 105 Frame: 870 Frame from vFrameID : 871
Tcw:
[0.97496623, -0.22209997, -0.01060436, 0.41277212;
 0.1592841, 0.73090506, -0.6636312, 0.13232589;
 0.15514326, 0.64532894, 0.74798471, 1.1205719;
 0, 0, 0, 1]
Twc:
[0.97496623, 0.1592841, 0.15514326, -0.59736544;
 -0.22209997, 0.73090506, 0.64532894, -0.72817838;
 -0.01060436, -0.6636312, 0.74798471, -0.74597788;
 0, 0, 0, 1]
Ow:
[0.41277212;
 0.13232589;
 1.1205719]
Keyframe: 106 Frame: 880 Frame from vFrameID : 881
Tcw:
[0.98284447, -0.18132125, 0.033754401, 0.41392666;
 0.15904322, 0.74054122, -0.65291959, 0.13051486;
 0.093391664, 0.6470868, 0.75667477, 1.1242146;
 0, 0, 0, 1]
Twc:
[0.98284447, 0.15904322, 0.093391664, -0.53257531;
 -0.18132125, 0.74054122, 0.6470868, -0.74906236;
 0.033754401, -0.65291959, 0.75667477, -0.77942091;
 0, 0, 0, 1]
Ow:
[0.41392666;
 0.13051486;
 1.1242146]
Keyframe: 107 Frame: 888 Frame from vFrameID : 889
Tcw:
[0.98380828, -0.157721, 0.08512, 0.41407931;
 0.1756251, 0.75368333, -0.63333815, 0.13166296;
 0.035737198, 0.63803256, 0.76917964, 1.1261716;
 0, 0, 0, 1]
Twc:
[0.98380828, 0.1756251, 0.035737198, -0.47074416;
 -0.157721, 0.75368333, 0.63803256, -0.75245732;
 0.08512, -0.63333815, 0.76917964, -0.81808758;
 0, 0, 0, 1]
Ow:
[0.41407931;
 0.13166296;
 1.1261716]
Keyframe: 108 Frame: 896 Frame from vFrameID : 897
Tcw:
[0.98281449, -0.18146275, 0.033867471, 0.4198654;
 0.1589319, 0.73848969, -0.65526611, 0.13342834;
 0.093895607, 0.64938766, 0.75463855, 1.1290207;
 0, 0, 0, 1]
Twc:
[0.98281449, 0.1589319, 0.093895607, -0.53986591;
 -0.18146275, 0.73848969, 0.64938766, -0.7555176;
 0.033867471, -0.65526611, 0.75463855, -0.77879125;
 0, 0, 0, 1]
Ow:
[0.4198654;
 0.13342834;
 1.1290207]
Keyframe: 109 Frame: 904 Frame from vFrameID : 905
Tcw:
[0.97804177, -0.20840164, -0.0017469013, 0.41913801;
 0.15495805, 0.73278183, -0.66258496, 0.13330215;
 0.13936388, 0.6477651, 0.74898475, 1.1362249;
 0, 0, 0, 1]
Twc:
[0.97804177, 0.15495805, 0.13936388, -0.58893943;
 -0.20840164, 0.73278183, 0.6477651, -0.74633908;
 -0.0017469013, -0.66258496, 0.74898475, -0.76195884;
 0, 0, 0, 1]
Ow:
[0.41913801;
 0.13330215;
 1.1362249]
Keyframe: 110 Frame: 913 Frame from vFrameID : 914
Tcw:
[0.98057282, -0.19515675, 0.019768011, 0.41868418;
 0.1608039, 0.74204659, -0.65077567, 0.13121843;
 0.11233448, 0.64131171, 0.75901264, 1.1416264;
 0, 0, 0, 1]
Twc:
[0.98057282, 0.1608039, 0.11233448, -0.5598948;
 -0.19515675, 0.74204659, 0.64131171, -0.74779952;
 0.019768011, -0.65077567, 0.75901264, -0.7893917;
 0, 0, 0, 1]
Ow:
[0.41868418;
 0.13121843;
 1.1416264]
Keyframe: 111 Frame: 922 Frame from vFrameID : 923
Tcw:
[0.98126143, -0.18620573, 0.049531993, 0.41938055;
 0.17361993, 0.74299377, -0.64638722, 0.1327557;
 0.083559036, 0.64287454, 0.76140016, 1.1435549;
 0, 0, 0, 1]
Twc:
[0.98126143, 0.17361993, 0.083559036, -0.53012532;
 -0.18620573, 0.74299377, 0.64287454, -0.75570804;
 0.049531993, -0.64638722, 0.76140016, -0.80566412;
 0, 0, 0, 1]
Ow:
[0.41938055;
 0.1327557;
 1.1435549]
Keyframe: 112 Frame: 931 Frame from vFrameID : 932
Tcw:
[0.98461133, -0.17252785, 0.027832141, 0.42257372;
 0.14874783, 0.74377179, -0.6516729, 0.13217467;
 0.09173096, 0.6457845, 0.75798929, 1.1461872;
 0, 0, 0, 1]
Twc:
[0.98461133, 0.14874783, 0.09173096, -0.54087245;
 -0.17252785, 0.74377179, 0.6457845, -0.76559204;
 0.027832141, -0.6516729, 0.75798929, -0.79442412;
 0, 0, 0, 1]
Ow:
[0.42257372;
 0.13217467;
 1.1461872]
Keyframe: 113 Frame: 940 Frame from vFrameID : 941
Tcw:
[0.97725683, -0.21072708, -0.023730692, 0.42264256;
 0.14499536, 0.74566185, -0.65035737, 0.13737106;
 0.15474299, 0.63212538, 0.75925761, 1.1492784;
 0, 0, 0, 1]
Twc:
[0.97725683, 0.14499536, 0.15474299, -0.61079133;
 -0.21072708, 0.74566185, 0.63212538, -0.73985815;
 -0.023730692, -0.65035737, 0.75925761, -0.77322847;
 0, 0, 0, 1]
Ow:
[0.42264256;
 0.13737106;
 1.1492784]
Keyframe: 114 Frame: 949 Frame from vFrameID : 950
Tcw:
[0.98196137, -0.18908174, 0.0001032847, 0.42449313;
 0.14663607, 0.76118243, -0.63174295, 0.13195252;
 0.11937243, 0.62036228, 0.77517796, 1.1519845;
 0, 0, 0, 1]
Twc:
[0.98196137, 0.14663607, 0.11937243, -0.57370001;
 -0.18908174, 0.76118243, 0.62036228, -0.73482382;
 0.0001032847, -0.63174295, 0.77517796, -0.80967677;
 0, 0, 0, 1]
Ow:
[0.42449313;
 0.13195252;
 1.1519845]
Keyframe: 115 Frame: 957 Frame from vFrameID : 958
Tcw:
[0.97895461, -0.20003909, 0.040400248, 0.42570496;
 0.1773847, 0.73618227, -0.6531235, 0.13848752;
 0.10090829, 0.64654469, 0.75617296, 1.1569347;
 0, 0, 0, 1]
Twc:
[0.97895461, 0.1773847, 0.10090829, -0.5580557;
 -0.20003909, 0.73618227, 0.64654469, -0.76480442;
 0.040400248, -0.6531235, 0.75617296, -0.80159181;
 0, 0, 0, 1]
Ow:
[0.42570496;
 0.13848752;
 1.1569347]
Keyframe: 116 Frame: 966 Frame from vFrameID : 967
Tcw:
[0.97779989, -0.20724289, 0.030948032, 0.42988873;
 0.17594661, 0.73182052, -0.65839309, 0.13825309;
 0.11379889, 0.6492219, 0.7520377, 1.1656315;
 0, 0, 0, 1]
Twc:
[0.97779989, 0.17594661, 0.11379889, -0.57731789;
 -0.20724289, 0.73182052, 0.6492219, -0.76883864;
 0.030948032, -0.65839309, 0.7520377, -0.79887819;
 0, 0, 0, 1]
Ow:
[0.42988873;
 0.13825309;
 1.1656315]
Keyframe: 117 Frame: 975 Frame from vFrameID : 976
Tcw:
[0.97621047, -0.21532494, -0.025461065, 0.4312337;
 0.14700355, 0.74359232, -0.65227324, 0.13898695;
 0.15938336, 0.63301313, 0.75755614, 1.1672779;
 0, 0, 0, 1]
Twc:
[0.97621047, 0.14700355, 0.15938336, -0.62745112;
 -0.21532494, 0.74359232, 0.63301313, -0.7493965;
 -0.025461065, -0.65227324, 0.75755614, -0.78264147;
 0, 0, 0, 1]
Ow:
[0.4312337;
 0.13898695;
 1.1672779]
Keyframe: 118 Frame: 983 Frame from vFrameID : 984
Tcw:
[0.97855133, -0.20440975, -0.025572022, 0.4329181;
 0.14233717, 0.76063472, -0.63338375, 0.13787436;
 0.14892077, 0.61615866, 0.77341521, 1.1715815;
 0, 0, 0, 1]
Twc:
[0.97855133, 0.14233717, 0.14892077, -0.61773014;
 -0.20440975, 0.76063472, 0.61615866, -0.73825949;
 -0.025572022, -0.63338375, 0.77341521, -0.80772108;
 0, 0, 0, 1]
Ow:
[0.4329181;
 0.13787436;
 1.1715815]
Keyframe: 119 Frame: 991 Frame from vFrameID : 992
Tcw:
[0.97400123, -0.22638689, 0.0084018335, 0.43438289;
 0.17527054, 0.72954458, -0.66109377, 0.14122313;
 0.14353345, 0.64537871, 0.75025624, 1.1793911;
 0, 0, 0, 1]
Twc:
[0.97400123, 0.17527054, 0.14353345, -0.61712378;
 -0.22638689, 0.72954458, 0.64537871, -0.76584393;
 0.0084018335, -0.66109377, 0.75025624, -0.79513341;
 0, 0, 0, 1]
Ow:
[0.43438289;
 0.14122313;
 1.1793911]
Keyframe: 120 Frame: 999 Frame from vFrameID : 1000
Tcw:
[0.98029619, -0.19103572, 0.050247207, 0.42823827;
 0.1766744, 0.73416746, -0.65557939, 0.13789761;
 0.088349208, 0.65153933, 0.75345266, 1.183149;
 0, 0, 0, 1]
Twc:
[0.98029619, 0.1766744, 0.088349208, -0.54869354;
 -0.19103572, 0.73416746, 0.65153933, -0.79029924;
 0.050247207, -0.65557939, 0.75345266, -0.82256168;
 0, 0, 0, 1]
Ow:
[0.42823827;
 0.13789761;
 1.183149]
Keyframe: 121 Frame: 1007 Frame from vFrameID : 1008
Tcw:
[0.97996515, -0.19915512, -0.0023568741, 0.43345636;
 0.14884287, 0.7401585, -0.65575236, 0.1387068;
 0.13234091, 0.64226365, 0.75497234, 1.1845068;
 0, 0, 0, 1]
Twc:
[0.97996515, 0.14884287, 0.13234091, -0.60217637;
 -0.19915512, 0.7401585, 0.64226365, -0.77710569;
 -0.0023568741, -0.65575236, 0.75497234, -0.80229098;
 0, 0, 0, 1]
Ow:
[0.43345636;
 0.1387068;
 1.1845068]
Keyframe: 122 Frame: 1015 Frame from vFrameID : 1016
Tcw:
[0.98674858, -0.16065927, -0.022711553, 0.43671834;
 0.11012505, 0.76591927, -0.63343519, 0.14099318;
 0.11916246, 0.62254018, 0.77346236, 1.1848526;
 0, 0, 0, 1]
Twc:
[0.98674858, 0.11012505, 0.11916246, -0.58764803;
 -0.16065927, 0.76591927, 0.62254018, -0.77544481;
 -0.022711553, -0.63343519, 0.77346236, -0.81721026;
 0, 0, 0, 1]
Ow:
[0.43671834;
 0.14099318;
 1.1848526]
Keyframe: 123 Frame: 1023 Frame from vFrameID : 1024
Tcw:
[0.98890209, -0.14805606, 0.012331373, 0.4331407;
 0.11961886, 0.74423236, -0.65712214, 0.14012432;
 0.088113509, 0.65130448, 0.75368327, 1.1904747;
 0, 0, 0, 1]
Twc:
[0.98890209, 0.11961886, 0.088113509, -0.54999214;
 -0.14805606, 0.74423236, 0.65130448, -0.8155176;
 0.012331373, -0.65712214, 0.75368327, -0.8105033;
 0, 0, 0, 1]
Ow:
[0.4331407;
 0.14012432;
 1.1904747]
Keyframe: 124 Frame: 1031 Frame from vFrameID : 1032
Tcw:
[0.9902094, -0.11964939, 0.071897939, 0.43056798;
 0.13716677, 0.7384761, -0.66018057, 0.14589304;
 0.02589529, 0.66357905, 0.7476579, 1.1892138;
 0, 0, 0, 1]
Twc:
[0.9902094, 0.13716677, 0.02589529, -0.4771592;
 -0.11964939, 0.7384761, 0.66357905, -0.84535861;
 0.071897939, -0.66018057, 0.7476579, -0.82376617;
 0, 0, 0, 1]
Ow:
[0.43056798;
 0.14589304;
 1.1892138]
Keyframe: 125 Frame: 1039 Frame from vFrameID : 1040
Tcw:
[0.98619062, -0.14837779, 0.073567115, 0.42857581;
 0.15939043, 0.72971565, -0.6649133, 0.15445644;
 0.044975292, 0.66745716, 0.74328876, 1.1900852;
 0, 0, 0, 1]
Twc:
[0.98619062, 0.15939043, 0.044975292, -0.50080073;
 -0.14837779, 0.72971565, 0.66745716, -0.84344906;
 0.073567115, -0.6649133, 0.74328876, -0.81340587;
 0, 0, 0, 1]
Ow:
[0.42857581;
 0.15445644;
 1.1900852]
Keyframe: 126 Frame: 1047 Frame from vFrameID : 1048
Tcw:
[0.98954362, -0.13538414, 0.049744971, 0.43049091;
 0.13362712, 0.7307092, -0.6694833, 0.15282476;
 0.054288317, 0.66913021, 0.74115962, 1.1924672;
 0, 0, 0, 1]
Twc:
[0.98954362, 0.13362712, 0.054288317, -0.5111481;
 -0.13538414, 0.7307092, 0.66913021, -0.85130465;
 0.049744971, -0.6694833, 0.74115962, -0.80290961;
 0, 0, 0, 1]
Ow:
[0.43049091;
 0.15282476;
 1.1924672]
Keyframe: 127 Frame: 1055 Frame from vFrameID : 1056
Tcw:
[0.99174231, -0.1236511, 0.034024227, 0.4327471;
 0.11593635, 0.75099695, -0.65004796, 0.1548292;
 0.054827057, 0.64862472, 0.75913107, 1.1957324;
 0, 0, 0, 1]
Twc:
[0.99174231, 0.11593635, 0.054827057, -0.51268244;
 -0.1236511, 0.75099695, 0.64862472, -0.83834809;
 0.034024227, -0.65004796, 0.75913107, -0.82179499;
 0, 0, 0, 1]
Ow:
[0.4327471;
 0.1548292;
 1.1957324]
Keyframe: 128 Frame: 1063 Frame from vFrameID : 1064
Tcw:
[0.99132782, -0.12747963, 0.031906851, 0.43821093;
 0.11595107, 0.73426068, -0.66889209, 0.15421587;
 0.061842173, 0.66679096, 0.74267447, 1.1983505;
 0, 0, 0, 1]
Twc:
[0.99132782, 0.11595107, 0.061842173, -0.5264008;
 -0.12747963, 0.73426068, 0.66679096, -0.85642105;
 0.031906851, -0.66889209, 0.74267447, -0.80081242;
 0, 0, 0, 1]
Ow:
[0.43821093;
 0.15421587;
 1.1983505]
Keyframe: 129 Frame: 1071 Frame from vFrameID : 1072
Tcw:
[0.99049598, -0.10978833, 0.082850732, 0.43940711;
 0.13717678, 0.74468422, -0.65316761, 0.15498722;
 0.010012548, 0.65832508, 0.75266713, 1.2008641;
 0, 0, 0, 1]
Twc:
[0.99049598, 0.13717678, 0.010012548, -0.46851534;
 -0.10978833, 0.74468422, 0.65832508, -0.85773379;
 0.082850732, -0.65316761, 0.75266713, -0.83902359;
 0, 0, 0, 1]
Ow:
[0.43940711;
 0.15498722;
 1.2008641]
Keyframe: 130 Frame: 1078 Frame from vFrameID : 1079
Tcw:
[0.98886806, -0.12825719, 0.075432539, 0.44129449;
 0.14614467, 0.74193507, -0.65435016, 0.15299863;
 0.027959062, 0.65809, 0.75242001, 1.2088711;
 0, 0, 0, 1]
Twc:
[0.98886806, 0.14614467, 0.027959062, -0.4925409;
 -0.12825719, 0.74193507, 0.65809, -0.85246193;
 0.075432539, -0.65435016, 0.75242001, -0.84275204;
 0, 0, 0, 1]
Ow:
[0.44129449;
 0.15299863;
 1.2088711]
Keyframe: 131 Frame: 1086 Frame from vFrameID : 1087
Tcw:
[0.98602849, -0.16399997, 0.029186023, 0.4403711;
 0.14409843, 0.75187796, -0.6433624, 0.14941525;
 0.08356709, 0.63857931, 0.76500523, 1.2122462;
 0, 0, 0, 1]
Twc:
[0.98602849, 0.14409843, 0.08356709, -0.55705285;
 -0.16399997, 0.75187796, 0.63857931, -0.81423652;
 0.029186023, -0.6433624, 0.76500523, -0.84409922;
 0, 0, 0, 1]
Ow:
[0.4403711;
 0.14941525;
 1.2122462]
Keyframe: 132 Frame: 1094 Frame from vFrameID : 1095
Tcw:
[0.98778248, -0.15573189, 0.0057787397, 0.44364581;
 0.12463168, 0.76717043, -0.62921894, 0.14929026;
 0.093556173, 0.62225163, 0.7772066, 1.2125126;
 0, 0, 0, 1]
Twc:
[0.98778248, 0.12463168, 0.093556173, -0.57026988;
 -0.15573189, 0.76717043, 0.62225163, -0.79992926;
 0.0057787397, -0.62921894, 0.7772066, -0.85100031;
 0, 0, 0, 1]
Ow:
[0.44364581;
 0.14929026;
 1.2125126]
Keyframe: 133 Frame: 1102 Frame from vFrameID : 1103
Tcw:
[0.98946738, -0.14248723, 0.025528213, 0.44224018;
 0.1258359, 0.75948972, -0.63823247, 0.15249455;
 0.071551569, 0.63472259, 0.76942033, 1.2153703;
 0, 0, 0, 1]
Twc:
[0.98946738, 0.1258359, 0.071551569, -0.54373318;
 -0.14248723, 0.75948972, 0.63472259, -0.82422739;
 0.025528213, -0.63823247, 0.76942033, -0.8490932;
 0, 0, 0, 1]
Ow:
[0.44224018;
 0.15249455;
 1.2153703]
Keyframe: 134 Frame: 1110 Frame from vFrameID : 1111
Tcw:
[0.98696041, -0.14439401, 0.071130469, 0.44314516;
 0.15702862, 0.76661235, -0.62261343, 0.1508972;
 0.035372157, 0.62566435, 0.77929002, 1.2189778;
 0, 0, 0, 1]
Twc:
[0.98696041, 0.15702862, 0.035372157, -0.50417978;
 -0.14439401, 0.76661235, 0.62566435, -0.81436306;
 0.071130469, -0.62261343, 0.77929002, -0.88750774;
 0, 0, 0, 1]
Ow:
[0.44314516;
 0.1508972;
 1.2189778]
Keyframe: 135 Frame: 1118 Frame from vFrameID : 1119
Tcw:
[0.98977733, -0.14178185, 0.015452447, 0.44353661;
 0.11759941, 0.75002301, -0.65087312, 0.15455925;
 0.080692306, 0.64603668, 0.75902921, 1.2210436;
 0, 0, 0, 1]
Twc:
[0.98977733, 0.11759941, 0.080692306, -0.55570734;
 -0.14178185, 0.75002301, 0.64603668, -0.84187651;
 0.015452447, -0.65087312, 0.75902921, -0.83306301;
 0, 0, 0, 1]
Ow:
[0.44353661;
 0.15455925;
 1.2210436]
Keyframe: 136 Frame: 1127 Frame from vFrameID : 1128
Tcw:
[0.98928231, -0.14577386, 0.0083939517, 0.4455488;
 0.11750153, 0.76065195, -0.63843715, 0.15879738;
 0.086682573, 0.63258088, 0.76962817, 1.2227925;
 0, 0, 0, 1]
Twc:
[0.98928231, 0.11750153, 0.086682573, -0.5654273;
 -0.14577386, 0.76065195, 0.63258088, -0.82935536;
 0.0083939517, -0.63843715, 0.76962817, -0.84345335;
 0, 0, 0, 1]
Ow:
[0.4455488;
 0.15879738;
 1.2227925]
Keyframe: 137 Frame: 1136 Frame from vFrameID : 1137
Tcw:
[0.98421162, -0.16623516, 0.060773078, 0.44315514;
 0.16397899, 0.72715425, -0.66660154, 0.14610171;
 0.066621207, 0.66604245, 0.74293274, 1.2398543;
 0, 0, 0, 1]
Twc:
[0.98421162, 0.16397899, 0.066621207, -0.54271668;
 -0.16623516, 0.72715425, 0.66604245, -0.85836619;
 0.060773078, -0.66660154, 0.74293274, -0.85066867;
 0, 0, 0, 1]
Ow:
[0.44315514;
 0.14610171;
 1.2398543]
Keyframe: 138 Frame: 1144 Frame from vFrameID : 1145
Tcw:
[0.98782969, -0.13614661, 0.075210296, 0.44119811;
 0.15215233, 0.7454769, -0.64893287, 0.15226066;
 0.032282475, 0.65247858, 0.75711924, 1.2379627;
 0, 0, 0, 1]
Twc:
[0.98782969, 0.15215233, 0.032282475, -0.4989599;
 -0.13614661, 0.7454769, 0.65247858, -0.86118335;
 0.075210296, -0.64893287, 0.75711924, -0.87166101;
 0, 0, 0, 1]
Ow:
[0.44119811;
 0.15226066;
 1.2379627]
Keyframe: 139 Frame: 1150 Frame from vFrameID : 1151
Tcw:
[0.98820645, -0.1459094, 0.046459652, 0.44018161;
 0.13912462, 0.7287631, -0.67048389, 0.1524843;
 0.063971817, 0.6690402, 0.74046797, 1.2394669;
 0, 0, 0, 1]
Twc:
[0.98820645, 0.13912462, 0.063971817, -0.53549558;
 -0.1459094, 0.7287631, 0.6690402, -0.87615144;
 0.046459652, -0.67048389, 0.74046797, -0.83599794;
 0, 0, 0, 1]
Ow:
[0.44018161;
 0.1524843;
 1.2394669]
Keyframe: 140 Frame: 1157 Frame from vFrameID : 1158
Tcw:
[0.9885776, -0.14981367, 0.016437201, 0.43668428;
 0.1211498, 0.72504908, -0.67795765, 0.15358782;
 0.089649543, 0.67220509, 0.73491716, 1.2447288;
 0, 0, 0, 1]
Twc:
[0.9885776, 0.1211498, 0.089649543, -0.56189281;
 -0.14981367, 0.72504908, 0.67220509, -0.88265049;
 0.016437201, -0.67795765, 0.73491716, -0.81782442;
 0, 0, 0, 1]
Ow:
[0.43668428;
 0.15358782;
 1.2447288]
Keyframe: 141 Frame: 1163 Frame from vFrameID : 1164
Tcw:
[0.98806947, -0.15117076, 0.029429181, 0.43811107;
 0.13084428, 0.72319764, -0.67813343, 0.15358126;
 0.081230834, 0.67389363, 0.73434937, 1.2461185;
 0, 0, 0, 1]
Twc:
[0.98806947, 0.13084428, 0.081230834, -0.55420268;
 -0.15117076, 0.72319764, 0.67389363, -0.88459134;
 0.029429181, -0.67813343, 0.73434937, -0.82383102;
 0, 0, 0, 1]
Ow:
[0.43811107;
 0.15358126;
 1.2461185]
Keyframe: 142 Frame: 1170 Frame from vFrameID : 1171
Tcw:
[0.98546797, -0.15305074, 0.073677324, 0.4396756;
 0.16187601, 0.71476847, -0.68036914, 0.15740359;
 0.051468771, 0.68240857, 0.72915667, 1.2451255;
 0, 0, 0, 1]
Twc:
[0.98546797, 0.16187601, 0.051468771, -0.52285117;
 -0.15305074, 0.71476847, 0.68240857, -0.89489889;
 0.073677324, -0.68036914, 0.72915667, -0.83319324;
 0, 0, 0, 1]
Ow:
[0.4396756;
 0.15740359;
 1.2451255]
Keyframe: 143 Frame: 1178 Frame from vFrameID : 1179
Tcw:
[0.98586494, -0.14142507, 0.089829266, 0.44131202;
 0.16524221, 0.73222911, -0.66070837, 0.15833521;
 0.027665116, 0.6662128, 0.74524838, 1.2464643;
 0, 0, 0, 1]
Twc:
[0.98586494, 0.16524221, 0.027665116, -0.49572131;
 -0.14142507, 0.73222911, 0.6662128, -0.88393551;
 0.089829266, -0.66070837, 0.74524838, -0.86395478;
 0, 0, 0, 1]
Ow:
[0.44131202;
 0.15833521;
 1.2464643]
Keyframe: 144 Frame: 1187 Frame from vFrameID : 1188
Tcw:
[0.9824121, -0.18650976, 0.0089762127, 0.44305182;
 0.14368381, 0.72438258, -0.67425871, 0.16049999;
 0.11925362, 0.66368967, 0.73844063, 1.2504534;
 0, 0, 0, 1]
Twc:
[0.9824121, 0.14368381, 0.11925362, -0.60744184;
 -0.18650976, 0.72438258, 0.66368967, -0.86354285;
 0.0089762127, -0.67425871, 0.73844063, -0.81914407;
 0, 0, 0, 1]
Ow:
[0.44305182;
 0.16049999;
 1.2504534]
Keyframe: 145 Frame: 1195 Frame from vFrameID : 1196
Tcw:
[0.97953594, -0.20017649, -0.02094624, 0.44392845;
 0.13411081, 0.7267465, -0.67368674, 0.15923584;
 0.15007885, 0.6570912, 0.73872012, 1.2532222;
 0, 0, 0, 1]
Twc:
[0.97953594, 0.13411081, 0.15007885, -0.64428127;
 -0.20017649, 0.7267465, 0.6570912, -0.8503415;
 -0.02094624, -0.67368674, 0.73872012, -0.80920684;
 0, 0, 0, 1]
Ow:
[0.44392845;
 0.15923584;
 1.2532222]
Keyframe: 146 Frame: 1204 Frame from vFrameID : 1205
Tcw:
[0.97133487, -0.23715001, 0.016382657, 0.44553858;
 0.1812163, 0.69410974, -0.69668669, 0.16237241;
 0.15384789, 0.67968488, 0.71718848, 1.2571048;
 0, 0, 0, 1]
Twc:
[0.97133487, 0.1812163, 0.15384789, -0.65559465;
 -0.23715001, 0.69410974, 0.67968488, -0.86147988;
 0.016382657, -0.69668669, 0.71718848, -0.79575741;
 0, 0, 0, 1]
Ow:
[0.44553858;
 0.16237241;
 1.2571048]
Keyframe: 147 Frame: 1212 Frame from vFrameID : 1213
Tcw:
[0.98007059, -0.19146064, 0.052957293, 0.44559976;
 0.17670687, 0.71847093, -0.67273635, 0.16169304;
 0.090754256, 0.66868699, 0.73798466, 1.2577482;
 0, 0, 0, 1]
Twc:
[0.98007059, 0.17670687, 0.090754256, -0.57943749;
 -0.19146064, 0.71847093, 0.66868699, -0.87189686;
 0.052957293, -0.67273635, 0.73798466, -0.84301984;
 0, 0, 0, 1]
Ow:
[0.44559976;
 0.16169304;
 1.2577482]
Keyframe: 148 Frame: 1220 Frame from vFrameID : 1221
Tcw:
[0.97986466, -0.19941474, 0.0099518774, 0.44573495;
 0.15121914, 0.70865291, -0.68916166, 0.16166788;
 0.13037658, 0.67679006, 0.72453928, 1.258178;
 0, 0, 0, 1]
Twc:
[0.97986466, 0.15121914, 0.13037658, -0.62524414;
 -0.19941474, 0.70865291, 0.67679006, -0.87720263;
 0.0099518774, -0.68916166, 0.72453928, -0.80461997;
 0, 0, 0, 1]
Ow:
[0.44573495;
 0.16166788;
 1.258178]
Keyframe: 149 Frame: 1228 Frame from vFrameID : 1229
Tcw:
[0.98057312, -0.19550982, 0.015883418, 0.44402212;
 0.15425383, 0.71856219, -0.67814016, 0.164397;
 0.12116984, 0.6674161, 0.73476094, 1.2608461;
 0, 0, 0, 1]
Twc:
[0.98057312, 0.15425383, 0.12116984, -0.61353159;
 -0.19550982, 0.71856219, 0.6674161, -0.87282783;
 0.015883418, -0.67814016, 0.73476094, -0.82198882;
 0, 0, 0, 1]
Ow:
[0.44402212;
 0.164397;
 1.2608461]
Keyframe: 150 Frame: 1236 Frame from vFrameID : 1237
Tcw:
[0.9776144, -0.20081902, 0.062783614, 0.44768113;
 0.19047257, 0.71791494, -0.6695658, 0.16254604;
 0.089388251, 0.66653574, 0.74009448, 1.2652893;
 0, 0, 0, 1]
Twc:
[0.9776144, 0.19047257, 0.089388251, -0.58172208;
 -0.20081902, 0.71791494, 0.66653574, -0.87015188;
 0.062783614, -0.6695658, 0.74009448, -0.85570538;
 0, 0, 0, 1]
Ow:
[0.44768113;
 0.16254604;
 1.2652893]
Keyframe: 151 Frame: 1245 Frame from vFrameID : 1246
Tcw:
[0.98050433, -0.16532956, 0.1061949, 0.44766194;
 0.19427978, 0.73470438, -0.64997298, 0.16265488;
 0.029437896, 0.65793288, 0.75250101, 1.2670648;
 0, 0, 0, 1]
Twc:
[0.98050433, 0.19427978, 0.029437896, -0.50783473;
 -0.16532956, 0.73470438, 0.65793288, -0.87913501;
 0.1061949, -0.64997298, 0.75250101, -0.89528573;
 0, 0, 0, 1]
Ow:
[0.44766194;
 0.16265488;
 1.2670648]
Keyframe: 152 Frame: 1254 Frame from vFrameID : 1255
Tcw:
[0.98497254, -0.16783266, 0.040759679, 0.44684759;
 0.15084821, 0.72106075, -0.67625159, 0.16543734;
 0.084106907, 0.67223775, 0.73554224, 1.2688992;
 0, 0, 0, 1]
Twc:
[0.98497254, 0.15084821, 0.084106907, -0.57181168;
 -0.16783266, 0.72106075, 0.67223775, -0.89729667;
 0.040759679, -0.67625159, 0.73554224, -0.83966506;
 0, 0, 0, 1]
Ow:
[0.44684759;
 0.16543734;
 1.2688992]
Keyframe: 153 Frame: 1262 Frame from vFrameID : 1263
Tcw:
[0.98346126, -0.18075071, 0.011539378, 0.4489769;
 0.14402033, 0.74179733, -0.65497702, 0.16560334;
 0.10982767, 0.64580643, 0.7555607, 1.2724077;
 0, 0, 0, 1]
Twc:
[0.98346126, 0.14402033, 0.10982767, -0.60514724;
 -0.18075071, 0.74179733, 0.64580643, -0.86342025;
 0.011539378, -0.65497702, 0.7555607, -0.85809571;
 0, 0, 0, 1]
Ow:
[0.4489769;
 0.16560334;
 1.2724077]
Keyframe: 154 Frame: 1271 Frame from vFrameID : 1272
Tcw:
[0.98391384, -0.17620803, 0.029398598, 0.44943404;
 0.1497481, 0.72378618, -0.67357934, 0.16571259;
 0.097411789, 0.66714638, 0.73853004, 1.2733531;
 0, 0, 0, 1]
Twc:
[0.98391384, 0.1497481, 0.097411789, -0.59105915;
 -0.17620803, 0.72378618, 0.66714638, -0.8902595;
 0.029398598, -0.67357934, 0.73853004, -0.84200162;
 0, 0, 0, 1]
Ow:
[0.44943404;
 0.16571259;
 1.2733531]
Keyframe: 155 Frame: 1279 Frame from vFrameID : 1280
Tcw:
[0.98159367, -0.18166265, 0.058928836, 0.45125842;
 0.17228091, 0.70910853, -0.68372834, 0.16972619;
 0.082420953, 0.68129569, 0.72735339, 1.275522;
 0, 0, 0, 1]
Twc:
[0.98159367, 0.17228091, 0.082420953, -0.57732272;
 -0.18166265, 0.70910853, 0.68129569, -0.90738523;
 0.058928836, -0.68372834, 0.72735339, -0.83830088;
 0, 0, 0, 1]
Ow:
[0.45125842;
 0.16972619;
 1.275522]
Keyframe: 156 Frame: 1287 Frame from vFrameID : 1288
Tcw:
[0.98519605, -0.16887884, 0.029473336, 0.45273843;
 0.141121, 0.70131713, -0.69874114, 0.1683861;
 0.09733244, 0.69255632, 0.71476722, 1.2773377;
 0, 0, 0, 1]
Twc:
[0.98519605, 0.141121, 0.09733244, -0.59412533;
 -0.16887884, 0.70131713, 0.69255632, -0.92626238;
 0.029473336, -0.69874114, 0.71476722, -0.80868447;
 0, 0, 0, 1]
Ow:
[0.45273843;
 0.1683861;
 1.2773377]
Keyframe: 157 Frame: 1295 Frame from vFrameID : 1296
Tcw:
[0.98522991, -0.17123483, 0.00080348871, 0.45427626;
 0.12707745, 0.72800142, -0.67369527, 0.16763884;
 0.11477516, 0.66384685, 0.73900884, 1.2811232;
 0, 0, 0, 1]
Twc:
[0.98522991, 0.12707745, 0.11477516, -0.61591077;
 -0.17123483, 0.72800142, 0.66384685, -0.89472294;
 0.00080348871, -0.67369527, 0.73900884, -0.83418882;
 0, 0, 0, 1]
Ow:
[0.45427626;
 0.16763884;
 1.2811232]
Keyframe: 158 Frame: 1304 Frame from vFrameID : 1305
Tcw:
[0.98754168, -0.15580052, 0.022083323, 0.45369965;
 0.12998806, 0.72861141, -0.67247939, 0.16788387;
 0.088682473, 0.66697192, 0.73978633, 1.2831858;
 0, 0, 0, 1]
Twc:
[0.98754168, 0.12998806, 0.088682473, -0.58366632;
 -0.15580052, 0.72861141, 0.66697192, -0.90748447;
 0.022083323, -0.67247939, 0.73978633, -0.84640414;
 0, 0, 0, 1]
Ow:
[0.45369965;
 0.16788387;
 1.2831858]
Keyframe: 159 Frame: 1312 Frame from vFrameID : 1313
Tcw:
[0.98716241, -0.15278976, 0.046536915, 0.45542911;
 0.14350212, 0.72052097, -0.67842221, 0.16724581;
 0.07012514, 0.67639101, 0.73319685, 1.2855308;
 0, 0, 0, 1]
Twc:
[0.98716241, 0.14350212, 0.07012514, -0.56373066;
 -0.15278976, 0.72052097, 0.67639101, -0.92044067;
 0.046536915, -0.67842221, 0.73319685, -0.85027814;
 0, 0, 0, 1]
Ow:
[0.45542911;
 0.16724581;
 1.2855308]
Keyframe: 160 Frame: 1320 Frame from vFrameID : 1321
Tcw:
[0.98417282, -0.16016963, 0.075825758, 0.45680812;
 0.16964564, 0.7278626, -0.66440678, 0.16775447;
 0.051227048, 0.6667546, 0.74351466, 1.2870572;
 0, 0, 0, 1]
Twc:
[0.98417282, 0.16964564, 0.051227048, -0.54396909;
 -0.16016963, 0.7278626, 0.6667546, -0.90708667;
 0.075825758, -0.66440678, 0.74351466, -0.88012648;
 0, 0, 0, 1]
Ow:
[0.45680812;
 0.16775447;
 1.2870572]
Keyframe: 161 Frame: 1328 Frame from vFrameID : 1329
Tcw:
[0.98435175, -0.17048191, 0.044582501, 0.45533696;
 0.15367973, 0.70674586, -0.69057423, 0.17038387;
 0.086221911, 0.6866194, 0.72188616, 1.2898905;
 0, 0, 0, 1]
Twc:
[0.98435175, 0.15367973, 0.086221911, -0.58561307;
 -0.17048191, 0.70674586, 0.6866194, -0.92845523;
 0.044582501, -0.69057423, 0.72188616, -0.83379143;
 0, 0, 0, 1]
Ow:
[0.45533696;
 0.17038387;
 1.2898905]
Keyframe: 162 Frame: 1336 Frame from vFrameID : 1337
Tcw:
[0.98312056, -0.18009984, 0.032218743, 0.4569726;
 0.15529951, 0.7283532, -0.66737074, 0.17057472;
 0.096726738, 0.66110939, 0.74402839, 1.291613;
 0, 0, 0, 1]
Twc:
[0.98312056, 0.15529951, 0.096726738, -0.6006828;
 -0.18009984, 0.7283532, 0.66110939, -0.89583552;
 0.032218743, -0.66737074, 0.74402839, -0.86188328;
 0, 0, 0, 1]
Ow:
[0.4569726;
 0.17057472;
 1.291613]
Keyframe: 163 Frame: 1344 Frame from vFrameID : 1345
Tcw:
[0.98324102, -0.18126306, 0.019513523, 0.45860988;
 0.14451468, 0.7096712, -0.68955225, 0.17060399;
 0.11114216, 0.68081605, 0.72397304, 1.2941978;
 0, 0, 0, 1]
Twc:
[0.98324102, 0.14451468, 0.11114216, -0.6194188;
 -0.18126306, 0.7096712, 0.68081605, -0.91905439;
 0.019513523, -0.68955225, 0.72397304, -0.82827306;
 0, 0, 0, 1]
Ow:
[0.45860988;
 0.17060399;
 1.2941978]
Keyframe: 164 Frame: 1352 Frame from vFrameID : 1353
Tcw:
[0.98261416, -0.17534886, 0.061009273, 0.46016869;
 0.16978383, 0.71573341, -0.67742091, 0.1704405;
 0.075118616, 0.67600179, 0.73306125, 1.2959561;
 0, 0, 0, 1]
Twc:
[0.98261416, 0.16978383, 0.075118616, -0.57845676;
 -0.17534886, 0.71573341, 0.67600179, -0.91736859;
 0.061009273, -0.67742091, 0.73306125, -0.86262977;
 0, 0, 0, 1]
Ow:
[0.46016869;
 0.1704405;
 1.2959561]
Keyframe: 165 Frame: 1360 Frame from vFrameID : 1361
Tcw:
[0.98244792, -0.17907958, 0.052216504, 0.46008372;
 0.16484064, 0.70244348, -0.6923877, 0.17169482;
 0.087313347, 0.68884224, 0.71963376, 1.3011158;
 0, 0, 0, 1]
Twc:
[0.98244792, 0.16484064, 0.087313347, -0.59391534;
 -0.17907958, 0.70244348, 0.68884224, -0.93447787;
 0.052216504, -0.6923877, 0.71963376, -0.84147143;
 0, 0, 0, 1]
Ow:
[0.46008372;
 0.17169482;
 1.3011158]
Keyframe: 166 Frame: 1368 Frame from vFrameID : 1369
Tcw:
[0.98447853, -0.17380071, 0.024399033, 0.46041426;
 0.14345346, 0.71678317, -0.68238038, 0.1712755;
 0.10110938, 0.67528898, 0.73058999, 1.3041377;
 0, 0, 0, 1]
Twc:
[0.98447853, 0.14345346, 0.10110938, -0.60969859;
 -0.17380071, 0.71678317, 0.67528898, -0.92341691;
 0.024399033, -0.68238038, 0.73058999, -0.84714854;
 0, 0, 0, 1]
Ow:
[0.46041426;
 0.1712755;
 1.3041377]
Keyframe: 167 Frame: 1376 Frame from vFrameID : 1377
Tcw:
[0.98689365, -0.16016486, 0.019702364, 0.46439716;
 0.13172086, 0.72899854, -0.67172223, 0.17132568;
 0.093223296, 0.66551358, 0.7405411, 1.3045433;
 0, 0, 0, 1]
Twc:
[0.98689365, 0.13172086, 0.093223296, -0.60249162;
 -0.16016486, 0.72899854, 0.66551358, -0.91870737;
 0.019702364, -0.67172223, 0.7405411, -0.86013436;
 0, 0, 0, 1]
Ow:
[0.46439716;
 0.17132568;
 1.3045433]
Keyframe: 168 Frame: 1383 Frame from vFrameID : 1384
Tcw:
[0.98716843, -0.14340709, 0.0702345, 0.46284333;
 0.15206172, 0.70998716, -0.68760127, 0.17245239;
 0.048741307, 0.68945825, 0.72268361, 1.3077312;
 0, 0, 0, 1]
Twc:
[0.98716843, 0.15206172, 0.048741307, -0.54686826;
 -0.14340709, 0.70998716, 0.68945825, -0.95768994;
 0.0702345, -0.68760127, 0.72268361, -0.85900497;
 0, 0, 0, 1]
Ow:
[0.46284333;
 0.17245239;
 1.3077312]
Keyframe: 169 Frame: 1392 Frame from vFrameID : 1393
Tcw:
[0.9861632, -0.14765874, 0.075359084, 0.46292347;
 0.15943564, 0.72025126, -0.67514324, 0.1727953;
 0.045413315, 0.67781633, 0.73382735, 1.3101356;
 0, 0, 0, 1]
Twc:
[0.9861632, 0.15943564, 0.045413315, -0.54356545;
 -0.14765874, 0.72025126, 0.67781633, -0.94413269;
 0.075359084, -0.67514324, 0.73382735, -0.8796373;
 0, 0, 0, 1]
Ow:
[0.46292347;
 0.1727953;
 1.3101356]
Keyframe: 170 Frame: 1399 Frame from vFrameID : 1400
Tcw:
[0.98920059, -0.14570135, 0.015917225, 0.46460712;
 0.11406404, 0.69707626, -0.70786589, 0.17386687;
 0.092041492, 0.70203692, 0.70616752, 1.309833;
 0, 0, 0, 1]
Twc:
[0.98920059, 0.11406404, 0.092041492, -0.59998059;
 -0.14570135, 0.69707626, 0.70203692, -0.97305572;
 0.015917225, -0.70786589, 0.70616752, -0.80928236;
 0, 0, 0, 1]
Ow:
[0.46460712;
 0.17386687;
 1.309833]
Keyframe: 171 Frame: 1406 Frame from vFrameID : 1407
Tcw:
[0.98889005, -0.142317, 0.042922407, 0.46186572;
 0.13109033, 0.69879651, -0.70320606, 0.17325467;
 0.070084147, 0.70102018, 0.70968932, 1.3129036;
 0, 0, 0, 1]
Twc:
[0.98889005, 0.13109033, 0.070084147, -0.57146019;
 -0.142317, 0.69879651, 0.70102018, -0.97571033;
 0.042922407, -0.70320606, 0.70968932, -0.82974422;
 0, 0, 0, 1]
Ow:
[0.46186572;
 0.17325467;
 1.3129036]
Keyframe: 172 Frame: 1414 Frame from vFrameID : 1415
Tcw:
[0.99408621, -0.08911071, 0.062063575, 0.46258426;
 0.10709044, 0.70967364, -0.69634396, 0.1726265;
 0.01800682, 0.69887233, 0.7150197, 1.3138063;
 0, 0, 0, 1]
Twc:
[0.99408621, 0.10709044, 0.01800682, -0.50199276;
 -0.08911071, 0.70967364, 0.69887233, -0.99947029;
 0.062063575, -0.69634396, 0.7150197, -0.84789968;
 0, 0, 0, 1]
Ow:
[0.46258426;
 0.1726265;
 1.3138063]
Keyframe: 173 Frame: 1421 Frame from vFrameID : 1422
Tcw:
[0.99190933, -0.099692836, 0.078595124, 0.46250969;
 0.12584175, 0.69059688, -0.71220773, 0.17313015;
 0.016724462, 0.71633601, 0.69755501, 1.3136331;
 0, 0, 0, 1]
Twc:
[0.99190933, 0.12584175, 0.016724462, -0.5025245;
 -0.099692836, 0.69059688, 0.71633601, -1.014457;
 0.078595124, -0.71220773, 0.69755501, -0.82937771;
 0, 0, 0, 1]
Ow:
[0.46250969;
 0.17313015;
 1.3136331]
Keyframe: 174 Frame: 1427 Frame from vFrameID : 1428
Tcw:
[0.9910872, -0.10090715, 0.086970553, 0.46378562;
 0.13309056, 0.7218613, -0.67911941, 0.17353374;
 0.0057473262, 0.68464148, 0.72885728, 1.3145087;
 0, 0, 0, 1]
Twc:
[0.9910872, 0.13309056, 0.0057473262, -0.49030262;
 -0.10090715, 0.7218613, 0.68464148, -0.97843528;
 0.086970553, -0.67911941, 0.72885728, -0.88057482;
 0, 0, 0, 1]
Ow:
[0.46378562;
 0.17353374;
 1.3145087]
Keyframe: 175 Frame: 1433 Frame from vFrameID : 1434
Tcw:
[0.99113482, -0.1213842, 0.054015625, 0.4629083;
 0.12388975, 0.69753021, -0.70576406, 0.17294627;
 0.047991078, 0.70619929, 0.70638472, 1.316407;
 0, 0, 0, 1]
Twc:
[0.99113482, 0.12388975, 0.047991078, -0.54340655;
 -0.1213842, 0.69753021, 0.70619929, -0.99409127;
 0.054015625, -0.70576406, 0.70638472, -0.83283484;
 0, 0, 0, 1]
Ow:
[0.4629083;
 0.17294627;
 1.316407]
Keyframe: 176 Frame: 1441 Frame from vFrameID : 1442
Tcw:
[0.99296767, -0.11533309, 0.026711252, 0.46412843;
 0.099652432, 0.69248021, -0.71452117, 0.17327702;
 0.063910924, 0.71215826, 0.69910371, 1.3157041;
 0, 0, 0, 1]
Twc:
[0.99296767, 0.099652432, 0.063910924, -0.56221986;
 -0.11533309, 0.69248021, 0.71215826, -1.0034511;
 0.026711252, -0.71452117, 0.69910371, -0.80840099;
 0, 0, 0, 1]
Ow:
[0.46412843;
 0.17327702;
 1.3157041]
