Keyframe: 0 Frame: 0 Frame from vFrameID : 210
Tcw:
[1, 0, 0, 0;
 0, 1, 0, 0;
 0, 0, 1, 0;
 0, 0, 0, 1]
Twc:
[1, 0, 0, 0;
 0, 1, 0, 0;
 0, 0, 1, 0;
 0, 0, 0, 1]
Ow:
[0;
 0;
 0]
Keyframe: 1 Frame: 209 Frame from vFrameID : 210
Tcw:
[0.99993908, 0.010655326, -0.0028848944, 0.015102906;
 -0.01064564, 0.99993771, 0.0033523426, -0.00052203977;
 0.002920435, -0.0033214267, 0.99999022, 0.024887167;
 0, 0, 0, 1]
Twc:
[0.99993908, -0.01064564, 0.002920435, -0.015180225;
 0.010655326, 0.99993771, -0.0033214267, 0.0004437418;
 -0.0028848944, 0.0033523426, 0.99999022, -0.024841603;
 0, 0, 0, 1]
Ow:
[0.015102906;
 -0.00052203977;
 0.024887167]
Keyframe: 2 Frame: 212 Frame from vFrameID : 213
Tcw:
[0.99996811, 0.0075037251, -0.0027421652, 0.018716274;
 -0.0075400653, 0.99988055, -0.013491537, -0.00076425442;
 0.002640601, 0.013511783, 0.99990523, 0.037900075;
 0, 0, 0, 1]
Twc:
[0.99996811, -0.0075400653, 0.002640601, -0.018821517;
 0.0075037251, 0.99988055, 0.013511783, 0.00011162378;
 -0.0027421652, -0.013491537, 0.99990523, -0.037855472;
 0, 0, 0, 1]
Ow:
[0.018716274;
 -0.00076425442;
 0.037900075]
Keyframe: 3 Frame: 214 Frame from vFrameID : 215
Tcw:
[0.9999873, -0.0034763147, -0.0036494792, 0.025532797;
 0.0033968845, 0.999762, -0.021549968, 0.0053086774;
 0.0037235252, 0.021537298, 0.9997611, 0.042735919;
 0, 0, 0, 1]
Twc:
[0.9999873, 0.0033968845, 0.0037235252, -0.025709635;
 -0.0034763147, 0.999762, 0.021537298, -0.0061390707;
 -0.0036494792, -0.021549968, 0.9997611, -0.042518128;
 0, 0, 0, 1]
Ow:
[0.025532797;
 0.0053086774;
 0.042735919]
Keyframe: 4 Frame: 217 Frame from vFrameID : 218
Tcw:
[0.99996865, -0.0043809805, 0.0065954113, 0.02235744;
 0.0044203317, 0.99997246, -0.005963725, 0.001291418;
 -0.0065691024, 0.005992692, 0.99996048, 0.059285019;
 0, 0, 0, 1]
Twc:
[0.99996865, 0.0044203317, -0.0065691024, -0.021972999;
 -0.0043809805, 0.99997246, 0.005992692, -0.0015487116;
 0.0065954113, -0.005963725, 0.99996048, -0.059422426;
 0, 0, 0, 1]
Ow:
[0.02235744;
 0.001291418;
 0.059285019]
Keyframe: 5 Frame: 220 Frame from vFrameID : 221
Tcw:
[0.99999267, 0.0036513475, 0.001162373, 0.032934919;
 -0.0035980367, 0.99907011, -0.042965341, 0.00011988101;
 -0.0013181735, 0.042960841, 0.99907589, 0.070182607;
 0, 0, 0, 1]
Twc:
[0.99999267, -0.0035980367, -0.0013181735, -0.032841731;
 0.0036513475, 0.99907011, 0.042960841, -0.0032551303;
 0.001162373, -0.042965341, 0.99907589, -0.070150882;
 0, 0, 0, 1]
Ow:
[0.032934919;
 0.00011988101;
 0.070182607]
Keyframe: 6 Frame: 223 Frame from vFrameID : 224
Tcw:
[0.99991363, 0.007605107, 0.010716339, 0.029578047;
 -0.0071324166, 0.99902892, -0.043477636, -0.0015614099;
 -0.011036584, 0.043397449, 0.99899691, 0.080308363;
 0, 0, 0, 1]
Twc:
[0.99991363, -0.0071324166, -0.011036584, -0.028700301;
 0.007605107, 0.99902892, 0.043397449, -0.0021502285;
 0.010716339, -0.043477636, 0.99899691, -0.080612659;
 0, 0, 0, 1]
Ow:
[0.029578047;
 -0.0015614099;
 0.080308363]
Keyframe: 7 Frame: 226 Frame from vFrameID : 227
Tcw:
[0.99990982, -0.008599136, 0.010314959, 0.033591796;
 0.0087998351, 0.99976975, -0.019572148, 0.0019791573;
 -0.01014428, 0.019661153, 0.99975526, 0.093954138;
 0, 0, 0, 1]
Twc:
[0.99990982, 0.0087998351, -0.01014428, -0.032653086;
 -0.008599136, 0.99976975, 0.019661153, -0.0035370877;
 0.010314959, -0.019572148, 0.99975526, -0.094238907;
 0, 0, 0, 1]
Ow:
[0.033591796;
 0.0019791573;
 0.093954138]
Keyframe: 8 Frame: 229 Frame from vFrameID : 230
Tcw:
[0.99989814, -0.012335872, 0.0071814279, 0.035773955;
 0.012440921, 0.9998135, -0.014771591, 0.0017731872;
 -0.006997868, 0.01485943, 0.99986511, 0.10259834;
 0, 0, 0, 1]
Twc:
[0.99989814, 0.012440921, -0.006997868, -0.035074402;
 -0.012335872, 0.9998135, 0.01485943, -0.0028561063;
 0.0071814279, -0.014771591, 0.99986511, -0.10281521;
 0, 0, 0, 1]
Ow:
[0.035773955;
 0.0017731872;
 0.10259834]
Keyframe: 9 Frame: 232 Frame from vFrameID : 233
Tcw:
[0.99989444, -0.013896674, 0.0042426917, 0.04141169;
 0.013930799, 0.99986994, -0.0081225922, 0.0028771362;
 -0.0041292631, 0.008180839, 0.99995804, 0.11567377;
 0, 0, 0, 1]
Twc:
[0.99989444, 0.013930799, -0.0041292631, -0.040969756;
 -0.013896674, 0.99986994, 0.008180839, -0.0032475858;
 0.0042426917, -0.0081225922, 0.99995804, -0.11582123;
 0, 0, 0, 1]
Ow:
[0.04141169;
 0.0028771362;
 0.11567377]
Keyframe: 10 Frame: 235 Frame from vFrameID : 236
Tcw:
[0.99991256, -0.012280324, 0.004907378, 0.045145702;
 0.012321066, 0.99988914, -0.0083599361, 0.0049958802;
 -0.0048041712, 0.0084196692, 0.99995303, 0.12375319;
 0, 0, 0, 1]
Twc:
[0.99991256, 0.012321066, -0.0048041712, -0.044608776;
 -0.012280324, 0.99988914, 0.0084196692, -0.0054828832;
 0.004907378, -0.0083599361, 0.99995303, -0.12392715;
 0, 0, 0, 1]
Ow:
[0.045145702;
 0.0049958802;
 0.12375319]
Keyframe: 11 Frame: 238 Frame from vFrameID : 239
Tcw:
[0.9995836, -0.024733804, -0.014859966, 0.053594731;
 0.024729604, 0.99969405, -0.00046630658, 0.0056379223;
 0.014866953, 9.8631346e-05, 0.99988949, 0.14169143;
 0, 0, 0, 1]
Twc:
[0.9995836, 0.024729604, 0.014866953, -0.05581836;
 -0.024733804, 0.99969405, 9.8631346e-05, -0.0043245712;
 -0.014859966, -0.00046630658, 0.99988949, -0.14087673;
 0, 0, 0, 1]
Ow:
[0.053594731;
 0.0056379223;
 0.14169143]
Keyframe: 12 Frame: 241 Frame from vFrameID : 242
Tcw:
[0.99972177, -0.016044877, -0.017289596, 0.061597578;
 0.0162687, 0.99978465, 0.012883598, 0.0035783434;
 0.017079156, -0.013161293, 0.99976754, 0.15105172;
 0, 0, 0, 1]
Twc:
[0.99972177, 0.0162687, 0.017079156, -0.064218491;
 -0.016044877, 0.99978465, -0.013161293, -0.0006012115;
 -0.017289596, 0.012883598, 0.99976754, -0.1499977;
 0, 0, 0, 1]
Ow:
[0.061597578;
 0.0035783434;
 0.15105172]
Keyframe: 13 Frame: 245 Frame from vFrameID : 246
Tcw:
[0.99952716, -0.01221962, -0.028215133, 0.070876062;
 0.01315954, 0.99935639, 0.03337083, -0.00022891769;
 0.027789194, -0.033726349, 0.99904472, 0.167218;
 0, 0, 0, 1]
Twc:
[0.99952716, 0.01315954, 0.027789194, -0.075486399;
 -0.01221962, 0.99935639, -0.033726349, 0.0067345016;
 -0.028215133, 0.03337083, 0.99904472, -0.16505083;
 0, 0, 0, 1]
Ow:
[0.070876062;
 -0.00022891769;
 0.167218]
Keyframe: 14 Frame: 249 Frame from vFrameID : 250
Tcw:
[0.99947137, -0.016731355, -0.027875431, 0.079094529;
 0.01736814, 0.99959004, 0.022760628, 0.001861183;
 0.027483188, -0.023232739, 0.99935228, 0.18169238;
 0, 0, 0, 1]
Twc:
[0.99947137, 0.01736814, 0.027483188, -0.084078535;
 -0.016731355, 0.99959004, -0.023232739, 0.0036841503;
 -0.027875431, 0.022760628, 0.99935228, -0.17941225;
 0, 0, 0, 1]
Ow:
[0.079094529;
 0.001861183;
 0.18169238]
Keyframe: 15 Frame: 253 Frame from vFrameID : 254
Tcw:
[0.99942803, -0.026172759, -0.02141482, 0.084581509;
 0.026979579, 0.99890214, 0.038297001, 0.0035069189;
 0.02038897, -0.038852859, 0.99903691, 0.20163102;
 0, 0, 0, 1]
Twc:
[0.99942803, 0.026979579, 0.02038897, -0.088738792;
 -0.026172759, 0.99890214, -0.038852859, 0.0065446044;
 -0.02141482, 0.038297001, 0.99903691, -0.19975984;
 0, 0, 0, 1]
Ow:
[0.084581509;
 0.0035069189;
 0.20163102]
Keyframe: 16 Frame: 257 Frame from vFrameID : 258
Tcw:
[0.99941069, -0.028937329, -0.018464847, 0.087877959;
 0.029533898, 0.99902225, 0.03289802, 0.003806609;
 0.017494811, -0.033423968, 0.99928814, 0.21794291;
 0, 0, 0, 1]
Twc:
[0.99941069, 0.029533898, 0.017494811, -0.091751456;
 -0.028937329, 0.99902225, -0.033423968, 0.0060245837;
 -0.018464847, 0.03289802, 0.99928814, -0.21629034;
 0, 0, 0, 1]
Ow:
[0.087877959;
 0.003806609;
 0.21794291]
Keyframe: 17 Frame: 261 Frame from vFrameID : 262
Tcw:
[0.99971682, -0.01641863, -0.017225249, 0.095542654;
 0.01683028, 0.99956954, 0.024031641, 0.0016525867;
 0.016823268, -0.024314741, 0.9995628, 0.23539561;
 0, 0, 0, 1]
Twc:
[0.99971682, 0.01683028, 0.016823268, -0.099503532;
 -0.01641863, 0.99956954, -0.024314741, 0.0056403871;
 -0.017225249, 0.024031641, 0.9995628, -0.23368666;
 0, 0, 0, 1]
Ow:
[0.095542654;
 0.0016525867;
 0.23539561]
Keyframe: 18 Frame: 266 Frame from vFrameID : 267
Tcw:
[0.99921268, -0.03635481, -0.015884137, 0.10161689;
 0.0363793, 0.99933726, 0.0012555941, 0.0017926684;
 0.015827963, -0.0018324592, 0.99987304, 0.2563878;
 0, 0, 0, 1]
Twc:
[0.99921268, 0.0363793, 0.015827963, -0.1056602;
 -0.03635481, 0.99933726, -0.0018324592, 0.0023726027;
 -0.015884137, 0.0012555941, 0.99987304, -0.2547434;
 0, 0, 0, 1]
Ow:
[0.10161689;
 0.0017926684;
 0.2563878]
Keyframe: 19 Frame: 271 Frame from vFrameID : 272
Tcw:
[0.99905807, -0.04332418, 0.0024532457, 0.11093321;
 0.043249808, 0.99875367, 0.024911426, 0.003313459;
 -0.0035294553, -0.024781859, 0.99968666, 0.27976757;
 0, 0, 0, 1]
Twc:
[0.99905807, 0.043249808, -0.0035294553, -0.1099846;
 -0.04332418, 0.99875367, -0.024781859, 0.0084299212;
 0.0024532457, 0.024911426, 0.99968666, -0.2800346;
 0, 0, 0, 1]
Ow:
[0.11093321;
 0.003313459;
 0.27976757]
Keyframe: 20 Frame: 276 Frame from vFrameID : 277
Tcw:
[0.99926811, -0.036967196, -0.0098300586, 0.12237632;
 0.037123483, 0.99917901, 0.016222378, 0.0038124444;
 0.0092222923, -0.016575431, 0.99982011, 0.30430695;
 0, 0, 0, 1]
Twc:
[0.99926811, 0.037123483, 0.0092222923, -0.12523469;
 -0.036967196, 0.99917901, -0.016575431, 0.0057586138;
 -0.0098300586, 0.016222378, 0.99982011, -0.30311108;
 0, 0, 0, 1]
Ow:
[0.12237632;
 0.0038124444;
 0.30430695]
Keyframe: 21 Frame: 282 Frame from vFrameID : 283
Tcw:
[0.99944437, -0.020800726, -0.026043532, 0.1397083;
 0.020400781, 0.99967128, -0.015529485, 0.0026950808;
 0.026357995, 0.014989548, 0.99954015, 0.32620627;
 0, 0, 0, 1]
Twc:
[0.99944437, 0.020400781, 0.026357995, -0.14828379;
 -0.020800726, 0.99967128, 0.014989548, -0.0046778456;
 -0.026043532, -0.015529485, 0.99954015, -0.32237592;
 0, 0, 0, 1]
Ow:
[0.1397083;
 0.0026950808;
 0.32620627]
Keyframe: 22 Frame: 287 Frame from vFrameID : 288
Tcw:
[0.99911249, -0.022143131, -0.035832208, 0.14770484;
 0.022166343, 0.99975425, 0.00025060776, 0.0018967497;
 0.035817854, -0.0010446544, 0.99935776, 0.34765017;
 0, 0, 0, 1]
Twc:
[0.99911249, 0.022166343, 0.035817854, -0.16006787;
 -0.022143131, 0.99975425, -0.0010446544, 0.0017375384;
 -0.035832208, 0.00025060776, 0.99935776, -0.3421348;
 0, 0, 0, 1]
Ow:
[0.14770484;
 0.0018967497;
 0.34765017]
Keyframe: 23 Frame: 292 Frame from vFrameID : 293
Tcw:
[0.99894845, -0.021729369, -0.040370476, 0.15604973;
 0.02217089, 0.99969882, 0.010521362, 0.0045575448;
 0.040129691, -0.011405347, 0.99912935, 0.37291515;
 0, 0, 0, 1]
Twc:
[0.99894845, 0.02217089, 0.040129691, -0.17095166;
 -0.021729369, 0.99969882, -0.011405347, 0.0030879171;
 -0.040370476, 0.010521362, 0.99912935, -0.36633864;
 0, 0, 0, 1]
Ow:
[0.15604973;
 0.0045575448;
 0.37291515]
Keyframe: 24 Frame: 298 Frame from vFrameID : 299
Tcw:
[0.99781102, -0.029517934, -0.059176955, 0.15992463;
 0.02913714, 0.99954885, -0.0072875977, 0.0025367504;
 0.059365373, 0.0055473982, 0.99822092, 0.40417424;
 0, 0, 0, 1]
Twc:
[0.99781102, 0.02913714, 0.059365373, -0.18364242;
 -0.029517934, 0.99954885, 0.0055473982, -5.7077094e-05;
 -0.059176955, -0.0072875977, 0.99822092, -0.39397284;
 0, 0, 0, 1]
Ow:
[0.15992463;
 0.0025367504;
 0.40417424]
Keyframe: 25 Frame: 304 Frame from vFrameID : 305
Tcw:
[0.99784094, -0.048569404, -0.044209048, 0.17310202;
 0.048807915, 0.99879879, 0.0043310937, 0.0019949106;
 0.043945588, -0.0064794943, 0.99901289, 0.4256618;
 0, 0, 0, 1]
Twc:
[0.99784094, 0.048807915, 0.043945588, -0.19153161;
 -0.048569404, 0.99879879, -0.0064794943, 0.0091730207;
 -0.044209048, 0.0043310937, 0.99901289, -0.41759762;
 0, 0, 0, 1]
Ow:
[0.17310202;
 0.0019949106;
 0.4256618]
Keyframe: 26 Frame: 310 Frame from vFrameID : 311
Tcw:
[0.9982568, -0.0360508, -0.046729639, 0.19051346;
 0.035955608, 0.99934924, -0.0028763302, 0.0019512433;
 0.046802923, 0.0011911237, 0.99890345, 0.45359939;
 0, 0, 0, 1]
Twc:
[0.9982568, 0.035955608, 0.046802923, -0.2114813;
 -0.0360508, 0.99934924, 0.0011911237, 0.0043778964;
 -0.046729639, -0.0028763302, 0.99890345, -0.44419375;
 0, 0, 0, 1]
Ow:
[0.19051346;
 0.0019512433;
 0.45359939]
Keyframe: 27 Frame: 316 Frame from vFrameID : 317
Tcw:
[0.99682784, -0.011808364, -0.078707047, 0.20826107;
 0.010976828, 0.99987936, -0.010989254, 0.0051250774;
 0.078827314, 0.010090441, 0.9968372, 0.47773567;
 0, 0, 0, 1]
Twc:
[0.99682784, 0.010976828, 0.078827314, -0.24531533;
 -0.011808364, 0.99987936, 0.010090441, -0.0074858;
 -0.078707047, -0.010989254, 0.9968372, -0.45977676;
 0, 0, 0, 1]
Ow:
[0.20826107;
 0.0051250774;
 0.47773567]
Keyframe: 28 Frame: 322 Frame from vFrameID : 323
Tcw:
[0.99861169, -0.024010215, -0.046885293, 0.22409238;
 0.024050534, 0.99971068, 0.00029591433, 0.0069642588;
 0.046864621, -0.0014231198, 0.99890023, 0.50227785;
 0, 0, 0, 1]
Twc:
[0.99861169, 0.024050534, 0.046864621, -0.24748783;
 -0.024010215, 0.99971068, -0.0014231198, -0.00086693582;
 -0.046885293, 0.00029591433, 0.99890023, -0.49122089;
 0, 0, 0, 1]
Ow:
[0.22409238;
 0.0069642588;
 0.50227785]
Keyframe: 29 Frame: 328 Frame from vFrameID : 329
Tcw:
[0.99936414, -0.033024818, -0.013441421, 0.23300636;
 0.033018742, 0.9994545, -0.00067377946, 0.01009075;
 0.01345634, 0.00022953223, 0.99990946, 0.53116512;
 0, 0, 0, 1]
Twc:
[0.99936414, 0.033018742, 0.01345634, -0.24033894;
 -0.033024818, 0.9994545, 0.00022953223, -0.0025121719;
 -0.013441421, -0.00067377946, 0.99990946, -0.52797824;
 0, 0, 0, 1]
Ow:
[0.23300636;
 0.01009075;
 0.53116512]
Keyframe: 30 Frame: 335 Frame from vFrameID : 336
Tcw:
[0.99860883, -0.052344292, 0.0063607376, 0.24253345;
 0.052353658, 0.99862772, -0.0013149519, 0.010622906;
 -0.0062831785, 0.0016461305, 0.9999789, 0.55639762;
 0, 0, 0, 1]
Twc:
[0.99860883, 0.052353658, -0.0062831785, -0.23925626;
 -0.052344292, 0.99862772, 0.0016461305, 0.0011710112;
 0.0063607376, -0.0013149519, 0.9999789, -0.55791461;
 0, 0, 0, 1]
Ow:
[0.24253345;
 0.010622906;
 0.55639762]
Keyframe: 31 Frame: 342 Frame from vFrameID : 343
Tcw:
[0.99873406, -0.047876183, -0.015431643, 0.25502825;
 0.047904018, 0.99885088, 0.0014389805, 0.011800964;
 0.015345017, -0.0021763965, 0.9998799, 0.58256513;
 0, 0, 0, 1]
Twc:
[0.99873406, 0.047904018, 0.015345017, -0.26421019;
 -0.047876183, 0.99885088, -0.0021763965, 0.0016902684;
 -0.015431643, 0.0014389805, 0.9998799, -0.57857662;
 0, 0, 0, 1]
Ow:
[0.25502825;
 0.011800964;
 0.58256513]
Keyframe: 32 Frame: 348 Frame from vFrameID : 349
Tcw:
[0.99632102, -0.025205307, -0.081909209, 0.27353525;
 0.025531642, 0.99966967, 0.00293898, 0.015723696;
 0.081808075, -0.005019444, 0.99663544, 0.60301328;
 0, 0, 0, 1]
Twc:
[0.99632102, 0.025531642, 0.081808075, -0.32226172;
 -0.025205307, 0.99966967, -0.005019444, -0.005797171;
 -0.081909209, 0.00293898, 0.99663544, -0.57862556;
 0, 0, 0, 1]
Ow:
[0.27353525;
 0.015723696;
 0.60301328]
Keyframe: 33 Frame: 354 Frame from vFrameID : 355
Tcw:
[0.9951629, -0.026421139, -0.094618931, 0.28648469;
 0.029047988, 0.99922687, 0.026493298, 0.017878685;
 0.093845792, -0.029113635, 0.995161, 0.61678541;
 0, 0, 0, 1]
Twc:
[0.9951629, 0.029047988, 0.093845792, -0.34350097;
 -0.026421139, 0.99922687, -0.029113635, 0.0076612546;
 -0.094618931, 0.026493298, 0.995161, -0.58716756;
 0, 0, 0, 1]
Ow:
[0.28648469;
 0.017878685;
 0.61678541]
Keyframe: 34 Frame: 360 Frame from vFrameID : 361
Tcw:
[0.99654859, -0.041351173, -0.071978949, 0.29539219;
 0.044027437, 0.9983815, 0.035999872, 0.021092366;
 0.070373811, -0.039044667, 0.99675626, 0.63559622;
 0, 0, 0, 1]
Twc:
[0.99654859, 0.044027437, 0.070373811, -0.34003064;
 -0.041351173, 0.9983815, -0.039044667, 0.015973231;
 -0.071978949, 0.035999872, 0.99675626, -0.6130318;
 0, 0, 0, 1]
Ow:
[0.29539219;
 0.021092366;
 0.63559622]
Keyframe: 35 Frame: 366 Frame from vFrameID : 367
Tcw:
[0.99819642, -0.044171486, -0.040654406, 0.30508196;
 0.04523119, 0.99865037, 0.025525987, 0.022142479;
 0.039472017, -0.027318796, 0.99884719, 0.66023594;
 0, 0, 0, 1]
Twc:
[0.99819642, 0.04523119, 0.039472017, -0.33159411;
 -0.044171486, 0.99865037, -0.027318796, 0.0094001787;
 -0.040654406, 0.025525987, 0.99884719, -0.64763707;
 0, 0, 0, 1]
Ow:
[0.30508196;
 0.022142479;
 0.66023594]
Keyframe: 36 Frame: 371 Frame from vFrameID : 372
Tcw:
[0.99841762, -0.053819831, -0.016300591, 0.30759984;
 0.054240692, 0.99817401, 0.026582239, 0.018815437;
 0.014840174, -0.027424332, 0.99951375, 0.67764002;
 0, 0, 0, 1]
Twc:
[0.99841762, 0.054240692, 0.014840174, -0.31818998;
 -0.053819831, 0.99817401, -0.027424332, 0.016357718;
 -0.016300591, 0.026582239, 0.99951375, -0.67279661;
 0, 0, 0, 1]
Ow:
[0.30759984;
 0.018815437;
 0.67764002]
Keyframe: 37 Frame: 377 Frame from vFrameID : 378
Tcw:
[0.99829346, -0.053514201, 0.023375543, 0.31177127;
 0.052871089, 0.99822772, 0.027314629, 0.022945298;
 -0.024795834, -0.026032126, 0.99935353, 0.69794214;
 0, 0, 0, 1]
Twc:
[0.99829346, 0.052871089, -0.024795834, -0.29514632;
 -0.053514201, 0.99822772, -0.026032126, 0.011948477;
 0.023375543, 0.027314629, 0.99935353, -0.70540553;
 0, 0, 0, 1]
Ow:
[0.31177127;
 0.022945298;
 0.69794214]
Keyframe: 38 Frame: 383 Frame from vFrameID : 384
Tcw:
[0.99825227, -0.057706557, 0.01274185, 0.32658711;
 0.057332113, 0.99796188, 0.02802041, 0.024803041;
 -0.014332841, -0.027240921, 0.99952614, 0.72228378;
 0, 0, 0, 1]
Twc:
[0.99825227, 0.057332113, -0.014332841, -0.31708595;
 -0.057706557, 0.99796188, -0.027240921, 0.013769404;
 0.01274185, 0.02802041, 0.99952614, -0.72679782;
 0, 0, 0, 1]
Ow:
[0.32658711;
 0.024803041;
 0.72228378]
Keyframe: 39 Frame: 389 Frame from vFrameID : 390
Tcw:
[0.99896049, -0.029473532, -0.034773432, 0.34110966;
 0.029921455, 0.99947494, 0.012431789, 0.024736818;
 0.034388766, -0.013459338, 0.99931788, 0.74368244;
 0, 0, 0, 1]
Twc:
[0.99896049, 0.029921455, 0.034388766, -0.36706957;
 -0.029473532, 0.99947494, -0.013459338, -0.0046606506;
 -0.034773432, 0.012431789, 0.99931788, -0.73162115;
 0, 0, 0, 1]
Ow:
[0.34110966;
 0.024736818;
 0.74368244]
Keyframe: 40 Frame: 395 Frame from vFrameID : 396
Tcw:
[0.99914426, -0.034285374, -0.023136985, 0.3512632;
 0.033450253, 0.99880743, -0.03556462, 0.025091946;
 0.024328737, 0.034760248, 0.99909949, 0.75984102;
 0, 0, 0, 1]
Twc:
[0.99914426, 0.033450253, 0.024328737, -0.3702879;
 -0.034285374, 0.99880743, 0.034760248, -0.039431091;
 -0.023136985, -0.03556462, 0.99909949, -0.75013727;
 0, 0, 0, 1]
Ow:
[0.3512632;
 0.025091946;
 0.75984102]
Keyframe: 41 Frame: 401 Frame from vFrameID : 402
Tcw:
[0.99872565, -0.050340377, 0.003587621, 0.35685596;
 0.050369527, 0.99869394, -0.0085605448, 0.030290646;
 -0.0031519944, 0.0087303426, 0.99995691, 0.77989626;
 0, 0, 0, 1]
Twc:
[0.99872565, 0.050369527, -0.0031519944, -0.35546872;
 -0.050340377, 0.99869394, 0.0087303426, -0.019095585;
 0.003587621, -0.0085605448, 0.99995691, -0.78088367;
 0, 0, 0, 1]
Ow:
[0.35685596;
 0.030290646;
 0.77989626]
Keyframe: 42 Frame: 407 Frame from vFrameID : 408
Tcw:
[0.99775791, -0.061908457, 0.025426023, 0.36287156;
 0.061545923, 0.99799448, 0.014802475, 0.027403045;
 -0.02629143, -0.013204419, 0.99956709, 0.8040967;
 0, 0, 0, 1]
Twc:
[0.99775791, 0.061545923, -0.02629143, -0.34260368;
 -0.061908457, 0.99799448, -0.013204419, 0.0057343631;
 0.025426023, 0.014802475, 0.99956709, -0.81338066;
 0, 0, 0, 1]
Ow:
[0.36287156;
 0.027403045;
 0.8040967]
Keyframe: 43 Frame: 413 Frame from vFrameID : 414
Tcw:
[0.99648035, -0.072816253, 0.04153036, 0.36584067;
 0.072873659, 0.99734116, 0.00013199988, 0.027046951;
 -0.041429549, 0.002894934, 0.99913722, 0.82560235;
 0, 0, 0, 1]
Twc:
[0.99648035, 0.072873659, -0.041429549, -0.33231968;
 -0.072816253, 0.99734116, 0.002894934, -0.0027259572;
 0.04153036, 0.00013199988, 0.99913722, -0.84008712;
 0, 0, 0, 1]
Ow:
[0.36584067;
 0.027046951;
 0.82560235]
Keyframe: 44 Frame: 419 Frame from vFrameID : 420
Tcw:
[0.99537772, -0.075985901, 0.05873058, 0.37117139;
 0.075459525, 0.9970867, 0.011132148, 0.02604204;
 -0.059405368, -0.0066489107, 0.9982118, 0.84590161;
 0, 0, 0, 1]
Twc:
[0.99537772, 0.075459525, -0.059405368, -0.32116979;
 -0.075985901, 0.9970867, -0.0066489107, 0.0078619448;
 0.05873058, 0.011132148, 0.9982118, -0.86647797;
 0, 0, 0, 1]
Ow:
[0.37117139;
 0.02604204;
 0.84590161]
Keyframe: 45 Frame: 424 Frame from vFrameID : 425
Tcw:
[0.995332, -0.074977472, 0.060766619, 0.3789407;
 0.073553883, 0.99696934, 0.025338046, 0.030186201;
 -0.062482238, -0.020750148, 0.99783033, 0.86364186;
 0, 0, 0, 1]
Twc:
[0.995332, 0.073553883, -0.062482238, -0.32542986;
 -0.074977472, 0.99696934, -0.020750148, 0.016237997;
 0.060766619, 0.025338046, 0.99783033, -0.88555986;
 0, 0, 0, 1]
Ow:
[0.3789407;
 0.030186201;
 0.86364186]
Keyframe: 46 Frame: 429 Frame from vFrameID : 430
Tcw:
[0.99675655, -0.065841772, 0.046273533, 0.39188153;
 0.066065058, 0.99780983, -0.0033110932, 0.028186254;
 -0.045954175, 0.0063574174, 0.9989233, 0.8801825;
 0, 0, 0, 1]
Twc:
[0.99675655, 0.066065058, -0.045954175, -0.35202456;
 -0.065841772, 0.99780983, 0.0063574174, -0.0079180347;
 0.046273533, -0.0033110932, 0.9989233, -0.89727521;
 0, 0, 0, 1]
Ow:
[0.39188153;
 0.028186254;
 0.8801825]
Keyframe: 47 Frame: 435 Frame from vFrameID : 436
Tcw:
[0.99620497, -0.059274897, 0.063734598, 0.39718589;
 0.058933236, 0.99823576, 0.0072290301, 0.027022332;
 -0.06405066, -0.0034455096, 0.99794072, 0.89843839;
 0, 0, 0, 1]
Twc:
[0.99620497, 0.058933236, -0.06405066, -0.33972552;
 -0.059274897, 0.99823576, -0.0034455096, -0.00033592631;
 0.063734598, 0.0072290301, 0.99794072, -0.9220981;
 0, 0, 0, 1]
Ow:
[0.39718589;
 0.027022332;
 0.89843839]
Keyframe: 48 Frame: 440 Frame from vFrameID : 441
Tcw:
[0.99537468, -0.058740307, 0.07601855, 0.40027565;
 0.057804909, 0.9982233, 0.014449129, 0.025543181;
 -0.076732233, -0.0099880518, 0.99700171, 0.91260052;
 0, 0, 0, 1]
Twc:
[0.99537468, 0.057804909, -0.076732233, -0.3298749;
 -0.058740307, 0.9982233, -0.0099880518, 0.0071296166;
 0.07601855, 0.014449129, 0.99700171, -0.94066173;
 0, 0, 0, 1]
Ow:
[0.40027565;
 0.025543181;
 0.91260052]
Keyframe: 49 Frame: 445 Frame from vFrameID : 446
Tcw:
[0.99352092, -0.076875456, 0.083704047, 0.39826488;
 0.077052936, 0.99702638, 0.0011128633, 0.023462601;
 -0.0835407, 0.0053439899, 0.99649006, 0.9310863;
 0, 0, 0, 1]
Twc:
[0.99352092, 0.077052936, -0.0835407, -0.31970876;
 -0.076875456, 0.99702638, 0.0053439899, 0.002248246;
 0.083704047, 0.0011128633, 0.99649006, -0.96118069;
 0, 0, 0, 1]
Ow:
[0.39826488;
 0.023462601;
 0.9310863]
Keyframe: 50 Frame: 451 Frame from vFrameID : 452
Tcw:
[0.991956, -0.086614646, 0.092310391, 0.40156028;
 0.08719983, 0.99618816, -0.0023172498, 0.023479819;
 -0.091757812, 0.01034806, 0.9957276, 0.95185524;
 0, 0, 0, 1]
Twc:
[0.991956, 0.08719983, -0.091757812, -0.31303743;
 -0.086614646, 0.99618816, 0.01034806, 0.0015408313;
 0.092310391, -0.0023172498, 0.9957276, -0.98480231;
 0, 0, 0, 1]
Ow:
[0.40156028;
 0.023479819;
 0.95185524]
Keyframe: 51 Frame: 457 Frame from vFrameID : 458
Tcw:
[0.98994887, -0.085536592, 0.11262627, 0.40663737;
 0.085981488, 0.99629635, 0.00091018935, 0.025109924;
 -0.11228699, 0.0087827342, 0.99363703, 0.97237617;
 0, 0, 0, 1]
Twc:
[0.98994887, 0.085981488, -0.11228699, -0.295524;
 -0.085536592, 0.99629635, 0.0087827342, 0.0012253288;
 0.11262627, 0.00091018935, 0.99363703, -1.0120099;
 0, 0, 0, 1]
Ow:
[0.40663737;
 0.025109924;
 0.97237617]
Keyframe: 52 Frame: 462 Frame from vFrameID : 463
Tcw:
[0.99191642, -0.087729111, 0.091681346, 0.41239882;
 0.087857857, 0.99612951, 0.0026385421, 0.02289727;
 -0.091557972, 0.0054377136, 0.99578488, 0.9914484;
 0, 0, 0, 1]
Twc:
[0.99191642, 0.087857857, -0.091557972, -0.32030186;
 -0.087729111, 0.99612951, 0.0054377136, 0.0079795215;
 0.091681346, 0.0026385421, 0.99578488, -1.0251391;
 0, 0, 0, 1]
Ow:
[0.41239882;
 0.02289727;
 0.9914484]
Keyframe: 53 Frame: 467 Frame from vFrameID : 468
Tcw:
[0.99634826, -0.06866765, 0.050743528, 0.42388499;
 0.068548933, 0.99763942, 0.0040782467, 0.02005459;
 -0.05090379, -0.0005849392, 0.99870342, 1.0056347;
 0, 0, 0, 1]
Twc:
[0.99634826, 0.068548933, -0.05090379, -0.37252116;
 -0.06866765, 0.99763942, -0.0005849392, 0.0096881688;
 0.050743528, 0.0040782467, 0.99870342, -1.0259218;
 0, 0, 0, 1]
Ow:
[0.42388499;
 0.02005459;
 1.0056347]
Keyframe: 54 Frame: 472 Frame from vFrameID : 473
Tcw:
[0.99630535, -0.067798883, 0.05271538, 0.42928982;
 0.068221152, 0.99765062, -0.0062504518, 0.020103944;
 -0.052167758, 0.0098236622, 0.99858999, 1.0175924;
 0, 0, 0, 1]
Twc:
[0.99630535, 0.068221152, -0.052167758, -0.37598974;
 -0.067798883, 0.99765062, 0.0098236622, -0.00094782579;
 0.05271538, -0.0062504518, 0.99858999, -1.0386622;
 0, 0, 0, 1]
Ow:
[0.42928982;
 0.020103944;
 1.0175924]
Keyframe: 55 Frame: 477 Frame from vFrameID : 478
Tcw:
[0.99627012, -0.064847238, 0.056926861, 0.43606019;
 0.064539045, 0.99788892, 0.0072377175, 0.020431768;
 -0.057276029, -0.0035367166, 0.99835211, 1.0346746;
 0, 0, 0, 1]
Twc:
[0.99627012, 0.064539045, -0.057276029, -0.37649035;
 -0.064847238, 0.99788892, -0.0035367166, 0.011548015;
 0.056926861, 0.0072377175, 0.99835211, -1.057941;
 0, 0, 0, 1]
Ow:
[0.43606019;
 0.020431768;
 1.0346746]
Keyframe: 56 Frame: 482 Frame from vFrameID : 483
Tcw:
[0.99296856, -0.088185713, 0.078972988, 0.43654266;
 0.089130089, 0.99598366, -0.0085072666, 0.019727618;
 -0.077905588, 0.015486318, 0.99684048, 1.0555323;
 0, 0, 0, 1]
Twc:
[0.99296856, 0.089130089, -0.077905588, -0.35299957;
 -0.088185713, 0.99598366, 0.015486318, 0.0025021317;
 0.078972988, -0.0085072666, 0.99684048, -1.0865046;
 0, 0, 0, 1]
Ow:
[0.43654266;
 0.019727618;
 1.0555323]
Keyframe: 57 Frame: 487 Frame from vFrameID : 488
Tcw:
[0.99126077, -0.082323618, 0.10307737, 0.44370514;
 0.086289845, 0.99566829, -0.034621719, 0.018182065;
 -0.099780694, 0.043213684, 0.99407059, 1.0726186;
 0, 0, 0, 1]
Twc:
[0.99126077, 0.086289845, -0.099780694, -0.33436978;
 -0.082323618, 0.99566829, 0.043213684, -0.027927697;
 0.10307737, -0.034621719, 0.99407059, -1.1113652;
 0, 0, 0, 1]
Ow:
[0.44370514;
 0.018182065;
 1.0726186]
Keyframe: 58 Frame: 492 Frame from vFrameID : 493
Tcw:
[0.98936278, -0.085271455, 0.11785639, 0.44807655;
 0.086923175, 0.99617493, -0.0089368131, 0.01915049;
 -0.11664353, 0.019086201, 0.99299043, 1.0896816;
 0, 0, 0, 1]
Twc:
[0.98936278, 0.086923175, -0.11664353, -0.31787053;
 -0.085271455, 0.99617493, 0.019086201, -0.001666983;
 0.11785639, -0.0089368131, 0.99299043, -1.134681;
 0, 0, 0, 1]
Ow:
[0.44807655;
 0.01915049;
 1.0896816]
Keyframe: 59 Frame: 497 Frame from vFrameID : 498
Tcw:
[0.99047053, -0.09101747, 0.10336348, 0.45346308;
 0.091267861, 0.99582368, 0.0023144558, 0.02024458;
 -0.10314246, 0.0071413638, 0.99464095, 1.1047384;
 0, 0, 0, 1]
Twc:
[0.99047053, 0.091267861, -0.10314246, -0.33704403;
 -0.09101747, 0.99582368, 0.0071413638, 0.013223692;
 0.10336348, 0.0023144558, 0.99464095, -1.1457365;
 0, 0, 0, 1]
Ow:
[0.45346308;
 0.02024458;
 1.1047384]
Keyframe: 60 Frame: 502 Frame from vFrameID : 503
Tcw:
[0.99396586, -0.085868344, 0.068253286, 0.46511179;
 0.088242427, 0.99556673, -0.032559484, 0.019859605;
 -0.065154873, 0.038385853, 0.99713659, 1.1211739;
 0, 0, 0, 1]
Twc:
[0.99396586, 0.088242427, -0.065154873, -0.39100778;
 -0.085868344, 0.99556673, 0.038385853, -0.022870392;
 0.068253286, -0.032559484, 0.99713659, -1.1490622;
 0, 0, 0, 1]
Ow:
[0.46511179;
 0.019859605;
 1.1211739]
Keyframe: 61 Frame: 507 Frame from vFrameID : 508
Tcw:
[0.99638397, -0.073741369, 0.042203862, 0.4760316;
 0.074028037, 0.99724227, -0.0052683507, 0.016835377;
 -0.041698977, 0.0083735697, 0.99909514, 1.1372089;
 0, 0, 0, 1]
Twc:
[0.99638397, 0.074028037, -0.041698977, -0.42813611;
 -0.073741369, 0.99724227, 0.0083735697, 0.0087917745;
 0.042203862, -0.0052683507, 0.99909514, -1.1561816;
 0, 0, 0, 1]
Ow:
[0.4760316;
 0.016835377;
 1.1372089]
Keyframe: 62 Frame: 512 Frame from vFrameID : 513
Tcw:
[0.99636734, -0.070639335, 0.047562752, 0.48318043;
 0.070974849, 0.99746346, -0.0054006539, 0.017779414;
 -0.047060613, 0.008756794, 0.99885362, 1.1528844;
 0, 0, 0, 1]
Twc:
[0.99636734, 0.070974849, -0.047060613, -0.42843163;
 -0.070639335, 0.99746346, 0.008756794, 0.0063016536;
 0.047562752, -0.0054006539, 0.99885362, -1.1744481;
 0, 0, 0, 1]
Ow:
[0.48318043;
 0.017779414;
 1.1528844]
Keyframe: 63 Frame: 517 Frame from vFrameID : 518
Tcw:
[0.99577409, -0.072007366, 0.05699864, 0.48579121;
 0.071931839, 0.9974038, 0.0033783386, 0.017273374;
 -0.057093929, 0.00073595485, 0.99836856, 1.1693187;
 0, 0, 0, 1]
Twc:
[0.99577409, 0.071931839, -0.057093929, -0.41821983;
 -0.072007366, 0.9974038, 0.00073595485, 0.016891452;
 0.05699864, 0.0033783386, 0.99836856, -1.1951587;
 0, 0, 0, 1]
Ow:
[0.48579121;
 0.017273374;
 1.1693187]
Keyframe: 64 Frame: 522 Frame from vFrameID : 523
Tcw:
[0.9946385, -0.079723194, 0.065866828, 0.49045184;
 0.08061552, 0.99668461, -0.01099834, 0.017539535;
 -0.06477163, 0.016249262, 0.99776781, 1.1866266;
 0, 0, 0, 1]
Twc:
[0.9946385, 0.08061552, -0.06477163, -0.41237652;
 -0.079723194, 0.99668461, 0.016249262, 0.0023371959;
 0.065866828, -0.01099834, 0.99776781, -1.2160894;
 0, 0, 0, 1]
Ow:
[0.49045184;
 0.017539535;
 1.1866266]
Keyframe: 65 Frame: 527 Frame from vFrameID : 528
Tcw:
[0.99133021, -0.093843311, 0.091966495, 0.49775618;
 0.094395526, 0.99553341, -0.0016635021, 0.015987407;
 -0.091399603, 0.010330305, 0.99576074, 1.2034655;
 0, 0, 0, 1]
Twc:
[0.99133021, 0.094395526, -0.091399603, -0.38495365;
 -0.093843311, 0.99553341, 0.010330305, 0.018362926;
 0.091966495, -0.0016635021, 0.99576074, -1.2441139;
 0, 0, 0, 1]
Ow:
[0.49775618;
 0.015987407;
 1.2034655]
Keyframe: 66 Frame: 533 Frame from vFrameID : 534
Tcw:
[0.9896633, -0.10471965, 0.097981401, 0.50582784;
 0.10561556, 0.99439901, -0.0039878371, 0.016375361;
 -0.097015001, 0.014294976, 0.99518025, 1.2241775;
 0, 0, 0, 1]
Twc:
[0.9896633, 0.10561556, -0.097015001, -0.38356513;
 -0.10471965, 0.99439901, 0.014294976, 0.019186875;
 0.097981401, -0.0039878371, 0.99518025, -1.2677736;
 0, 0, 0, 1]
Ow:
[0.50582784;
 0.016375361;
 1.2241775]
Keyframe: 67 Frame: 538 Frame from vFrameID : 539
Tcw:
[0.99329519, -0.091763236, 0.0703151, 0.51729357;
 0.092231728, 0.99573165, -0.0034384311, 0.018034857;
 -0.069699444, 0.0099006603, 0.9975189, 1.2401077;
 0, 0, 0, 1]
Twc:
[0.99329519, 0.092231728, -0.069699444, -0.42905375;
 -0.091763236, 0.99573165, 0.0099006603, 0.017232768;
 0.0703151, -0.0034384311, 0.9975189, -1.2733424;
 0, 0, 0, 1]
Ow:
[0.51729357;
 0.018034857;
 1.2401077]
Keyframe: 68 Frame: 543 Frame from vFrameID : 544
Tcw:
[0.99406976, -0.089582704, 0.061646223, 0.52361125;
 0.089715756, 0.99596721, 0.00061186659, 0.01503058;
 -0.06145243, 0.0049223993, 0.9980979, 1.254279;
 0, 0, 0, 1]
Twc:
[0.99406976, 0.089715756, -0.06145243, -0.44477609;
 -0.089582704, 0.99596721, 0.0049223993, 0.025762487;
 0.061646223, 0.00061186659, 0.9980979, -1.284181;
 0, 0, 0, 1]
Ow:
[0.52361125;
 0.01503058;
 1.254279]
Keyframe: 69 Frame: 549 Frame from vFrameID : 550
Tcw:
[0.99478751, -0.082617916, 0.059767351, 0.53180861;
 0.082410738, 0.99658084, 0.0059272707, 0.015477297;
 -0.060052693, -0.00097090349, 0.99819475, 1.2741132;
 0, 0, 0, 1]
Twc:
[0.99478751, 0.082410738, -0.060052693, -0.45379812;
 -0.082617916, 0.99658084, -0.00097090349, 0.029749582;
 0.059767351, 0.0059272707, 0.99819475, -1.3036895;
 0, 0, 0, 1]
Ow:
[0.53180861;
 0.015477297;
 1.2741132]
Keyframe: 70 Frame: 555 Frame from vFrameID : 556
Tcw:
[0.99427938, -0.085819073, 0.063589267, 0.53908122;
 0.086952455, 0.99609542, -0.015270666, 0.012855968;
 -0.062030461, 0.020712551, 0.9978593, 1.2950842;
 0, 0, 0, 1]
Twc:
[0.99427938, 0.086952455, -0.062030461, -0.45678052;
 -0.085819073, 0.99609542, 0.020712551, 0.0066331807;
 0.063589267, -0.015270666, 0.9978593, -1.3263954;
 0, 0, 0, 1]
Ow:
[0.53908122;
 0.012855968;
 1.2950842]
Keyframe: 71 Frame: 561 Frame from vFrameID : 562
Tcw:
[0.99035001, -0.10779425, 0.087104797, 0.54209065;
 0.10763135, 0.99416912, 0.0065782783, 0.0098093031;
 -0.087306, 0.0028604092, 0.99617743, 1.3126258;
 0, 0, 0, 1]
Twc:
[0.99035001, 0.10763135, -0.087306, -0.42331514;
 -0.10779425, 0.99416912, 0.0028604092, 0.044927496;
 0.087104797, 0.0065782783, 0.99617743, -1.3548914;
 0, 0, 0, 1]
Ow:
[0.54209065;
 0.0098093031;
 1.3126258]
Keyframe: 72 Frame: 567 Frame from vFrameID : 568
Tcw:
[0.98774928, -0.11716539, 0.10307105, 0.54882503;
 0.11723926, 0.9930892, 0.0053623095, 0.010894585;
 -0.10298702, 0.0067873555, 0.99465954, 1.3305881;
 0, 0, 0, 1]
Twc:
[0.98774928, 0.11723926, -0.10298702, -0.40634552;
 -0.11716539, 0.9930892, 0.0067873555, 0.044452835;
 0.10307105, 0.0053623095, 0.99465954, -1.3801085;
 0, 0, 0, 1]
Ow:
[0.54882503;
 0.010894585;
 1.3305881]
Keyframe: 73 Frame: 572 Frame from vFrameID : 573
Tcw:
[0.98844856, -0.11992569, 0.09266755, 0.55685985;
 0.1199333, 0.99276668, 0.0055071469, 0.0098454189;
 -0.092657708, 0.0056703938, 0.99568188, 1.3460282;
 0, 0, 0, 1]
Twc:
[0.98844856, 0.1199333, -0.092657708, -0.42688823;
 -0.11992569, 0.99276668, 0.0056703938, 0.049375091;
 0.09266755, 0.0055071469, 0.99568188, -1.391873;
 0, 0, 0, 1]
Ow:
[0.55685985;
 0.0098454189;
 1.3460282]
Keyframe: 74 Frame: 577 Frame from vFrameID : 578
Tcw:
[0.98818767, -0.12261505, 0.09192764, 0.56378311;
 0.12140721, 0.99242777, 0.018639432, 0.011176087;
 -0.093517013, -0.0072585791, 0.99559122, 1.3588775;
 0, 0, 0, 1]
Twc:
[0.98818767, 0.12140721, -0.093517013, -0.43140221;
 -0.12261505, 0.99242777, -0.0072585791, 0.06790036;
 0.09192764, 0.018639432, 0.99559122, -1.4049221;
 0, 0, 0, 1]
Ow:
[0.56378311;
 0.011176087;
 1.3588775]
Keyframe: 75 Frame: 582 Frame from vFrameID : 583
Tcw:
[0.98663282, -0.12015858, 0.11007965, 0.57254571;
 0.11977712, 0.99274945, 0.010095596, 0.0092949569;
 -0.11049459, 0.0032243778, 0.99387151, 1.3701251;
 0, 0, 0, 1]
Twc:
[0.98663282, 0.11977712, -0.11049459, -0.41461432;
 -0.12015858, 0.99274945, 0.0032243778, 0.055150911;
 0.11007965, 0.010095596, 0.99387151, -1.4248477;
 0, 0, 0, 1]
Ow:
[0.57254571;
 0.0092949569;
 1.3701251]
Keyframe: 76 Frame: 587 Frame from vFrameID : 588
Tcw:
[0.9842211, -0.11709977, 0.13265185, 0.57861352;
 0.11644527, 0.99311578, 0.012708032, 0.010319451;
 -0.13322675, 0.002939167, 0.99108124, 1.3800478;
 0, 0, 0, 1]
Twc:
[0.9842211, 0.11644527, -0.13322675, -0.38682601;
 -0.11709977, 0.99311578, 0.002939167, 0.053450912;
 0.13265185, 0.012708032, 0.99108124, -1.4446248;
 0, 0, 0, 1]
Ow:
[0.57861352;
 0.010319451;
 1.3800478]
Keyframe: 77 Frame: 593 Frame from vFrameID : 594
Tcw:
[0.98258358, -0.11428358, 0.14652225, 0.58628732;
 0.11747397, 0.99298716, -0.01328036, 0.010850711;
 -0.14397699, 0.030261615, 0.98911822, 1.3944311;
 0, 0, 0, 1]
Twc:
[0.98258358, 0.11747397, -0.14397699, -0.37658501;
 -0.11428358, 0.99298716, 0.030261615, 0.014030664;
 0.14652225, -0.01328036, 0.98911822, -1.4650172;
 0, 0, 0, 1]
Ow:
[0.58628732;
 0.010850711;
 1.3944311]
Keyframe: 78 Frame: 598 Frame from vFrameID : 599
Tcw:
[0.97999501, -0.13754663, 0.14384283, 0.59007549;
 0.13585536, 0.99049401, 0.021561982, 0.011383656;
 -0.14544123, -0.0015888154, 0.98936564, 1.4056745;
 0, 0, 0, 1]
Twc:
[0.97999501, 0.13585536, -0.14544123, -0.37537447;
 -0.13754663, 0.99049401, -0.0015888154, 0.072120801;
 0.14384283, 0.021561982, 0.98936564, -1.4758495;
 0, 0, 0, 1]
Ow:
[0.59007549;
 0.011383656;
 1.4056745]
Keyframe: 79 Frame: 603 Frame from vFrameID : 604
Tcw:
[0.98402506, -0.1248487, 0.12691529, 0.59677482;
 0.12584472, 0.99204993, 0.00017168091, 0.0096585052;
 -0.12592775, 0.015802681, 0.99191356, 1.4169754;
 0, 0, 0, 1]
Twc:
[0.98402506, 0.12584472, -0.12592775, -0.41002029;
 -0.1248487, 0.99204993, 0.015802681, 0.042532824;
 0.12691529, 0.00017168091, 0.99191356, -1.4812586;
 0, 0, 0, 1]
Ow:
[0.59677482;
 0.0096585052;
 1.4169754]
Keyframe: 80 Frame: 608 Frame from vFrameID : 609
Tcw:
[0.99041355, -0.12035618, 0.067789666, 0.60385489;
 0.12088268, 0.99265987, -0.0037040261, 0.008227529;
 -0.066846281, 0.011863114, 0.99769276, 1.4292494;
 0, 0, 0, 1]
Twc:
[0.99041355, 0.12088268, -0.066846281, -0.50352061;
 -0.12035618, 0.99265987, 0.011863114, 0.047555178;
 0.067789666, -0.0037040261, 0.99769276, -1.4668564;
 0, 0, 0, 1]
Ow:
[0.60385489;
 0.008227529;
 1.4292494]
Keyframe: 81 Frame: 613 Frame from vFrameID : 614
Tcw:
[0.99297827, -0.10637075, 0.051762994, 0.61260074;
 0.10670768, 0.99428326, -0.0037816879, 0.0088870712;
 -0.051064815, 0.0092786429, 0.99865222, 1.4403166;
 0, 0, 0, 1]
Twc:
[0.99297827, 0.10670768, -0.051064815, -0.53569806;
 -0.10637075, 0.99428326, 0.0092786429, 0.042962354;
 0.051762994, -0.0037816879, 0.99865222, -1.4700518;
 0, 0, 0, 1]
Ow:
[0.61260074;
 0.0088870712;
 1.4403166]
Keyframe: 82 Frame: 618 Frame from vFrameID : 619
Tcw:
[0.99488735, -0.092569098, 0.040374935, 0.61970723;
 0.092495449, 0.99570626, 0.0036923517, 0.0042588934;
 -0.040543374, 6.1023788e-05, 0.99917775, 1.4510767;
 0, 0, 0, 1]
Twc:
[0.99488735, 0.092495449, -0.040543374, -0.55810124;
 -0.092569098, 0.99570626, 6.1023788e-05, 0.053036582;
 0.040374935, 0.0036923517, 0.99917775, -1.47492;
 0, 0, 0, 1]
Ow:
[0.61970723;
 0.0042588934;
 1.4510767]
Keyframe: 83 Frame: 624 Frame from vFrameID : 625
Tcw:
[0.99171346, -0.10646602, 0.0718982, 0.62060905;
 0.10687273, 0.99427104, -0.0018227295, 0.006648133;
 -0.071292244, 0.0094915824, 0.9974103, 1.4697714;
 0, 0, 0, 1]
Twc:
[0.99171346, 0.10687273, -0.071292244, -0.51139355;
 -0.10646602, 0.99427104, 0.0094915824, 0.045513269;
 0.0718982, -0.0018227295, 0.9974103, -1.5105737;
 0, 0, 0, 1]
Ow:
[0.62060905;
 0.006648133;
 1.4697714]
Keyframe: 84 Frame: 629 Frame from vFrameID : 630
Tcw:
[0.99006015, -0.11738387, 0.077472404, 0.62055218;
 0.11699073, 0.99308652, 0.0096096694, 0.0041450756;
 -0.078064822, -0.00045059749, 0.99694818, 1.4859091;
 0, 0, 0, 1]
Twc:
[0.99006015, 0.11699073, -0.078064822, -0.49887168;
 -0.11738387, 0.99308652, -0.00045059749, 0.069395944;
 0.077472404, 0.0096096694, 0.99694818, -1.5294899;
 0, 0, 0, 1]
Ow:
[0.62055218;
 0.0041450756;
 1.4859091]
Keyframe: 85 Frame: 635 Frame from vFrameID : 636
Tcw:
[0.99017572, -0.10578351, 0.091443293, 0.62305415;
 0.10645331, 0.99431467, -0.0024648814, 0.0026330252;
 -0.090662658, 0.012175107, 0.99580723, 1.4977391;
 0, 0, 0, 1]
Twc:
[0.99017572, 0.10645331, -0.090662658, -0.48142436;
 -0.10578351, 0.99431467, 0.012175107, 0.045055658;
 0.091443293, -0.0024648814, 0.99580723, -1.5484271;
 0, 0, 0, 1]
Ow:
[0.62305415;
 0.0026330252;
 1.4977391]
Keyframe: 86 Frame: 640 Frame from vFrameID : 641
Tcw:
[0.99001217, -0.10677984, 0.092054464, 0.62769222;
 0.10706658, 0.99425018, 0.0018322342, 0.0029575794;
 -0.091720812, 0.0080420226, 0.99575227, 1.5118227;
 0, 0, 0, 1]
Twc:
[0.99001217, 0.10706658, -0.091720812, -0.48307398;
 -0.10677984, 0.99425018, 0.0080420226, 0.051926192;
 0.092054464, 0.0018322342, 0.99575227, -1.5631882;
 0, 0, 0, 1]
Ow:
[0.62769222;
 0.0029575794;
 1.5118227]
Keyframe: 87 Frame: 645 Frame from vFrameID : 646
Tcw:
[0.99103177, -0.10791665, 0.078804038, 0.63321954;
 0.10974386, 0.993774, -0.019223532, 0.00063379109;
 -0.076238863, 0.02769939, 0.99670476, 1.5300813;
 0, 0, 0, 1]
Twc:
[0.99103177, 0.10974386, -0.076238863, -0.51095855;
 -0.10791665, 0.993774, 0.02769939, 0.025322771;
 0.078804038, -0.019223532, 0.99670476, -1.5749273;
 0, 0, 0, 1]
Ow:
[0.63321954;
 0.00063379109;
 1.5300813]
Keyframe: 88 Frame: 651 Frame from vFrameID : 652
Tcw:
[0.99412954, -0.065451898, 0.086154081, 0.64165276;
 0.070541523, 0.99585491, -0.057418279, -0.0016085804;
 -0.082038827, 0.063158646, 0.99462587, 1.5454612;
 0, 0, 0, 1]
Twc:
[0.99412954, 0.070541523, -0.082038827, -0.51098466;
 -0.065451898, 0.99585491, 0.063158646, -0.054009929;
 0.086154081, -0.057418279, 0.99462587, -1.5925291;
 0, 0, 0, 1]
Ow:
[0.64165276;
 -0.0016085804;
 1.5454612]
Keyframe: 89 Frame: 657 Frame from vFrameID : 658
Tcw:
[0.99398792, -0.071364872, 0.083036564, 0.6458838;
 0.073707908, 0.99695385, -0.025498232, -0.0016427226;
 -0.080963939, 0.031465385, 0.99622023, 1.5651835;
 0, 0, 0, 1]
Twc:
[0.99398792, 0.073707908, -0.080963939, -0.51515615;
 -0.071364872, 0.99695385, 0.031465385, -0.0015179721;
 0.083036564, -0.025498232, 0.99622023, -1.6129414;
 0, 0, 0, 1]
Ow:
[0.6458838;
 -0.0016427226;
 1.5651835]
Keyframe: 90 Frame: 663 Frame from vFrameID : 664
Tcw:
[0.99251801, -0.07339447, 0.097576715, 0.64601314;
 0.078386426, 0.99575013, -0.048345406, -0.00030855834;
 -0.093613736, 0.055632375, 0.99405307, 1.585669;
 0, 0, 0, 1]
Twc:
[0.99251801, 0.078386426, -0.093613736, -0.49271515;
 -0.07339447, 0.99575013, 0.055632375, -0.040493488;
 0.097576715, -0.048345406, 0.99405307, -1.6392899;
 0, 0, 0, 1]
Ow:
[0.64601314;
 -0.00030855834;
 1.585669]
Keyframe: 91 Frame: 669 Frame from vFrameID : 670
Tcw:
[0.98470443, -0.10852962, 0.13630287, 0.65066242;
 0.1116178, 0.99363494, -0.015199401, -0.0031428523;
 -0.13378571, 0.030180745, 0.99055058, 1.6035691;
 0, 0, 0, 1]
Twc:
[0.98470443, 0.1116178, -0.13378571, -0.42582476;
 -0.10852962, 0.99363494, 0.030180745, 0.025342081;
 0.13630287, -0.015199401, 0.99055058, -1.6771514;
 0, 0, 0, 1]
Ow:
[0.65066242;
 -0.0031428523;
 1.6035691]
Keyframe: 92 Frame: 674 Frame from vFrameID : 675
Tcw:
[0.98367196, -0.099430658, 0.15001012, 0.65554643;
 0.10326406, 0.9944917, -0.017965412, -0.0021588393;
 -0.14739752, 0.033162728, 0.98852122, 1.6177708;
 0, 0, 0, 1]
Twc:
[0.98367196, 0.10326406, -0.14739752, -0.40616429;
 -0.099430658, 0.9944917, 0.033162728, 0.013678671;
 0.15001012, -0.017965412, 0.98852122, -1.6975781;
 0, 0, 0, 1]
Ow:
[0.65554643;
 -0.0021588393;
 1.6177708]
Keyframe: 93 Frame: 679 Frame from vFrameID : 680
Tcw:
[0.98865682, -0.08733096, 0.12219223, 0.66434526;
 0.09156996, 0.99536139, -0.02950597, -0.0027196631;
 -0.11904865, 0.040360417, 0.99206775, 1.6322831;
 0, 0, 0, 1]
Twc:
[0.98865682, 0.09156996, -0.11904865, -0.46223941;
 -0.08733096, 0.99536139, 0.040360417, -0.0051546623;
 0.12219223, -0.02950597, 0.99206775, -1.7005935;
 0, 0, 0, 1]
Ow:
[0.66434526;
 -0.0027196631;
 1.6322831]
Keyframe: 94 Frame: 685 Frame from vFrameID : 686
Tcw:
[0.99167991, -0.07942716, 0.10130306, 0.67488402;
 0.082525179, 0.99622965, -0.026760003, -0.0043739192;
 -0.098795645, 0.034897409, 0.99449563, 1.644781;
 0, 0, 0, 1]
Twc:
[0.99167991, 0.082525179, -0.098795645, -0.50641078;
 -0.07942716, 0.99622965, 0.034897409, 0.00056295213;
 0.10130306, -0.026760003, 0.99449563, -1.7042124;
 0, 0, 0, 1]
Ow:
[0.67488402;
 -0.0043739192;
 1.644781]
Keyframe: 95 Frame: 690 Frame from vFrameID : 691
Tcw:
[0.99400818, -0.065631963, 0.087408066, 0.68336463;
 0.066742197, 0.99772173, -0.009837186, -0.004883334;
 -0.086563297, 0.01561205, 0.99612403, 1.658921;
 0, 0, 0, 1]
Twc:
[0.99400818, 0.066742197, -0.086563297, -0.5353424;
 -0.065631963, 0.99772173, 0.01561205, 0.023823611;
 0.087408066, -0.009837186, 0.99612403, -1.7122707;
 0, 0, 0, 1]
Ow:
[0.68336463;
 -0.004883334;
 1.658921]
Keyframe: 96 Frame: 696 Frame from vFrameID : 697
Tcw:
[0.99191952, -0.085641064, 0.093601778, 0.6873672;
 0.087660581, 0.99599361, -0.01767371, -0.0043506026;
 -0.091713175, 0.025736084, 0.99545282, 1.6785817;
 0, 0, 0, 1]
Twc:
[0.99191952, 0.087660581, -0.091713175, -0.52748352;
 -0.085641064, 0.99599361, 0.025736084, 0.019999908;
 0.093601778, -0.01767371, 0.99545282, -1.7353647;
 0, 0, 0, 1]
Ow:
[0.6873672;
 -0.0043506026;
 1.6785817]
Keyframe: 97 Frame: 701 Frame from vFrameID : 702
Tcw:
[0.99137974, -0.08906734, 0.096089728, 0.69200277;
 0.092530988, 0.99518889, -0.032204539, -0.0062302835;
 -0.092759058, 0.040818203, 0.99485159, 1.6934476;
 0, 0, 0, 1]
Twc:
[0.99137974, 0.092530988, -0.092759058, -0.52837843;
 -0.08906734, 0.99518889, 0.040818203, -0.0012883338;
 0.096089728, -0.032204539, 0.99485159, -1.7514238;
 0, 0, 0, 1]
Ow:
[0.69200277;
 -0.0062302835;
 1.6934476]
Keyframe: 98 Frame: 706 Frame from vFrameID : 707
Tcw:
[0.98587435, -0.10390057, 0.13136385, 0.69928205;
 0.10600311, 0.99432421, -0.0090961289, -0.0069582574;
 -0.12967317, 0.022892619, 0.99129248, 1.7076391;
 0, 0, 0, 1]
Twc:
[0.98587435, 0.10600311, -0.12967317, -0.46723166;
 -0.10390057, 0.99432421, 0.022892619, 0.040482234;
 0.13136385, -0.0090961289, 0.99129248, -1.7846935;
 0, 0, 0, 1]
Ow:
[0.69928205;
 -0.0069582574;
 1.7076391]
Keyframe: 99 Frame: 711 Frame from vFrameID : 712
Tcw:
[0.98459601, -0.11388049, 0.13267243, 0.70587862;
 0.11317503, 0.99349171, 0.012871091, -0.0059357118;
 -0.13327472, 0.0023423797, 0.99107635, 1.7243289;
 0, 0, 0, 1]
Twc:
[0.98459601, 0.11317503, -0.13327472, -0.464524;
 -0.11388049, 0.99349171, 0.0023423797, 0.082243837;
 0.13267243, 0.012871091, 0.99107635, -1.8025159;
 0, 0, 0, 1]
Ow:
[0.70587862;
 -0.0059357118;
 1.7243289]
Keyframe: 100 Frame: 717 Frame from vFrameID : 718
Tcw:
[0.99193871, -0.08441449, 0.094507836, 0.71786624;
 0.088443428, 0.99530643, -0.039279029, -0.0062759593;
 -0.090748534, 0.047320988, 0.99474895, 1.7370286;
 0, 0, 0, 1]
Twc:
[0.99193871, 0.088443428, -0.090748534, -0.55389154;
 -0.08441449, 0.99530643, 0.047320988, -0.015353088;
 0.094507836, -0.039279029, 0.99474895, -1.7959979;
 0, 0, 0, 1]
Ow:
[0.71786624;
 -0.0062759593;
 1.7370286]
Keyframe: 101 Frame: 723 Frame from vFrameID : 724
Tcw:
[0.99163944, -0.082564913, 0.099168003, 0.72694635;
 0.085110828, 0.99613482, -0.021715323, -0.0072190501;
 -0.096991777, 0.02997404, 0.99483371, 1.751698;
 0, 0, 0, 1]
Twc:
[0.99163944, 0.085110828, -0.096991777, -0.55035388;
 -0.082564913, 0.99613482, 0.02997404, 0.014705938;
 0.099168003, -0.021715323, 0.99483371, -1.8148949;
 0, 0, 0, 1]
Ow:
[0.72694635;
 -0.0072190501;
 1.751698]
Keyframe: 102 Frame: 728 Frame from vFrameID : 729
Tcw:
[0.99156082, -0.080911323, 0.1012941, 0.73229307;
 0.082038023, 0.99660462, -0.007000329, -0.0066134632;
 -0.10038376, 0.01525122, 0.99483192, 1.7669446;
 0, 0, 0, 1]
Twc:
[0.99156082, 0.082038023, -0.10038376, -0.54819798;
 -0.080911323, 0.99660462, 0.01525122, 0.038893744;
 0.1012941, -0.007000329, 0.99483192, -1.8320361;
 0, 0, 0, 1]
Ow:
[0.73229307;
 -0.0066134632;
 1.7669446]
Keyframe: 103 Frame: 733 Frame from vFrameID : 734
Tcw:
[0.99221355, -0.08509165, 0.090948515, 0.7360484;
 0.08785446, 0.99577242, -0.026811535, -0.0056924;
 -0.088282585, 0.034593001, 0.9954946, 1.7837512;
 0, 0, 0, 1]
Twc:
[0.99221355, 0.08785446, -0.088282585, -0.57234299;
 -0.08509165, 0.99577242, 0.034593001, 0.0065946025;
 0.090948515, -0.026811535, 0.9954946, -1.8428099;
 0, 0, 0, 1]
Ow:
[0.7360484;
 -0.0056924;
 1.7837512]
Keyframe: 104 Frame: 738 Frame from vFrameID : 739
Tcw:
[0.98994601, -0.10161677, 0.098391555, 0.74099547;
 0.10429522, 0.99429274, -0.022459406, -0.0075853579;
 -0.095547758, 0.032495368, 0.99489433, 1.7996624;
 0, 0, 0, 1]
Twc:
[0.98994601, 0.10429522, -0.095547758, -0.56080073;
 -0.10161677, 0.99429274, 0.032495368, 0.024358945;
 0.098391555, -0.022459406, 0.99489433, -1.8635519;
 0, 0, 0, 1]
Ow:
[0.74099547;
 -0.0075853579;
 1.7996624]
Keyframe: 105 Frame: 743 Frame from vFrameID : 744
Tcw:
[0.98757201, -0.10999345, 0.11226296, 0.7441864;
 0.11343555, 0.99323756, -0.02472898, -0.0073928982;
 -0.10878377, 0.037156262, 0.99337077, 1.8114507;
 0, 0, 0, 1]
Twc:
[0.98757201, 0.11343555, -0.10878377, -0.53704256;
 -0.10999345, 0.99323756, 0.037156262, 0.021891793;
 0.11226296, -0.02472898, 0.99337077, -1.8831697;
 0, 0, 0, 1]
Ow:
[0.7441864;
 -0.0073928982;
 1.8114507]
Keyframe: 106 Frame: 749 Frame from vFrameID : 750
Tcw:
[0.98872805, -0.10778253, 0.103922, 0.75263202;
 0.11261084, 0.99276149, -0.041753888, -0.0037994757;
 -0.098669425, 0.052985985, 0.99370861, 1.8298619;
 0, 0, 0, 1]
Twc:
[0.98872805, 0.11261084, -0.098669425, -0.56316912;
 -0.10778253, 0.99276149, 0.052985985, -0.01206447;
 0.103922, -0.041753888, 0.99370861, -1.8967232;
 0, 0, 0, 1]
Ow:
[0.75263202;
 -0.0037994757;
 1.8298619]
Keyframe: 107 Frame: 754 Frame from vFrameID : 755
Tcw:
[0.99241263, -0.085925952, 0.087942943, 0.76204538;
 0.088193126, 0.99585551, -0.022220517, -0.0041247085;
 -0.085669145, 0.029807884, 0.99587762, 1.8454431;
 0, 0, 0, 1]
Twc:
[0.99241263, 0.088193126, -0.085669145, -0.5978021;
 -0.085925952, 0.99585551, 0.029807884, 0.01457833;
 0.087942943, -0.022220517, 0.99587762, -1.9049438;
 0, 0, 0, 1]
Ow:
[0.76204538;
 -0.0041247085;
 1.8454431]
Keyframe: 108 Frame: 759 Frame from vFrameID : 760
Tcw:
[0.99245137, -0.0880455, 0.085371412, 0.76719075;
 0.090575293, 0.99554443, -0.026219234, -0.0047831498;
 -0.082682543, 0.033753857, 0.99600416, 1.858874;
 0, 0, 0, 1]
Twc:
[0.99245137, 0.090575293, -0.082682543, -0.60726982;
 -0.0880455, 0.99554443, 0.033753857, 0.0095653646;
 0.085371412, -0.026219234, 0.99600416, -1.9170678;
 0, 0, 0, 1]
Ow:
[0.76719075;
 -0.0047831498;
 1.858874]
Keyframe: 109 Frame: 764 Frame from vFrameID : 765
Tcw:
[0.99140745, -0.090482093, 0.094468072, 0.77115285;
 0.093013637, 0.99540514, -0.022738582, -0.0046087541;
 -0.091976568, 0.031330019, 0.99526817, 1.8704743;
 0, 0, 0, 1]
Twc:
[0.99140745, 0.093013637, -0.091976568, -0.59205824;
 -0.090482093, 0.99540514, 0.031330019, 0.015761111;
 0.094468072, -0.022738582, 0.99526817, -1.9345777;
 0, 0, 0, 1]
Ow:
[0.77115285;
 -0.0046087541;
 1.8704743]
Keyframe: 110 Frame: 769 Frame from vFrameID : 770
Tcw:
[0.98988724, -0.10480899, 0.095594667, 0.77395111;
 0.10835165, 0.99357665, -0.032639325, -0.0064177439;
 -0.091559738, 0.042667091, 0.99488509, 1.8868543;
 0, 0, 0, 1]
Twc:
[0.98988724, 0.10835165, -0.091559738, -0.59266907;
 -0.10480899, 0.99357665, 0.042667091, 0.0069869733;
 0.095594667, -0.032639325, 0.99488509, -1.9513983;
 0, 0, 0, 1]
Ow:
[0.77395111;
 -0.0064177439;
 1.8868543]
Keyframe: 111 Frame: 774 Frame from vFrameID : 775
Tcw:
[0.98885143, -0.10667912, 0.10388683, 0.77864164;
 0.11105892, 0.9931131, -0.037313059, -0.0057126358;
 -0.099190846, 0.04843463, 0.99388897, 1.9009409;
 0, 0, 0, 1]
Twc:
[0.98885143, 0.11105892, -0.099190846, -0.58077049;
 -0.10667912, 0.9931131, 0.04843463, -0.0033332703;
 0.10388683, -0.037313059, 0.99388897, -1.9704279;
 0, 0, 0, 1]
Ow:
[0.77864164;
 -0.0057126358;
 1.9009409]
Keyframe: 112 Frame: 779 Frame from vFrameID : 780
Tcw:
[0.98581815, -0.11181024, 0.12514418, 0.78282094;
 0.1154296, 0.99307132, -0.022031052, -0.0062058754;
 -0.1218138, 0.036163952, 0.99189395, 1.9157484;
 0, 0, 0, 1]
Twc:
[0.98581815, 0.1154296, -0.1218138, -0.53763813;
 -0.11181024, 0.99307132, 0.036163952, 0.024409236;
 0.12514418, -0.022031052, 0.99189395, -1.9983213;
 0, 0, 0, 1]
Ow:
[0.78282094;
 -0.0062058754;
 1.9157484]
Keyframe: 113 Frame: 784 Frame from vFrameID : 785
Tcw:
[0.98594999, -0.11059187, 0.12518822, 0.78635085;
 0.11335254, 0.99343967, -0.015125886, -0.0054628756;
 -0.12269415, 0.029103769, 0.99201769, 1.9281999;
 0, 0, 0, 1]
Twc:
[0.98594999, 0.11335254, -0.12269415, -0.53810447;
 -0.11059187, 0.99343967, 0.029103769, 0.036273155;
 0.12518822, -0.015125886, 0.99201769, -2.011333;
 0, 0, 0, 1]
Ow:
[0.78635085;
 -0.0054628756;
 1.9281999]
Keyframe: 114 Frame: 789 Frame from vFrameID : 790
Tcw:
[0.98850834, -0.10615707, 0.10761959, 0.79316729;
 0.108114, 0.99405992, -0.012498642, -0.0058217105;
 -0.1056535, 0.023990197, 0.99411356, 1.9432791;
 0, 0, 0, 1]
Twc:
[0.98850834, 0.108114, -0.1056535, -0.57810879;
 -0.10615707, 0.99405992, 0.023990197, 0.043367796;
 0.10761959, -0.012498642, 0.99411356, -2.0172732;
 0, 0, 0, 1]
Ow:
[0.79316729;
 -0.0058217105;
 1.9432791]
Keyframe: 115 Frame: 794 Frame from vFrameID : 795
Tcw:
[0.98989624, -0.095095292, 0.10517769, 0.80029356;
 0.096808121, 0.99523902, -0.011289871, -0.0059828311;
 -0.10360333, 0.021357855, 0.99438936, 1.9566768;
 0, 0, 0, 1]
Twc:
[0.98989624, 0.096808121, -0.10360333, -0.58891016;
 -0.095095292, 0.99523902, 0.021357855, 0.040268082;
 0.10517769, -0.011289871, 0.99438936, -2.0299392;
 0, 0, 0, 1]
Ow:
[0.80029356;
 -0.0059828311;
 1.9566768]
Keyframe: 116 Frame: 799 Frame from vFrameID : 800
Tcw:
[0.9905287, -0.090491347, 0.10326789, 0.80411088;
 0.091691598, 0.99576336, -0.0069255708, -0.0064607775;
 -0.10220367, 0.016328774, 0.99462944, 1.9712287;
 0, 0, 0, 1]
Twc:
[0.9905287, 0.091691598, -0.10220367, -0.59443569;
 -0.090491347, 0.99576336, 0.016328774, 0.047010738;
 0.10326789, -0.0069255708, 0.99462944, -2.0437257;
 0, 0, 0, 1]
Ow:
[0.80411088;
 -0.0064607775;
 1.9712287]
Keyframe: 117 Frame: 805 Frame from vFrameID : 806
Tcw:
[0.98716784, -0.09312474, 0.12972046, 0.80939579;
 0.096368745, 0.99516541, -0.018945441, -0.0073372237;
 -0.12732902, 0.03120333, 0.99136961, 1.9887009;
 0, 0, 0, 1]
Twc:
[0.98716784, 0.096368745, -0.12732902, -0.54508311;
 -0.09312474, 0.99516541, 0.03120333, 0.020622443;
 0.12972046, -0.018945441, 0.99136961, -2.0766716;
 0, 0, 0, 1]
Ow:
[0.80939579;
 -0.0073372237;
 1.9887009]
Keyframe: 118 Frame: 811 Frame from vFrameID : 812
Tcw:
[0.98213869, -0.1134793, 0.15008669, 0.81384856;
 0.11904342, 0.99247724, -0.0285937, -0.0073307864;
 -0.14571282, 0.045949813, 0.98825926, 2.0015461;
 0, 0, 0, 1]
Twc:
[0.98213869, 0.11904342, -0.14571282, -0.50678855;
 -0.1134793, 0.99247724, 0.045949813, 0.0076599298;
 0.15008669, -0.0285937, 0.98825926, -2.100404;
 0, 0, 0, 1]
Ow:
[0.81384856;
 -0.0073307864;
 2.0015461]
Keyframe: 119 Frame: 816 Frame from vFrameID : 817
Tcw:
[0.98109615, -0.11163865, 0.15807337, 0.82017332;
 0.11618179, 0.9930312, -0.019768286, -0.0075569265;
 -0.15476489, 0.037759837, 0.98722947, 2.0146296;
 0, 0, 0, 1]
Twc:
[0.98109615, 0.11618179, -0.15476489, -0.491997;
 -0.11163865, 0.9930312, 0.037759837, 0.022995226;
 0.15807337, -0.019768286, 0.98722947, -2.1186986;
 0, 0, 0, 1]
Ow:
[0.82017332;
 -0.0075569265;
 2.0146296]
Keyframe: 120 Frame: 821 Frame from vFrameID : 822
Tcw:
[0.98575556, -0.10546908, 0.13100481, 0.82604355;
 0.10760452, 0.99415016, -0.0093099382, -0.0080948174;
 -0.12925655, 0.023274032, 0.99133801, 2.0277107;
 0, 0, 0, 1]
Twc:
[0.98575556, 0.10760452, -0.12925655, -0.55131108;
 -0.10546908, 0.99415016, 0.023274032, 0.047976512;
 0.13100481, -0.0093099382, 0.99133801, -2.1184378;
 0, 0, 0, 1]
Ow:
[0.82604355;
 -0.0080948174;
 2.0277107]
Keyframe: 121 Frame: 826 Frame from vFrameID : 827
Tcw:
[0.99097311, -0.094343133, 0.095245227, 0.83345604;
 0.096962564, 0.99501646, -0.023248697, -0.0077259019;
 -0.092577212, 0.032274053, 0.99518234, 2.0390155;
 0, 0, 0, 1]
Twc:
[0.99097311, 0.096962564, -0.092577212, -0.63641709;
 -0.094343133, 0.99501646, 0.032274053, 0.020510959;
 0.095245227, -0.023248697, 0.99518234, -2.1087544;
 0, 0, 0, 1]
Ow:
[0.83345604;
 -0.0077259019;
 2.0390155]
Keyframe: 122 Frame: 831 Frame from vFrameID : 832
Tcw:
[0.99176866, -0.098088458, 0.082301699, 0.8378861;
 0.099363163, 0.99498445, -0.011528081, -0.0078772288;
 -0.080758139, 0.019610947, 0.99654078, 2.0487292;
 0, 0, 0, 1]
Twc:
[0.99176866, 0.099363163, -0.080758139, -0.66475493;
 -0.098088458, 0.99498445, 0.019610947, 0.04984716;
 0.082301699, -0.011528081, 0.99654078, -2.1106925;
 0, 0, 0, 1]
Ow:
[0.8378861;
 -0.0078772288;
 2.0487292]
Keyframe: 123 Frame: 836 Frame from vFrameID : 837
Tcw:
[0.99164575, -0.085758381, 0.096354656, 0.84293473;
 0.088541321, 0.99575925, -0.024979904, -0.0076320581;
 -0.093803801, 0.033302583, 0.99503356, 2.0625491;
 0, 0, 0, 1]
Twc:
[0.99164575, 0.088541321, -0.093803801, -0.64174193;
 -0.085758381, 0.99575925, 0.033302583, 0.011200192;
 0.096354656, -0.024979904, 0.99503356, -2.1337168;
 0, 0, 0, 1]
Ow:
[0.84293473;
 -0.0076320581;
 2.0625491]
Keyframe: 124 Frame: 841 Frame from vFrameID : 842
Tcw:
[0.98981094, -0.090984382, 0.10952682, 0.84522307;
 0.095327921, 0.99482739, -0.035086084, -0.0076962858;
 -0.105768, 0.045169555, 0.99336439, 2.0752943;
 0, 0, 0, 1]
Twc:
[0.98981094, 0.095327921, -0.105768, -0.61637765;
 -0.090984382, 0.99482739, 0.045169555, -0.0091815544;
 0.10952682, -0.035086084, 0.99336439, -2.1543682;
 0, 0, 0, 1]
Ow:
[0.84522307;
 -0.0076962858;
 2.0752943]
Keyframe: 125 Frame: 846 Frame from vFrameID : 847
Tcw:
[0.98458028, -0.10587757, 0.13925366, 0.85078371;
 0.11097719, 0.99338919, -0.029358773, -0.010004483;
 -0.13522466, 0.044360049, 0.98982143, 2.0876598;
 0, 0, 0, 1]
Twc:
[0.98458028, 0.11097719, -0.13522466, -0.55425155;
 -0.10587757, 0.99338919, 0.044360049, 0.0074085672;
 0.13925366, -0.029358773, 0.98982143, -2.185179;
 0, 0, 0, 1]
Ow:
[0.85078371;
 -0.010004483;
 2.0876598]
Keyframe: 126 Frame: 851 Frame from vFrameID : 852
Tcw:
[0.98334318, -0.10841228, 0.14588666, 0.85381126;
 0.11241744, 0.99347031, -0.019470938, -0.008689642;
 -0.14282317, 0.035546821, 0.98910969, 2.0972502;
 0, 0, 0, 1]
Twc:
[0.98334318, 0.11241744, -0.14282317, -0.53907675;
 -0.10841228, 0.99347031, 0.035546821, 0.026645955;
 0.14588666, -0.019470938, 0.98910969, -2.1991394;
 0, 0, 0, 1]
Ow:
[0.85381126;
 -0.008689642;
 2.0972502]
Keyframe: 127 Frame: 856 Frame from vFrameID : 857
Tcw:
[0.98548508, -0.10825539, 0.13076672, 0.86229146;
 0.11420974, 0.99269462, -0.038904876, -0.0099495202;
 -0.12559976, 0.053275008, 0.99064952, 2.1102777;
 0, 0, 0, 1]
Twc:
[0.98548508, 0.11420974, -0.12559976, -0.5835886;
 -0.10825539, 0.99269462, 0.053275008, -0.0092005469;
 0.13076672, -0.038904876, 0.99064952, -2.2036917;
 0, 0, 0, 1]
Ow:
[0.86229146;
 -0.0099495202;
 2.1102777]
Keyframe: 128 Frame: 861 Frame from vFrameID : 862
Tcw:
[0.98809171, -0.10563634, 0.11187378, 0.86634833;
 0.11109224, 0.99284905, -0.043695506, -0.01077497;
 -0.10645793, 0.055603474, 0.99276125, 2.1207399;
 0, 0, 0, 1]
Twc:
[0.98809171, 0.11109224, -0.10645793, -0.62906498;
 -0.10563634, 0.99284905, 0.055603474, -0.015704727;
 0.11187378, -0.043695506, 0.99276125, -2.2027812;
 0, 0, 0, 1]
Ow:
[0.86634833;
 -0.01077497;
 2.1207399]
Keyframe: 129 Frame: 866 Frame from vFrameID : 867
Tcw:
[0.99037647, -0.094761848, 0.10086912, 0.87335759;
 0.0982804, 0.99469149, -0.030492933, -0.010961615;
 -0.097444087, 0.040112942, 0.99443233, 2.1307843;
 0, 0, 0, 1]
Twc:
[0.99037647, 0.0982804, -0.097444087, -0.65624315;
 -0.094761848, 0.99469149, 0.040112942, 0.0081923772;
 0.10086912, -0.030492933, 0.99443233, -2.2073498;
 0, 0, 0, 1]
Ow:
[0.87335759;
 -0.010961615;
 2.1307843]
Keyframe: 130 Frame: 872 Frame from vFrameID : 873
Tcw:
[0.98854482, -0.09707544, 0.11556605, 0.87693167;
 0.10161701, 0.99424022, -0.034064163, -0.011381656;
 -0.11159362, 0.045417428, 0.99271554, 2.1473191;
 0, 0, 0, 1]
Twc:
[0.98854482, 0.10161701, -0.11159362, -0.62610263;
 -0.09707544, 0.99424022, 0.045417428, -0.0010810771;
 0.11556605, -0.034064163, 0.99271554, -2.2334082;
 0, 0, 0, 1]
Ow:
[0.87693167;
 -0.011381656;
 2.1473191]
Keyframe: 131 Frame: 877 Frame from vFrameID : 878
Tcw:
[0.98611385, -0.11184371, 0.12276206, 0.87963396;
 0.11646933, 0.99270564, -0.031150801, -0.011581026;
 -0.11838257, 0.045016252, 0.99194711, 2.1569653;
 0, 0, 0, 1]
Twc:
[0.98611385, 0.11646933, -0.11838257, -0.61072326;
 -0.11184371, 0.99270564, 0.045016252, 0.012779581;
 0.12276206, -0.031150801, 0.99194711, -2.247942;
 0, 0, 0, 1]
Ow:
[0.87963396;
 -0.011581026;
 2.1569653]
Keyframe: 132 Frame: 882 Frame from vFrameID : 883
Tcw:
[0.98055536, -0.11818933, 0.15666048, 0.88442969;
 0.12378105, 0.99195838, -0.026396384, -0.012478895;
 -0.15228091, 0.045274716, 0.98729974, 2.1681581;
 0, 0, 0, 1]
Twc:
[0.98055536, 0.12378105, -0.15228091, -0.53551859;
 -0.11818933, 0.99195838, 0.045274716, 0.01874597;
 0.15666048, -0.026396384, 0.98729974, -2.2795062;
 0, 0, 0, 1]
Ow:
[0.88442969;
 -0.012478895;
 2.1681581]
Keyframe: 133 Frame: 887 Frame from vFrameID : 888
Tcw:
[0.98143584, -0.11694653, 0.15201069, 0.88894087;
 0.12393479, 0.99158877, -0.037307765, -0.011402212;
 -0.14636908, 0.055454589, 0.98767447, 2.1798527;
 0, 0, 0, 1]
Twc:
[0.98143584, 0.12393479, -0.14636908, -0.5519622;
 -0.11694653, 0.99158877, 0.055454589, -0.0056179934;
 0.15201069, -0.037307765, 0.98767447, -2.2885389;
 0, 0, 0, 1]
Ow:
[0.88894087;
 -0.011402212;
 2.1798527]
Keyframe: 134 Frame: 892 Frame from vFrameID : 893
Tcw:
[0.98617983, -0.1039492, 0.12901135, 0.89770424;
 0.10959484, 0.99327087, -0.037442513, -0.012835108;
 -0.1242511, 0.051064029, 0.99093598, 2.1909704;
 0, 0, 0, 1]
Twc:
[0.98617983, 0.10959484, -0.1242511, -0.61166066;
 -0.1039492, 0.99327087, 0.051064029, -0.0058154059;
 0.12901135, -0.037442513, 0.99093598, -2.2874062;
 0, 0, 0, 1]
Ow:
[0.89770424;
 -0.012835108;
 2.1909704]
Keyframe: 135 Frame: 897 Frame from vFrameID : 898
Tcw:
[0.98865801, -0.090936564, 0.11952341, 0.90199149;
 0.098522767, 0.99337459, -0.059162043, -0.014192149;
 -0.11335152, 0.070266806, 0.99106711, 2.1984839;
 0, 0, 0, 1]
Twc:
[0.98865801, 0.098522767, -0.11335152, -0.64116138;
 -0.090936564, 0.99337459, 0.070266806, -0.058358312;
 0.11952341, -0.059162043, 0.99106711, -2.2874937;
 0, 0, 0, 1]
Ow:
[0.90199149;
 -0.014192149;
 2.1984839]
Keyframe: 136 Frame: 902 Frame from vFrameID : 903
Tcw:
[0.99088001, -0.088639684, 0.10148798, 0.90565628;
 0.093796201, 0.99447149, -0.047208954, -0.014280312;
 -0.096742317, 0.056297597, 0.993716, 2.209446;
 0, 0, 0, 1]
Twc:
[0.99088001, 0.093796201, -0.096742317, -0.68231034;
 -0.088639684, 0.99447149, 0.056297597, -0.029908055;
 0.10148798, -0.047208954, 0.993716, -2.2881494;
 0, 0, 0, 1]
Ow:
[0.90565628;
 -0.014280312;
 2.209446]
Keyframe: 137 Frame: 907 Frame from vFrameID : 908
Tcw:
[0.98964655, -0.096347988, 0.10638028, 0.9080267;
 0.10247331, 0.99328589, -0.053687241, -0.014795393;
 -0.10049338, 0.064032532, 0.9928751, 2.2224808;
 0, 0, 0, 1]
Twc:
[0.98964655, 0.10247331, -0.10049338, -0.67376477;
 -0.096347988, 0.99328589, 0.064032532, -0.040128469;
 0.10638028, -0.053687241, 0.9928751, -2.3040361;
 0, 0, 0, 1]
Ow:
[0.9080267;
 -0.014795393;
 2.2224808]
Keyframe: 138 Frame: 912 Frame from vFrameID : 913
Tcw:
[0.98714644, -0.116573, 0.10932815, 0.91053432;
 0.12291661, 0.99099123, -0.053178243, -0.013806179;
 -0.10214409, 0.065932959, 0.9925822, 2.2337174;
 0, 0, 0, 1]
Twc:
[0.98714644, 0.12291661, -0.10214409, -0.66897267;
 -0.116573, 0.99099123, 0.065932959, -0.027450074;
 0.10932815, -0.053178243, 0.9925822, -2.3174293;
 0, 0, 0, 1]
Ow:
[0.91053432;
 -0.013806179;
 2.2337174]
Keyframe: 139 Frame: 917 Frame from vFrameID : 918
Tcw:
[0.98370534, -0.11449248, 0.13861904, 0.91564697;
 0.12037921, 0.99211687, -0.034827448, -0.016059197;
 -0.1335388, 0.050946794, 0.98973322, 2.242547;
 0, 0, 0, 1]
Twc:
[0.98370534, 0.12037921, -0.1335388, -0.59932655;
 -0.11449248, 0.99211687, 0.050946794, 0.0065166983;
 0.13861904, -0.034827448, 0.98973322, -2.3470087;
 0, 0, 0, 1]
Ow:
[0.91564697;
 -0.016059197;
 2.242547]
Keyframe: 140 Frame: 922 Frame from vFrameID : 923
Tcw:
[0.98380107, -0.12100209, 0.13226473, 0.91974533;
 0.12699418, 0.99118227, -0.037817128, -0.014241204;
 -0.12652251, 0.054001383, 0.99049276, 2.2528343;
 0, 0, 0, 1]
Twc:
[0.98380107, 0.12699418, -0.12652251, -0.61800367;
 -0.12100209, 0.99118227, 0.054001383, 0.0037505727;
 0.13226473, -0.037817128, 0.99049276, -2.3536046;
 0, 0, 0, 1]
Ow:
[0.91974533;
 -0.014241204;
 2.2528343]
Keyframe: 141 Frame: 927 Frame from vFrameID : 928
Tcw:
[0.98775327, -0.10456677, 0.11579843, 0.9294734;
 0.10969616, 0.99320644, -0.038829152, -0.015040644;
 -0.11095151, 0.051056266, 0.99251348, 2.2621722;
 0, 0, 0, 1]
Twc:
[0.98775327, 0.10969616, -0.11095151, -0.66544908;
 -0.10456677, 0.99320644, 0.051056266, -0.0033675588;
 0.11579843, -0.038829152, 0.99251348, -2.353452;
 0, 0, 0, 1]
Ow:
[0.9294734;
 -0.015040644;
 2.2621722]
Keyframe: 142 Frame: 933 Frame from vFrameID : 934
Tcw:
[0.99011129, -0.092698343, 0.10529317, 0.93430221;
 0.097791895, 0.99422139, -0.0442781, -0.016466163;
 -0.10058022, 0.054137066, 0.99345499, 2.2722735;
 0, 0, 0, 1]
Twc:
[0.99011129, 0.097791895, -0.10058022, -0.69490719;
 -0.092698343, 0.99422139, 0.054137066, -0.02003493;
 0.10529317, -0.0442781, 0.99345499, -2.3565061;
 0, 0, 0, 1]
Ow:
[0.93430221;
 -0.016466163;
 2.2722735]
Keyframe: 143 Frame: 938 Frame from vFrameID : 939
Tcw:
[0.98988229, -0.10007059, 0.10059299, 0.93702781;
 0.10424604, 0.9938581, -0.037133239, -0.016201898;
 -0.096259214, 0.047243956, 0.99423444, 2.2837999;
 0, 0, 0, 1]
Twc:
[0.98988229, 0.10424604, -0.096259214, -0.70602143;
 -0.10007059, 0.9938581, 0.047243956, 0.0019755655;
 0.10059299, -0.037133239, 0.99423444, -2.3654928;
 0, 0, 0, 1]
Ow:
[0.93702781;
 -0.016201898;
 2.2837999]
Keyframe: 144 Frame: 943 Frame from vFrameID : 944
Tcw:
[0.9875564, -0.11065881, 0.11174511, 0.94042265;
 0.11624101, 0.99221373, -0.044721149, -0.017118543;
 -0.10592625, 0.057154022, 0.99273008, 2.2955544;
 0, 0, 0, 1]
Twc:
[0.9875564, 0.11624101, -0.10592625, -0.68357104;
 -0.11065881, 0.99221373, 0.057154022, -0.010148871;
 0.11174511, -0.044721149, 0.99273008, -2.3847191;
 0, 0, 0, 1]
Ow:
[0.94042265;
 -0.017118543;
 2.2955544]
Keyframe: 145 Frame: 948 Frame from vFrameID : 949
Tcw:
[0.98379958, -0.11685967, 0.13594911, 0.94300747;
 0.12554725, 0.99043959, -0.057160225, -0.016978711;
 -0.12796965, 0.073302239, 0.98906547, 2.3054984;
 0, 0, 0, 1]
Twc:
[0.98379958, 0.12554725, -0.12796965, -0.63056499;
 -0.11685967, 0.99043959, 0.073302239, -0.041982256;
 0.13594911, -0.057160225, 0.98906547, -2.4094603;
 0, 0, 0, 1]
Ow:
[0.94300747;
 -0.016978711;
 2.3054984]
Keyframe: 146 Frame: 954 Frame from vFrameID : 955
Tcw:
[0.9821806, -0.12698023, 0.13855439, 0.94612551;
 0.1349301, 0.98961586, -0.049540687, -0.015647553;
 -0.13082494, 0.067353062, 0.98911494, 2.3161316;
 0, 0, 0, 1]
Twc:
[0.9821806, 0.1349301, -0.13082494, -0.624147;
 -0.12698023, 0.98961586, 0.067353062, -0.020374255;
 0.13855439, -0.049540687, 0.98911494, -2.4227855;
 0, 0, 0, 1]
Ow:
[0.94612551;
 -0.015647553;
 2.3161316]
Keyframe: 147 Frame: 960 Frame from vFrameID : 961
Tcw:
[0.98718667, -0.1180221, 0.10739326, 0.95392656;
 0.12178893, 0.99212652, -0.029196907, -0.016999375;
 -0.10310183, 0.041902106, 0.99378783, 2.3277168;
 0, 0, 0, 1]
Twc:
[0.98718667, 0.12178893, -0.10310183, -0.69964135;
 -0.1180221, 0.99212652, 0.041902106, 0.031913694;
 0.10739326, -0.029196907, 0.99378783, -2.4161983;
 0, 0, 0, 1]
Ow:
[0.95392656;
 -0.016999375;
 2.3277168]
Keyframe: 148 Frame: 965 Frame from vFrameID : 966
Tcw:
[0.99004275, -0.10479496, 0.0939859, 0.9604907;
 0.10952849, 0.99288636, -0.046692144, -0.018832684;
 -0.088424213, 0.056521352, 0.99447799, 2.3345401;
 0, 0, 0, 1]
Twc:
[0.99004275, 0.10952849, -0.088424213, -0.74243426;
 -0.10479496, 0.99288636, 0.056521352, -0.012598081;
 0.0939859, -0.046692144, 0.99447799, -2.4128008;
 0, 0, 0, 1]
Ow:
[0.9604907;
 -0.018832684;
 2.3345401]
Keyframe: 149 Frame: 971 Frame from vFrameID : 972
Tcw:
[0.99087375, -0.096902326, 0.093697034, 0.96432126;
 0.10014234, 0.99450529, -0.030508401, -0.017439429;
 -0.09022586, 0.039613016, 0.99513322, 2.3461993;
 0, 0, 0, 1]
Twc:
[0.99087375, 0.10014234, -0.09022586, -0.74208635;
 -0.096902326, 0.99450529, 0.039613016, 0.017848548;
 0.093697034, -0.030508401, 0.99513322, -2.425667;
 0, 0, 0, 1]
Ow:
[0.96432126;
 -0.017439429;
 2.3461993]
Keyframe: 150 Frame: 977 Frame from vFrameID : 978
Tcw:
[0.99053568, -0.090619035, 0.1030888, 0.96785975;
 0.095250972, 0.99461174, -0.040923204, -0.018549979;
 -0.098824903, 0.0503552, 0.99382997, 2.3603282;
 0, 0, 0, 1]
Twc:
[0.99053568, 0.095250972, -0.098824903, -0.7236734;
 -0.090619035, 0.99461174, 0.0503552, -0.012698268;
 0.1030888, -0.040923204, 0.99382997, -2.4462996;
 0, 0, 0, 1]
Ow:
[0.96785975;
 -0.018549979;
 2.3603282]
Keyframe: 151 Frame: 983 Frame from vFrameID : 984
Tcw:
[0.98417556, -0.11451975, 0.13521719, 0.9720397;
 0.12006609, 0.99219799, -0.033574466, -0.01881022;
 -0.13031729, 0.04927817, 0.99024695, 2.3719418;
 0, 0, 0, 1]
Twc:
[0.98417556, 0.12006609, -0.13031729, -0.64529425;
 -0.11451975, 0.99219799, 0.04927817, 0.013096263;
 0.13521719, -0.033574466, 0.99024695, -2.4808762;
 0, 0, 0, 1]
Ow:
[0.9720397;
 -0.01881022;
 2.3719418]
Keyframe: 152 Frame: 988 Frame from vFrameID : 989
Tcw:
[0.98229444, -0.11920644, 0.1445249, 0.97634244;
 0.12474613, 0.99173921, -0.029861487, -0.017243408;
 -0.13977133, 0.047361694, 0.98905045, 2.3821609;
 0, 0, 0, 1]
Twc:
[0.98229444, 0.12474613, -0.13977133, -0.62394685;
 -0.11920644, 0.99173921, 0.047361694, 0.020664081;
 0.1445249, -0.029861487, 0.98905045, -2.4976983;
 0, 0, 0, 1]
Ow:
[0.97634244;
 -0.017243408;
 2.3821609]
Keyframe: 153 Frame: 993 Frame from vFrameID : 994
Tcw:
[0.98679191, -0.12037374, 0.10840614, 0.98206019;
 0.12540036, 0.9912675, -0.040786408, -0.018773474;
 -0.10254987, 0.053841867, 0.99326962, 2.3939271;
 0, 0, 0, 1]
Twc:
[0.98679191, 0.12540036, -0.10254987, -0.72123796;
 -0.12037374, 0.9912675, 0.053841867, 0.0079302769;
 0.10840614, -0.040786408, 0.99326962, -2.4850423;
 0, 0, 0, 1]
Ow:
[0.98206019;
 -0.018773474;
 2.3939271]
Keyframe: 154 Frame: 998 Frame from vFrameID : 999
Tcw:
[0.98934722, -0.11194894, 0.093056209, 0.98770887;
 0.11441761, 0.99319756, -0.021614095, -0.019143946;
 -0.090003528, 0.032031115, 0.99542624, 2.4006491;
 0, 0, 0, 1]
Twc:
[0.98934722, 0.11441761, -0.090003528, -0.75892979;
 -0.11194894, 0.99319756, 0.032031115, 0.052691221;
 0.093056209, -0.021614095, 0.99542624, -2.4819953;
 0, 0, 0, 1]
Ow:
[0.98770887;
 -0.019143946;
 2.4006491]
Keyframe: 155 Frame: 1003 Frame from vFrameID : 1004
Tcw:
[0.99091148, -0.10013471, 0.089819185, 0.99280989;
 0.10413541, 0.99371731, -0.041008823, -0.01926358;
 -0.085148469, 0.049989473, 0.99511343, 2.4091425;
 0, 0, 0, 1]
Twc:
[0.99091148, 0.10413541, -0.085148469, -0.7766459;
 -0.10013471, 0.99371731, 0.049989473, -0.0018744819;
 0.089819185, -0.041008823, 0.99511343, -2.4873335;
 0, 0, 0, 1]
Ow:
[0.99280989;
 -0.01926358;
 2.4091425]
Keyframe: 156 Frame: 1008 Frame from vFrameID : 1009
Tcw:
[0.98747867, -0.11884175, 0.10374258, 0.99538326;
 0.12357894, 0.99150902, -0.040474202, -0.018530555;
 -0.098051682, 0.052787811, 0.99378031, 2.4201922;
 0, 0, 0, 1]
Twc:
[0.98747867, 0.12357894, -0.098051682, -0.74332589;
 -0.11884175, 0.99150902, 0.052787811, 0.0089096576;
 0.10374258, -0.040474202, 0.99378031, -2.5091531;
 0, 0, 0, 1]
Ow:
[0.99538326;
 -0.018530555;
 2.4201922]
Keyframe: 157 Frame: 1013 Frame from vFrameID : 1014
Tcw:
[0.98491144, -0.11393698, 0.13026063, 1.0003153;
 0.12330601, 0.99015456, -0.066253997, -0.019340217;
 -0.12142938, 0.08131624, 0.98926365, 2.429635;
 0, 0, 0, 1]
Twc:
[0.98491144, 0.12330601, -0.12142938, -0.68780822;
 -0.11393698, 0.99015456, 0.08131624, -0.064446077;
 0.13026063, -0.066253997, 0.98926365, -2.5351329;
 0, 0, 0, 1]
Ow:
[1.0003153;
 -0.019340217;
 2.429635]
Keyframe: 158 Frame: 1018 Frame from vFrameID : 1019
Tcw:
[0.98061967, -0.12798652, 0.14833915, 1.0026149;
 0.1371121, 0.98913789, -0.052976605, -0.019373812;
 -0.13994758, 0.072288997, 0.98751658, 2.4367142;
 0, 0, 0, 1]
Twc:
[0.98061967, 0.1371121, -0.13994758, -0.63951522;
 -0.12798652, 0.98913789, 0.072288997, -0.028663058;
 0.14833915, -0.052976605, 0.98751658, -2.5560491;
 0, 0, 0, 1]
Ow:
[1.0026149;
 -0.019373812;
 2.4367142]
Keyframe: 159 Frame: 1023 Frame from vFrameID : 1024
Tcw:
[0.98024964, -0.13602532, 0.14355399, 1.007385;
 0.14395818, 0.98849756, -0.046353791, -0.019282594;
 -0.13559747, 0.066104054, 0.98855633, 2.4464688;
 0, 0, 0, 1]
Twc:
[0.98024964, 0.14395818, -0.13559747, -0.65297794;
 -0.13602532, 0.98849756, 0.066104054, -0.0056308485;
 0.14355399, -0.046353791, 0.98855633, -2.5639801;
 0, 0, 0, 1]
Ow:
[1.007385;
 -0.019282594;
 2.4464688]
Keyframe: 160 Frame: 1029 Frame from vFrameID : 1030
Tcw:
[0.98494238, -0.11636871, 0.12785472, 1.0139339;
 0.12456481, 0.99051064, -0.058071516, -0.019725308;
 -0.11988375, 0.073123299, 0.99009132, 2.457432;
 0, 0, 0, 1]
Twc:
[0.98494238, 0.12456481, -0.11988375, -0.70160317;
 -0.11636871, 0.99051064, 0.073123299, -0.042167235;
 0.12785472, -0.058071516, 0.99009132, -2.563864;
 0, 0, 0, 1]
Ow:
[1.0139339;
 -0.019725308;
 2.457432]
Keyframe: 161 Frame: 1036 Frame from vFrameID : 1037
Tcw:
[0.99213386, -0.087167405, 0.089845903, 1.0211319;
 0.091674887, 0.99466407, -0.047319595, -0.021571793;
 -0.085241765, 0.055183984, 0.99483091, 2.4693556;
 0, 0, 0, 1]
Twc:
[0.99213386, 0.091674887, -0.085241765, -0.80062968;
 -0.087167405, 0.99466407, 0.055183984, -0.025802778;
 0.089845903, -0.047319595, 0.99483091, -2.5493567;
 0, 0, 0, 1]
Ow:
[1.0211319;
 -0.021571793;
 2.4693556]
Keyframe: 162 Frame: 1042 Frame from vFrameID : 1043
Tcw:
[0.99121696, -0.10428526, 0.081323586, 1.0231766;
 0.10745129, 0.99357396, -0.035566896, -0.020869292;
 -0.077091895, 0.043992836, 0.99605292, 2.4816587;
 0, 0, 0, 1]
Twc:
[0.99121696, 0.10745129, -0.077091895, -0.82063174;
 -0.10428526, 0.99357396, 0.043992836, 0.018262213;
 0.081323586, -0.035566896, 0.99605292, -2.555814;
 0, 0, 0, 1]
Ow:
[1.0231766;
 -0.020869292;
 2.4816587]
Keyframe: 163 Frame: 1048 Frame from vFrameID : 1049
Tcw:
[0.98831856, -0.11016317, 0.10531152, 1.0253718;
 0.11502018, 0.99250847, -0.041198675, -0.022432558;
 -0.099983998, 0.052830365, 0.99358553, 2.4924519;
 0, 0, 0, 1]
Twc:
[0.98831856, 0.11502018, -0.099983998, -0.76160848;
 -0.11016317, 0.99250847, 0.052830365, 0.0035455797;
 0.10531152, -0.041198675, 0.99358553, -2.5853715;
 0, 0, 0, 1]
Ow:
[1.0253718;
 -0.022432558;
 2.4924519]
Keyframe: 164 Frame: 1053 Frame from vFrameID : 1054
Tcw:
[0.98619312, -0.10536541, 0.12775487, 1.0294641;
 0.11012789, 0.99344051, -0.030786254, -0.021230258;
 -0.12367305, 0.044430565, 0.99132782, 2.5005136;
 0, 0, 0, 1]
Twc:
[0.98619312, 0.11012789, -0.12367305, -0.70366621;
 -0.10536541, 0.99344051, 0.044430565, 0.01846168;
 0.12775487, -0.030786254, 0.99132782, -2.6110015;
 0, 0, 0, 1]
Ow:
[1.0294641;
 -0.021230258;
 2.5005136]
Keyframe: 165 Frame: 1058 Frame from vFrameID : 1059
Tcw:
[0.98690712, -0.11254172, 0.11553635, 1.0324616;
 0.11731628, 0.99246448, -0.035370704, -0.02100496;
 -0.11068506, 0.048461892, 0.99267328, 2.5104132;
 0, 0, 0, 1]
Twc:
[0.98690712, 0.11731628, -0.11068506, -0.73861432;
 -0.11254172, 0.99246448, 0.048461892, 0.015382313;
 0.11553635, -0.035370704, 0.99267328, -2.6120501;
 0, 0, 0, 1]
Ow:
[1.0324616;
 -0.02100496;
 2.5104132]
Keyframe: 166 Frame: 1063 Frame from vFrameID : 1064
Tcw:
[0.99063075, -0.10688905, 0.085002676, 1.0379024;
 0.11057249, 0.99306834, -0.03986207, -0.020093776;
 -0.080152653, 0.048887551, 0.995583, 2.5184908;
 0, 0, 0, 1]
Twc:
[0.99063075, 0.11057249, -0.080152653, -0.82409245;
 -0.10688905, 0.99306834, 0.048887551, 0.007772042;
 0.085002676, -0.03986207, 0.995583, -2.5963922;
 0, 0, 0, 1]
Ow:
[1.0379024;
 -0.020093776;
 2.5184908]
Keyframe: 167 Frame: 1068 Frame from vFrameID : 1069
Tcw:
[0.99282324, -0.095455348, 0.072043635, 1.041495;
 0.098418981, 0.99438971, -0.038765892, -0.023732856;
 -0.067939036, 0.045578137, 0.99664783, 2.5268445;
 0, 0, 0, 1]
Twc:
[0.99282324, 0.098418981, -0.067939036, -0.86001331;
 -0.095455348, 0.99438971, 0.045578137, 0.0078471061;
 0.072043635, -0.038765892, 0.99664783, -2.5943272;
 0, 0, 0, 1]
Ow:
[1.041495;
 -0.023732856;
 2.5268445]
Keyframe: 168 Frame: 1073 Frame from vFrameID : 1074
Tcw:
[0.99448293, -0.10017548, 0.031122705, 1.04207;
 0.10140328, 0.99401033, -0.040753815, -0.024097696;
 -0.026853757, 0.043684918, 0.99868441, 2.5337059;
 0, 0, 0, 1]
Twc:
[0.99448293, 0.10140328, -0.026853757, -0.96583772;
 -0.10017548, 0.99401033, 0.043684918, 0.017658487;
 0.031122705, -0.040753815, 0.99868441, -2.5637867;
 0, 0, 0, 1]
Ow:
[1.04207;
 -0.024097696;
 2.5337059]
Keyframe: 169 Frame: 1078 Frame from vFrameID : 1079
Tcw:
[0.99298358, -0.08861804, 0.078297183, 1.0471467;
 0.09654209, 0.98987979, -0.1040076, -0.027008355;
 -0.068287849, 0.11083682, 0.99148977, 2.5433829;
 0, 0, 0, 1]
Twc:
[0.99298358, 0.09654209, -0.068287849, -0.86350983;
 -0.08861804, 0.98987979, 0.11083682, -0.16236936;
 0.078297183, -0.1040076, 0.99148977, -2.6065359;
 0, 0, 0, 1]
Ow:
[1.0471467;
 -0.027008355;
 2.5433829]
Keyframe: 170 Frame: 1084 Frame from vFrameID : 1085
Tcw:
[0.98607928, -0.12569505, 0.10885047, 1.0451382;
 0.1370998, 0.98502624, -0.10453194, -0.026699901;
 -0.094081424, 0.11800016, 0.98854673, 2.5516913;
 0, 0, 0, 1]
Twc:
[0.98607928, 0.1370998, -0.094081424, -0.78686184;
 -0.12569505, 0.98502624, 0.11800016, -0.14343117;
 0.10885047, -0.10453194, 0.98854673, -2.6390209;
 0, 0, 0, 1]
Ow:
[1.0451382;
 -0.026699901;
 2.5516913]
Keyframe: 171 Frame: 1090 Frame from vFrameID : 1091
Tcw:
[0.98381156, -0.14522238, 0.10500111, 1.0482798;
 0.14914171, 0.98834687, -0.030449726, -0.028009113;
 -0.099355541, 0.045616839, 0.9940058, 2.5618725;
 0, 0, 0, 1]
Twc:
[0.98381156, 0.14914171, -0.099355541, -0.7725963;
 -0.14522238, 0.98834687, 0.045616839, 0.063051887;
 0.10500111, -0.030449726, 0.9940058, -2.6574397;
 0, 0, 0, 1]
Ow:
[1.0482798;
 -0.028009113;
 2.5618725]
Keyframe: 172 Frame: 1095 Frame from vFrameID : 1096
Tcw:
[0.98529512, -0.14868332, 0.084183313, 1.0519071;
 0.15011352, 0.98860884, -0.010886498, -0.029647468;
 -0.081605725, 0.023363467, 0.99639082, 2.5709648;
 0, 0, 0, 1]
Twc:
[0.98529512, 0.15011352, -0.081605725, -0.82218301;
 -0.14868332, 0.98860884, 0.023363467, 0.12564416;
 0.084183313, -0.010886498, 0.99639082, -2.6505613;
 0, 0, 0, 1]
Ow:
[1.0519071;
 -0.029647468;
 2.5709648]
Keyframe: 173 Frame: 1101 Frame from vFrameID : 1102
Tcw:
[0.98896164, -0.13465749, 0.061823972, 1.0579661;
 0.13830692, 0.98862368, -0.059113901, -0.032501735;
 -0.053160511, 0.067012064, 0.99633497, 2.5791767;
 0, 0, 0, 1]
Twc:
[0.98896164, 0.13830692, -0.053160511, -0.9046824;
 -0.13465749, 0.98862368, 0.067012064, 0.0017591072;
 0.061823972, -0.059113901, 0.99633497, -2.6370528;
 0, 0, 0, 1]
Ow:
[1.0579661;
 -0.032501735;
 2.5791767]
Keyframe: 174 Frame: 1106 Frame from vFrameID : 1107
Tcw:
[0.9889732, -0.13834266, 0.052851655, 1.0622052;
 0.14126612, 0.98837048, -0.056282174, -0.03064362;
 -0.04445079, 0.063127711, 0.99701506, 2.5833833;
 0, 0, 0, 1]
Twc:
[0.9889732, 0.14126612, -0.04445079, -0.93133014;
 -0.13834266, 0.98837048, 0.063127711, 0.014152465;
 0.052851655, -0.056282174, 0.99701506, -2.6335361;
 0, 0, 0, 1]
Ow:
[1.0622052;
 -0.03064362;
 2.5833833]
Keyframe: 175 Frame: 1111 Frame from vFrameID : 1112
Tcw:
[0.98747629, -0.13484231, 0.081903212, 1.0643872;
 0.1376127, 0.99005699, -0.02915285, -0.031301163;
 -0.07715781, 0.040058669, 0.99621379, 2.5916705;
 0, 0, 0, 1]
Twc:
[0.98747629, 0.1376127, -0.07715781, -0.84678203;
 -0.13484231, 0.99005699, 0.040058669, 0.070695475;
 0.081903212, -0.02915285, 0.99621379, -2.6699474;
 0, 0, 0, 1]
Ow:
[1.0643872;
 -0.031301163;
 2.5916705]
Keyframe: 176 Frame: 1116 Frame from vFrameID : 1117
Tcw:
[0.98086178, -0.16216837, 0.10775694, 1.0683975;
 0.16512075, 0.98609024, -0.019005619, -0.031322941;
 -0.10317595, 0.036434788, 0.99399561, 2.6003613;
 0, 0, 0, 1]
Twc:
[0.98086178, 0.16512075, -0.10317595, -0.77448344;
 -0.16216837, 0.98609024, 0.036434788, 0.1094039;
 0.10775694, -0.019005619, 0.99399561, -2.7004702;
 0, 0, 0, 1]
Ow:
[1.0683975;
 -0.031322941;
 2.6003613]
Keyframe: 177 Frame: 1122 Frame from vFrameID : 1123
Tcw:
[0.98002505, -0.14071754, 0.1405329, 1.0720744;
 0.14949302, 0.9872914, -0.053921178, -0.031289443;
 -0.13115926, 0.073852792, 0.98860657, 2.6098444;
 0, 0, 0, 1]
Twc:
[0.98002505, 0.14949302, -0.13115926, -0.70367688;
 -0.14071754, 0.9872914, 0.073852792, -0.010992853;
 0.1405329, -0.053921178, 0.98860657, -2.7324584;
 0, 0, 0, 1]
Ow:
[1.0720744;
 -0.031289443;
 2.6098444]
Keyframe: 178 Frame: 1127 Frame from vFrameID : 1128
Tcw:
[0.97977078, -0.14633921, 0.13650668, 1.0740229;
 0.15243976, 0.98768193, -0.035305481, -0.031328045;
 -0.12965859, 0.055400323, 0.99000984, 2.6180816;
 0, 0, 0, 1]
Twc:
[0.97977078, 0.15243976, -0.12965859, -0.70806378;
 -0.14633921, 0.98768193, 0.055400323, 0.043071236;
 0.13650668, -0.035305481, 0.99000984, -2.7396438;
 0, 0, 0, 1]
Ow:
[1.0740229;
 -0.031328045;
 2.6180816]
Keyframe: 179 Frame: 1132 Frame from vFrameID : 1133
Tcw:
[0.98315066, -0.12567413, 0.13274321, 1.0800359;
 0.12371716, 0.99205273, 0.022922086, -0.031491682;
 -0.13456899, -0.0061132507, 0.99088538, 2.6266208;
 0, 0, 0, 1]
Twc:
[0.98315066, 0.12371716, -0.13456899, -0.70448035;
 -0.12567413, 0.99205273, -0.0061132507, 0.18303117;
 0.13274321, 0.022922086, 0.99088538, -2.7453256;
 0, 0, 0, 1]
Ow:
[1.0800359;
 -0.031491682;
 2.6266208]
Keyframe: 180 Frame: 1138 Frame from vFrameID : 1139
Tcw:
[0.98189157, -0.096373878, 0.16309814, 1.0866326;
 0.10129699, 0.99461025, -0.022122992, -0.032050982;
 -0.160087, 0.03824373, 0.9863618, 2.6343136;
 0, 0, 0, 1]
Twc:
[0.98189157, 0.10129699, -0.160087, -0.64198941;
 -0.096373878, 0.99461025, 0.03824373, 0.03585526;
 0.16309814, -0.022122992, 0.9863618, -2.7763228;
 0, 0, 0, 1]
Ow:
[1.0866326;
 -0.032050982;
 2.6343136]
Keyframe: 181 Frame: 1143 Frame from vFrameID : 1144
Tcw:
[0.97584927, -0.10138135, 0.1934941, 1.0888965;
 0.11094696, 0.99305177, -0.039229035, -0.032339565;
 -0.18817256, 0.059749208, 0.98031682, 2.6418986;
 0, 0, 0, 1]
Twc:
[0.97584927, 0.11094696, -0.18817256, -0.56187814;
 -0.10138135, 0.99305177, 0.059749208, -0.015342689;
 0.1934941, -0.039229035, 0.98031682, -2.8018615;
 0, 0, 0, 1]
Ow:
[1.0888965;
 -0.032339565;
 2.6418986]
Keyframe: 182 Frame: 1148 Frame from vFrameID : 1149
Tcw:
[0.98431921, -0.070273288, 0.16179414, 1.0932674;
 0.074439719, 0.99702841, -0.019827582, -0.033482462;
 -0.15991999, 0.031560581, 0.98662531, 2.6486623;
 0, 0, 0, 1]
Twc:
[0.98431921, 0.074439719, -0.15991999, -0.65005767;
 -0.070273288, 0.99702841, 0.031560581, 0.026617134;
 0.16179414, -0.019827582, 0.98662531, -2.7907856;
 0, 0, 0, 1]
Ow:
[1.0932674;
 -0.033482462;
 2.6486623]
Keyframe: 183 Frame: 1153 Frame from vFrameID : 1154
Tcw:
[0.98191029, -0.10027128, 0.16061708, 1.0973151;
 0.11220462, 0.99142283, -0.067014292, -0.033477291;
 -0.15251984, 0.083824001, 0.98473918, 2.6555796;
 0, 0, 0, 1]
Twc:
[0.98191029, 0.11220462, -0.15251984, -0.66868007;
 -0.10027128, 0.99142283, 0.083824001, -0.079381973;
 0.16061708, -0.067014292, 0.98473918, -2.7935443;
 0, 0, 0, 1]
Ow:
[1.0973151;
 -0.033477291;
 2.6555796]
Keyframe: 184 Frame: 1158 Frame from vFrameID : 1159
Tcw:
[0.98005188, -0.093389094, 0.17543325, 1.1010784;
 0.10152239, 0.99410903, -0.037953295, -0.032599345;
 -0.17085534, 0.055006601, 0.98375946, 2.6619818;
 0, 0, 0, 1]
Twc:
[0.98005188, 0.10152239, -0.17085534, -0.62099046;
 -0.093389094, 0.99410903, 0.055006601, -0.011190572;
 0.17543325, -0.037953295, 0.98375946, -2.813153;
 0, 0, 0, 1]
Ow:
[1.1010784;
 -0.032599345;
 2.6619818]
Keyframe: 185 Frame: 1163 Frame from vFrameID : 1164
Tcw:
[0.98267925, -0.11940875, 0.1417145, 1.1052905;
 0.1242827, 0.99190557, -0.026022978, -0.033480797;
 -0.13746002, 0.043184903, 0.98956549, 2.6673074;
 0, 0, 0, 1]
Twc:
[0.98267925, 0.1242827, -0.13746002, -0.71533692;
 -0.11940875, 0.99190557, 0.043184903, 0.050003756;
 0.1417145, -0.026022978, 0.98956549, -2.796982;
 0, 0, 0, 1]
Ow:
[1.1052905;
 -0.033480797;
 2.6673074]
Keyframe: 186 Frame: 1168 Frame from vFrameID : 1169
Tcw:
[0.98247087, -0.096354656, 0.15958326, 1.1089787;
 0.10356994, 0.9939146, -0.037511121, -0.034865305;
 -0.15499775, 0.053381614, 0.98647153, 2.6732299;
 0, 0, 0, 1]
Twc:
[0.98247087, 0.10356994, -0.15499775, -0.67158353;
 -0.096354656, 0.9939146, 0.053381614, -0.0011929369;
 0.15958326, -0.037511121, 0.98647153, -2.8153477;
 0, 0, 0, 1]
Ow:
[1.1089787;
 -0.034865305;
 2.6732299]
Keyframe: 187 Frame: 1173 Frame from vFrameID : 1174
Tcw:
[0.9811123, -0.09352579, 0.16932698, 1.1130006;
 0.10077714, 0.99430269, -0.034730148, -0.034980863;
 -0.16511409, 0.051138464, 0.9849478, 2.6768715;
 0, 0, 0, 1]
Twc:
[0.9811123, 0.10077714, -0.16511409, -0.64646411;
 -0.09352579, 0.99430269, 0.051138464, 0.0019847394;
 0.16932698, -0.034730148, 0.9849478, -2.8262546;
 0, 0, 0, 1]
Ow:
[1.1130006;
 -0.034980863;
 2.6768715]
Keyframe: 188 Frame: 1178 Frame from vFrameID : 1179
Tcw:
[0.98554349, -0.089246348, 0.1440109, 1.1152128;
 0.094767518, 0.99498719, -0.031931855, -0.034057267;
 -0.1404392, 0.045117784, 0.98906076, 2.6810293;
 0, 0, 0, 1]
Twc:
[0.98554349, 0.094767518, -0.1404392, -0.71934158;
 -0.089246348, 0.99498719, 0.045117784, 0.012453114;
 0.1440109, -0.031931855, 0.98906076, -2.8133912;
 0, 0, 0, 1]
Ow:
[1.1152128;
 -0.034057267;
 2.6810293]
Keyframe: 189 Frame: 1183 Frame from vFrameID : 1184
Tcw:
[0.99115384, -0.083578914, 0.10309514, 1.1167523;
 0.080414593, 0.9961648, 0.034484088, -0.033967949;
 -0.10558189, -0.025888683, 0.99407357, 2.6868548;
 0, 0, 0, 1]
Twc:
[0.99115384, 0.080414593, -0.10558189, -0.82045859;
 -0.083578914, 0.9961648, -0.025888683, 0.19673377;
 0.10309514, 0.034484088, 0.99407357, -2.7848918;
 0, 0, 0, 1]
Ow:
[1.1167523;
 -0.033967949;
 2.6868548]
Keyframe: 190 Frame: 1188 Frame from vFrameID : 1189
Tcw:
[0.98539698, -0.15602194, 0.068190277, 1.1150485;
 0.15210067, 0.98658013, 0.059372135, -0.036115825;
 -0.076538526, -0.04813334, 0.99590415, 2.6923177;
 0, 0, 0, 1]
Twc:
[0.98539698, 0.15210067, -0.076538526, -0.8872062;
 -0.15602194, 0.98658013, -0.04813334, 0.3391934;
 0.068190277, 0.059372135, 0.99590415, -2.7551816;
 0, 0, 0, 1]
Ow:
[1.1150485;
 -0.036115825;
 2.6923177]
Keyframe: 191 Frame: 1193 Frame from vFrameID : 1194
Tcw:
[0.98284763, -0.15782176, 0.095408604, 1.1180415;
 0.15466055, 0.98716915, 0.039713565, -0.035435326;
 -0.1004521, -0.024276437, 0.99464566, 2.6958232;
 0, 0, 0, 1]
Twc:
[0.98284763, 0.15466055, -0.1004521, -0.82258302;
 -0.15782176, 0.98716915, -0.024276437, 0.27687693;
 0.095408604, 0.039713565, 0.99464566, -2.7866526;
 0, 0, 0, 1]
Ow:
[1.1180415;
 -0.035435326;
 2.6958232]
Keyframe: 192 Frame: 1197 Frame from vFrameID : 1198
Tcw:
[0.98768806, -0.13886072, 0.072041616, 1.1192135;
 0.13471635, 0.98909438, 0.059529882, -0.036457881;
 -0.079522319, -0.049091771, 0.99562353, 2.7007535;
 0, 0, 0, 1]
Twc:
[0.98768806, 0.13471635, -0.079522319, -0.88575208;
 -0.13886072, 0.98909438, -0.049091771, 0.32405984;
 0.072041616, 0.059529882, 0.99562353, -2.7673934;
 0, 0, 0, 1]
Ow:
[1.1192135;
 -0.036457881;
 2.7007535]
Keyframe: 193 Frame: 1201 Frame from vFrameID : 1202
Tcw:
[0.99347818, -0.11046056, 0.028276233, 1.1226732;
 0.10868251, 0.99237382, 0.058157321, -0.035884604;
 -0.034484684, -0.054704901, 0.99790692, 2.7053607;
 0, 0, 0, 1]
Twc:
[0.99347818, 0.10868251, -0.034484684, -1.0181577;
 -0.11046056, 0.99237382, -0.054704901, 0.30761853;
 0.028276233, 0.058157321, 0.99790692, -2.7293561;
 0, 0, 0, 1]
Ow:
[1.1226732;
 -0.035884604;
 2.7053607]
Keyframe: 194 Frame: 1205 Frame from vFrameID : 1206
Tcw:
[0.99122196, -0.1192719, 0.057037305, 1.1246824;
 0.11736616, 0.9924475, 0.035681479, -0.035665259;
 -0.060862325, -0.028674014, 0.99773425, 2.7100031;
 0, 0, 0, 1]
Twc:
[0.99122196, 0.11736616, -0.060862325, -0.94568682;
 -0.1192719, 0.9924475, -0.028674014, 0.24724555;
 0.057037305, 0.035681479, 0.99773425, -2.7667391;
 0, 0, 0, 1]
Ow:
[1.1246824;
 -0.035665259;
 2.7100031]
Keyframe: 195 Frame: 1209 Frame from vFrameID : 1210
Tcw:
[0.98101628, -0.18299749, 0.06417904, 1.1240337;
 0.17845103, 0.98141116, 0.070621438, -0.036133423;
 -0.07590957, -0.057827964, 0.99543643, 2.7145388;
 0, 0, 0, 1]
Twc:
[0.98101628, 0.17845103, -0.07590957, -0.8901878;
 -0.18299749, 0.98141116, -0.057827964, 0.39813334;
 0.06417904, 0.070621438, 0.99543643, -2.7717383;
 0, 0, 0, 1]
Ow:
[1.1240337;
 -0.036133423;
 2.7145388]
Keyframe: 196 Frame: 1213 Frame from vFrameID : 1214
Tcw:
[0.98317617, -0.1798508, 0.031910598, 1.126368;
 0.17799841, 0.98256755, 0.053642631, -0.035882711;
 -0.04100199, -0.047060121, 0.99805021, 2.717083;
 0, 0, 0, 1]
Twc:
[0.98317617, 0.17799841, -0.04100199, -0.98962533;
 -0.1798508, 0.98256755, -0.047060121, 0.36570165;
 0.031910598, 0.053642631, 0.99805021, -2.7458034;
 0, 0, 0, 1]
Ow:
[1.126368;
 -0.035882711;
 2.717083]
Keyframe: 197 Frame: 1218 Frame from vFrameID : 1219
Tcw:
[0.99034035, -0.1260248, 0.057824865, 1.1316137;
 0.12405757, 0.99160534, 0.036448717, -0.035069779;
 -0.061932888, -0.028923025, 0.99766117, 2.7225916;
 0, 0, 0, 1]
Twc:
[0.99034035, 0.12405757, -0.061932888, -0.94771415;
 -0.1260248, 0.99160534, -0.028923025, 0.25613236;
 0.057824865, 0.036448717, 0.99766117, -2.780381;
 0, 0, 0, 1]
Ow:
[1.1316137;
 -0.035069779;
 2.7225916]
Keyframe: 198 Frame: 1222 Frame from vFrameID : 1223
Tcw:
[0.99030024, -0.11533765, 0.077477194, 1.1315894;
 0.1139973, 0.99324793, 0.021520315, -0.035347164;
 -0.079436161, -0.012479383, 0.99676186, 2.729337;
 0, 0, 0, 1]
Twc:
[0.99030024, 0.1139973, -0.079436161, -0.89977562;
 -0.11533765, 0.99324793, -0.012479383, 0.1996838;
 0.077477194, 0.021520315, 0.99676186, -2.8074107;
 0, 0, 0, 1]
Ow:
[1.1315894;
 -0.035347164;
 2.729337]
Keyframe: 199 Frame: 1226 Frame from vFrameID : 1227
Tcw:
[0.97531801, -0.17975225, 0.12823372, 1.1307782;
 0.17803371, 0.98371094, 0.024835711, -0.034518905;
 -0.13060917, -0.001392794, 0.99143296, 2.7334807;
 0, 0, 0, 1]
Twc:
[0.97531801, 0.17803371, -0.13060917, -0.73970515;
 -0.17975225, 0.98371094, -0.001392794, 0.24102373;
 0.12823372, 0.024835711, 0.99143296, -2.8542094;
 0, 0, 0, 1]
Ow:
[1.1307782;
 -0.034518905;
 2.7334807]
Keyframe: 200 Frame: 1230 Frame from vFrameID : 1231
Tcw:
[0.96617573, -0.17896894, 0.18567316, 1.131399;
 0.17644122, 0.98384815, 0.030187612, -0.035675853;
 -0.18807684, 0.0035938618, 0.98214775, 2.7385435;
 0, 0, 0, 1]
Twc:
[0.96617573, 0.17644122, -0.18807684, -0.57177901;
 -0.17896894, 0.98384815, 0.0035938618, 0.22774297;
 0.18567316, 0.030187612, 0.98214775, -2.8986478;
 0, 0, 0, 1]
Ow:
[1.131399;
 -0.035675853;
 2.7385435]
Keyframe: 201 Frame: 1234 Frame from vFrameID : 1235
Tcw:
[0.97044021, -0.17309594, 0.16817716, 1.132213;
 0.17082484, 0.98490375, 0.027991517, -0.03548985;
 -0.17048351, 0.0015647432, 0.98535931, 2.7429888;
 0, 0, 0, 1]
Twc:
[0.97044021, 0.17082484, -0.17048351, -0.62504816;
 -0.17309594, 0.98490375, 0.0015647432, 0.22664349;
 0.16817716, 0.027991517, 0.98535931, -2.8922484;
 0, 0, 0, 1]
Ow:
[1.132213;
 -0.03548985;
 2.7429888]
Keyframe: 202 Frame: 1238 Frame from vFrameID : 1239
Tcw:
[0.97436857, -0.16598751, 0.15183546, 1.1346912;
 0.16387285, 0.9861275, 0.026425121, -0.036328062;
 -0.15411536, -0.00086609699, 0.98805249, 2.7479358;
 0, 0, 0, 1]
Twc:
[0.97436857, 0.16387285, -0.15411536, -0.67615521;
 -0.16598751, 0.9861275, -0.00086609699, 0.22654864;
 0.15183546, 0.026425121, 0.98805249, -2.886431;
 0, 0, 0, 1]
Ow:
[1.1346912;
 -0.036328062;
 2.7479358]
Keyframe: 203 Frame: 1242 Frame from vFrameID : 1243
Tcw:
[0.96981502, -0.17621087, 0.16854839, 1.1367908;
 0.18026912, 0.98357648, -0.0089638969, -0.036382727;
 -0.16420069, 0.039077394, 0.98565263, 2.7518916;
 0, 0, 0, 1]
Twc:
[0.96981502, 0.18026912, -0.16420069, -0.64405566;
 -0.17621087, 0.98357648, 0.039077394, 0.12856334;
 0.16854839, -0.0089638969, 0.98565263, -2.9043396;
 0, 0, 0, 1]
Ow:
[1.1367908;
 -0.036382727;
 2.7518916]
Keyframe: 204 Frame: 1247 Frame from vFrameID : 1248
Tcw:
[0.96293437, -0.18113294, 0.19987063, 1.140264;
 0.18878424, 0.98182005, -0.019747186, -0.035863634;
 -0.19266012, 0.056747671, 0.97962326, 2.7552974;
 0, 0, 0, 1]
Twc:
[0.96293437, 0.18878424, -0.19266012, -0.5603931;
 -0.18113294, 0.98182005, 0.056747671, 0.085394323;
 0.19987063, -0.019747186, 0.97962326, -2.927767;
 0, 0, 0, 1]
Ow:
[1.140264;
 -0.035863634;
 2.7552974]
Keyframe: 205 Frame: 1251 Frame from vFrameID : 1252
Tcw:
[0.95843095, -0.18248658, 0.21933724, 1.1403341;
 0.18752764, 0.98225683, -0.0022047714, -0.036328182;
 -0.21504317, 0.043244917, 0.97564662, 2.7585189;
 0, 0, 0, 1]
Twc:
[0.95843095, 0.18752764, -0.21504317, -0.49291828;
 -0.18248658, 0.98225683, 0.043244917, 0.12448736;
 0.21933724, -0.0022047714, 0.97564662, -2.9415376;
 0, 0, 0, 1]
Ow:
[1.1403341;
 -0.036328182;
 2.7585189]
Keyframe: 206 Frame: 1257 Frame from vFrameID : 1258
Tcw:
[0.96486288, -0.18132778, 0.19015741, 1.1416959;
 0.18577041, 0.98257691, -0.0056504137, -0.03722569;
 -0.18581972, 0.040777493, 0.98173738, 2.7618709;
 0, 0, 0, 1]
Twc:
[0.96486288, 0.18577041, -0.18581972, -0.58145452;
 -0.18132778, 0.98257691, 0.040777493, 0.13097613;
 0.19015741, -0.0056504137, 0.98173738, -2.9287441;
 0, 0, 0, 1]
Ow:
[1.1416959;
 -0.03722569;
 2.7618709]
Keyframe: 207 Frame: 1261 Frame from vFrameID : 1262
Tcw:
[0.96614146, -0.18502924, 0.17981881, 1.1420126;
 0.19231051, 0.98104584, -0.023785008, -0.035771348;
 -0.17200957, 0.057560731, 0.98341215, 2.7618163;
 0, 0, 0, 1]
Twc:
[0.96614146, 0.19231051, -0.17200957, -0.62140781;
 -0.18502924, 0.98104584, 0.057560731, 0.087426923;
 0.17981881, -0.023785008, 0.98341215, -2.9222097;
 0, 0, 0, 1]
Ow:
[1.1420126;
 -0.035771348;
 2.7618163]
Keyframe: 208 Frame: 1265 Frame from vFrameID : 1266
Tcw:
[0.96373987, -0.20051387, 0.17606708, 1.1423485;
 0.2076692, 0.97792852, -0.023007529, -0.035215273;
 -0.1675677, 0.058736984, 0.98410928, 2.7623315;
 0, 0, 0, 1]
Twc:
[0.96373987, 0.2076692, -0.1675677, -0.63073629;
 -0.20051387, 0.97792852, 0.058736984, 0.10124373;
 0.17606708, -0.023007529, 0.98410928, -2.9203763;
 0, 0, 0, 1]
Ow:
[1.1423485;
 -0.035215273;
 2.7623315]
Keyframe: 209 Frame: 1269 Frame from vFrameID : 1270
Tcw:
[0.96778268, -0.18434772, 0.17150103, 1.142686;
 0.18772645, 0.98221493, -0.003552939, -0.035358015;
 -0.1677959, 0.03563375, 0.98517752, 2.7632198;
 0, 0, 0, 1]
Twc:
[0.96778268, 0.18772645, -0.1677959, -0.63557714;
 -0.18434772, 0.98221493, 0.03563375, 0.14691684;
 0.17150103, -0.003552939, 0.98517752, -2.9183595;
 0, 0, 0, 1]
Ow:
[1.142686;
 -0.035358015;
 2.7632198]
Keyframe: 210 Frame: 1273 Frame from vFrameID : 1274
Tcw:
[0.97431248, -0.1794236, 0.13609703, 1.1437788;
 0.18301693, 0.9830063, -0.014262909, -0.034832846;
 -0.13122512, 0.038804591, 0.99059284, 2.7629962;
 0, 0, 0, 1]
Twc:
[0.97431248, 0.18301693, -0.13122512, -0.74544835;
 -0.1794236, 0.9830063, 0.038804591, 0.13224488;
 0.13609703, -0.014262909, 0.99059284, -2.8931658;
 0, 0, 0, 1]
Ow:
[1.1437788;
 -0.034832846;
 2.7629962]
Keyframe: 211 Frame: 1277 Frame from vFrameID : 1278
Tcw:
[0.97714919, -0.17703818, 0.11763033, 1.1438055;
 0.18199588, 0.98275381, -0.032748263, -0.034679487;
 -0.10980396, 0.053408176, 0.99251735, 2.7631447;
 0, 0, 0, 1]
Twc:
[0.97714919, 0.18199588, -0.10980396, -0.80795282;
 -0.17703818, 0.98275381, 0.053408176, 0.089004129;
 0.11763033, -0.032748263, 0.99251735, -2.8781507;
 0, 0, 0, 1]
Ow:
[1.1438055;
 -0.034679487;
 2.7631447]
Keyframe: 212 Frame: 1281 Frame from vFrameID : 1282
Tcw:
[0.98191893, -0.15239523, 0.11229818, 1.1452181;
 0.15498686, 0.98780763, -0.014669501, -0.032782305;
 -0.10869344, 0.031809002, 0.99356627, 2.7623842;
 0, 0, 0, 1]
Twc:
[0.98191893, 0.15498686, -0.10869344, -0.81917745;
 -0.15239523, 0.98780763, 0.031809002, 0.11903969;
 0.11229818, -0.014669501, 0.99356627, -2.8736985;
 0, 0, 0, 1]
Ow:
[1.1452181;
 -0.032782305;
 2.7623842]
Keyframe: 213 Frame: 1285 Frame from vFrameID : 1286
Tcw:
[0.98356342, -0.14040937, 0.11352627, 1.1452367;
 0.14200309, 0.98984784, -0.0060350113, -0.032857977;
 -0.11152636, 0.022056898, 0.99351668, 2.7626605;
 0, 0, 0, 1]
Twc:
[0.98356342, 0.14200309, -0.11152636, -0.81363755;
 -0.14040937, 0.98984784, 0.022056898, 0.13239065;
 0.11352627, -0.0060350113, 0.99351668, -2.8749621;
 0, 0, 0, 1]
Ow:
[1.1452367;
 -0.032857977;
 2.7626605]
Keyframe: 214 Frame: 1289 Frame from vFrameID : 1290
Tcw:
[0.98813158, -0.12665299, 0.086919315, 1.1447746;
 0.12702733, 0.99189848, 0.0012330326, -0.032747876;
 -0.086371303, 0.0098227309, 0.99621457, 2.7626834;
 0, 0, 0, 1]
Twc:
[0.98813158, 0.12702733, -0.086371303, -0.88841146;
 -0.12665299, 0.99189848, 0.0098227309, 0.15033457;
 0.086919315, 0.0012330326, 0.99621457, -2.8516881;
 0, 0, 0, 1]
Ow:
[1.1447746;
 -0.032747876;
 2.7626834]
Keyframe: 215 Frame: 1294 Frame from vFrameID : 1295
Tcw:
[0.98874021, -0.13487595, 0.064817064, 1.1447719;
 0.13408001, 0.99083316, 0.016496856, -0.032899473;
 -0.066447929, -0.0076204315, 0.99776077, 2.7630949;
 0, 0, 0, 1]
Twc:
[0.98874021, 0.13408001, -0.066447929, -0.94386899;
 -0.13487595, 0.99083316, -0.0076204315, 0.20805609;
 0.064817064, 0.016496856, 0.99776077, -2.8305659;
 0, 0, 0, 1]
Ow:
[1.1447719;
 -0.032899473;
 2.7630949]
Keyframe: 216 Frame: 1298 Frame from vFrameID : 1299
Tcw:
[0.98915291, -0.13334818, 0.061601944, 1.1449786;
 0.13271907, 0.99105179, 0.014212279, -0.032782674;
 -0.062945902, -0.0058823642, 0.99799961, 2.7630887;
 0, 0, 0, 1]
Twc:
[0.98915291, 0.13271907, -0.062945902, -0.95428294;
 -0.13334818, 0.99105179, -0.0058823642, 0.20142365;
 0.061601944, 0.014212279, 0.99799961, -2.8276286;
 0, 0, 0, 1]
Ow:
[1.1449786;
 -0.032782674;
 2.7630887]
Keyframe: 217 Frame: 1302 Frame from vFrameID : 1303
Tcw:
[0.98849905, -0.1387284, 0.060200229, 1.1447432;
 0.13880463, 0.99031544, 0.0029339409, -0.032838661;
 -0.060024239, 0.005455873, 0.998182, 2.7631907;
 0, 0, 0, 1]
Twc:
[0.98849905, 0.13880463, -0.060024239, -0.96116096;
 -0.1387284, 0.99031544, 0.005455873, 0.17625341;
 0.060200229, 0.0029339409, 0.998182, -2.8269846;
 0, 0, 0, 1]
Ow:
[1.1447432;
 -0.032838661;
 2.7631907]
Keyframe: 218 Frame: 1305 Frame from vFrameID : 1306
Tcw:
[0.98859614, -0.14105269, 0.052742295, 1.1445076;
 0.14075804, 0.99000055, 0.0092786895, -0.032904305;
 -0.053523686, -0.0017489743, 0.99856508, 2.7631233;
 0, 0, 0, 1]
Twc:
[0.98859614, 0.14075804, -0.053523686, -0.97893178;
 -0.14105269, 0.99000055, -0.0017489743, 0.19884379;
 0.052742295, 0.0092786895, 0.99856508, -2.8192167;
 0, 0, 0, 1]
Ow:
[1.1445076;
 -0.032904305;
 2.7631233]
Keyframe: 219 Frame: 1309 Frame from vFrameID : 1310
Tcw:
[0.98849303, -0.14319471, 0.048752852, 1.1445415;
 0.14287104, 0.98969001, 0.010078469, -0.032804392;
 -0.049693394, -0.0029971267, 0.99876004, 2.7630653;
 0, 0, 0, 1]
Twc:
[0.98849303, 0.14287104, -0.049693394, -0.98937827;
 -0.14319471, 0.98969001, -0.0029971267, 0.20463972;
 0.048752852, 0.010078469, 0.99876004, -2.8151083;
 0, 0, 0, 1]
Ow:
[1.1445415;
 -0.032804392;
 2.7630653]
