Keyframe: 0 Frame: 0 Frame from vFrameID : 179
Tcw:
[1, 0, 0, 0;
 0, 1, 0, 0;
 0, 0, 1, 0;
 0, 0, 0, 1]
Twc:
[1, 0, 0, 0;
 0, 1, 0, 0;
 0, 0, 1, 0;
 0, 0, 0, 1]
Ow:
[0;
 0;
 0]
Keyframe: 1 Frame: 178 Frame from vFrameID : 179
Tcw:
[0.99982852, 0.0039286735, 0.01809725, -0.0063765366;
 -0.0040052081, 0.99998319, 0.0041947751, -0.008418804;
 -0.018080465, -0.0042665391, 0.99982744, 0.040553547;
 0, 0, 0, 1]
Twc:
[0.99982852, -0.0040052081, -0.018080465, 0.0070749507;
 0.0039286735, 0.99998319, -0.0042665391, 0.0086167371;
 0.01809725, 0.0041947751, 0.99982744, -0.040395837;
 0, 0, 0, 1]
Ow:
[-0.0063765366;
 -0.008418804;
 0.040553547]
Keyframe: 2 Frame: 179 Frame from vFrameID : 180
Tcw:
[0.99985284, 0.001547407, 0.017085608, -0.0097235199;
 -0.0015697851, 0.99999791, 0.0012964203, -0.0097804703;
 -0.017083567, -0.0013230504, 0.99985319, 0.04438176;
 0, 0, 0, 1]
Twc:
[0.99985284, -0.0015697851, -0.017083567, 0.010464935;
 0.001547407, 0.99999791, -0.0013230504, 0.0098542152;
 0.017085608, 0.0012964203, 0.99985319, -0.044196434;
 0, 0, 0, 1]
Ow:
[-0.0097235199;
 -0.0097804703;
 0.04438176]
Keyframe: 3 Frame: 180 Frame from vFrameID : 181
Tcw:
[0.99991584, -0.0022572011, 0.012774562, -0.0094682649;
 0.00228304, 0.99999535, -0.0020084518, -0.012331831;
 -0.012769969, 0.0020374476, 0.99991637, 0.047070689;
 0, 0, 0, 1]
Twc:
[0.99991584, 0.00228304, -0.012769969, 0.010096714;
 -0.0022572011, 0.99999535, 0.0020374476, 0.012214499;
 0.012774562, -0.0020084518, 0.99991637, -0.046970569;
 0, 0, 0, 1]
Ow:
[-0.0094682649;
 -0.012331831;
 0.047070689]
Keyframe: 4 Frame: 181 Frame from vFrameID : 182
Tcw:
[0.99989986, -0.0051739421, 0.013171772, -0.0086587351;
 0.005274185, 0.99995732, -0.0075871269, -0.014806438;
 -0.013131954, 0.0076558376, 0.99988449, 0.050796617;
 0, 0, 0, 1]
Twc:
[0.99989986, 0.005274185, -0.013131954, 0.0094030183;
 -0.0051739421, 0.99995732, 0.0076558376, 0.014372116;
 0.013171772, -0.0075871269, 0.99988449, -0.050789036;
 0, 0, 0, 1]
Ow:
[-0.0086587351;
 -0.014806438;
 0.050796617]
Keyframe: 5 Frame: 183 Frame from vFrameID : 184
Tcw:
[0.99876702, 0.0036184283, 0.049510706, -0.0071202698;
 -0.0036110608, 0.99999344, -0.00023825638, -0.014001906;
 -0.049511243, 5.9176455e-05, 0.99877357, 0.056571946;
 0, 0, 0, 1]
Twc:
[0.99876702, -0.0036110608, -0.049511243, 0.0098618763;
 0.0036184283, 0.99999344, 5.9176455e-05, 0.014024232;
 0.049510706, -0.00023825638, 0.99877357, -0.056153372;
 0, 0, 0, 1]
Ow:
[-0.0071202698;
 -0.014001906;
 0.056571946]
Keyframe: 6 Frame: 185 Frame from vFrameID : 186
Tcw:
[0.99810523, 0.0065883989, 0.061176553, -0.0093249055;
 -0.0075267144, 0.99985737, 0.015120067, -0.01624042;
 -0.061068207, -0.015551876, 0.99801242, 0.059261207;
 0, 0, 0, 1]
Twc:
[0.99810523, -0.0075267144, -0.061068207, 0.012803975;
 0.0065883989, 0.99985737, -0.015551876, 0.017221162;
 0.061176553, 0.015120067, 0.99801242, -0.058327399;
 0, 0, 0, 1]
Ow:
[-0.0093249055;
 -0.01624042;
 0.059261207]
Keyframe: 7 Frame: 187 Frame from vFrameID : 188
Tcw:
[0.99823219, 0.016375901, 0.057133973, -0.010051413;
 -0.016903419, 0.99981874, 0.008761947, -0.023334909;
 -0.056980129, -0.0097122174, 0.99832809, 0.067824624;
 0, 0, 0, 1]
Twc:
[0.99823219, -0.016903419, -0.056980129, 0.013503862;
 0.016375901, 0.99981874, -0.0097122174, 0.024154007;
 0.057133973, 0.008761947, 0.99832809, -0.066932492;
 0, 0, 0, 1]
Ow:
[-0.010051413;
 -0.023334909;
 0.067824624]
Keyframe: 8 Frame: 189 Frame from vFrameID : 190
Tcw:
[0.9984352, 0.016744375, 0.053355705, -0.011096766;
 -0.016842492, 0.99985719, 0.0013897818, -0.021491943;
 -0.053324815, -0.0022862502, 0.99857461, 0.069385193;
 0, 0, 0, 1]
Twc:
[0.9984352, -0.016842492, -0.053324815, 0.014417376;
 0.016744375, 0.99985719, -0.0022862502, 0.021833314;
 0.053355705, 0.0013897818, 0.99857461, -0.068664342;
 0, 0, 0, 1]
Ow:
[-0.011096766;
 -0.021491943;
 0.069385193]
Keyframe: 9 Frame: 191 Frame from vFrameID : 192
Tcw:
[0.99878013, 0.012387235, 0.047799733, -0.010171116;
 -0.012913589, 0.99985915, 0.010718606, -0.021642623;
 -0.047660224, -0.011322797, 0.99879944, 0.075926155;
 0, 0, 0, 1]
Twc:
[0.99878013, -0.012913589, -0.047660224, 0.013497883;
 0.012387235, 0.99985915, -0.011322797, 0.022625264;
 0.047799733, 0.010718606, 0.99879944, -0.075116843;
 0, 0, 0, 1]
Ow:
[-0.010171116;
 -0.021642623;
 0.075926155]
Keyframe: 10 Frame: 193 Frame from vFrameID : 194
Tcw:
[0.99869376, 0.014051748, 0.049125589, -0.0087334039;
 -0.014727283, 0.99980152, 0.013416389, -0.021381028;
 -0.048927315, -0.01412235, 0.99870253, 0.081970945;
 0, 0, 0, 1]
Twc:
[0.99869376, -0.014727283, -0.048927315, 0.01241773;
 0.014051748, 0.99980152, -0.01412235, 0.022657126;
 0.049125589, 0.013416389, 0.99870253, -0.081148699;
 0, 0, 0, 1]
Ow:
[-0.0087334039;
 -0.021381028;
 0.081970945]
Keyframe: 11 Frame: 196 Frame from vFrameID : 197
Tcw:
[0.99910384, 0.012441447, 0.040455684, -0.0067191124;
 -0.013007181, 0.99982083, 0.013751013, -0.023374094;
 -0.040277354, -0.014264905, 0.99908668, 0.091497757;
 0, 0, 0, 1]
Twc:
[0.99910384, -0.013007181, -0.040277354, 0.010094348;
 0.012441447, 0.99982083, -0.014264905, 0.02475871;
 0.040455684, 0.013751013, 0.99908668, -0.090820953;
 0, 0, 0, 1]
Ow:
[-0.0067191124;
 -0.023374094;
 0.091497757]
Keyframe: 12 Frame: 199 Frame from vFrameID : 200
Tcw:
[0.99917156, 0.012794389, 0.038633499, -0.0018180599;
 -0.012994957, 0.99990332, 0.0049448851, -0.025805051;
 -0.038566496, -0.0054428289, 0.99924123, 0.10183596;
 0, 0, 0, 1]
Twc:
[0.99917156, -0.012994957, -0.038566496, 0.005408674;
 0.012794389, 0.99990332, -0.0054428289, 0.026380092;
 0.038633499, 0.0049448851, 0.99924123, -0.10156085;
 0, 0, 0, 1]
Ow:
[-0.0018180599;
 -0.025805051;
 0.10183596]
Keyframe: 13 Frame: 202 Frame from vFrameID : 203
Tcw:
[0.9993543, 0.025180247, 0.025629647, 0.005137994;
 -0.024625104, 0.9994601, -0.021750141, -0.030543052;
 -0.026163483, 0.021104963, 0.99943489, 0.11230315;
 0, 0, 0, 1]
Twc:
[0.9993543, -0.024625104, -0.026163483, -0.002948561;
 0.025180247, 0.9994601, 0.021104963, 0.028027033;
 0.025629647, -0.021750141, 0.99943489, -0.11303568;
 0, 0, 0, 1]
Ow:
[0.005137994;
 -0.030543052;
 0.11230315]
Keyframe: 14 Frame: 205 Frame from vFrameID : 206
Tcw:
[0.9993915, 0.022710431, 0.026474018, 0.0084118834;
 -0.022369692, 0.99966401, -0.013096585, -0.031785931;
 -0.026762551, 0.012496401, 0.99956369, 0.11995953;
 0, 0, 0, 1]
Twc:
[0.9993915, -0.022369692, -0.026762551, -0.0059073828;
 0.022710431, 0.99966401, 0.012496401, 0.03008515;
 0.026474018, -0.013096585, 0.99956369, -0.12054617;
 0, 0, 0, 1]
Ow:
[0.0084118834;
 -0.031785931;
 0.11995953]
Keyframe: 15 Frame: 208 Frame from vFrameID : 209
Tcw:
[0.99957657, 0.018830549, 0.022182042, 0.0094370674;
 -0.018577501, 0.99976063, -0.011559136, -0.032043211;
 -0.022394396, 0.011142155, 0.99968714, 0.12897368;
 0, 0, 0, 1]
Twc:
[0.99957657, -0.018577501, -0.022394396, -0.0071400669;
 0.018830549, 0.99976063, 0.011142155, 0.030420789;
 0.022182042, -0.011559136, 0.99968714, -0.12951304;
 0, 0, 0, 1]
Ow:
[0.0094370674;
 -0.032043211;
 0.12897368]
Keyframe: 16 Frame: 211 Frame from vFrameID : 212
Tcw:
[0.9993996, 0.023210214, 0.025723143, 0.01008565;
 -0.023292547, 0.99972445, 0.0029056605, -0.031685449;
 -0.025648614, -0.0035030737, 0.9996649, 0.13963766;
 0, 0, 0, 1]
Twc:
[0.9993996, -0.023292547, -0.025648614, -0.0072361175;
 0.023210214, 0.99972445, -0.0035030737, 0.031931791;
 0.025723143, 0.0029056605, 0.9996649, -0.13975823;
 0, 0, 0, 1]
Ow:
[0.01008565;
 -0.031685449;
 0.13963766]
Keyframe: 17 Frame: 214 Frame from vFrameID : 215
Tcw:
[0.99910808, 0.023396786, 0.035151843, 0.010672901;
 -0.023498919, 0.99972075, 0.0024951026, -0.033107549;
 -0.035083648, -0.0033189075, 0.99937886, 0.15313344;
 0, 0, 0, 1]
Twc:
[0.99910808, -0.023498919, -0.035083648, -0.0060688932;
 0.023396786, 0.99972075, -0.0033189075, 0.033356827;
 0.035151843, 0.0024951026, 0.99937886, -0.15333088;
 0, 0, 0, 1]
Ow:
[0.010672901;
 -0.033107549;
 0.15313344]
Keyframe: 18 Frame: 217 Frame from vFrameID : 218
Tcw:
[0.99908799, 0.016356673, 0.039442252, 0.0056851381;
 -0.015917325, 0.99980801, -0.011427463, -0.033050369;
 -0.039621595, 0.010789226, 0.99915653, 0.16643849;
 0, 0, 0, 1]
Twc:
[0.99908799, -0.015917325, -0.039621595, 0.00038853133;
 0.016356673, 0.99980801, 0.010789226, 0.03115529;
 0.039442252, -0.011427463, 0.99915653, -0.16690001;
 0, 0, 0, 1]
Ow:
[0.0056851381;
 -0.033050369;
 0.16643849]
Keyframe: 19 Frame: 220 Frame from vFrameID : 221
Tcw:
[0.9990387, -0.00018512511, 0.043837272, 0.00321978;
 0.0013694926, 0.9996348, -0.026988871, -0.034657016;
 -0.043816265, 0.027022962, 0.99867409, 0.18115817;
 0, 0, 0, 1]
Twc:
[0.9990387, 0.0013694926, -0.043816265, 0.0047684526;
 -0.00018512511, 0.9996348, 0.027022962, 0.029749524;
 0.043837272, -0.026988871, 0.99867409, -0.18199447;
 0, 0, 0, 1]
Ow:
[0.00321978;
 -0.034657016;
 0.18115817]
Keyframe: 20 Frame: 223 Frame from vFrameID : 224
Tcw:
[0.99822491, 0.0020173849, 0.059522659, 0.0051051197;
 -0.0010595414, 0.99986953, -0.016119257, -0.034047101;
 -0.059547409, 0.016027575, 0.99809682, 0.19053896;
 0, 0, 0, 1]
Twc:
[0.99822491, -0.0010595414, -0.059547409, 0.0062139686;
 0.0020173849, 0.99986953, 0.016027575, 0.03097848;
 0.059522659, -0.016119257, 0.99809682, -0.191029;
 0, 0, 0, 1]
Ow:
[0.0051051197;
 -0.034047101;
 0.19053896]
Keyframe: 21 Frame: 226 Frame from vFrameID : 227
Tcw:
[0.99778974, 0.0054375143, 0.066227078, 0.0043361532;
 -0.0053029633, 0.99998349, -0.0022072818, -0.035026282;
 -0.066237986, 0.0018512035, 0.99780214, 0.2007743;
 0, 0, 0, 1]
Twc:
[0.99778974, -0.0053029633, -0.066237986, 0.008786574;
 0.0054375143, 0.99998349, 0.0018512035, 0.034630451;
 0.066227078, -0.0022072818, 0.99780214, -0.20069751;
 0, 0, 0, 1]
Ow:
[0.0043361532;
 -0.035026282;
 0.2007743]
Keyframe: 22 Frame: 229 Frame from vFrameID : 230
Tcw:
[0.9983542, 0.0083943205, 0.056731168, 0.0038171345;
 -0.0084963497, 0.99996269, 0.0015575098, -0.035719533;
 -0.056715976, -0.0020369543, 0.99838829, 0.21263018;
 0, 0, 0, 1]
Twc:
[0.9983542, -0.0084963497, -0.056715976, 0.0079451902;
 0.0083943205, 0.99996269, -0.0020369543, 0.036119279;
 0.056731168, 0.0015575098, 0.99838829, -0.21244839;
 0, 0, 0, 1]
Ow:
[0.0038171345;
 -0.035719533;
 0.21263018]
Keyframe: 23 Frame: 233 Frame from vFrameID : 234
Tcw:
[0.9998771, 0.011605587, 0.010543301, 0.0076118931;
 -0.01175141, 0.99983466, 0.013875821, -0.037268613;
 -0.01038052, -0.013998014, 0.99984813, 0.23532656;
 0, 0, 0, 1]
Twc:
[0.9998771, -0.01175141, -0.01038052, -0.0056061037;
 0.011605587, 0.99983466, -0.013998014, 0.040468216;
 0.010543301, 0.013875821, 0.99984813, -0.23485395;
 0, 0, 0, 1]
Ow:
[0.0076118931;
 -0.037268613;
 0.23532656]
Keyframe: 24 Frame: 237 Frame from vFrameID : 238
Tcw:
[0.99922997, 0.031761579, -0.023035681, 0.012874411;
 -0.032041777, 0.9994157, -0.011898117, -0.042580515;
 0.022644319, 0.01262706, 0.99966383, 0.25440809;
 0, 0, 0, 1]
Twc:
[0.99922997, -0.032041777, 0.022644319, -0.019989751;
 0.031761579, 0.9994157, 0.01262706, 0.038934298;
 -0.023035681, -0.011898117, 0.99966383, -0.25453264;
 0, 0, 0, 1]
Ow:
[0.012874411;
 -0.042580515;
 0.25440809]
Keyframe: 25 Frame: 241 Frame from vFrameID : 242
Tcw:
[0.99895948, 0.023524152, -0.039070763, 0.015779112;
 -0.024196377, 0.99956566, -0.016822433, -0.042610936;
 0.03865806, 0.0177503, 0.99909484, 0.26838487;
 0, 0, 0, 1]
Twc:
[0.99895948, -0.024196377, 0.03865806, -0.027168961;
 0.023524152, 0.99956566, 0.0177503, 0.037457328;
 -0.039070763, -0.016822433, 0.99909484, -0.26824224;
 0, 0, 0, 1]
Ow:
[0.015779112;
 -0.042610936;
 0.26838487]
Keyframe: 26 Frame: 245 Frame from vFrameID : 246
Tcw:
[0.99937886, 0.025415512, -0.024411954, 0.015825873;
 -0.025393741, 0.99967682, 0.0012014096, -0.042655457;
 0.0244346, -0.00058075244, 0.99970126, 0.28425482;
 0, 0, 0, 1]
Twc:
[0.99937886, -0.025393741, 0.0244346, -0.023844877;
 0.025415512, 0.99967682, -0.00058075244, 0.042404529;
 -0.024411954, 0.0012014096, 0.99970126, -0.28373232;
 0, 0, 0, 1]
Ow:
[0.015825873;
 -0.042655457;
 0.28425482]
Keyframe: 27 Frame: 248 Frame from vFrameID : 249
Tcw:
[0.99946874, 0.03258951, 0.00040615574, 0.014379422;
 -0.032587081, 0.99945647, -0.0049908883, -0.042963374;
 -0.00056858559, 0.0049750013, 0.99998748, 0.30274367;
 0, 0, 0, 1]
Twc:
[0.99946874, -0.032587081, -0.00056858559, -0.015599699;
 0.03258951, 0.99945647, 0.0049750013, 0.040965252;
 0.00040615574, -0.0049908883, 0.99998748, -0.30296013;
 0, 0, 0, 1]
Ow:
[0.014379422;
 -0.042963374;
 0.30274367]
Keyframe: 28 Frame: 252 Frame from vFrameID : 253
Tcw:
[0.99981821, 0.0083111096, 0.017159557, 0.0056884377;
 -0.0080453586, 0.99984753, -0.015498416, -0.045089662;
 -0.017285749, 0.015357544, 0.99973261, 0.32376063;
 0, 0, 0, 1]
Twc:
[0.99981821, -0.0080453586, -0.017285749, -0.00045372109;
 0.0083111096, 0.99984753, 0.015357544, 0.040063344;
 0.017159557, -0.015498416, 0.99973261, -0.32447049;
 0, 0, 0, 1]
Ow:
[0.0056884377;
 -0.045089662;
 0.32376063]
Keyframe: 29 Frame: 256 Frame from vFrameID : 257
Tcw:
[0.99901456, -0.0045480859, 0.04414985, -0.0011606561;
 0.0063546826, 0.99914443, -0.040865958, -0.044268392;
 -0.043926217, 0.041106246, 0.99818873, 0.34298763;
 0, 0, 0, 1]
Twc:
[0.99901456, 0.0063546826, -0.043926217, 0.01650697;
 -0.0045480859, 0.99914443, 0.041106246, 0.030126303;
 0.04414985, -0.040865958, 0.99818873, -0.3441242;
 0, 0, 0, 1]
Ow:
[-0.0011606561;
 -0.044268392;
 0.34298763]
Keyframe: 30 Frame: 261 Frame from vFrameID : 262
Tcw:
[0.99820554, -0.01854324, 0.056937404, -0.0028084256;
 0.019252714, 0.9997434, -0.011937389, -0.046229206;
 -0.056701437, 0.013012167, 0.99830639, 0.36687434;
 0, 0, 0, 1]
Twc:
[0.99820554, 0.019252714, -0.056701437, 0.024495725;
 -0.01854324, 0.9997434, 0.013012167, 0.041391432;
 0.056937404, -0.011937389, 0.99830639, -0.36664495;
 0, 0, 0, 1]
Ow:
[-0.0028084256;
 -0.046229206;
 0.36687434]
Keyframe: 31 Frame: 265 Frame from vFrameID : 266
Tcw:
[0.99840403, -0.016614495, 0.053976074, -0.0044802427;
 0.017195119, 0.99979901, -0.010310497, -0.049383949;
 -0.053793922, 0.011222167, 0.99848902, 0.38787082;
 0, 0, 0, 1]
Twc:
[0.99840403, 0.017195119, -0.053793922, 0.026187347;
 -0.016614495, 0.99979901, 0.011222167, 0.044946834;
 0.053976074, -0.010310497, 0.99848902, -0.38755208;
 0, 0, 0, 1]
Ow:
[-0.0044802427;
 -0.049383949;
 0.38787082]
Keyframe: 32 Frame: 269 Frame from vFrameID : 270
Tcw:
[0.99985331, 0.0089302743, 0.014616748, 0.010077519;
 -0.0085983071, 0.99970716, -0.022618869, -0.052199405;
 -0.014814462, 0.022489872, 0.99963731, 0.40555894;
 0, 0, 0, 1]
Twc:
[0.99985331, -0.0085983071, -0.014814462, -0.0045167306;
 0.0089302743, 0.99970716, 0.022489872, 0.042973157;
 0.014616748, -0.022618869, 0.99963731, -0.40673983;
 0, 0, 0, 1]
Ow:
[0.010077519;
 -0.052199405;
 0.40555894]
Keyframe: 33 Frame: 273 Frame from vFrameID : 274
Tcw:
[0.99965882, 0.025151215, 0.007042815, 0.013249991;
 -0.025080219, 0.99963546, -0.0099939294, -0.054275833;
 -0.0072916071, 0.0098138852, 0.99992526, 0.42627046;
 0, 0, 0, 1]
Twc:
[0.99965882, -0.025080219, -0.0072916071, -0.011498524;
 0.025151215, 0.99963546, 0.0098138852, 0.049739424;
 0.007042815, -0.0099939294, 0.99992526, -0.42687434;
 0, 0, 0, 1]
Ow:
[0.013249991;
 -0.054275833;
 0.42627046]
Keyframe: 34 Frame: 277 Frame from vFrameID : 278
Tcw:
[0.99965703, 0.026008382, 0.0030536375, 0.013781154;
 -0.026010938, 0.99966133, 0.00079996558, -0.055127904;
 -0.0030317975, -0.00087911921, 0.99999499, 0.44390553;
 0, 0, 0, 1]
Twc:
[0.99965703, -0.026010938, -0.0030317975, -0.013864525;
 0.026008382, 0.99966133, -0.00087911921, 0.055141054;
 0.0030536375, 0.00079996558, 0.99999499, -0.44390133;
 0, 0, 0, 1]
Ow:
[0.013781154;
 -0.055127904;
 0.44390553]
Keyframe: 35 Frame: 281 Frame from vFrameID : 282
Tcw:
[0.99956101, 0.023645354, 0.017850216, 0.01258786;
 -0.023568561, 0.99971211, -0.0045003085, -0.056665994;
 -0.017951488, 0.0040776292, 0.99983054, 0.46414617;
 0, 0, 0, 1]
Twc:
[0.99956101, -0.023568561, -0.017951488, -0.0055857566;
 0.023645354, 0.99971211, 0.0040776292, 0.054459419;
 0.017850216, -0.0045003085, 0.99983054, -0.46454722;
 0, 0, 0, 1]
Ow:
[0.01258786;
 -0.056665994;
 0.46414617]
Keyframe: 36 Frame: 286 Frame from vFrameID : 287
Tcw:
[0.99978334, 0.02068105, -0.0023559984, 0.0056442423;
 -0.020771714, 0.99858165, -0.049022298, -0.060071144;
 0.0013388243, 0.049060617, 0.99879491, 0.49123713;
 0, 0, 0, 1]
Twc:
[0.99978334, -0.020771714, 0.0013388243, -0.0075484803;
 0.02068105, 0.99858165, 0.049060617, 0.035768818;
 -0.0023559984, -0.049022298, 0.99879491, -0.49357668;
 0, 0, 0, 1]
Ow:
[0.0056442423;
 -0.060071144;
 0.49123713]
Keyframe: 37 Frame: 290 Frame from vFrameID : 291
Tcw:
[0.999928, -0.0029888668, 0.011620535, 0.0017994125;
 0.0029839391, 0.99999547, 0.00044135892, -0.057990979;
 -0.011621801, -0.00040665217, 0.99993241, 0.5073806;
 0, 0, 0, 1]
Twc:
[0.999928, 0.0029839391, -0.011621801, 0.0042704344;
 -0.0029888668, 0.99999547, -0.00040665217, 0.058202419;
 0.011620535, 0.00044135892, 0.99993241, -0.50734156;
 0, 0, 0, 1]
Ow:
[0.0017994125;
 -0.057990979;
 0.5073806]
Keyframe: 38 Frame: 294 Frame from vFrameID : 295
Tcw:
[0.99924308, -0.014475781, 0.036106307, -0.00079962984;
 0.013723185, 0.99968517, 0.021005366, -0.062453873;
 -0.036399007, -0.020493973, 0.99912715, 0.52712983;
 0, 0, 0, 1]
Twc:
[0.99924308, 0.013723185, -0.036399007, 0.020843094;
 -0.014475781, 0.99968517, -0.020493973, 0.073225617;
 0.036106307, 0.021005366, 0.99912715, -0.52532899;
 0, 0, 0, 1]
Ow:
[-0.00079962984;
 -0.062453873;
 0.52712983]
Keyframe: 39 Frame: 298 Frame from vFrameID : 299
Tcw:
[0.99935222, -0.0099315736, 0.034591027, 0.0014961381;
 0.0091953278, 0.99972916, 0.021378752, -0.063189626;
 -0.034793984, -0.021046827, 0.99917287, 0.54507422;
 0, 0, 0, 1]
Twc:
[0.99935222, 0.0091953278, -0.034793984, 0.018051185;
 -0.0099315736, 0.99972916, -0.021046827, 0.074659459;
 0.034591027, 0.021378752, 0.99917287, -0.54332423;
 0, 0, 0, 1]
Ow:
[0.0014961381;
 -0.063189626;
 0.54507422]
Keyframe: 40 Frame: 302 Frame from vFrameID : 303
Tcw:
[0.99994183, 0.0088460464, 0.0061701555, 0.002668682;
 -0.0088585373, 0.99995875, 0.0020001091, -0.065937251;
 -0.006152208, -0.0020546513, 0.99997896, 0.56696874;
 0, 0, 0, 1]
Twc:
[0.99994183, -0.0088585373, -0.006152208, 0.00023547544;
 0.0088460464, 0.99995875, -0.0020546513, 0.067075849;
 0.0061701555, 0.0020001091, 0.99997896, -0.56684142;
 0, 0, 0, 1]
Ow:
[0.002668682;
 -0.065937251;
 0.56696874]
Keyframe: 41 Frame: 306 Frame from vFrameID : 307
Tcw:
[0.99936819, 0.024484335, -0.025762348, 0.0060466174;
 -0.02471227, 0.99965793, -0.0085666971, -0.067115739;
 0.025543785, 0.0091979308, 0.9996314, 0.58123279;
 0, 0, 0, 1]
Twc:
[0.99936819, -0.02471227, 0.025543785, -0.022548264;
 0.024484335, 0.99965793, 0.0091979308, 0.061598592;
 -0.025762348, -0.0085666971, 0.9996314, -0.58143771;
 0, 0, 0, 1]
Ow:
[0.0060466174;
 -0.067115739;
 0.58123279]
Keyframe: 42 Frame: 310 Frame from vFrameID : 311
Tcw:
[0.99870712, 0.031439174, -0.039945655, 0.0040244292;
 -0.030967195, 0.99944371, 0.012380016, -0.067744553;
 0.040312652, -0.011127005, 0.99912518, 0.59553945;
 0, 0, 0, 1]
Twc:
[0.99870712, -0.030967195, 0.040312652, -0.030124858;
 0.031439174, 0.99944371, -0.011127005, 0.074206918;
 -0.039945655, 0.012380016, 0.99912518, -0.594019;
 0, 0, 0, 1]
Ow:
[0.0040244292;
 -0.067744553;
 0.59553945]
Keyframe: 43 Frame: 314 Frame from vFrameID : 315
Tcw:
[0.99907267, 0.035787717, -0.023937084, 0.0027989447;
 -0.035259273, 0.99913281, 0.022145715, -0.067266315;
 0.024708871, -0.021281173, 0.99946815, 0.61283642;
 0, 0, 0, 1]
Twc:
[0.99907267, -0.035259273, 0.024708871, -0.020310609;
 0.035787717, 0.99913281, -0.021281173, 0.080149695;
 -0.023937084, 0.022145715, 0.99946815, -0.61095387;
 0, 0, 0, 1]
Ow:
[0.0027989447;
 -0.067266315;
 0.61283642]
Keyframe: 44 Frame: 318 Frame from vFrameID : 319
Tcw:
[0.99947912, 0.025436806, -0.019860512, -0.0045562275;
 -0.025134807, 0.99956685, 0.015310325, -0.066896215;
 0.020241356, -0.01480316, 0.99968553, 0.63122374;
 0, 0, 0, 1]
Twc:
[0.99947912, -0.025134807, 0.020241356, -0.0099043911;
 0.025436806, 0.99956685, -0.01480316, 0.076327235;
 -0.019860512, 0.015310325, 0.99968553, -0.63009149;
 0, 0, 0, 1]
Ow:
[-0.0045562275;
 -0.066896215;
 0.63122374]
Keyframe: 45 Frame: 322 Frame from vFrameID : 323
Tcw:
[0.99983394, 0.011722887, -0.013950235, -0.0077726245;
 -0.011497536, 0.99980384, 0.016125964, -0.070105277;
 0.014136542, -0.015962893, 0.99977267, 0.64806861;
 0, 0, 0, 1]
Twc:
[0.99983394, -0.011497536, 0.014136542, -0.0021961525;
 0.011722887, 0.99980384, -0.015962893, 0.080527693;
 -0.013950235, 0.016125964, 0.99977267, -0.64689916;
 0, 0, 0, 1]
Ow:
[-0.0077726245;
 -0.070105277;
 0.64806861]
Keyframe: 46 Frame: 326 Frame from vFrameID : 327
Tcw:
[0.99991137, 0.0055812811, 0.012089017, -0.011407656;
 -0.005776173, 0.99985296, 0.016146934, -0.072342589;
 -0.011997119, -0.01621533, 0.99979657, 0.66849351;
 0, 0, 0, 1]
Twc:
[0.99991137, -0.005776173, -0.011997119, 0.019008778;
 0.0055812811, 0.99985296, -0.01621533, 0.083235465;
 0.012089017, 0.016146934, 0.99979657, -0.66705149;
 0, 0, 0, 1]
Ow:
[-0.011407656;
 -0.072342589;
 0.66849351]
Keyframe: 47 Frame: 330 Frame from vFrameID : 331
Tcw:
[0.99998367, 0.0057143085, 0.00011057808, -0.01317415;
 -0.0057152957, 0.99967784, 0.024730278, -0.073286891;
 3.077399e-05, -0.024730505, 0.99969417, 0.68628025;
 0, 0, 0, 1]
Twc:
[0.99998367, -0.0057152957, 3.077399e-05, 0.012733959;
 0.0057143085, 0.99967784, -0.024730505, 0.090310618;
 0.00011057808, 0.024730278, 0.99969417, -0.68425649;
 0, 0, 0, 1]
Ow:
[-0.01317415;
 -0.073286891;
 0.68628025]
Keyframe: 48 Frame: 334 Frame from vFrameID : 335
Tcw:
[0.99964362, 0.019644151, -0.018076761, -0.012212758;
 -0.019496528, 0.99977541, 0.0083068125, -0.075816356;
 0.018235881, -0.0079514179, 0.99980211, 0.70530385;
 0, 0, 0, 1]
Twc:
[0.99964362, -0.019496528, 0.018235881, -0.0021315878;
 0.019644151, 0.99977541, -0.0079514179, 0.081647404;
 -0.018076761, 0.0083068125, 0.99980211, -0.70475525;
 0, 0, 0, 1]
Ow:
[-0.012212758;
 -0.075816356;
 0.70530385]
Keyframe: 49 Frame: 338 Frame from vFrameID : 339
Tcw:
[0.99936241, 0.023327196, -0.027030615, -0.01014771;
 -0.023390422, 0.99972433, -0.0020252087, -0.077455834;
 0.026975922, 0.0026561748, 0.99963254, 0.71644002;
 0, 0, 0, 1]
Twc:
[0.99936241, -0.023390422, 0.026975922, -0.010997115;
 0.023327196, 0.99972433, 0.0026561748, 0.07576821;
 -0.027030615, -0.0020252087, 0.99963254, -0.71660793;
 0, 0, 0, 1]
Ow:
[-0.01014771;
 -0.077455834;
 0.71644002]
Keyframe: 50 Frame: 342 Frame from vFrameID : 343
Tcw:
[0.99905378, 0.033305347, -0.027968759, -0.013254562;
 -0.03300564, 0.9993934, 0.011109984, -0.080611244;
 0.028321816, -0.010176346, 0.99954706, 0.73403484;
 0, 0, 0, 1]
Twc:
[0.99905378, -0.03300564, 0.028321816, -0.010207801;
 0.033305347, 0.9993934, -0.010176346, 0.088473581;
 -0.027968759, 0.011109984, 0.99954706, -0.73317742;
 0, 0, 0, 1]
Ow:
[-0.013254562;
 -0.080611244;
 0.73403484]
Keyframe: 51 Frame: 346 Frame from vFrameID : 347
Tcw:
[0.99927294, 0.037120391, -0.0086991396, -0.018868456;
 -0.03701647, 0.99924481, 0.011817388, -0.080618098;
 0.009131236, -0.011486785, 0.99989235, 0.75670874;
 0, 0, 0, 1]
Twc:
[0.99927294, -0.03701647, 0.009131236, 0.0089608533;
 0.037120391, 0.99924481, -0.011486785, 0.089949764;
 -0.0086991396, 0.011817388, 0.99989235, -0.75583869;
 0, 0, 0, 1]
Ow:
[-0.018868456;
 -0.080618098;
 0.75670874]
Keyframe: 52 Frame: 350 Frame from vFrameID : 351
Tcw:
[0.99971652, 0.022637468, -0.0073800436, -0.024067817;
 -0.022703454, 0.99970186, -0.0089835431, -0.081950054;
 0.0071744788, 0.0091485484, 0.99993241, 0.77529776;
 0, 0, 0, 1]
Twc:
[0.99971652, -0.022703454, 0.0071744788, 0.016638087;
 0.022637468, 0.99970186, 0.0091485484, 0.075377606;
 -0.0073800436, -0.0089835431, 0.99993241, -0.77615917;
 0, 0, 0, 1]
Ow:
[-0.024067817;
 -0.081950054;
 0.77529776]
Keyframe: 53 Frame: 354 Frame from vFrameID : 355
Tcw:
[0.99991632, 0.0074574179, 0.010569336, -0.026656156;
 -0.0073710764, 0.99993932, -0.0081846146, -0.083826676;
 -0.01062973, 0.0081060231, 0.99991065, 0.78925157;
 0, 0, 0, 1]
Twc:
[0.99991632, -0.0073710764, -0.01062973, 0.034425564;
 0.0074574179, 0.99993932, 0.0081060231, 0.077622682;
 0.010569336, -0.0081846146, 0.99991065, -0.78958541;
 0, 0, 0, 1]
Ow:
[-0.026656156;
 -0.083826676;
 0.78925157]
Keyframe: 54 Frame: 358 Frame from vFrameID : 359
Tcw:
[0.99943376, 0.0008087004, 0.033638507, -0.029657548;
 -0.0008656953, 0.99999821, 0.0016798049, -0.084712178;
 -0.033637092, -0.0017079744, 0.99943268, 0.80518633;
 0, 0, 0, 1]
Twc:
[0.99943376, -0.0008656953, -0.033637092, 0.056651544;
 0.0008087004, 0.99999821, -0.0017079744, 0.086111248;
 0.033638507, 0.0016798049, 0.99943268, -0.80358958;
 0, 0, 0, 1]
Ow:
[-0.029657548;
 -0.084712178;
 0.80518633]
Keyframe: 55 Frame: 362 Frame from vFrameID : 363
Tcw:
[0.99958199, 0.0068991678, 0.028075539, -0.031543147;
 -0.0072970372, 0.99987406, 0.014093689, -0.085503802;
 -0.027974768, -0.014292666, 0.99950647, 0.82436854;
 0, 0, 0, 1]
Twc:
[0.99958199, -0.0072970372, -0.027974768, 0.053967558;
 0.0068991678, 0.99987406, -0.014292666, 0.097493075;
 0.028075539, 0.014093689, 0.99950647, -0.82187098;
 0, 0, 0, 1]
Ow:
[-0.031543147;
 -0.085503802;
 0.82436854]
Keyframe: 56 Frame: 366 Frame from vFrameID : 367
Tcw:
[0.99992085, 0.012566851, 0.00059051428, -0.030127864;
 -0.012572357, 0.99986589, 0.010492851, -0.088421799;
 -0.00045857299, -0.010499445, 0.99994475, 0.8425898;
 0, 0, 0, 1]
Twc:
[0.99992085, -0.012572357, -0.00045857299, 0.0294002;
 0.012566851, 0.99986589, -0.010499445, 0.097635277;
 0.00059051428, 0.010492851, 0.99994475, -0.84159768;
 0, 0, 0, 1]
Ow:
[-0.030127864;
 -0.088421799;
 0.8425898]
Keyframe: 57 Frame: 370 Frame from vFrameID : 371
Tcw:
[0.99953276, 0.029891152, -0.006382165, -0.027114257;
 -0.029806981, 0.99947244, 0.012899599, -0.091454305;
 0.0067643817, -0.01270334, 0.99989641, 0.86103219;
 0, 0, 0, 1]
Twc:
[0.99953276, -0.029806981, 0.0067643817, 0.018551262;
 0.029891152, 0.99947244, -0.01270334, 0.10315452;
 -0.006382165, 0.012899599, 0.99989641, -0.85993636;
 0, 0, 0, 1]
Ow:
[-0.027114257;
 -0.091454305;
 0.86103219]
Keyframe: 58 Frame: 374 Frame from vFrameID : 375
Tcw:
[0.99919516, 0.03980564, -0.004950799, -0.028666917;
 -0.039670713, 0.99890298, 0.024882099, -0.092675984;
 0.0059358156, -0.024665672, 0.99967813, 0.87644875;
 0, 0, 0, 1]
Twc:
[0.99919516, -0.039670713, 0.0059358156, 0.019764885;
 0.03980564, 0.99890298, -0.024665672, 0.11533362;
 -0.004950799, 0.024882099, 0.99967813, -0.87400264;
 0, 0, 0, 1]
Ow:
[-0.028666917;
 -0.092675984;
 0.87644875]
Keyframe: 59 Frame: 378 Frame from vFrameID : 379
Tcw:
[0.99937582, 0.034366731, 0.0081793461, -0.032332193;
 -0.03452038, 0.99921471, 0.019450165, -0.091971599;
 -0.0075044846, -0.019720379, 0.99977738, 0.89284468;
 0, 0, 0, 1]
Twc:
[0.99937582, -0.03452038, -0.0075044846, 0.03583746;
 0.034366731, 0.99921471, -0.019720379, 0.11061776;
 0.0081793461, 0.019450165, 0.99977738, -0.89059258;
 0, 0, 0, 1]
Ow:
[-0.032332193;
 -0.091971599;
 0.89284468]
Keyframe: 60 Frame: 382 Frame from vFrameID : 383
Tcw:
[0.99958348, 0.023609048, 0.016596902, -0.034915823;
 -0.023645885, 0.99971837, 0.0020267179, -0.094101138;
 -0.016544379, -0.002418322, 0.99986023, 0.90692854;
 0, 0, 0, 1]
Twc:
[0.99958348, -0.023645885, -0.016544379, 0.047680747;
 0.023609048, 0.99971837, -0.002418322, 0.097092204;
 0.016596902, 0.0020267179, 0.99986023, -0.90603155;
 0, 0, 0, 1]
Ow:
[-0.034915823;
 -0.094101138;
 0.90692854]
Keyframe: 61 Frame: 386 Frame from vFrameID : 387
Tcw:
[0.99850881, 0.0094544264, 0.053765669, -0.039227795;
 -0.0094969757, 0.99995476, 0.000535945, -0.093230225;
 -0.05375817, -0.0010457571, 0.99855345, 0.92226833;
 0, 0, 0, 1]
Twc:
[0.99850881, -0.0094969757, -0.05375817, 0.087863348;
 0.0094544264, 0.99995476, -0.0010457571, 0.094561353;
 0.053765669, 0.000535945, 0.99855345, -0.91877514;
 0, 0, 0, 1]
Ow:
[-0.039227795;
 -0.093230225;
 0.92226833]
Keyframe: 62 Frame: 390 Frame from vFrameID : 391
Tcw:
[0.997244, 0.0066554691, 0.073892161, -0.040334634;
 -0.0074674943, 0.99991465, 0.010718497, -0.095555067;
 -0.073814519, -0.011240747, 0.99720865, 0.94262248;
 0, 0, 0, 1]
Twc:
[0.997244, -0.0074674943, -0.073814519, 0.10908915;
 0.0066554691, 0.99991465, -0.011240747, 0.10641114;
 0.073892161, 0.010718497, 0.99720865, -0.93598664;
 0, 0, 0, 1]
Ow:
[-0.040334634;
 -0.095555067;
 0.94262248]
Keyframe: 63 Frame: 394 Frame from vFrameID : 395
Tcw:
[0.99866629, 0.0095566753, 0.050737511, -0.04109209;
 -0.010274989, 0.99985039, 0.013915521, -0.096049659;
 -0.050596934, -0.014418289, 0.99861509, 0.96013194;
 0, 0, 0, 1]
Twc:
[0.99866629, -0.010274989, -0.050596934, 0.088630117;
 0.0095566753, 0.99985039, -0.014418289, 0.11027145;
 0.050737511, 0.013915521, 0.99861509, -0.95538074;
 0, 0, 0, 1]
Ow:
[-0.04109209;
 -0.096049659;
 0.96013194]
Keyframe: 64 Frame: 398 Frame from vFrameID : 399
Tcw:
[0.99951637, 0.019143626, 0.024505606, -0.037527815;
 -0.019525256, 0.99969029, 0.015429779, -0.098633461;
 -0.024202636, -0.015900794, 0.99958062, 0.97670293;
 0, 0, 0, 1]
Twc:
[0.99951637, -0.019525256, -0.024202636, 0.059222609;
 0.019143626, 0.99969029, -0.015900794, 0.11485168;
 0.024505606, 0.015429779, 0.99958062, -0.97385174;
 0, 0, 0, 1]
Ow:
[-0.037527815;
 -0.098633461;
 0.97670293]
Keyframe: 65 Frame: 402 Frame from vFrameID : 403
Tcw:
[0.99922574, 0.030801065, 0.024479464, -0.036576431;
 -0.031287428, 0.9993155, 0.019739881, -0.10089224;
 -0.023854697, -0.020490497, 0.9995054, 0.98979062;
 0, 0, 0, 1]
Twc:
[0.99922574, -0.031287428, -0.023854697, 0.057002604;
 0.030801065, 0.9993155, -0.020490497, 0.12223107;
 0.024479464, 0.019739881, 0.9995054, -0.98641413;
 0, 0, 0, 1]
Ow:
[-0.036576431;
 -0.10089224;
 0.98979062]
Keyframe: 66 Frame: 406 Frame from vFrameID : 407
Tcw:
[0.99913698, 0.03801861, 0.016729765, -0.037178487;
 -0.038308665, 0.99911493, 0.017372806, -0.10265212;
 -0.016054468, -0.017998707, 0.99970913, 1.0037924;
 0, 0, 0, 1]
Twc:
[0.99913698, -0.038308665, -0.016054468, 0.049329285;
 0.03801861, 0.99911493, -0.017998707, 0.1220417;
 0.016729765, 0.017372806, 0.99970913, -1.0010951;
 0, 0, 0, 1]
Ow:
[-0.037178487;
 -0.10265212;
 1.0037924]
Keyframe: 67 Frame: 410 Frame from vFrameID : 411
Tcw:
[0.99943328, 0.023260908, 0.024332048, -0.040846884;
 -0.023407646, 0.99970937, 0.0057632052, -0.10010612;
 -0.024190919, -0.006329495, 0.99968731, 1.0193903;
 0, 0, 0, 1]
Twc:
[0.99943328, -0.023407646, -0.024190919, 0.063140474;
 0.023260908, 0.99970937, -0.006329495, 0.1074794;
 0.024332048, 0.0057632052, 0.99968731, -1.0175008;
 0, 0, 0, 1]
Ow:
[-0.040846884;
 -0.10010612;
 1.0193903]
Keyframe: 68 Frame: 414 Frame from vFrameID : 415
Tcw:
[0.99897563, -0.0051171998, 0.04496121, -0.044829991;
 0.0045396602, 0.999906, 0.012938018, -0.10187446;
 -0.045023192, -0.012720657, 0.99890494, 1.0397277;
 0, 0, 0, 1]
Twc:
[0.99897563, 0.0045396602, -0.045023192, 0.092058398;
 -0.0051171998, 0.999906, -0.012720657, 0.1148615;
 0.04496121, 0.012938018, 0.99890494, -1.0352554;
 0, 0, 0, 1]
Ow:
[-0.044829991;
 -0.10187446;
 1.0397277]
Keyframe: 69 Frame: 418 Frame from vFrameID : 419
Tcw:
[0.99801201, -0.0052059488, 0.062808402, -0.044292152;
 0.0039523784, 0.99979085, 0.020066407, -0.10218321;
 -0.062899724, -0.019778274, 0.99782383, 1.0502754;
 0, 0, 0, 1]
Twc:
[0.99801201, 0.0039523784, -0.062899724, 0.11067001;
 -0.0052059488, 0.99979085, -0.019778274, 0.12270389;
 0.062808402, 0.020066407, 0.99782383, -1.0431576;
 0, 0, 0, 1]
Ow:
[-0.044292152;
 -0.10218321;
 1.0502754]
Keyframe: 70 Frame: 422 Frame from vFrameID : 423
Tcw:
[0.99822193, 2.932065e-05, 0.059607163, -0.045628279;
 -0.0018219384, 0.99954766, 0.03001974, -0.10368077;
 -0.05957932, -0.030074961, 0.99777043, 1.0646212;
 0, 0, 0, 1]
Twc:
[0.99822193, -0.0018219384, -0.05957932, 0.10878766;
 2.932065e-05, 0.99954766, -0.030074961, 0.13565364;
 0.059607163, 0.03001974, 0.99777043, -1.0564153;
 0, 0, 0, 1]
Ow:
[-0.045628279;
 -0.10368077;
 1.0646212]
Keyframe: 71 Frame: 426 Frame from vFrameID : 427
Tcw:
[0.99941981, 0.013768531, 0.031152515, -0.041724317;
 -0.014372396, 0.99971151, 0.019243978, -0.10506715;
 -0.030878566, -0.019680548, 0.99932939, 1.0781878;
 0, 0, 0, 1]
Twc:
[0.99941981, -0.014372396, -0.030878566, 0.073482931;
 0.013768531, 0.99971151, -0.019680548, 0.12683064;
 0.031152515, 0.019243978, 0.99932939, -1.0741431;
 0, 0, 0, 1]
Ow:
[-0.041724317;
 -0.10506715;
 1.0781878]
Keyframe: 72 Frame: 430 Frame from vFrameID : 431
Tcw:
[0.99972951, 0.022280512, -0.0066699712, -0.040192906;
 -0.022271065, 0.99975085, 0.0014874855, -0.1080956;
 0.0067014513, -0.0013385358, 0.99997663, 1.0907733;
 0, 0, 0, 1]
Twc:
[0.99972951, -0.022271065, 0.0067014513, 0.030464863;
 0.022280512, 0.99975085, -0.0013385358, 0.11042424;
 -0.0066699712, 0.0014874855, 0.99997663, -1.0908552;
 0, 0, 0, 1]
Ow:
[-0.040192906;
 -0.1080956;
 1.0907733]
Keyframe: 73 Frame: 434 Frame from vFrameID : 435
Tcw:
[0.99922007, 0.035829768, -0.016599083, -0.037380829;
 -0.035664149, 0.9993121, 0.010168453, -0.10744132;
 0.016951999, -0.0095685292, 0.99981052, 1.1034834;
 0, 0, 0, 1]
Twc:
[0.99922007, -0.035664149, 0.016951999, 0.014813619;
 0.035829768, 0.9993121, -0.0095685292, 0.11926547;
 -0.016599083, 0.010168453, 0.99981052, -1.1028024;
 0, 0, 0, 1]
Ow:
[-0.037380829;
 -0.10744132;
 1.1034834]
Keyframe: 74 Frame: 438 Frame from vFrameID : 439
Tcw:
[0.99931884, 0.036489308, -0.0055112052, -0.038832054;
 -0.036396638, 0.99920821, 0.016070878, -0.10912581;
 0.0060932566, -0.015859343, 0.99985564, 1.1180216;
 0, 0, 0, 1]
Twc:
[0.99931884, -0.036396638, 0.0060932566, 0.028021397;
 0.036489308, 0.99920821, -0.015859343, 0.12818743;
 -0.0055112052, 0.016070878, 0.99985564, -1.1163206;
 0, 0, 0, 1]
Ow:
[-0.038832054;
 -0.10912581;
 1.1180216]
Keyframe: 75 Frame: 442 Frame from vFrameID : 443
Tcw:
[0.99977809, 0.017246988, 0.012097772, -0.044174768;
 -0.017373919, 0.9997943, 0.01046669, -0.10804732;
 -0.011914765, -0.010674553, 0.99987203, 1.1344362;
 0, 0, 0, 1]
Twc:
[0.99977809, -0.017373919, -0.011914765, 0.055804297;
 0.017246988, 0.9997943, -0.010674553, 0.12089657;
 0.012097772, 0.01046669, 0.99987203, -1.1326258;
 0, 0, 0, 1]
Ow:
[-0.044174768;
 -0.10804732;
 1.1344362]
Keyframe: 76 Frame: 446 Frame from vFrameID : 447
Tcw:
[0.99943316, 0.005016007, 0.033290338, -0.046487257;
 -0.0050442913, 0.99998701, 0.00076568703, -0.10949533;
 -0.033286065, -0.00093317917, 0.99944544, 1.1486458;
 0, 0, 0, 1]
Twc:
[0.99943316, -0.0050442913, -0.033286065, 0.084142476;
 0.005016007, 0.99998701, -0.00093317917, 0.11079898;
 0.033290338, 0.00076568703, 0.99944544, -1.1463773;
 0, 0, 0, 1]
Ow:
[-0.046487257;
 -0.10949533;
 1.1486458]
Keyframe: 77 Frame: 450 Frame from vFrameID : 451
Tcw:
[0.99856526, 0.0033357586, 0.053444013, -0.047579434;
 -0.0042864927, 0.99983442, 0.017684612, -0.11108953;
 -0.053376175, -0.017888328, 0.99841422, 1.162141;
 0, 0, 0, 1]
Twc:
[0.99856526, -0.0042864927, -0.053376175, 0.10906563;
 0.0033357586, 0.99983442, -0.017888328, 0.13201861;
 0.053444013, 0.017684612, 0.99841422, -1.1557907;
 0, 0, 0, 1]
Ow:
[-0.047579434;
 -0.11108953;
 1.162141]
Keyframe: 78 Frame: 454 Frame from vFrameID : 455
Tcw:
[0.99857247, 0.0031580015, 0.053319849, -0.048312847;
 -0.00433745, 0.99974817, 0.022019044, -0.11237448;
 -0.053236883, -0.022218883, 0.99833471, 1.176639;
 0, 0, 0, 1]
Twc:
[0.99857247, -0.00433745, -0.053236883, 0.11039706;
 0.0031580015, 0.99974817, -0.022218883, 0.13864236;
 0.053319849, 0.022019044, 0.99833471, -1.1696291;
 0, 0, 0, 1]
Ow:
[-0.048312847;
 -0.11237448;
 1.176639]
Keyframe: 79 Frame: 458 Frame from vFrameID : 459
Tcw:
[0.99941152, -0.00078742451, 0.034293175, -0.048652574;
 0.0010203426, 0.99997652, -0.0067749955, -0.11431198;
 -0.034287032, 0.0068059997, 0.99938887, 1.1965327;
 0, 0, 0, 1]
Twc:
[0.99941152, 0.0010203426, -0.034287032, 0.089766137;
 -0.00078742451, 0.99997652, 0.0068059997, 0.10612739;
 0.034293175, -0.0067749955, 0.99938887, -1.1949075;
 0, 0, 0, 1]
Ow:
[-0.048652574;
 -0.11431198;
 1.1965327]
Keyframe: 80 Frame: 462 Frame from vFrameID : 463
Tcw:
[0.99888819, 0.022106664, 0.041637145, -0.043626472;
 -0.022281811, 0.99974471, 0.0037470532, -0.11521394;
 -0.041543681, -0.0046706386, 0.99912578, 1.2096318;
 0, 0, 0, 1]
Twc:
[0.99888819, -0.022281811, -0.041543681, 0.091263354;
 0.022106664, 0.99974471, -0.0046706386, 0.12179871;
 0.041637145, 0.0037470532, 0.99912578, -1.2063261;
 0, 0, 0, 1]
Ow:
[-0.043626472;
 -0.11521394;
 1.2096318]
Keyframe: 81 Frame: 466 Frame from vFrameID : 467
Tcw:
[0.9993301, 0.029052006, 0.022256332, -0.047453143;
 -0.02936776, 0.99947071, 0.013994086, -0.11653715;
 -0.021837996, -0.01463833, 0.99965435, 1.2239103;
 0, 0, 0, 1]
Twc:
[0.9993301, -0.02936776, -0.021837996, 0.070726663;
 0.029052006, 0.99947071, -0.01463833, 0.1357701;
 0.022256332, 0.013994086, 0.99965435, -1.2208004;
 0, 0, 0, 1]
Ow:
[-0.047453143;
 -0.11653715;
 1.2239103]
Keyframe: 82 Frame: 470 Frame from vFrameID : 471
Tcw:
[0.99892324, 0.037565425, 0.027224669, -0.04761824;
 -0.038453817, 0.99871933, 0.03287806, -0.11650753;
 -0.025954725, -0.033889551, 0.99908853, 1.2400593;
 0, 0, 0, 1]
Twc:
[0.99892324, -0.038453817, -0.025954725, 0.075272202;
 0.037565425, 0.99871933, -0.033889551, 0.16017218;
 0.027224669, 0.03287806, 0.99908853, -1.2338021;
 0, 0, 0, 1]
Ow:
[-0.04761824;
 -0.11650753;
 1.2400593]
Keyframe: 83 Frame: 474 Frame from vFrameID : 475
Tcw:
[0.99904191, 0.019488217, 0.039184533, -0.050885566;
 -0.020972598, 0.99906391, 0.037834581, -0.117054;
 -0.038410522, -0.038620137, 0.99851543, 1.2559292;
 0, 0, 0, 1]
Twc:
[0.99904191, -0.020972598, -0.038410522, 0.096622795;
 0.019488217, 0.99906391, -0.038620137, 0.16644025;
 0.039184533, 0.037834581, 0.99851543, -1.2476423;
 0, 0, 0, 1]
Ow:
[-0.050885566;
 -0.117054;
 1.2559292]
Keyframe: 84 Frame: 478 Frame from vFrameID : 479
Tcw:
[0.99818313, 0.014587793, 0.058460072, -0.053099364;
 -0.015852671, 0.99964887, 0.02123154, -0.11846618;
 -0.058129825, -0.022119714, 0.99806392, 1.269946;
 0, 0, 0, 1]
Twc:
[0.99818313, -0.015852671, -0.058129825, 0.12494662;
 0.014587793, 0.99964887, -0.022119714, 0.14729004;
 0.058460072, 0.02123154, 0.99806392, -1.2618679;
 0, 0, 0, 1]
Ow:
[-0.053099364;
 -0.11846618;
 1.269946]
Keyframe: 85 Frame: 482 Frame from vFrameID : 483
Tcw:
[0.99797577, 0.011805845, 0.062489651, -0.056297563;
 -0.01396531, 0.99931628, 0.034233943, -0.11961502;
 -0.062042765, -0.035037335, 0.99745834, 1.2882174;
 0, 0, 0, 1]
Twc:
[0.99797577, -0.01396531, -0.062042765, 0.13443772;
 0.011805845, 0.99931628, -0.035037335, 0.16533358;
 0.062489651, 0.034233943, 0.99745834, -1.2773303;
 0, 0, 0, 1]
Ow:
[-0.056297563;
 -0.11961502;
 1.2882174]
Keyframe: 86 Frame: 487 Frame from vFrameID : 488
Tcw:
[0.9994114, 0.021779662, 0.026503703, -0.055340089;
 -0.022607315, 0.99925309, 0.031339567, -0.12084241;
 -0.025801342, -0.031920299, 0.99915731, 1.3072494;
 0, 0, 0, 1]
Twc:
[0.9994114, -0.022607315, -0.025801342, 0.086304389;
 0.021779662, 0.99925309, -0.031920299, 0.16368525;
 0.026503703, 0.031339567, 0.99915731, -1.300894;
 0, 0, 0, 1]
Ow:
[-0.055340089;
 -0.12084241;
 1.3072494]
Keyframe: 87 Frame: 491 Frame from vFrameID : 492
Tcw:
[0.99914205, 0.031475477, 0.026915789, -0.050957631;
 -0.031958953, 0.99933201, 0.017724948, -0.12278733;
 -0.026339907, -0.018569941, 0.99948055, 1.3217148;
 0, 0, 0, 1]
Twc:
[0.99914205, -0.031958953, -0.026339907, 0.081803605;
 0.031475477, 0.99933201, -0.018569941, 0.14885339;
 0.026915789, 0.017724948, 0.99948055, -1.3174802;
 0, 0, 0, 1]
Ow:
[-0.050957631;
 -0.12278733;
 1.3217148]
Keyframe: 88 Frame: 495 Frame from vFrameID : 496
Tcw:
[0.99912512, 0.035543386, 0.02203873, -0.052174147;
 -0.036214843, 0.99886757, 0.030855948, -0.12606192;
 -0.020917047, -0.031627081, 0.99928087, 1.3380771;
 0, 0, 0, 1]
Twc:
[0.99912512, -0.036214843, -0.020917047, 0.075551808;
 0.035543386, 0.99886757, -0.031627081, 0.17009306;
 0.02203873, 0.030855948, 0.99928087, -1.3320751;
 0, 0, 0, 1]
Ow:
[-0.052174147;
 -0.12606192;
 1.3380771]
Keyframe: 89 Frame: 499 Frame from vFrameID : 500
Tcw:
[0.99863219, 0.045530867, 0.025704019, -0.050407507;
 -0.046700541, 0.99780709, 0.046904765, -0.12677655;
 -0.023512037, -0.048041001, 0.99856859, 1.3485296;
 0, 0, 0, 1]
Twc:
[0.99863219, -0.046700541, -0.023512037, 0.076124698;
 0.045530867, 0.99780709, -0.048041001, 0.19357835;
 0.025704019, 0.046904765, 0.99856859, -1.3393571;
 0, 0, 0, 1]
Ow:
[-0.050407507;
 -0.12677655;
 1.3485296]
Keyframe: 90 Frame: 503 Frame from vFrameID : 504
Tcw:
[0.99823588, 0.046205226, 0.037286207, -0.054186884;
 -0.047504261, 0.99826676, 0.034739811, -0.12592319;
 -0.03561642, -0.036449779, 0.99870062, 1.363869;
 0, 0, 0, 1]
Twc:
[0.99823588, -0.047504261, -0.03561642, 0.096685529;
 0.046205226, 0.99826676, -0.036449779, 0.17792135;
 0.037286207, 0.034739811, 0.99870062, -1.3557017;
 0, 0, 0, 1]
Ow:
[-0.054186884;
 -0.12592319;
 1.363869]
Keyframe: 91 Frame: 507 Frame from vFrameID : 508
Tcw:
[0.99845582, 0.024345143, 0.049932912, -0.056311637;
 -0.025412802, 0.99945939, 0.020859525, -0.12728611;
 -0.049398091, -0.02209625, 0.99853474, 1.3798211;
 0, 0, 0, 1]
Twc:
[0.99845582, -0.025412802, -0.049398091, 0.12115051;
 0.024345143, 0.99945939, -0.02209625, 0.15907708;
 0.049932912, 0.020859525, 0.99853474, -1.3723322;
 0, 0, 0, 1]
Ow:
[-0.056311637;
 -0.12728611;
 1.3798211]
Keyframe: 92 Frame: 512 Frame from vFrameID : 513
Tcw:
[0.99802411, 0.0028480648, 0.062767997, -0.059359357;
 -0.004257285, 0.99974161, 0.022328962, -0.12986061;
 -0.062688187, -0.022552062, 0.99777836, 1.4022496;
 0, 0, 0, 1]
Twc:
[0.99802411, -0.004257285, -0.062688187, 0.14659369;
 0.0028480648, 0.99974161, -0.022552062, 0.16161972;
 0.062767997, 0.022328962, 0.99777836, -1.3925086;
 0, 0, 0, 1]
Ow:
[-0.059359357;
 -0.12986061;
 1.4022496]
Keyframe: 93 Frame: 516 Frame from vFrameID : 517
Tcw:
[0.99781036, 0.0078064431, 0.065677695, -0.059451126;
 -0.0092117656, 0.99973446, 0.021121705, -0.1310927;
 -0.065495372, -0.021680465, 0.9976173, 1.4181342;
 0, 0, 0, 1]
Twc:
[0.99781036, -0.0092117656, -0.065495372, 0.15099458;
 0.0078064431, 0.99973446, -0.021680465, 0.16226782;
 0.065677695, 0.021121705, 0.9976173, -1.4080818;
 0, 0, 0, 1]
Ow:
[-0.059451126;
 -0.1310927;
 1.4181342]
Keyframe: 94 Frame: 520 Frame from vFrameID : 521
Tcw:
[0.99965394, 0.02233093, 0.013903614, -0.056892511;
 -0.022647355, 0.99947816, 0.023032879, -0.13314018;
 -0.013382013, -0.023339787, 0.99963802, 1.4345945;
 0, 0, 0, 1]
Twc:
[0.99965394, -0.022647355, -0.013382013, 0.073055312;
 0.02233093, 0.99947816, -0.023339787, 0.16782428;
 0.013903614, 0.023032879, 0.99963802, -1.4302176;
 0, 0, 0, 1]
Ow:
[-0.056892511;
 -0.13314018;
 1.4345945]
Keyframe: 95 Frame: 524 Frame from vFrameID : 525
Tcw:
[0.99946135, 0.030839203, -0.011223267, -0.05589395;
 -0.030575011, 0.99926794, 0.022995545, -0.1353144;
 0.011924215, -0.022640007, 0.99967259, 1.4459529;
 0, 0, 0, 1]
Twc:
[0.99946135, -0.030575011, 0.011924215, 0.034484752;
 0.030839203, 0.99926794, -0.022640007, 0.16967545;
 -0.011223267, 0.022995545, 0.99967259, -1.4429951;
 0, 0, 0, 1]
Ow:
[-0.05589395;
 -0.1353144;
 1.4459529]
Keyframe: 96 Frame: 528 Frame from vFrameID : 529
Tcw:
[0.99848497, 0.054419681, -0.0081371777, -0.055933535;
 -0.054149073, 0.99806923, 0.03042483, -0.13586803;
 0.0097771762, -0.029938115, 0.99950391, 1.4590739;
 0, 0, 0, 1]
Twc:
[0.99848497, -0.054149073, 0.0097771762, 0.034226041;
 0.054419681, 0.99806923, -0.029938115, 0.1823315;
 -0.0081371777, 0.03042483, 0.99950391, -1.4546716;
 0, 0, 0, 1]
Ow:
[-0.055933535;
 -0.13586803;
 1.4590739]
Keyframe: 97 Frame: 532 Frame from vFrameID : 533
Tcw:
[0.99857521, 0.052453432, -0.009807175, -0.059568565;
 -0.052188169, 0.99830943, 0.025587587, -0.13530725;
 0.011132752, -0.025039311, 0.99962449, 1.4730223;
 0, 0, 0, 1]
Twc:
[0.99857521, -0.052188169, 0.011132752, 0.036023464;
 0.052453432, 0.99830943, -0.025039311, 0.17508654;
 -0.009807175, 0.025587587, 0.99962449, -1.4695911;
 0, 0, 0, 1]
Ow:
[-0.059568565;
 -0.13530725;
 1.4730223]
Keyframe: 98 Frame: 536 Frame from vFrameID : 537
Tcw:
[0.99914753, 0.041229315, 0.0020763052, -0.063116238;
 -0.041249469, 0.99909008, 0.01084012, -0.1366137;
 -0.0016274852, -0.010916526, 0.99993908, 1.4876812;
 0, 0, 0, 1]
Twc:
[0.99914753, -0.041249469, -0.0016274852, 0.059848368;
 0.041229315, 0.99909008, -0.010916526, 0.15533194;
 0.0020763052, 0.01084012, 0.99993908, -1.4859785;
 0, 0, 0, 1]
Ow:
[-0.063116238;
 -0.1366137;
 1.4876812]
Keyframe: 99 Frame: 540 Frame from vFrameID : 541
Tcw:
[0.99921799, 0.031468254, 0.023941366, -0.067000523;
 -0.031854525, 0.99936563, 0.015927427, -0.1363373;
 -0.023424968, -0.016677612, 0.99958646, 1.5009269;
 0, 0, 0, 1]
Twc:
[0.99921799, -0.031854525, -0.023424968, 0.097764328;
 0.031468254, 0.99936563, -0.016677612, 0.16339107;
 0.023941366, 0.015927427, 0.99958646, -1.4965305;
 0, 0, 0, 1]
Ow:
[-0.067000523;
 -0.1363373;
 1.5009269]
Keyframe: 100 Frame: 545 Frame from vFrameID : 546
Tcw:
[0.9994961, 0.023742255, 0.021068724, -0.070358038;
 -0.024539163, 0.99896079, 0.038408402, -0.13707528;
 -0.020134928, -0.038906056, 0.99904001, 1.5222828;
 0, 0, 0, 1]
Twc:
[0.9994961, -0.024539163, -0.020134928, 0.09760993;
 0.023742255, 0.99896079, -0.038906056, 0.19782931;
 0.021068724, 0.038408402, 0.99904001, -1.5140742;
 0, 0, 0, 1]
Ow:
[-0.070358038;
 -0.13707528;
 1.5222828]
Keyframe: 101 Frame: 549 Frame from vFrameID : 550
Tcw:
[0.99939412, 0.030983217, 0.015856761, -0.068834975;
 -0.031473674, 0.99900252, 0.031676915, -0.13892764;
 -0.014859492, -0.032156792, 0.99937236, 1.5376889;
 0, 0, 0, 1]
Twc:
[0.99939412, -0.031473674, -0.014859492, 0.087269984;
 0.030983217, 0.99900252, -0.032156792, 0.19036892;
 0.015856761, 0.031676915, 0.99937236, -1.5312315;
 0, 0, 0, 1]
Ow:
[-0.068834975;
 -0.13892764;
 1.5376889]
Keyframe: 102 Frame: 553 Frame from vFrameID : 554
Tcw:
[0.99937689, 0.034671277, 0.0066148993, -0.068646885;
 -0.034781381, 0.99924475, 0.017326877, -0.13957568;
 -0.0060091582, -0.017546155, 0.99982798, 1.5497055;
 0, 0, 0, 1]
Twc:
[0.99937689, -0.034781381, -0.0060091582, 0.073061898;
 0.034671277, 0.99924475, -0.017546155, 0.16904171;
 0.0066148993, 0.017326877, 0.99982798, -1.5465665;
 0, 0, 0, 1]
Ow:
[-0.068646885;
 -0.13957568;
 1.5497055]
Keyframe: 103 Frame: 557 Frame from vFrameID : 558
Tcw:
[0.99912053, 0.041551676, 0.0056239851, -0.070350893;
 -0.04173186, 0.99844289, 0.037016612, -0.14089447;
 -0.0040771258, -0.037218757, 0.99929881, 1.5626135;
 0, 0, 0, 1]
Twc:
[0.99912053, -0.04173186, -0.0040771258, 0.070780203;
 0.041551676, 0.99844289, -0.037218757, 0.20175681;
 0.0056239851, 0.037016612, 0.99929881, -1.5559068;
 0, 0, 0, 1]
Ow:
[-0.070350893;
 -0.14089447;
 1.5626135]
Keyframe: 104 Frame: 561 Frame from vFrameID : 562
Tcw:
[0.99851471, 0.051359031, 0.018183101, -0.071562529;
 -0.052241106, 0.99728423, 0.051914033, -0.14088346;
 -0.015467465, -0.052786831, 0.99848598, 1.5768964;
 0, 0, 0, 1]
Twc:
[0.99851471, -0.052241106, -0.015467465, 0.088486925;
 0.051359031, 0.99728423, -0.052786831, 0.22741559;
 0.018183101, 0.051914033, 0.99848598, -1.565894;
 0, 0, 0, 1]
Ow:
[-0.071562529;
 -0.14088346;
 1.5768964]
Keyframe: 105 Frame: 565 Frame from vFrameID : 566
Tcw:
[0.99915123, 0.031334803, 0.026738031, -0.076608881;
 -0.032685962, 0.99812818, 0.051689431, -0.14013404;
 -0.025068304, -0.052519519, 0.9983052, 1.5912746;
 0, 0, 0, 1]
Twc:
[0.99915123, -0.032685962, -0.025068304, 0.11185399;
 0.031334803, 0.99812818, -0.052519519, 0.22584523;
 0.026738031, 0.051689431, 0.9983052, -1.579286;
 0, 0, 0, 1]
Ow:
[-0.076608881;
 -0.14013404;
 1.5912746]
Keyframe: 106 Frame: 569 Frame from vFrameID : 570
Tcw:
[0.99889171, 0.0094173905, 0.046115246, -0.079550505;
 -0.011503843, 0.99891216, 0.045189977, -0.14137267;
 -0.045639507, -0.045670398, 0.99791342, 1.6078972;
 0, 0, 0, 1]
Twc:
[0.99889171, -0.011503843, -0.045639507, 0.15121965;
 0.0094173905, 0.99891216, -0.045670398, 0.21540134;
 0.046115246, 0.045189977, 0.99791342, -1.5944852;
 0, 0, 0, 1]
Ow:
[-0.079550505;
 -0.14137267;
 1.6078972]
Keyframe: 107 Frame: 573 Frame from vFrameID : 574
Tcw:
[0.99707466, 0.015632778, 0.074818313, -0.079301268;
 -0.020722941, 0.99748719, 0.067748398, -0.14208674;
 -0.073571213, -0.069100663, 0.99489313, 1.6215129;
 0, 0, 0, 1]
Twc:
[0.99707466, -0.020722941, -0.073571213, 0.19542149;
 0.015632778, 0.99748719, -0.069100663, 0.25501704;
 0.074818313, 0.067748398, 0.99489313, -1.5976727;
 0, 0, 0, 1]
Ow:
[-0.079301268;
 -0.14208674;
 1.6215129]
Keyframe: 108 Frame: 577 Frame from vFrameID : 578
Tcw:
[0.99861634, 0.024737379, 0.046404961, -0.080723882;
 -0.027774541, 0.99743372, 0.065988928, -0.14363956;
 -0.044653479, -0.067186497, 0.9967407, 1.639846;
 0, 0, 0, 1]
Twc:
[0.99861634, -0.027774541, -0.044653479, 0.14984749;
 0.024737379, 0.99743372, -0.067186497, 0.25544336;
 0.046404961, 0.065988928, 0.9967407, -1.6212766;
 0, 0, 0, 1]
Ow:
[-0.080723882;
 -0.14363956;
 1.639846]
Keyframe: 109 Frame: 581 Frame from vFrameID : 582
Tcw:
[0.99926436, 0.034925602, 0.015840121, -0.076863691;
 -0.035614699, 0.99832761, 0.045536913, -0.14524338;
 -0.014223224, -0.046067555, 0.99883705, 1.6520628;
 0, 0, 0, 1]
Twc:
[0.99926436, -0.035614699, -0.014223224, 0.095132008;
 0.034925602, 0.99832761, -0.046067555, 0.22379147;
 0.015840121, 0.045536913, 0.99883705, -1.6423101;
 0, 0, 0, 1]
Ow:
[-0.076863691;
 -0.14524338;
 1.6520628]
Keyframe: 110 Frame: 585 Frame from vFrameID : 586
Tcw:
[0.99901897, 0.041393239, 0.015739279, -0.079237774;
 -0.042345256, 0.99692506, 0.065934092, -0.14742894;
 -0.012961657, -0.06653589, 0.99769986, 1.6632612;
 0, 0, 0, 1]
Twc:
[0.99901897, -0.042345256, -0.012961657, 0.094475746;
 0.041393239, 0.99692506, -0.06653589, 0.26092207;
 0.015739279, 0.065934092, 0.99769986, -1.6484677;
 0, 0, 0, 1]
Ow:
[-0.079237774;
 -0.14742894;
 1.6632612]
Keyframe: 111 Frame: 589 Frame from vFrameID : 590
Tcw:
[0.99864662, 0.050234336, 0.013470324, -0.078165822;
 -0.051054593, 0.99625981, 0.069712251, -0.14843661;
 -0.0099179931, -0.070305631, 0.99747622, 1.6737278;
 0, 0, 0, 1]
Twc:
[0.99864662, -0.051054593, -0.0099179931, 0.087081678;
 0.050234336, 0.99625981, -0.070305631, 0.2694805;
 0.013470324, 0.069712251, 0.99747622, -1.6581028;
 0, 0, 0, 1]
Ow:
[-0.078165822;
 -0.14843661;
 1.6737278]
Keyframe: 112 Frame: 593 Frame from vFrameID : 594
Tcw:
[0.9982329, 0.054899368, 0.022739531, -0.080810405;
 -0.056238972, 0.99641538, 0.063194633, -0.146593;
 -0.019188672, -0.064361811, 0.99774212, 1.6859932;
 0, 0, 0, 1]
Twc:
[0.9982329, -0.056238972, -0.019188672, 0.10477534;
 0.054899368, 0.99641538, -0.064361811, 0.25901756;
 0.022739531, 0.063194633, 0.99774212, -1.671085;
 0, 0, 0, 1]
Ow:
[-0.080810405;
 -0.146593;
 1.6859932]
Keyframe: 113 Frame: 597 Frame from vFrameID : 598
Tcw:
[0.99913049, 0.04106693, 0.0071979724, -0.086236365;
 -0.041350808, 0.99812424, 0.045145351, -0.14570788;
 -0.0053304895, -0.045403738, 0.99895447, 1.6992071;
 0, 0, 0, 1]
Twc:
[0.99913049, -0.041350808, -0.0053304895, 0.089193843;
 0.04106693, 0.99812424, -0.045403738, 0.22612637;
 0.0071979724, 0.045145351, 0.99895447, -1.6902318;
 0, 0, 0, 1]
Ow:
[-0.086236365;
 -0.14570788;
 1.6992071]
Keyframe: 114 Frame: 601 Frame from vFrameID : 602
Tcw:
[0.99951237, 0.01584716, 0.026905697, -0.089290857;
 -0.017233133, 0.99849385, 0.052087076, -0.14692615;
 -0.02603974, -0.052525345, 0.99828005, 1.7159464;
 0, 0, 0, 1]
Twc:
[0.99951237, -0.017233133, -0.02603974, 0.13139811;
 0.01584716, 0.99849385, -0.052525345, 0.23825052;
 0.026905697, 0.052087076, 0.99828005, -1.7029396;
 0, 0, 0, 1]
Ow:
[-0.089290857;
 -0.14692615;
 1.7159464]
Keyframe: 115 Frame: 605 Frame from vFrameID : 606
Tcw:
[0.99738795, 0.019148009, 0.069646239, -0.088367514;
 -0.023070322, 0.99816662, 0.055956483, -0.14753176;
 -0.068447098, -0.057417084, 0.99600112, 1.7298356;
 0, 0, 0, 1]
Twc:
[0.99738795, -0.023070322, -0.068447098, 0.20313533;
 0.019148009, 0.99816662, -0.057417084, 0.24827547;
 0.069646239, 0.055956483, 0.99600112, -1.7085085;
 0, 0, 0, 1]
Ow:
[-0.088367514;
 -0.14753176;
 1.7298356]
Keyframe: 116 Frame: 609 Frame from vFrameID : 610
Tcw:
[0.9975484, 0.021006553, 0.06675306, -0.088539124;
 -0.024414012, 0.99841815, 0.050646905, -0.14761885;
 -0.065583549, -0.052152447, 0.99648327, 1.7442335;
 0, 0, 0, 1]
Twc:
[0.9975484, -0.024414012, -0.065583549, 0.19911112;
 0.021006553, 0.99841815, -0.052152447, 0.24021129;
 0.06675306, 0.050646905, 0.99648327, -1.7247128;
 0, 0, 0, 1]
Ow:
[-0.088539124;
 -0.14761885;
 1.7442335]
Keyframe: 117 Frame: 612 Frame from vFrameID : 613
Tcw:
[0.99797106, 0.040117782, 0.049440462, -0.087178677;
 -0.042872388, 0.99751127, 0.055975676, -0.14905146;
 -0.0470718, -0.057981733, 0.99720728, 1.7546306;
 0, 0, 0, 1]
Twc:
[0.99797106, -0.042872388, -0.0470718, 0.16320522;
 0.040117782, 0.99751127, -0.057981733, 0.25391445;
 0.049440462, 0.055975676, 0.99720728, -1.737077;
 0, 0, 0, 1]
Ow:
[-0.087178677;
 -0.14905146;
 1.7546306]
Keyframe: 118 Frame: 616 Frame from vFrameID : 617
Tcw:
[0.99878347, 0.047014933, 0.014870898, -0.086347967;
 -0.047756217, 0.99738735, 0.054201469, -0.15036331;
 -0.012283768, -0.054845709, 0.99841928, 1.7654908;
 0, 0, 0, 1]
Twc:
[0.99878347, -0.047756217, -0.012283768, 0.10074902;
 0.047014933, 0.99738735, -0.054845709, 0.25085971;
 0.014870898, 0.054201469, 0.99841928, -1.753266;
 0, 0, 0, 1]
Ow:
[-0.086347967;
 -0.15036331;
 1.7654908]
Keyframe: 119 Frame: 620 Frame from vFrameID : 621
Tcw:
[0.99824214, 0.058973499, 0.0058916388, -0.086950883;
 -0.059208598, 0.99673212, 0.054948922, -0.15200008;
 -0.0026318557, -0.055201169, 0.9984718, 1.7802287;
 0, 0, 0, 1]
Twc:
[0.99824214, -0.059208598, -0.0026318557, 0.082483634;
 0.058973499, 0.99673212, -0.055201169, 0.25490186;
 0.0058916388, 0.054948922, 0.9984718, -1.7686436;
 0, 0, 0, 1]
Ow:
[-0.086950883;
 -0.15200008;
 1.7802287]
Keyframe: 120 Frame: 625 Frame from vFrameID : 626
Tcw:
[0.99831623, 0.051869441, 0.025967266, -0.090012401;
 -0.053096693, 0.99738431, 0.049043313, -0.1511277;
 -0.023355495, -0.050339509, 0.99845904, 1.7960804;
 0, 0, 0, 1]
Twc:
[0.99831623, -0.053096693, -0.023355495, 0.1237848;
 0.051869441, 0.99738431, -0.050339509, 0.2458151;
 0.025967266, 0.049043313, 0.99845904, -1.7835635;
 0, 0, 0, 1]
Ow:
[-0.090012401;
 -0.1511277;
 1.7960804]
Keyframe: 121 Frame: 629 Frame from vFrameID : 630
Tcw:
[0.99743652, 0.030870881, 0.064554997, -0.094119102;
 -0.03272371, 0.99907655, 0.027843725, -0.15166077;
 -0.063635826, -0.029884828, 0.99752563, 1.8126944;
 0, 0, 0, 1]
Twc:
[0.99743652, -0.03272371, -0.063635826, 0.20426722;
 0.030870881, 0.99907655, -0.029884828, 0.2085983;
 0.064554997, 0.027843725, 0.99752563, -1.7979105;
 0, 0, 0, 1]
Ow:
[-0.094119102;
 -0.15166077;
 1.8126944]
Keyframe: 122 Frame: 633 Frame from vFrameID : 634
Tcw:
[0.99616706, 0.021614492, 0.084758736, -0.096504122;
 -0.025084442, 0.99888116, 0.040090069, -0.15257192;
 -0.08379738, -0.042062532, 0.99559468, 1.8251652;
 0, 0, 0, 1]
Twc:
[0.99616706, -0.025084442, -0.08379738, 0.24525107;
 0.021614492, 0.99888116, -0.042062532, 0.23125817;
 0.084758736, 0.040090069, 0.99559468, -1.8028286;
 0, 0, 0, 1]
Ow:
[-0.096504122;
 -0.15257192;
 1.8251652]
Keyframe: 123 Frame: 637 Frame from vFrameID : 638
Tcw:
[0.99627215, 0.026669031, 0.082040153, -0.098407745;
 -0.030979797, 0.99818057, 0.051728345, -0.15238097;
 -0.080511339, -0.054077096, 0.99528569, 1.8387196;
 0, 0, 0, 1]
Twc:
[0.99627215, -0.030979797, -0.080511339, 0.24135794;
 0.026669031, 0.99818057, -0.054077096, 0.25416079;
 0.082040153, 0.051728345, 0.99528569, -1.8140955;
 0, 0, 0, 1]
Ow:
[-0.098407745;
 -0.15238097;
 1.8387196]
Keyframe: 124 Frame: 641 Frame from vFrameID : 642
Tcw:
[0.99819779, 0.034280982, 0.049253821, -0.098842107;
 -0.036669392, 0.99815297, 0.048435662, -0.15457365;
 -0.047502425, -0.050154481, 0.99761117, 1.8518801;
 0, 0, 0, 1]
Twc:
[0.99819779, -0.036669392, -0.047502425, 0.18096466;
 0.034280982, 0.99815297, -0.050154481, 0.25055662;
 0.049253821, 0.048435662, 0.99761117, -1.8351011;
 0, 0, 0, 1]
Ow:
[-0.098842107;
 -0.15457365;
 1.8518801]
Keyframe: 125 Frame: 646 Frame from vFrameID : 647
Tcw:
[0.99928451, 0.037623055, 0.0038771466, -0.097858772;
 -0.037740376, 0.99861062, 0.036776695, -0.15654302;
 -0.0024881079, -0.036896706, 0.99931598, 1.8658386;
 0, 0, 0, 1]
Twc:
[0.99928451, -0.037740376, -0.0024881079, 0.096523166;
 0.037623055, 0.99861062, -0.036896706, 0.22885056;
 0.0038771466, 0.036776695, 0.99931598, -1.8584259;
 0, 0, 0, 1]
Ow:
[-0.097858772;
 -0.15654302;
 1.8658386]
Keyframe: 126 Frame: 651 Frame from vFrameID : 652
Tcw:
[0.99860632, 0.052537058, -0.0050258613, -0.099972367;
 -0.052301493, 0.99786669, 0.039072692, -0.15890573;
 0.0070679039, -0.038755376, 0.99922371, 1.8827795;
 0, 0, 0, 1]
Twc:
[0.99860632, -0.052301493, 0.0070679039, 0.078214727;
 0.052537058, 0.99786669, -0.038755376, 0.2367868;
 -0.0050258613, 0.039072692, 0.99922371, -1.8756115;
 0, 0, 0, 1]
Ow:
[-0.099972367;
 -0.15890573;
 1.8827795]
Keyframe: 127 Frame: 655 Frame from vFrameID : 656
Tcw:
[0.99869579, 0.050920259, 0.003715738, -0.10197092;
 -0.05100581, 0.99829006, 0.028553924, -0.15836769;
 -0.0022554111, -0.028706208, 0.99958533, 1.8946285;
 0, 0, 0, 1]
Twc:
[0.99869579, -0.05100581, -0.0022554111, 0.098033428;
 0.050920259, 0.99829006, -0.028706208, 0.21767689;
 0.003715738, 0.028553924, 0.99958533, -1.8889421;
 0, 0, 0, 1]
Ow:
[-0.10197092;
 -0.15836769;
 1.8946285]
Keyframe: 128 Frame: 659 Frame from vFrameID : 660
Tcw:
[0.99882805, 0.047058649, 0.011312159, -0.10507167;
 -0.047263172, 0.99871022, 0.0185489, -0.15878811;
 -0.010424683, -0.019061811, 0.99976397, 1.9063658;
 0, 0, 0, 1]
Twc:
[0.99882805, -0.047263172, -0.010424683, 0.11731696;
 0.047058649, 0.99871022, -0.019061811, 0.19986664;
 0.011312159, 0.0185489, 0.99976397, -1.9017819;
 0, 0, 0, 1]
Ow:
[-0.10507167;
 -0.15878811;
 1.9063658]
Keyframe: 129 Frame: 663 Frame from vFrameID : 664
Tcw:
[0.99879378, 0.031315032, 0.037819535, -0.10671075;
 -0.0328313, 0.99865377, 0.040159747, -0.16001093;
 -0.036511015, -0.041352972, 0.99847728, 1.9180324;
 0, 0, 0, 1]
Twc:
[0.99879378, -0.0328313, -0.036511015, 0.17135797;
 0.031315032, 0.99865377, -0.041352972, 0.2424535;
 0.037819535, 0.040159747, 0.99847728, -1.90465;
 0, 0, 0, 1]
Ow:
[-0.10671075;
 -0.16001093;
 1.9180324]
Keyframe: 130 Frame: 668 Frame from vFrameID : 669
Tcw:
[0.99841976, 0.03270888, 0.045696404, -0.10821357;
 -0.03510271, 0.9979983, 0.052604396, -0.1599891;
 -0.043884303, -0.054125335, 0.99756938, 1.9329301;
 0, 0, 0, 1]
Twc:
[0.99841976, -0.03510271, -0.043884303, 0.18725181;
 0.03270888, 0.9979983, -0.054125335, 0.26782888;
 0.045696404, 0.052604396, 0.99756938, -1.9148706;
 0, 0, 0, 1]
Ow:
[-0.10821357;
 -0.1599891;
 1.9329301]
Keyframe: 131 Frame: 672 Frame from vFrameID : 673
Tcw:
[0.99907541, 0.041757062, 0.010228689, -0.10872895;
 -0.042230327, 0.99777871, 0.051519413, -0.1602744;
 -0.008054669, -0.05190374, 0.99861962, 1.9485979;
 0, 0, 0, 1]
Twc:
[0.99907541, -0.042230327, -0.008054669, 0.11755529;
 0.041757062, 0.99777871, -0.05190374, 0.26559812;
 0.010228689, 0.051519413, 0.99861962, -1.9365387;
 0, 0, 0, 1]
Ow:
[-0.10872895;
 -0.1602744;
 1.9485979]
Keyframe: 132 Frame: 676 Frame from vFrameID : 677
Tcw:
[0.99837238, 0.054898974, -0.015448685, -0.10786235;
 -0.054130889, 0.99745607, 0.046381097, -0.16110447;
 0.017955659, -0.045469355, 0.99880433, 1.9622087;
 0, 0, 0, 1]
Twc:
[0.99837238, -0.054130889, 0.017955659, 0.063733317;
 0.054898974, 0.99745607, -0.045469355, 0.25583655;
 -0.015448685, 0.046381097, 0.99880433, -1.9540567;
 0, 0, 0, 1]
Ow:
[-0.10786235;
 -0.16110447;
 1.9622087]
Keyframe: 133 Frame: 680 Frame from vFrameID : 681
Tcw:
[0.99765992, 0.065222256, -0.020511758, -0.10804938;
 -0.063916221, 0.99621403, 0.058925975, -0.16226602;
 0.024277385, -0.05747705, 0.99805158, 1.9720486;
 0, 0, 0, 1]
Twc:
[0.99765992, -0.063916221, 0.024277385, 0.049548917;
 0.065222256, 0.99621403, -0.05747705, 0.28204644;
 -0.020511758, 0.058925975, 0.99805158, -1.9608608;
 0, 0, 0, 1]
Ow:
[-0.10804938;
 -0.16226602;
 1.9720486]
Keyframe: 134 Frame: 685 Frame from vFrameID : 686
Tcw:
[0.99823904, 0.059241034, -0.0030505543, -0.11238924;
 -0.058959901, 0.99652851, 0.058776818, -0.16087869;
 0.0065219635, -0.058493454, 0.99826646, 1.9879571;
 0, 0, 0, 1]
Twc:
[0.99823904, -0.058959901, 0.0065219635, 0.089740552;
 0.059241034, 0.99652851, -0.058493454, 0.28326073;
 -0.0030505543, 0.058776818, 0.99826646, -1.9753979;
 0, 0, 0, 1]
Ow:
[-0.11238924;
 -0.16087869;
 1.9879571]
Keyframe: 135 Frame: 689 Frame from vFrameID : 690
Tcw:
[0.99913293, 0.032615442, 0.025876524, -0.11655024;
 -0.033656877, 0.99859673, 0.040887158, -0.16218185;
 -0.02450666, -0.041722629, 0.99882865, 2.0031378;
 0, 0, 0, 1]
Twc:
[0.99913293, -0.033656877, -0.02450666, 0.16008087;
 0.032615442, 0.99859673, -0.041722629, 0.24933179;
 0.025876524, 0.040887158, 0.99882865, -1.9911443;
 0, 0, 0, 1]
Ow:
[-0.11655024;
 -0.16218185;
 2.0031378]
Keyframe: 136 Frame: 693 Frame from vFrameID : 694
Tcw:
[0.99909353, 0.01558791, 0.039612021, -0.11827523;
 -0.017968765, 0.99800783, 0.060477115, -0.16275501;
 -0.038590394, -0.061134074, 0.9973833, 2.0137584;
 0, 0, 0, 1]
Twc:
[0.99909353, -0.017968765, -0.038590394, 0.19295524;
 0.01558791, 0.99800783, -0.061134074, 0.28738368;
 0.039612021, 0.060477115, 0.9973833, -1.9939607;
 0, 0, 0, 1]
Ow:
[-0.11827523;
 -0.16275501;
 2.0137584]
Keyframe: 137 Frame: 698 Frame from vFrameID : 699
Tcw:
[0.99635321, 0.033732314, 0.07837376, -0.1178862;
 -0.039039928, 0.99697495, 0.067207247, -0.16265823;
 -0.07586962, -0.07002186, 0.99465609, 2.0287037;
 0, 0, 0, 1]
Twc:
[0.99635321, -0.039039928, -0.07586962, 0.26502311;
 0.033732314, 0.99697495, -0.07002186, 0.30819637;
 0.07837376, 0.067207247, 0.99465609, -1.9976916;
 0, 0, 0, 1]
Ow:
[-0.1178862;
 -0.16265823;
 2.0287037]
Keyframe: 138 Frame: 703 Frame from vFrameID : 704
Tcw:
[0.99850422, 0.020751098, 0.050583266, -0.11895479;
 -0.022760818, 0.99896091, 0.039484147, -0.1641596;
 -0.049711365, -0.040576406, 0.99793905, 2.0456572;
 0, 0, 0, 1]
Twc:
[0.99850422, -0.022760818, -0.049711365, 0.21673287;
 0.020751098, 0.99896091, -0.040576406, 0.24946289;
 0.050583266, 0.039484147, 0.99793905, -2.0289423;
 0, 0, 0, 1]
Ow:
[-0.11895479;
 -0.1641596;
 2.0456572]
Keyframe: 139 Frame: 709 Frame from vFrameID : 710
Tcw:
[0.99838811, 0.051483385, 0.023888949, -0.12027188;
 -0.052812114, 0.99687189, 0.05879911, -0.1660212;
 -0.020787045, -0.059965957, 0.99798393, 2.0648854;
 0, 0, 0, 1]
Twc:
[0.99838811, -0.052812114, -0.020787045, 0.15423295;
 0.051483385, 0.99687189, -0.059965957, 0.2955167;
 0.023888949, 0.05879911, 0.99798393, -2.0480876;
 0, 0, 0, 1]
Ow:
[-0.12027188;
 -0.1660212;
 2.0648854]
Keyframe: 140 Frame: 713 Frame from vFrameID : 714
Tcw:
[0.9976657, 0.066995919, 0.013216147, -0.11998361;
 -0.067723125, 0.99554074, 0.065667607, -0.16668476;
 -0.0087577505, -0.066409357, 0.99775404, 2.075434;
 0, 0, 0, 1]
Twc:
[0.9976657, -0.067723125, -0.0087577505, 0.12659125;
 0.066995919, 0.99554074, -0.066409357, 0.31180811;
 0.013216147, 0.065667607, 0.99775404, -2.0582411;
 0, 0, 0, 1]
Ow:
[-0.11998361;
 -0.16668476;
 2.075434]
Keyframe: 141 Frame: 718 Frame from vFrameID : 719
Tcw:
[0.99794859, 0.043099951, 0.047338765, -0.12641223;
 -0.045542091, 0.99761939, 0.051782437, -0.16542637;
 -0.044994254, -0.053832117, 0.99753577, 2.091284;
 0, 0, 0, 1]
Twc:
[0.99794859, -0.045542091, -0.044994254, 0.21271481;
 0.043099951, 0.99761939, -0.053832117, 0.28305918;
 0.047338765, 0.051782437, 0.99753577, -2.0715802;
 0, 0, 0, 1]
Ow:
[-0.12641223;
 -0.16542637;
 2.091284]
Keyframe: 142 Frame: 722 Frame from vFrameID : 723
Tcw:
[0.99767947, 0.030092871, 0.061074078, -0.13005012;
 -0.033050887, 0.99829966, 0.048015311, -0.16599175;
 -0.059525311, -0.049922444, 0.99697769, 2.1023617;
 0, 0, 0, 1]
Twc:
[0.99767947, -0.033050887, -0.059525311, 0.24940589;
 0.030092871, 0.99829966, -0.049922444, 0.27457812;
 0.061074078, 0.048015311, 0.99697769, -2.0800948;
 0, 0, 0, 1]
Ow:
[-0.13005012;
 -0.16599175;
 2.1023617]
Keyframe: 143 Frame: 726 Frame from vFrameID : 727
Tcw:
[0.99634284, 0.032055169, 0.079204559, -0.13126245;
 -0.038008615, 0.99647105, 0.074838676, -0.16712402;
 -0.076526083, -0.077575438, 0.9940452, 2.1130207;
 0, 0, 0, 1]
Twc:
[0.99634284, -0.038008615, -0.076526083, 0.28613144;
 0.032055169, 0.99647105, -0.077575438, 0.33466038;
 0.079204559, 0.074838676, 0.9940452, -2.077534;
 0, 0, 0, 1]
Ow:
[-0.13126245;
 -0.16712402;
 2.1130207]
Keyframe: 144 Frame: 730 Frame from vFrameID : 731
Tcw:
[0.99739671, 0.036597416, 0.062132355, -0.13274759;
 -0.041203696, 0.99636561, 0.074550942, -0.16752304;
 -0.05917817, -0.076916948, 0.99527973, 2.1270974;
 0, 0, 0, 1]
Twc:
[0.99739671, -0.041203696, -0.05917817, 0.25137717;
 0.036597416, 0.99636561, -0.076916948, 0.33538225;
 0.062132355, 0.074550942, 0.99527973, -2.0963199;
 0, 0, 0, 1]
Ow:
[-0.13274759;
 -0.16752304;
 2.1270974]
Keyframe: 145 Frame: 736 Frame from vFrameID : 737
Tcw:
[0.99783772, 0.057700321, 0.03147253, -0.12769169;
 -0.059792314, 0.99574149, 0.070169918, -0.16797058;
 -0.027289677, -0.07190001, 0.99703842, 2.144285;
 0, 0, 0, 1]
Twc:
[0.99783772, -0.059792314, -0.027289677, 0.17588907;
 0.057700321, 0.99574149, -0.07190001, 0.32879722;
 0.03147253, 0.070169918, 0.99703842, -2.1221294;
 0, 0, 0, 1]
Ow:
[-0.12769169;
 -0.16797058;
 2.144285]
Keyframe: 146 Frame: 741 Frame from vFrameID : 742
Tcw:
[0.99764574, 0.067495085, 0.012140233, -0.13015282;
 -0.06819839, 0.99505657, 0.072190128, -0.17109521;
 -0.0072077396, -0.072848119, 0.99731702, 2.1597328;
 0, 0, 0, 1]
Twc:
[0.99764574, -0.06819839, -0.0072077396, 0.13374479;
 0.067495085, 0.99505657, -0.072848119, 0.33636653;
 0.012140233, 0.072190128, 0.99731702, -2.1400068;
 0, 0, 0, 1]
Ow:
[-0.13015282;
 -0.17109521;
 2.1597328]
Keyframe: 147 Frame: 745 Frame from vFrameID : 746
Tcw:
[0.99750787, 0.068606444, 0.016467106, -0.13156338;
 -0.069666468, 0.99466765, 0.07604523, -0.17105474;
 -0.011162105, -0.07700292, 0.99696839, 2.1678247;
 0, 0, 0, 1]
Twc:
[0.99750787, -0.069666468, -0.011162105, 0.14351621;
 0.068606444, 0.99466765, -0.07700292, 0.34609753;
 0.016467106, 0.07604523, 0.99696839, -2.1460783;
 0, 0, 0, 1]
Ow:
[-0.13156338;
 -0.17105474;
 2.1678247]
Keyframe: 148 Frame: 749 Frame from vFrameID : 750
Tcw:
[0.99836671, 0.04459152, 0.035713691, -0.13418415;
 -0.046891924, 0.99669063, 0.066400006, -0.1709948;
 -0.032634623, -0.067966245, 0.99715376, 2.1791244;
 0, 0, 0, 1]
Twc:
[0.99836671, -0.046891924, -0.032634623, 0.19706163;
 0.04459152, 0.99669063, -0.067966245, 0.32451928;
 0.035713691, 0.066400006, 0.99715376, -2.1567757;
 0, 0, 0, 1]
Ow:
[-0.13418415;
 -0.1709948;
 2.1791244]
Keyframe: 149 Frame: 753 Frame from vFrameID : 754
Tcw:
[0.99803811, 0.026259053, 0.056836508, -0.13829422;
 -0.028295113, 0.99897546, 0.035319742, -0.17207527;
 -0.055850811, -0.036858644, 0.99775857, 2.1896629;
 0, 0, 0, 1]
Twc:
[0.99803811, -0.028295113, -0.055850811, 0.25544843;
 0.026259053, 0.99897546, -0.036858644, 0.25623843;
 0.056836508, 0.035319742, 0.99775857, -2.1708169;
 0, 0, 0, 1]
Ow:
[-0.13829422;
 -0.17207527;
 2.1896629]
Keyframe: 150 Frame: 757 Frame from vFrameID : 758
Tcw:
[0.9946565, 0.042480744, 0.094094634, -0.13819896;
 -0.048048481, 0.99717599, 0.057718009, -0.17243631;
 -0.091377012, -0.061930697, 0.99388874, 2.2021527;
 0, 0, 0, 1]
Twc:
[0.9946565, -0.048048481, -0.091377012, 0.3304013;
 0.042480744, 0.99717599, -0.061930697, 0.314201;
 0.094094634, 0.057718009, 0.99388874, -2.1657383;
 0, 0, 0, 1]
Ow:
[-0.13819896;
 -0.17243631;
 2.2021527]
Keyframe: 151 Frame: 761 Frame from vFrameID : 762
Tcw:
[0.99682218, 0.048686523, 0.063049011, -0.13985389;
 -0.052539039, 0.99675649, 0.060960095, -0.17197844;
 -0.059876576, -0.064078912, 0.99614692, 2.2124131;
 0, 0, 0, 1]
Twc:
[0.99682218, -0.052539039, -0.059876576, 0.26284561;
 0.048686523, 0.99675649, -0.064078912, 0.31999865;
 0.063049011, 0.060960095, 0.99614692, -2.184587;
 0, 0, 0, 1]
Ow:
[-0.13985389;
 -0.17197844;
 2.2124131]
Keyframe: 152 Frame: 765 Frame from vFrameID : 766
Tcw:
[0.9973433, 0.065744109, 0.031369518, -0.13806298;
 -0.067948923, 0.99483967, 0.075345434, -0.17236064;
 -0.026254125, -0.077276789, 0.99666393, 2.2238805;
 0, 0, 0, 1]
Twc:
[0.9973433, -0.067948923, -0.026254125, 0.1843705;
 0.065744109, 0.99483967, -0.077276789, 0.35240239;
 0.031369518, 0.075345434, 0.99666393, -2.1991441;
 0, 0, 0, 1]
Ow:
[-0.13806298;
 -0.17236064;
 2.2238805]
Keyframe: 153 Frame: 769 Frame from vFrameID : 770
Tcw:
[0.99735665, 0.072649099, 0.0013355651, -0.13735175;
 -0.072590329, 0.99540049, 0.062518381, -0.17340937;
 0.003212482, -0.062450074, 0.99804294, 2.2335086;
 0, 0, 0, 1]
Twc:
[0.99735665, -0.072590329, 0.003212482, 0.11722575;
 0.072649099, 0.99540049, -0.062450074, 0.32207301;
 0.0013355651, 0.062518381, 0.99804294, -2.2181125;
 0, 0, 0, 1]
Ow:
[-0.13735175;
 -0.17340937;
 2.2335086]
Keyframe: 154 Frame: 773 Frame from vFrameID : 774
Tcw:
[0.99650586, 0.081754543, -0.017096072, -0.13747136;
 -0.079811074, 0.99240088, 0.093651876, -0.17462163;
 0.024622623, -0.091960192, 0.99545819, 2.2449827;
 0, 0, 0, 1]
Twc:
[0.99650586, -0.079811074, 0.024622623, 0.067776918;
 0.081754543, 0.99240088, -0.091960192, 0.3909826;
 -0.017096072, 0.093651876, 0.99545819, -2.220783;
 0, 0, 0, 1]
Ow:
[-0.13747136;
 -0.17462163;
 2.2449827]
Keyframe: 155 Frame: 778 Frame from vFrameID : 779
Tcw:
[0.99711454, 0.075703911, -0.0056188358, -0.13971955;
 -0.074786417, 0.99233311, 0.098397247, -0.17455335;
 0.013024813, -0.097693108, 0.99513137, 2.2582023;
 0, 0, 0, 1]
Twc:
[0.99711454, -0.074786417, 0.013024813, 0.096849509;
 0.075703911, 0.99233311, -0.097693108, 0.40440318;
 -0.0056188358, 0.098397247, 0.99513137, -2.2308173;
 0, 0, 0, 1]
Ow:
[-0.13971955;
 -0.17455335;
 2.2582023]
Keyframe: 156 Frame: 782 Frame from vFrameID : 783
Tcw:
[0.99845713, 0.052880693, 0.01694103, -0.14247596;
 -0.054093067, 0.99519253, 0.081644073, -0.17517932;
 -0.01254219, -0.082434505, 0.99651754, 2.2683718;
 0, 0, 0, 1]
Twc:
[0.99845713, -0.054093067, -0.01254219, 0.16123052;
 0.052880693, 0.99519253, -0.082434505, 0.36886346;
 0.01694103, 0.081644073, 0.99651754, -2.2437563;
 0, 0, 0, 1]
Ow:
[-0.14247596;
 -0.17517932;
 2.2683718]
Keyframe: 157 Frame: 787 Frame from vFrameID : 788
Tcw:
[0.9974575, 0.040172994, 0.058861345, -0.14252238;
 -0.045788158, 0.99419326, 0.097381726, -0.17596593;
 -0.05460744, -0.099829286, 0.993505, 2.2806499;
 0, 0, 0, 1]
Twc:
[0.9974575, -0.045788158, -0.05460744, 0.2586433;
 0.040172994, 0.99419326, -0.099829286, 0.40834534;
 0.058861345, 0.097381726, 0.993505, -2.2403121;
 0, 0, 0, 1]
Ow:
[-0.14252238;
 -0.17596593;
 2.2806499]
Keyframe: 158 Frame: 791 Frame from vFrameID : 792
Tcw:
[0.99631661, 0.042521469, 0.074465305, -0.14255367;
 -0.049692769, 0.99401748, 0.097262055, -0.17680618;
 -0.069884084, -0.10060419, 0.99246913, 2.2913914;
 0, 0, 0, 1]
Twc:
[0.99631661, -0.049692769, -0.069884084, 0.29337439;
 0.042521469, 0.99401748, -0.10060419, 0.41233358;
 0.074465305, 0.097262055, 0.99246913, -2.2463233;
 0, 0, 0, 1]
Ow:
[-0.14255367;
 -0.17680618;
 2.2913914]
Keyframe: 159 Frame: 795 Frame from vFrameID : 796
Tcw:
[0.99806565, 0.053345222, 0.031925064, -0.14009495;
 -0.055468686, 0.9960171, 0.069808424, -0.17736734;
 -0.028073963, -0.071444236, 0.99704945, 2.3035481;
 0, 0, 0, 1]
Twc:
[0.99806565, -0.055468686, -0.028073963, 0.19465536;
 0.053345222, 0.9960171, -0.071444236, 0.34870952;
 0.031925064, 0.069808424, 0.99704945, -2.279897;
 0, 0, 0, 1]
Ow:
[-0.14009495;
 -0.17736734;
 2.3035481]
Keyframe: 160 Frame: 800 Frame from vFrameID : 801
Tcw:
[0.99769413, 0.067192316, 0.0095738713, -0.13818042;
 -0.067761838, 0.99412584, 0.084392868, -0.17966545;
 -0.0038470803, -0.084847011, 0.99638659, 2.313031;
 0, 0, 0, 1]
Twc:
[0.99769413, -0.067761838, -0.0038470803, 0.13458574;
 0.067192316, 0.99412584, -0.084847011, 0.38414848;
 0.0095738713, 0.084392868, 0.99638659, -2.2881875;
 0, 0, 0, 1]
Ow:
[-0.13818042;
 -0.17966545;
 2.313031]
Keyframe: 161 Frame: 805 Frame from vFrameID : 806
Tcw:
[0.99719387, 0.073167324, -0.015840184, -0.13883182;
 -0.071729966, 0.99440169, 0.077589191, -0.18065688;
 0.021428499, -0.07623525, 0.99685955, 2.3234684;
 0, 0, 0, 1]
Twc:
[0.99719387, -0.071729966, 0.021428499, 0.075695291;
 0.073167324, 0.99440169, -0.07623525, 0.36693367;
 -0.015840184, 0.077589191, 0.99685955, -2.304354;
 0, 0, 0, 1]
Ow:
[-0.13883182;
 -0.18065688;
 2.3234684]
Keyframe: 162 Frame: 809 Frame from vFrameID : 810
Tcw:
[0.99776679, 0.065802723, -0.011461696, -0.14304261;
 -0.064952567, 0.99588478, 0.063203216, -0.17970608;
 0.015573473, -0.062317606, 0.99793488, 2.3354833;
 0, 0, 0, 1]
Twc:
[0.99776679, -0.064952567, 0.015573473, 0.094679214;
 0.065802723, 0.99588478, -0.062317606, 0.33392087;
 -0.011461696, 0.063203216, 0.99793488, -2.3209417;
 0, 0, 0, 1]
Ow:
[-0.14304261;
 -0.17970608;
 2.3354833]
Keyframe: 163 Frame: 813 Frame from vFrameID : 814
Tcw:
[0.99867809, 0.051392734, -0.00095085247, -0.14697908;
 -0.051301014, 0.99771088, 0.044059426, -0.18084471;
 0.0032130103, -0.043952402, 0.99902844, 2.3451858;
 0, 0, 0, 1]
Twc:
[0.99867809, -0.051301014, 0.0032130103, 0.12997216;
 0.051392734, 0.99771088, -0.043952402, 0.29106092;
 -0.00095085247, 0.044059426, 0.99902844, -2.3350792;
 0, 0, 0, 1]
Ow:
[-0.14697908;
 -0.18084471;
 2.3451858]
Keyframe: 164 Frame: 817 Frame from vFrameID : 818
Tcw:
[0.99890769, 0.042998068, 0.018290685, -0.14977011;
 -0.04403292, 0.99719375, 0.060545638, -0.18127599;
 -0.015636012, -0.061284896, 0.99799782, 2.3562808;
 0, 0, 0, 1]
Twc:
[0.99890769, -0.04403292, -0.015636012, 0.17846724;
 0.042998068, 0.99719375, -0.061284896, 0.33161151;
 0.018290685, 0.060545638, 0.99799782, -2.3378484;
 0, 0, 0, 1]
Ow:
[-0.14977011;
 -0.18127599;
 2.3562808]
Keyframe: 165 Frame: 821 Frame from vFrameID : 822
Tcw:
[0.99782926, 0.051117849, 0.041517597, -0.15061945;
 -0.054518301, 0.99485511, 0.085388072, -0.18117191;
 -0.036939137, -0.087466188, 0.99548239, 2.3664761;
 0, 0, 0, 1]
Twc:
[0.99782926, -0.054518301, -0.036939137, 0.22783089;
 0.051117849, 0.99485511, -0.087466188, 0.39492577;
 0.041517597, 0.085388072, 0.99548239, -2.3340619;
 0, 0, 0, 1]
Ow:
[-0.15061945;
 -0.18117191;
 2.3664761]
Keyframe: 166 Frame: 825 Frame from vFrameID : 826
Tcw:
[0.99787217, 0.056741178, 0.03211879, -0.15191203;
 -0.059353348, 0.9944157, 0.087261416, -0.18088396;
 -0.026988115, -0.08898209, 0.99566752, 2.3752341;
 0, 0, 0, 1]
Twc:
[0.99787217, -0.059353348, -0.026988115, 0.2049558;
 0.056741178, 0.9944157, -0.08898209, 0.39984682;
 0.03211879, 0.087261416, 0.99566752, -2.3442802;
 0, 0, 0, 1]
Ow:
[-0.15191203;
 -0.18088396;
 2.3752341]
Keyframe: 167 Frame: 831 Frame from vFrameID : 832
Tcw:
[0.99697393, 0.077299558, -0.0082298126, -0.15134612;
 -0.076705016, 0.99540609, 0.057297591, -0.18440361;
 0.012621084, -0.05649294, 0.9983232, 2.3963456;
 0, 0, 0, 1]
Twc:
[0.99697393, -0.076705016, 0.012621084, 0.10649897;
 0.077299558, 0.99540609, -0.05649294, 0.33063209;
 -0.0082298126, 0.057297591, 0.9983232, -2.3830073;
 0, 0, 0, 1]
Ow:
[-0.15134612;
 -0.18440361;
 2.3963456]
Keyframe: 168 Frame: 836 Frame from vFrameID : 837
Tcw:
[0.99562162, 0.080915183, -0.046800874, -0.1510725;
 -0.077723384, 0.99476051, 0.066412173, -0.18695821;
 0.051929414, -0.062483873, 0.99669409, 2.4067569;
 0, 0, 0, 1]
Twc:
[0.99562162, -0.077723384, 0.051929414, 0.010898529;
 0.080915183, 0.99476051, -0.062483873, 0.3485862;
 -0.046800874, 0.066412173, 0.99669409, -2.3934546;
 0, 0, 0, 1]
Ow:
[-0.1510725;
 -0.18695821;
 2.4067569]
Keyframe: 169 Frame: 841 Frame from vFrameID : 842
Tcw:
[0.99612141, 0.081703328, -0.03266089, -0.15432766;
 -0.079918988, 0.99541038, 0.052641772, -0.18669863;
 0.036811996, -0.049827371, 0.99807918, 2.41956;
 0, 0, 0, 1]
Twc:
[0.99612141, -0.079918988, 0.036811996, 0.049739487;
 0.081703328, 0.99541038, -0.049827371, 0.31901112;
 -0.03266089, 0.052641772, 0.99807918, -2.4101248;
 0, 0, 0, 1]
Ow:
[-0.15432766;
 -0.18669863;
 2.41956]
Keyframe: 170 Frame: 846 Frame from vFrameID : 847
Tcw:
[0.99718773, 0.074564658, -0.0075287893, -0.15852809;
 -0.073979273, 0.99543977, 0.060222562, -0.18711649;
 0.011984931, -0.059496228, 0.99815661, 2.4342418;
 0, 0, 0, 1]
Twc:
[0.99718773, -0.073979273, 0.011984931, 0.11506531;
 0.074564658, 0.99543977, -0.059496228, 0.34291196;
 -0.0075287893, 0.060222562, 0.99815661, -2.4196792;
 0, 0, 0, 1]
Ow:
[-0.15852809;
 -0.18711649;
 2.4342418]
Keyframe: 171 Frame: 851 Frame from vFrameID : 852
Tcw:
[0.99836391, 0.0571176, 0.0026686592, -0.16009453;
 -0.057178695, 0.99695081, 0.05310107, -0.18913637;
 0.0003724838, -0.053166781, 0.99858558, 2.4455242;
 0, 0, 0, 1]
Twc:
[0.99836391, -0.057178695, 0.0003724838, 0.14810711;
 0.0571176, 0.99695081, -0.053166781, 0.32772452;
 0.0026686592, 0.05310107, 0.99858558, -2.4315946;
 0, 0, 0, 1]
Ow:
[-0.16009453;
 -0.18913637;
 2.4455242]
Keyframe: 172 Frame: 856 Frame from vFrameID : 857
Tcw:
[0.99828076, 0.058299653, -0.0060568503, -0.15881109;
 -0.058014818, 0.99752659, 0.03968678, -0.1896676;
 0.0083555952, -0.039267164, 0.99919379, 2.4584515;
 0, 0, 0, 1]
Twc:
[0.99828076, -0.058014818, 0.0083555952, 0.12699269;
 0.058299653, 0.99752659, -0.039267164, 0.29499352;
 -0.0060568503, 0.03968678, 0.99919379, -2.4499042;
 0, 0, 0, 1]
Ow:
[-0.15881109;
 -0.1896676;
 2.4584515]
Keyframe: 173 Frame: 861 Frame from vFrameID : 862
Tcw:
[0.99636334, 0.075791448, -0.038933329, -0.15924096;
 -0.073654145, 0.99583834, 0.053675, -0.19114231;
 0.042839412, -0.0506122, 0.99779916, 2.4696379;
 0, 0, 0, 1]
Twc:
[0.99636334, -0.073654145, 0.042839412, 0.038785603;
 0.075791448, 0.99583834, -0.0506122, 0.32740977;
 -0.038933329, 0.053675, 0.99779916, -2.4601431;
 0, 0, 0, 1]
Ow:
[-0.15924096;
 -0.19114231;
 2.4696379]
Keyframe: 174 Frame: 866 Frame from vFrameID : 867
Tcw:
[0.99270099, 0.092110127, -0.077848978, -0.15866916;
 -0.088524148, 0.99490082, 0.048329886, -0.19212297;
 0.081903689, -0.041085612, 0.99579304, 2.4801931;
 0, 0, 0, 1]
Twc:
[0.99270099, -0.088524148, 0.081903689, -0.062633455;
 0.092110127, 0.99490082, -0.041085612, 0.30765858;
 -0.077848978, 0.048329886, 0.99579304, -2.472826;
 0, 0, 0, 1]
Ow:
[-0.15866916;
 -0.19212297;
 2.4801931]
Keyframe: 175 Frame: 871 Frame from vFrameID : 872
Tcw:
[0.99537343, 0.079645604, -0.053742982, -0.16289262;
 -0.077099696, 0.99587244, 0.047892317, -0.19059981;
 0.057335567, -0.043527171, 0.99740565, 2.4944613;
 0, 0, 0, 1]
Twc:
[0.99537343, -0.077099696, 0.057335567, 0.0044224514;
 0.079645604, 0.99587244, -0.043527171, 0.31136364;
 -0.053742982, 0.047892317, 0.99740565, -2.4876158;
 0, 0, 0, 1]
Ow:
[-0.16289262;
 -0.19059981;
 2.4944613]
Keyframe: 176 Frame: 875 Frame from vFrameID : 876
Tcw:
[0.99756151, 0.06379918, -0.028295904, -0.16728738;
 -0.062755629, 0.99736673, 0.03635066, -0.19108367;
 0.030540535, -0.034486294, 0.99893844, 2.503418;
 0, 0, 0, 1]
Twc:
[0.99756151, -0.062755629, 0.030540535, 0.078432143;
 0.06379918, 0.99736673, -0.034486294, 0.2875869;
 -0.028295904, 0.03635066, 0.99893844, -2.498548;
 0, 0, 0, 1]
Ow:
[-0.16728738;
 -0.19108367;
 2.503418]
Keyframe: 177 Frame: 880 Frame from vFrameID : 881
Tcw:
[0.99832141, 0.057548705, -0.0065213372, -0.17016532;
 -0.05701166, 0.99629736, 0.064352624, -0.19292268;
 0.010200601, -0.063872814, 0.99790591, 2.5165794;
 0, 0, 0, 1]
Twc:
[0.99832141, -0.05701166, 0.010200601, 0.13321021;
 0.057548705, 0.99629736, -0.063872814, 0.36274213;
 -0.0065213372, 0.064352624, 0.99790591, -2.5000041;
 0, 0, 0, 1]
Ow:
[-0.17016532;
 -0.19292268;
 2.5165794]
Keyframe: 178 Frame: 885 Frame from vFrameID : 886
Tcw:
[0.99820209, 0.053540729, -0.026943587, -0.17183065;
 -0.051899768, 0.9969489, 0.058303796, -0.19254753;
 0.029983006, -0.056800604, 0.99793524, 2.5281856;
 0, 0, 0, 1]
Twc:
[0.99820209, -0.051899768, 0.029983006, 0.085725948;
 0.053540729, 0.9969489, -0.056800604, 0.34476244;
 -0.026943587, 0.058303796, 0.99793524, -2.5163689;
 0, 0, 0, 1]
Ow:
[-0.17183065;
 -0.19254753;
 2.5281856]
Keyframe: 179 Frame: 889 Frame from vFrameID : 890
Tcw:
[0.99754083, 0.05575598, -0.042468872, -0.17245074;
 -0.054150902, 0.9978075, 0.038051385, -0.19312495;
 0.044497352, -0.035658084, 0.99837291, 2.5381176;
 0, 0, 0, 1]
Twc:
[0.99754083, -0.054150902, 0.044497352, 0.04862925;
 0.05575598, 0.9978075, -0.035658084, 0.29282105;
 -0.042468872, 0.038051385, 0.99837291, -2.533963;
 0, 0, 0, 1]
Ow:
[-0.17245074;
 -0.19312495;
 2.5381176]
Keyframe: 180 Frame: 894 Frame from vFrameID : 895
Tcw:
[0.99419314, 0.082004271, -0.069679841, -0.17316423;
 -0.079160854, 0.99594963, 0.042637106, -0.19338462;
 0.072894037, -0.036873605, 0.99665779, 2.5516367;
 0, 0, 0, 1]
Twc:
[0.99419314, -0.079160854, 0.072894037, -0.029148908;
 0.082004271, 0.99594963, -0.036873605, 0.30088958;
 -0.069679841, 0.042637106, 0.99665779, -2.5469294;
 0, 0, 0, 1]
Ow:
[-0.17316423;
 -0.19338462;
 2.5516367]
Keyframe: 181 Frame: 898 Frame from vFrameID : 899
Tcw:
[0.99444288, 0.089542873, -0.05536592, -0.17413417;
 -0.086672731, 0.99486643, 0.052236397, -0.19295943;
 0.059759092, -0.047147397, 0.9970988, 2.5612998;
 0, 0, 0, 1]
Twc:
[0.99444288, -0.086672731, 0.059759092, 0.0033812225;
 0.089542873, 0.99486643, -0.047147397, 0.32831991;
 -0.05536592, 0.052236397, 0.9970988, -2.5534303;
 0, 0, 0, 1]
Ow:
[-0.17413417;
 -0.19295943;
 2.5612998]
Keyframe: 182 Frame: 903 Frame from vFrameID : 904
Tcw:
[0.99714684, 0.068081774, -0.032603476, -0.17848104;
 -0.066662356, 0.99685693, 0.042806115, -0.19214378;
 0.035415318, -0.040510561, 0.99855125, 2.5739088;
 0, 0, 0, 1]
Twc:
[0.99714684, -0.066662356, 0.035415318, 0.074007258;
 0.068081774, 0.99685693, -0.040510561, 0.30796167;
 -0.032603476, 0.042806115, 0.99855125, -2.5677741;
 0, 0, 0, 1]
Ow:
[-0.17848104;
 -0.19214378;
 2.5739088]
Keyframe: 183 Frame: 907 Frame from vFrameID : 908
Tcw:
[0.99874538, 0.049453583, -0.0078753289, -0.18253319;
 -0.049229253, 0.99843574, 0.026504867, -0.19399017;
 0.0091737704, -0.026083916, 0.99961764, 2.584131;
 0, 0, 0, 1]
Twc:
[0.99874538, -0.049229253, 0.0091737704, 0.14904796;
 0.049453583, 0.99843574, -0.026083916, 0.27011791;
 -0.0078753289, 0.026504867, 0.99961764, -2.5794389;
 0, 0, 0, 1]
Ow:
[-0.18253319;
 -0.19399017;
 2.584131]
Keyframe: 184 Frame: 912 Frame from vFrameID : 913
Tcw:
[0.99880332, 0.048153408, 0.0085534882, -0.18460137;
 -0.048392266, 0.99836731, 0.030346815, -0.19369978;
 -0.0070782206, -0.030724421, 0.99950284, 2.5945044;
 0, 0, 0, 1]
Twc:
[0.99880332, -0.048392266, -0.0070782206, 0.19337136;
 0.048153408, 0.99836731, -0.030724421, 0.28198734;
 0.0085534882, 0.030346815, 0.99950284, -2.5857573;
 0, 0, 0, 1]
Ow:
[-0.18460137;
 -0.19369978;
 2.5945044]
Keyframe: 185 Frame: 917 Frame from vFrameID : 918
Tcw:
[0.99851525, 0.054109424, -0.0062866337, -0.18493743;
 -0.053809773, 0.99771953, 0.040745825, -0.19354105;
 0.0084770303, -0.040347043, 0.99914974, 2.6074049;
 0, 0, 0, 1]
Twc:
[0.99851525, -0.053809773, 0.0084770303, 0.15214539;
 0.054109424, 0.99771953, -0.040347043, 0.30830765;
 -0.0062866337, 0.040745825, 0.99914974, -2.5984647;
 0, 0, 0, 1]
Ow:
[-0.18493743;
 -0.19354105;
 2.6074049]
Keyframe: 186 Frame: 922 Frame from vFrameID : 923
Tcw:
[0.99828273, 0.058124129, -0.0072961361, -0.18436667;
 -0.057718705, 0.99722415, 0.047038097, -0.19456366;
 0.010009931, -0.046536196, 0.99886644, 2.6206033;
 0, 0, 0, 1]
Twc:
[0.99828273, -0.057718705, 0.010009931, 0.14658803;
 0.058124129, 0.99722415, -0.046536196, 0.32669264;
 -0.0072961361, 0.047038097, 0.99886644, -2.6098258;
 0, 0, 0, 1]
Ow:
[-0.18436667;
 -0.19456366;
 2.6206033]
Keyframe: 187 Frame: 928 Frame from vFrameID : 929
Tcw:
[0.99695021, 0.078037664, -0.00063549646, -0.18637985;
 -0.077824757, 0.9947691, 0.066164508, -0.19457728;
 0.0057954956, -0.06591326, 0.99780852, 2.6339688;
 0, 0, 0, 1]
Twc:
[0.99695021, -0.077824757, 0.0057954956, 0.15540335;
 0.078037664, 0.9947691, -0.06591326, 0.38171759;
 -0.00063549646, 0.066164508, 0.99780852, -2.6154408;
 0, 0, 0, 1]
Ow:
[-0.18637985;
 -0.19457728;
 2.6339688]
Keyframe: 188 Frame: 933 Frame from vFrameID : 934
Tcw:
[0.99811339, 0.061297227, 0.0035029151, -0.19099396;
 -0.06139392, 0.9970265, 0.046571303, -0.19408727;
 -0.00063780765, -0.046698499, 0.99890882, 2.6481063;
 0, 0, 0, 1]
Twc:
[0.99811339, -0.06139392, -0.00063780765, 0.18040685;
 0.061297227, 0.9970265, -0.046698499, 0.32888016;
 0.0035029151, 0.046571303, 0.99890882, -2.6355088;
 0, 0, 0, 1]
Ow:
[-0.19099396;
 -0.19408727;
 2.6481063]
Keyframe: 189 Frame: 937 Frame from vFrameID : 938
Tcw:
[0.99835485, 0.053793069, 0.019847604, -0.19339892;
 -0.054851569, 0.99684733, 0.057329353, -0.19447601;
 -0.01670111, -0.058323707, 0.99815804, 2.6567738;
 0, 0, 0, 1]
Twc:
[0.99835485, -0.054851569, -0.01670111, 0.2267845;
 0.053793069, 0.99684733, -0.058323707, 0.35921931;
 0.019847604, 0.057329353, 0.99815804, -2.6368923;
 0, 0, 0, 1]
Ow:
[-0.19339892;
 -0.19447601;
 2.6567738]
Keyframe: 190 Frame: 942 Frame from vFrameID : 943
Tcw:
[0.99824071, 0.050288614, 0.031409826, -0.19535422;
 -0.052492034, 0.99589151, 0.073788337, -0.19509964;
 -0.027570065, -0.075307287, 0.99677914, 2.6674562;
 0, 0, 0, 1]
Twc:
[0.99824071, -0.052492034, -0.027570065, 0.2583113;
 0.050288614, 0.99589151, -0.075307287, 0.40500104;
 0.031409826, 0.073788337, 0.99677914, -2.6383326;
 0, 0, 0, 1]
Ow:
[-0.19535422;
 -0.19509964;
 2.6674562]
Keyframe: 191 Frame: 947 Frame from vFrameID : 948
Tcw:
[0.99888283, 0.04698861, -0.0050169462, -0.19617085;
 -0.046696994, 0.99777174, 0.047654636, -0.19634925;
 0.0072449921, -0.047367122, 0.9988513, 2.6816118;
 0, 0, 0, 1]
Twc:
[0.99888283, -0.046696994, 0.0072449921, 0.16735452;
 0.04698861, 0.99777174, -0.047367122, 0.33214974;
 -0.0050169462, 0.047654636, 0.9988513, -2.6701586;
 0, 0, 0, 1]
Ow:
[-0.19617085;
 -0.19634925;
 2.6816118]
Keyframe: 192 Frame: 951 Frame from vFrameID : 952
Tcw:
[0.99849719, 0.054800756, 0.00050481461, -0.19452898;
 -0.054772291, 0.99758512, 0.04270763, -0.19720137;
 0.0018368149, -0.042671099, 0.99908751, 2.6894474;
 0, 0, 0, 1]
Twc:
[0.99849719, -0.054772291, 0.0018368149, 0.17849545;
 0.054800756, 0.99758512, -0.042671099, 0.32214716;
 0.00050481461, 0.04270763, 0.99908751, -2.678473;
 0, 0, 0, 1]
Ow:
[-0.19452898;
 -0.19720137;
 2.6894474]
Keyframe: 193 Frame: 956 Frame from vFrameID : 957
Tcw:
[0.99770534, 0.067113183, 0.0089396322, -0.19368504;
 -0.067452647, 0.99668097, 0.045575634, -0.19783902;
 -0.0058512357, -0.046074055, 0.99892092, 2.6979887;
 0, 0, 0, 1]
Twc:
[0.99770534, -0.067452647, -0.0058512357, 0.19568241;
 0.067113183, 0.99668097, -0.046074055, 0.33448848;
 0.0089396322, 0.045575634, 0.99892092, -2.684329;
 0, 0, 0, 1]
Ow:
[-0.19368504;
 -0.19783902;
 2.6979887]
Keyframe: 194 Frame: 961 Frame from vFrameID : 962
Tcw:
[0.99790734, 0.056540005, 0.031372037, -0.19765216;
 -0.057689548, 0.9976474, 0.03703399, -0.19680986;
 -0.029204329, -0.038766328, 0.99882144, 2.7111337;
 0, 0, 0, 1]
Twc:
[0.99790734, -0.057689548, -0.029204329, 0.2650615;
 0.056540005, 0.9976474, -0.038766328, 0.31262279;
 0.031372037, 0.03703399, 0.99882144, -2.6944489;
 0, 0, 0, 1]
Ow:
[-0.19765216;
 -0.19680986;
 2.7111337]
Keyframe: 195 Frame: 966 Frame from vFrameID : 967
Tcw:
[0.99789613, 0.033763681, 0.055347178, -0.20022695;
 -0.035733141, 0.99874866, 0.034988817, -0.19645929;
 -0.054096572, -0.036892936, 0.99785393, 2.7234731;
 0, 0, 0, 1]
Twc:
[0.99789613, -0.035733141, -0.054096572, 0.34011611;
 0.033763681, 0.99874866, -0.036892936, 0.30345076;
 0.055347178, 0.034988817, 0.99785393, -2.6996722;
 0, 0, 0, 1]
Ow:
[-0.20022695;
 -0.19645929;
 2.7234731]
Keyframe: 196 Frame: 971 Frame from vFrameID : 972
Tcw:
[0.99623692, 0.029091431, 0.081643969, -0.2000929;
 -0.033387285, 0.99810159, 0.051754478, -0.19795924;
 -0.079983361, -0.05428559, 0.99531692, 2.7334454;
 0, 0, 0, 1]
Twc:
[0.99623692, -0.033387285, -0.079983361, 0.41136074;
 0.029091431, 0.99810159, -0.05428559, 0.35179111;
 0.081643969, 0.051754478, 0.99531692, -2.6940627;
 0, 0, 0, 1]
Ow:
[-0.2000929;
 -0.19795924;
 2.7334454]
Keyframe: 197 Frame: 976 Frame from vFrameID : 977
Tcw:
[0.99806207, 0.041286506, 0.046556178, -0.19981359;
 -0.043165792, 0.99826247, 0.0401101, -0.19789121;
 -0.044819281, -0.042042006, 0.99811006, 2.7454729;
 0, 0, 0, 1]
Twc:
[0.99806207, -0.043165792, -0.044819281, 0.31393436;
 0.041286506, 0.99826247, -0.042042006, 0.32122216;
 0.046556178, 0.0401101, 0.99811006, -2.7230444;
 0, 0, 0, 1]
Ow:
[-0.19981359;
 -0.19789121;
 2.7454729]
Keyframe: 198 Frame: 980 Frame from vFrameID : 981
Tcw:
[0.99904704, 0.043574721, 0.0024906083, -0.19767265;
 -0.043640185, 0.99820864, 0.040927112, -0.19855872;
 -0.00070275919, -0.040996801, 0.99915904, 2.7524223;
 0, 0, 0, 1]
Twc:
[0.99904704, -0.043640185, -0.00070275919, 0.19075345;
 0.043574721, 0.99820864, -0.040996801, 0.31965706;
 0.0024906083, 0.040927112, 0.99915904, -2.7414889;
 0, 0, 0, 1]
Ow:
[-0.19767265;
 -0.19855872;
 2.7524223]
Keyframe: 199 Frame: 984 Frame from vFrameID : 985
Tcw:
[0.9985069, 0.053711746, -0.0099529866, -0.19679695;
 -0.05321867, 0.99759001, 0.044518776, -0.19909918;
 0.012320181, -0.043922622, 0.99895895, 2.7589476;
 0, 0, 0, 1]
Twc:
[0.9985069, -0.05321867, 0.012320181, 0.15191658;
 0.053711746, 0.99759001, -0.043922622, 0.33036989;
 -0.0099529866, 0.044518776, 0.99895895, -2.7491705;
 0, 0, 0, 1]
Ow:
[-0.19679695;
 -0.19909918;
 2.7589476]
Keyframe: 200 Frame: 989 Frame from vFrameID : 990
Tcw:
[0.99807495, 0.061995126, -0.0017350848, -0.19668548;
 -0.061761264, 0.99608159, 0.063301124, -0.19893996;
 0.005652647, -0.063072108, 0.99799299, 2.7707405;
 0, 0, 0, 1]
Twc:
[0.99807495, -0.061761264, 0.005652647, 0.16835804;
 0.061995126, 0.99608159, -0.063072108, 0.38511038;
 -0.0017350848, 0.063301124, 0.99799299, -2.7529275;
 0, 0, 0, 1]
Ow:
[-0.19668548;
 -0.19893996;
 2.7707405]
Keyframe: 201 Frame: 995 Frame from vFrameID : 996
Tcw:
[0.99916333, 0.039598621, 0.01022603, -0.20035933;
 -0.039922658, 0.99863392, 0.03371089, -0.19857951;
 -0.0088771563, -0.034090936, 0.99937934, 2.7831571;
 0, 0, 0, 1]
Twc:
[0.99916333, -0.039922658, -0.0088771563, 0.21697038;
 0.039598621, 0.99863392, -0.034090936, 0.30112264;
 0.01022603, 0.03371089, 0.99937934, -2.7726865;
 0, 0, 0, 1]
Ow:
[-0.20035933;
 -0.19857951;
 2.7831571]
Keyframe: 202 Frame: 1001 Frame from vFrameID : 1002
Tcw:
[0.99886638, 0.030930042, 0.036183596, -0.20158593;
 -0.032675084, 0.99828011, 0.048673887, -0.19940585;
 -0.034615882, -0.049801011, 0.99815911, 2.794575;
 0, 0, 0, 1]
Twc:
[0.99886638, -0.032675084, -0.034615882, 0.2915785;
 0.030930042, 0.99828011, -0.049801011, 0.34447062;
 0.036183596, 0.048673887, 0.99815911, -2.7724307;
 0, 0, 0, 1]
Ow:
[-0.20158593;
 -0.19940585;
 2.794575]
Keyframe: 203 Frame: 1006 Frame from vFrameID : 1007
Tcw:
[0.99878407, 0.03614476, 0.033524849, -0.20280407;
 -0.037863929, 0.99792129, 0.052148245, -0.1989727;
 -0.031570274, -0.053354219, 0.9980765, 2.8040724;
 0, 0, 0, 1]
Twc:
[0.99878407, -0.037863929, -0.031570274, 0.28354892;
 0.03614476, 0.99792129, -0.053354219, 0.35549849;
 0.033524849, 0.052148245, 0.9980765, -2.7815034;
 0, 0, 0, 1]
Ow:
[-0.20280407;
 -0.1989727;
 2.8040724]
Keyframe: 204 Frame: 1011 Frame from vFrameID : 1012
Tcw:
[0.99803573, 0.059617463, -0.019247588, -0.1991818;
 -0.058673594, 0.99720043, 0.046354737, -0.20042966;
 0.021957254, -0.045134358, 0.9987396, 2.8165834;
 0, 0, 0, 1]
Twc:
[0.99803573, -0.058673594, 0.021957254, 0.12518618;
 0.059617463, 0.99720043, -0.045134358, 0.33886793;
 -0.019247588, 0.046354737, 0.9987396, -2.8075762;
 0, 0, 0, 1]
Ow:
[-0.1991818;
 -0.20042966;
 2.8165834]
Keyframe: 205 Frame: 1017 Frame from vFrameID : 1018
Tcw:
[0.99670589, 0.068503872, -0.043412127, -0.19596383;
 -0.066343106, 0.99657327, 0.049400028, -0.20067711;
 0.046647456, -0.046357203, 0.99783516, 2.8257329;
 0, 0, 0, 1]
Twc:
[0.99670589, -0.066343106, 0.046647456, 0.050191503;
 0.068503872, 0.99657327, -0.046357203, 0.34440681;
 -0.043412127, 0.049400028, 0.99783516, -2.8182094;
 0, 0, 0, 1]
Ow:
[-0.19596383;
 -0.20067711;
 2.8257329]
Keyframe: 206 Frame: 1024 Frame from vFrameID : 1025
Tcw:
[0.99648082, 0.076169595, -0.03498799, -0.19601208;
 -0.074064262, 0.99556702, 0.057972088, -0.20082404;
 0.039248601, -0.055176716, 0.99770492, 2.8365352;
 0, 0, 0, 1]
Twc:
[0.99648082, -0.074064262, 0.039248601, 0.069118366;
 0.076169595, 0.99556702, -0.055176716, 0.37137464;
 -0.03498799, 0.057972088, 0.99770492, -2.8252409;
 0, 0, 0, 1]
Ow:
[-0.19601208;
 -0.20082404;
 2.8365352]
Keyframe: 207 Frame: 1028 Frame from vFrameID : 1029
Tcw:
[0.99694997, 0.072846405, -0.02800253, -0.19669421;
 -0.071303815, 0.99606574, 0.052619256, -0.20081824;
 0.031725485, -0.050462078, 0.99822193, 2.8423121;
 0, 0, 0, 1]
Twc:
[0.99694997, -0.071303815, 0.031725485, 0.091601446;
 0.072846405, 0.99606574, -0.050462078, 0.35778564;
 -0.02800253, 0.052619256, 0.99822193, -2.8321996;
 0, 0, 0, 1]
Ow:
[-0.19669421;
 -0.20081824;
 2.8423121]
Keyframe: 208 Frame: 1033 Frame from vFrameID : 1034
Tcw:
[0.99834967, 0.05436958, -0.01849035, -0.1995379;
 -0.053909589, 0.99824452, 0.024527248, -0.20144975;
 0.019791426, -0.023489963, 0.99952817, 2.8498342;
 0, 0, 0, 1]
Twc:
[0.99834967, -0.053909589, 0.019791426, 0.13194624;
 0.05436958, 0.99824452, -0.023489963, 0.27888742;
 -0.01849035, 0.024527248, 0.99952817, -2.8472381;
 0, 0, 0, 1]
Ow:
[-0.1995379;
 -0.20144975;
 2.8498342]
Keyframe: 209 Frame: 1038 Frame from vFrameID : 1039
Tcw:
[0.99925208, 0.031766288, 0.022048255, -0.20139244;
 -0.032548133, 0.99881953, 0.036057286, -0.20107919;
 -0.020876821, -0.036747951, 0.99910647, 2.858943;
 0, 0, 0, 1]
Twc:
[0.99925208, -0.032548133, -0.020876821, 0.25438273;
 0.031766288, 0.99881953, -0.036747951, 0.31229961;
 0.022048255, 0.036057286, 0.99910647, -2.8446977;
 0, 0, 0, 1]
Ow:
[-0.20139244;
 -0.20107919;
 2.858943]
Keyframe: 210 Frame: 1043 Frame from vFrameID : 1044
Tcw:
[0.99769342, 0.046587259, 0.049370643, -0.20201978;
 -0.048804052, 0.9978081, 0.044689275, -0.20088011;
 -0.047180478, -0.046995681, 0.99778026, 2.8695168;
 0, 0, 0, 1]
Twc:
[0.99769342, -0.048804052, -0.047180478, 0.32713521;
 0.046587259, 0.9978081, -0.046995681, 0.34470624;
 0.049370643, 0.044689275, 0.99778026, -2.8441961;
 0, 0, 0, 1]
Ow:
[-0.20201978;
 -0.20088011;
 2.8695168]
Keyframe: 211 Frame: 1048 Frame from vFrameID : 1049
Tcw:
[0.99881798, 0.047441479, 0.010577913, -0.20104906;
 -0.047830623, 0.99804586, 0.040208142, -0.20225313;
 -0.0086497087, -0.040666565, 0.99913532, 2.8787916;
 0, 0, 0, 1]
Twc:
[0.99881798, -0.047830623, -0.0086497087, 0.21603824;
 0.047441479, 0.99804586, -0.040666565, 0.32846653;
 0.010577913, 0.040208142, 0.99913532, -2.8660433;
 0, 0, 0, 1]
Ow:
[-0.20104906;
 -0.20225313;
 2.8787916]
Keyframe: 212 Frame: 1053 Frame from vFrameID : 1054
Tcw:
[0.9983533, 0.056482412, -0.010023329, -0.19958349;
 -0.056240201, 0.99815249, 0.022993395, -0.20359598;
 0.011303533, -0.022391817, 0.99968535, 2.8864563;
 0, 0, 0, 1]
Twc:
[0.9983533, -0.056240201, 0.011303533, 0.15517738;
 0.056482412, 0.99815249, -0.022391817, 0.27912578;
 -0.010023329, 0.022993395, 0.99968535, -2.8828673;
 0, 0, 0, 1]
Ow:
[-0.19958349;
 -0.20359598;
 2.8864563]
Keyframe: 213 Frame: 1058 Frame from vFrameID : 1059
Tcw:
[0.99726087, 0.07287319, -0.012661564, -0.19898716;
 -0.072381981, 0.99673849, 0.035682581, -0.20432088;
 0.015220571, -0.034668371, 0.99928296, 2.8925643;
 0, 0, 0, 1]
Twc:
[0.99726087, -0.072381981, 0.015220571, 0.13962646;
 0.07287319, 0.99673849, -0.034668371, 0.31843582;
 -0.012661564, 0.035682581, 0.99928296, -2.8857191;
 0, 0, 0, 1]
Ow:
[-0.19898716;
 -0.20432088;
 2.8925643]
Keyframe: 214 Frame: 1063 Frame from vFrameID : 1064
Tcw:
[0.99740988, 0.071800426, 0.0042741299, -0.20006984;
 -0.071907282, 0.99677682, 0.035570614, -0.2037403;
 -0.0017063683, -0.035785824, 0.999358, 2.8996351;
 0, 0, 0, 1]
Twc:
[0.99740988, -0.071907282, -0.0017063683, 0.18984908;
 0.071800426, 0.99677682, -0.035785824, 0.32121453;
 0.0042741299, 0.035570614, 0.999358, -2.8896713;
 0, 0, 0, 1]
Ow:
[-0.20006984;
 -0.2037403;
 2.8996351]
Keyframe: 215 Frame: 1068 Frame from vFrameID : 1069
Tcw:
[0.99808675, 0.061146136, 0.0091627724, -0.20387268;
 -0.061312024, 0.99793637, 0.019073565, -0.20432574;
 -0.007977589, -0.01959886, 0.99977612, 2.9069355;
 0, 0, 0, 1]
Twc:
[0.99808675, -0.061312024, -0.007977589, 0.21414533;
 0.061146136, 0.99793637, -0.01959886, 0.27334273;
 0.0091627724, 0.019073565, 0.99977612, -2.9005194;
 0, 0, 0, 1]
Ow:
[-0.20387268;
 -0.20432574;
 2.9069355]
Keyframe: 216 Frame: 1072 Frame from vFrameID : 1073
Tcw:
[0.99869877, 0.044976514, 0.024038931, -0.20678462;
 -0.045387093, 0.99882793, 0.016815878, -0.2028963;
 -0.023254436, -0.017885054, 0.99956959, 2.9107647;
 0, 0, 0, 1]
Twc:
[0.99869877, -0.045387093, -0.023254436, 0.26499486;
 0.044976514, 0.99882793, -0.017885054, 0.26401812;
 0.024038931, 0.016815878, 0.99956959, -2.901129;
 0, 0, 0, 1]
Ow:
[-0.20678462;
 -0.2028963;
 2.9107647]
Keyframe: 217 Frame: 1077 Frame from vFrameID : 1078
Tcw:
[0.99784219, 0.053740356, 0.037721269, -0.20639247;
 -0.054741021, 0.99816161, 0.026015637, -0.20398945;
 -0.036253836, -0.028024402, 0.99894959, 2.914257;
 0, 0, 0, 1]
Twc:
[0.99784219, -0.054741021, -0.036253836, 0.30043352;
 0.053740356, 0.99816161, -0.028024402, 0.29637632;
 0.037721269, 0.026015637, 0.99894959, -2.8981035;
 0, 0, 0, 1]
Ow:
[-0.20639247;
 -0.20398945;
 2.914257]
