Keyframe: 0 Frame: 0 Frame from vFrameID : 126
Tcw:
[0.99629331, -0.042148065, -0.074988268, 0.14237218;
 -0.051941305, 0.40012574, -0.91498715, -0.015310111;
 0.068569675, 0.91549057, 0.39645335, 0.0731574;
 0, 0, 0, 1]
Twc:
[0.99629331, -0.051941305, 0.068569675, -0.14765605;
 -0.042148065, 0.40012574, 0.91549057, -0.054848224;
 -0.074988268, -0.91498715, 0.39645335, -0.032335807;
 0, 0, 0, 1]
Ow:
[0.14237218;
 -0.015310111;
 0.0731574]
Keyframe: 1 Frame: 131 Frame from vFrameID : 126
Tcw:
[0.99535275, -0.062567815, -0.073199227, 0.15541424;
 -0.040739477, 0.41516286, -0.90883446, -0.025817171;
 0.087253392, 0.90759301, 0.41068453, 0.077988043;
 0, 0, 0, 1]
Twc:
[0.99535275, -0.040739477, 0.087253392, -0.1625485;
 -0.062567815, 0.41516286, 0.90759301, -0.050339144;
 -0.073199227, -0.90883446, 0.41068453, -0.044115815;
 0, 0, 0, 1]
Ow:
[0.15541424;
 -0.025817171;
 0.077988043]
Keyframe: 2 Frame: 132 Frame from vFrameID : 133
Tcw:
[0.99535453, -0.062460449, -0.073266648, 0.15535377;
 -0.040843334, 0.41518429, -0.90882003, -0.026037961;
 0.087184466, 0.90759057, 0.41070449, 0.078112938;
 0, 0, 0, 1]
Twc:
[0.99535453, -0.040843334, 0.087184466, -0.16250581;
 -0.062460449, 0.41518429, 0.90759057, -0.050380547;
 -0.073266648, -0.90882003, 0.41070449, -0.044362899;
 0, 0, 0, 1]
Ow:
[0.15535377;
 -0.026037961;
 0.078112938]
Keyframe: 3 Frame: 136 Frame from vFrameID : 137
Tcw:
[0.99632806, -0.052888203, -0.067329206, 0.15557106;
 -0.040135078, 0.40612876, -0.91293406, -0.03129679;
 0.075627767, 0.91228408, 0.40251482, 0.1001935;
 0, 0, 0, 1]
Twc:
[0.99632806, -0.040135078, 0.075627767, -0.16383334;
 -0.052888203, 0.40612876, 0.91228408, -0.070466541;
 -0.067329206, -0.91293406, 0.40251482, -0.058426801;
 0, 0, 0, 1]
Ow:
[0.15557106;
 -0.03129679;
 0.1001935]
Keyframe: 4 Frame: 139 Frame from vFrameID : 140
Tcw:
[0.99780697, -0.0475442, -0.046052173, 0.15437923;
 -0.023388861, 0.39761046, -0.91725618, -0.035638936;
 0.061921038, 0.91632169, 0.39562649, 0.11290913;
 0, 0, 0, 1]
Twc:
[0.99780697, -0.023388861, 0.061921038, -0.16186567;
 -0.0475442, 0.39761046, 0.91632169, -0.081950843;
 -0.046052173, -0.91725618, 0.39562649, -0.070250377;
 0, 0, 0, 1]
Ow:
[0.15437923;
 -0.035638936;
 0.11290913]
Keyframe: 5 Frame: 142 Frame from vFrameID : 143
Tcw:
[0.99825412, -0.03924121, -0.044145431, 0.14916153;
 -0.025785334, 0.38289014, -0.92343396, -0.040925462;
 0.053139515, 0.92296004, 0.38120982, 0.11661799;
 0, 0, 0, 1]
Twc:
[0.99825412, -0.025785334, 0.053139515, -0.15615343;
 -0.03924121, 0.38289014, 0.92296004, -0.086110517;
 -0.044145431, -0.92343396, 0.38120982, -0.075663082;
 0, 0, 0, 1]
Ow:
[0.14916153;
 -0.040925462;
 0.11661799]
Keyframe: 6 Frame: 145 Frame from vFrameID : 146
Tcw:
[0.99874449, -0.047507681, -0.01588943, 0.15145159;
 0.0042059631, 0.39559463, -0.91841561, -0.048531607;
 0.049917568, 0.91719568, 0.39529777, 0.1191656;
 0, 0, 0, 1]
Twc:
[0.99874449, 0.0042059631, 0.049917568, -0.15700577;
 -0.047507681, 0.39559463, 0.91719568, -0.08290422;
 -0.01588943, -0.91841561, 0.39529777, -0.089271598;
 0, 0, 0, 1]
Ow:
[0.15145159;
 -0.048531607;
 0.1191656]
Keyframe: 7 Frame: 147 Frame from vFrameID : 148
Tcw:
[0.9990921, -0.041996632, -0.0071611796, 0.15288649;
 0.010457024, 0.40469119, -0.9143936, -0.051195256;
 0.041299518, 0.91348857, 0.40476292, 0.12288612;
 0, 0, 0, 1]
Twc:
[0.9990921, 0.010457024, 0.041299518, -0.15728748;
 -0.041996632, 0.40469119, 0.91348857, -0.085116073;
 -0.0071611796, -0.9143936, 0.40476292, -0.095457517;
 0, 0, 0, 1]
Ow:
[0.15288649;
 -0.051195256;
 0.12288612]
Keyframe: 8 Frame: 150 Frame from vFrameID : 151
Tcw:
[0.99910414, -0.041837495, -0.0063636862, 0.15630694;
 0.011913245, 0.42235586, -0.9063518, -0.059877459;
 0.040607229, 0.90546405, 0.4224759, 0.13572989;
 0, 0, 0, 1]
Twc:
[0.99910414, 0.011913245, 0.040607229, -0.16096519;
 -0.041837495, 0.42235586, 0.90546405, -0.09106946;
 -0.0063636862, -0.9063518, 0.4224759, -0.11061797;
 0, 0, 0, 1]
Ow:
[0.15630694;
 -0.059877459;
 0.13572989]
Keyframe: 9 Frame: 153 Frame from vFrameID : 154
Tcw:
[0.99906379, -0.042092688, -0.0099851741, 0.16298833;
 0.0086630126, 0.42079937, -0.90711236, -0.064236283;
 0.042384554, 0.90617663, 0.42077008, 0.14475873;
 0, 0, 0, 1]
Twc:
[0.99906379, 0.0086630126, 0.042384554, -0.1684148;
 -0.042092688, 0.42079937, 0.90617663, -0.097285777;
 -0.0099851741, -0.90711236, 0.42077008, -0.11755221;
 0, 0, 0, 1]
Ow:
[0.16298833;
 -0.064236283;
 0.14475873]
Keyframe: 10 Frame: 157 Frame from vFrameID : 158
Tcw:
[0.99921346, -0.036495265, -0.015510639, 0.16594073;
 0.00085269235, 0.41082773, -0.91171259, -0.065942168;
 0.039645392, 0.91098225, 0.41053572, 0.16102558;
 0, 0, 0, 1]
Twc:
[0.99921346, 0.00085269235, 0.039645392, -0.1721379;
 -0.036495265, 0.41082773, 0.91098225, -0.11354453;
 -0.015510639, -0.91171259, 0.41053572, -0.12365322;
 0, 0, 0, 1]
Ow:
[0.16594073;
 -0.065942168;
 0.16102558]
Keyframe: 11 Frame: 161 Frame from vFrameID : 162
Tcw:
[0.99901587, -0.032422718, -0.030265775, 0.17274243;
 -0.014561542, 0.40479445, -0.91429174, -0.070310622;
 0.041895241, 0.91383272, 0.40392396, 0.16890369;
 0, 0, 0, 1]
Twc:
[0.99901587, -0.014561542, 0.041895241, -0.18067253;
 -0.032422718, 0.40479445, 0.91383272, -0.12028758;
 -0.030265775, -0.91429174, 0.40392396, -0.12728049;
 0, 0, 0, 1]
Ow:
[0.17274243;
 -0.070310622;
 0.16890369]
Keyframe: 12 Frame: 165 Frame from vFrameID : 166
Tcw:
[0.99822235, -0.038323965, -0.045644131, 0.184236;
 -0.026216669, 0.40542278, -0.91375327, -0.080386803;
 0.053523816, 0.91332561, 0.40369734, 0.17986846;
 0, 0, 0, 1]
Twc:
[0.99822235, -0.026216669, 0.053523816, -0.19564322;
 -0.038323965, 0.40542278, 0.91332561, -0.12462718;
 -0.045644131, -0.91375327, 0.40369734, -0.13765684;
 0, 0, 0, 1]
Ow:
[0.184236;
 -0.080386803;
 0.17986846]
Keyframe: 13 Frame: 169 Frame from vFrameID : 170
Tcw:
[0.9984079, -0.039651908, -0.040117186, 0.19088975;
 -0.019391594, 0.42658359, -0.90424025, -0.087305412;
 0.052968185, 0.90357852, 0.42513549, 0.18743062;
 0, 0, 0, 1]
Twc:
[0.9984079, -0.019391594, 0.052968185, -0.2022067;
 -0.039651908, 0.42658359, 0.90357852, -0.1245461;
 -0.040117186, -0.90424025, 0.42513549, -0.15097052;
 0, 0, 0, 1]
Ow:
[0.19088975;
 -0.087305412;
 0.18743062]
Keyframe: 14 Frame: 174 Frame from vFrameID : 175
Tcw:
[0.99855065, -0.040018465, -0.035987973, 0.19973995;
 -0.01539238, 0.42839378, -0.90346104, -0.099058524;
 0.051572148, 0.90270555, 0.4271569, 0.20220497;
 0, 0, 0, 1]
Twc:
[0.99855065, -0.01539238, 0.051572148, -0.21140334;
 -0.040018465, 0.42839378, 0.90270555, -0.13210221;
 -0.035987973, -0.90346104, 0.4271569, -0.16868053;
 0, 0, 0, 1]
Ow:
[0.19973995;
 -0.099058524;
 0.20220497]
Keyframe: 15 Frame: 179 Frame from vFrameID : 180
Tcw:
[0.99901545, -0.033746652, -0.028797926, 0.20189971;
 -0.012396757, 0.41092196, -0.91158623, -0.1058837;
 0.042596683, 0.91104573, 0.41009903, 0.2104463;
 0, 0, 0, 1]
Twc:
[0.99901545, -0.012396757, 0.042596683, -0.21197785;
 -0.033746652, 0.41092196, 0.91104573, -0.14140283;
 -0.028797926, -0.91158623, 0.41009903, -0.17701165;
 0, 0, 0, 1]
Ow:
[0.20189971;
 -0.1058837;
 0.2104463]
Keyframe: 16 Frame: 184 Frame from vFrameID : 185
Tcw:
[0.99952942, -0.029083436, -0.0097493352, 0.21004057;
 0.0030122858, 0.40936759, -0.91236454, -0.10985838;
 0.030525759, 0.91190588, 0.40926257, 0.22129041;
 0, 0, 0, 1]
Twc:
[0.99952942, 0.0030122858, 0.030525759, -0.21636587;
 -0.029083436, 0.40936759, 0.91190588, -0.15071484;
 -0.0097493352, -0.91236454, 0.40926257, -0.18874902;
 0, 0, 0, 1]
Ow:
[0.21004057;
 -0.10985838;
 0.22129041]
Keyframe: 17 Frame: 189 Frame from vFrameID : 190
Tcw:
[0.99942815, -0.026577715, -0.020903973, 0.21794392;
 -0.0082290024, 0.4084501, -0.91274357, -0.11763766;
 0.032796867, 0.91239363, 0.40799782, 0.232972;
 0, 0, 0, 1]
Twc:
[0.99942815, -0.0082290024, 0.032796867, -0.22642808;
 -0.026577715, 0.4084501, 0.91239363, -0.1587206;
 -0.020903973, -0.91274357, 0.40799782, -0.1978692;
 0, 0, 0, 1]
Ow:
[0.21794392;
 -0.11763766;
 0.232972]
Keyframe: 18 Frame: 195 Frame from vFrameID : 196
Tcw:
[0.99852902, -0.03018616, -0.045040127, 0.23668376;
 -0.02875155, 0.4094933, -0.91185993, -0.13062686;
 0.045969181, 0.91181362, 0.40802303, 0.24486712;
 0, 0, 0, 1]
Twc:
[0.99852902, -0.02875155, 0.045969181, -0.25134766;
 -0.03018616, 0.4094933, 0.91181362, -0.16263777;
 -0.045040127, -0.91185993, 0.40802303, -0.20836456;
 0, 0, 0, 1]
Ow:
[0.23668376;
 -0.13062686;
 0.24486712]
Keyframe: 19 Frame: 201 Frame from vFrameID : 202
Tcw:
[0.99760717, -0.04062264, -0.05594366, 0.24953237;
 -0.034745581, 0.40497959, -0.91366529, -0.13524491;
 0.059771538, 0.91342288, 0.4025991, 0.25273311;
 0, 0, 0, 1]
Twc:
[0.99760717, -0.034745581, 0.059771538, -0.26874068;
 -0.04062264, 0.40497959, 0.91342288, -0.16594413;
 -0.05594366, -0.91366529, 0.4025991, -0.21135893;
 0, 0, 0, 1]
Ow:
[0.24953237;
 -0.13524491;
 0.25273311]
Keyframe: 20 Frame: 207 Frame from vFrameID : 208
Tcw:
[0.99866199, -0.028805744, -0.042947456, 0.25325406;
 -0.027797543, 0.40128666, -0.91553062, -0.14231533;
 0.04360678, 0.91549945, 0.39994901, 0.26552978;
 0, 0, 0, 1]
Twc:
[0.99866199, -0.027797543, 0.04360678, -0.26845011;
 -0.028805744, 0.40128666, 0.91549945, -0.17868795;
 -0.042947456, -0.91553062, 0.39994901, -0.22561578;
 0, 0, 0, 1]
Ow:
[0.25325406;
 -0.14231533;
 0.26552978]
Keyframe: 21 Frame: 214 Frame from vFrameID : 215
Tcw:
[0.99960625, -0.018977357, -0.020667534, 0.24794501;
 -0.011444043, 0.39678597, -0.91783983, -0.14364052;
 0.025618762, 0.91771495, 0.39641258, 0.27859199;
 0, 0, 0, 1]
Twc:
[0.99960625, -0.011444043, 0.025618762, -0.25662842;
 -0.018977357, 0.39678597, 0.91771495, -0.19396816;
 -0.020667534, -0.91783983, 0.39641258, -0.23715194;
 0, 0, 0, 1]
Ow:
[0.24794501;
 -0.14364052;
 0.27859199]
Keyframe: 22 Frame: 220 Frame from vFrameID : 221
Tcw:
[0.999749, -0.01349618, -0.017882345, 0.25656849;
 -0.010938553, 0.40253127, -0.9153409, -0.14687799;
 0.019551808, 0.91530675, 0.4022826, 0.2960515;
 0, 0, 0, 1]
Twc:
[0.999749, -0.010938553, 0.019551808, -0.26389909;
 -0.01349618, 0.40253127, 0.91530675, -0.20839228;
 -0.017882345, -0.9153409, 0.4022826, -0.24895175;
 0, 0, 0, 1]
Ow:
[0.25656849;
 -0.14687799;
 0.2960515]
Keyframe: 23 Frame: 227 Frame from vFrameID : 228
Tcw:
[0.9993313, -0.017845035, -0.031914808, 0.26784652;
 -0.022557737, 0.38605547, -0.92219973, -0.1546801;
 0.028777571, 0.92230296, 0.38539475, 0.31268001;
 0, 0, 0, 1]
Twc:
[0.9993313, -0.022557737, 0.028777571, -0.28015479;
 -0.017845035, 0.38605547, 0.92230296, -0.22389086;
 -0.031914808, -0.92219973, 0.38539475, -0.25460291;
 0, 0, 0, 1]
Ow:
[0.26784652;
 -0.1546801;
 0.31268001]
Keyframe: 24 Frame: 235 Frame from vFrameID : 236
Tcw:
[0.99823457, -0.022341501, -0.055032946, 0.27781346;
 -0.041507114, 0.40035221, -0.91542083, -0.16529989;
 0.042484436, 0.91608894, 0.39871809, 0.32944274;
 0, 0, 0, 1]
Twc:
[0.99823457, -0.041507114, 0.042484436, -0.29818034;
 -0.022341501, 0.40035221, 0.91608894, -0.22941391;
 -0.055032946, -0.91542083, 0.39871809, -0.26738483;
 0, 0, 0, 1]
Ow:
[0.27781346;
 -0.16529989;
 0.32944274]
Keyframe: 25 Frame: 242 Frame from vFrameID : 243
Tcw:
[0.99927652, -0.023196904, -0.030138781, 0.27926788;
 -0.018133799, 0.405972, -0.91370559, -0.16899467;
 0.033430643, 0.91359109, 0.40525764, 0.34643465;
 0, 0, 0, 1]
Twc:
[0.99927652, -0.018133799, 0.033430643, -0.29371187;
 -0.023196904, 0.405972, 0.91359109, -0.24141435;
 -0.030138781, -0.91370559, 0.40525764, -0.28638986;
 0, 0, 0, 1]
Ow:
[0.27926788;
 -0.16899467;
 0.34643465]
Keyframe: 26 Frame: 248 Frame from vFrameID : 249
Tcw:
[0.99973768, 0.0076922961, 0.021573842, 0.27345806;
 0.016722688, 0.3984926, -0.91701907, -0.16839379;
 -0.015650999, 0.91713929, 0.39825943, 0.3724997;
 0, 0, 0, 1]
Twc:
[0.99973768, 0.016722688, -0.015650999, -0.26474032;
 0.0076922961, 0.3984926, 0.91713929, -0.27663392;
 0.021573842, -0.91701907, 0.39825943, -0.30867139;
 0, 0, 0, 1]
Ow:
[0.27345806;
 -0.16839379;
 0.3724997]
Keyframe: 27 Frame: 255 Frame from vFrameID : 256
Tcw:
[0.99937373, 0.027503589, 0.022264283, 0.28866044;
 0.0090874815, 0.40860397, -0.91266656, -0.17946951;
 -0.03419888, 0.91229731, 0.40809813, 0.38077235;
 0, 0, 0, 1]
Twc:
[0.99937373, 0.0090874815, -0.03419888, -0.27382672;
 0.027503589, 0.40860397, 0.91229731, -0.28198484;
 0.022264283, -0.91266656, 0.40809813, -0.32561511;
 0, 0, 0, 1]
Ow:
[0.28866044;
 -0.17946951;
 0.38077235]
Keyframe: 28 Frame: 262 Frame from vFrameID : 263
Tcw:
[0.9988488, 0.0018680216, -0.047933102, 0.31873265;
 -0.045008462, 0.38213, -0.92301184, -0.17153357;
 0.016592469, 0.92410672, 0.38177416, 0.41895103;
 0, 0, 0, 1]
Twc:
[0.9988488, -0.045008462, 0.016592469, -0.33303761;
 0.0018680216, 0.38213, 0.92410672, -0.32220271;
 -0.047933102, -0.92301184, 0.38177416, -0.30299437;
 0, 0, 0, 1]
Ow:
[0.31873265;
 -0.17153357;
 0.41895103]
Keyframe: 29 Frame: 270 Frame from vFrameID : 271
Tcw:
[0.99889988, -0.021722175, -0.041558694, 0.32790133;
 -0.02950114, 0.39778644, -0.91700363, -0.17634532;
 0.0364508, 0.91722083, 0.39670801, 0.43903303;
 0, 0, 0, 1]
Twc:
[0.99889988, -0.02950114, 0.0364508, -0.34874612;
 -0.021722175, 0.39778644, 0.91722083, -0.32541978;
 -0.041558694, -0.91700363, 0.39670801, -0.32225007;
 0, 0, 0, 1]
Ow:
[0.32790133;
 -0.17634532;
 0.43903303]
Keyframe: 30 Frame: 277 Frame from vFrameID : 278
Tcw:
[0.99949324, -0.011166932, -0.029808456, 0.33787265;
 -0.022996923, 0.39415222, -0.91875738, -0.1790307;
 0.022008771, 0.91897732, 0.39369568, 0.4656387;
 0, 0, 0, 1]
Twc:
[0.99949324, -0.022996923, 0.022008771, -0.35206676;
 -0.011166932, 0.39415222, 0.91897732, -0.35357305;
 -0.029808456, -0.91875738, 0.39369568, -0.33773428;
 0, 0, 0, 1]
Ow:
[0.33787265;
 -0.1790307;
 0.4656387]
Keyframe: 31 Frame: 284 Frame from vFrameID : 285
Tcw:
[0.99993819, -0.0025878877, -0.010810329, 0.34060004;
 -0.0090115303, 0.38064867, -0.92467582, -0.18562587;
 0.0065078945, 0.92471611, 0.38060182, 0.47491789;
 0, 0, 0, 1]
Twc:
[0.99993819, -0.0090115303, 0.0065078945, -0.34534249;
 -0.0025878877, 0.38064867, 0.92471611, -0.36762452;
 -0.010810329, -0.92467582, 0.38060182, -0.34871638;
 0, 0, 0, 1]
Ow:
[0.34060004;
 -0.18562587;
 0.47491789]
Keyframe: 32 Frame: 292 Frame from vFrameID : 293
Tcw:
[0.99873394, -0.021948883, -0.045263451, 0.35133103;
 -0.033117801, 0.39039752, -0.92005056, -0.18847671;
 0.037864819, 0.92038471, 0.38917634, 0.49456018;
 0, 0, 0, 1]
Twc:
[0.99873394, -0.033117801, 0.037864819, -0.37585458;
 -0.021948883, 0.39039752, 0.92038471, -0.3738935;
 -0.045263451, -0.92005056, 0.38917634, -0.34997678;
 0, 0, 0, 1]
Ow:
[0.35133103;
 -0.18847671;
 0.49456018]
Keyframe: 33 Frame: 300 Frame from vFrameID : 301
Tcw:
[0.98930645, -0.072564252, -0.12651964, 0.3926217;
 -0.092498645, 0.35853982, -0.92892045, -0.19052136;
 0.11276875, 0.93068987, 0.34799364, 0.53359932;
 0, 0, 0, 1]
Twc:
[0.98930645, -0.092498645, 0.11276875, -0.46621946;
 -0.072564252, 0.35853982, 0.93068987, -0.39981568;
 -0.12651964, -0.92892045, 0.34799364, -0.312994;
 0, 0, 0, 1]
Ow:
[0.3926217;
 -0.19052136;
 0.53359932]
Keyframe: 34 Frame: 307 Frame from vFrameID : 308
Tcw:
[0.98874485, -0.072602883, -0.1308146, 0.39124361;
 -0.097765714, 0.34831402, -0.93226564, -0.19839191;
 0.11324973, 0.93456203, 0.33729562, 0.54954386;
 0, 0, 0, 1]
Twc:
[0.98874485, -0.097765714, 0.11324973, -0.46847171;
 -0.072602883, 0.34831402, 0.93456203, -0.41607469;
 -0.1308146, -0.93226564, 0.33729562, -0.3191323;
 0, 0, 0, 1]
Ow:
[0.39124361;
 -0.19839191;
 0.54954386]
Keyframe: 35 Frame: 314 Frame from vFrameID : 315
Tcw:
[0.9943487, -0.043995492, -0.096618071, 0.38108516;
 -0.073741488, 0.3684845, -0.92670459, -0.20049587;
 0.076373085, 0.92859226, 0.36315778, 0.56915718;
 0, 0, 0, 1]
Twc:
[0.9943487, -0.073741488, 0.076373085, -0.43718469;
 -0.043995492, 0.3684845, 0.92859226, -0.43786931;
 -0.096618071, -0.92670459, 0.36315778, -0.35567459;
 0, 0, 0, 1]
Ow:
[0.38108516;
 -0.20049587;
 0.56915718]
Keyframe: 36 Frame: 321 Frame from vFrameID : 322
Tcw:
[0.99779242, -0.013795681, -0.064961456, 0.37075356;
 -0.055963542, 0.35197553, -0.9343347, -0.20680086;
 0.035754625, 0.93590754, 0.35042647, 0.58455628;
 0, 0, 0, 1]
Twc:
[0.99779242, -0.055963542, 0.035754625, -0.40240899;
 -0.013795681, 0.35197553, 0.93590754, -0.46918696;
 -0.064961456, -0.9343347, 0.35042647, -0.37398049;
 0, 0, 0, 1]
Ow:
[0.37075356;
 -0.20680086;
 0.58455628]
Keyframe: 37 Frame: 330 Frame from vFrameID : 331
Tcw:
[0.99883991, -0.0071744281, -0.047616374, 0.38208088;
 -0.041717798, 0.36494607, -0.93009353, -0.21463218;
 0.024050297, 0.93100101, 0.36422339, 0.59587681;
 0, 0, 0, 1]
Twc:
[0.99883991, -0.041717798, 0.024050297, -0.40492266;
 -0.0071744281, 0.36494607, 0.93100101, -0.47369155;
 -0.047616374, -0.93009353, 0.36422339, -0.398467;
 0, 0, 0, 1]
Ow:
[0.38208088;
 -0.21463218;
 0.59587681]
Keyframe: 38 Frame: 338 Frame from vFrameID : 339
Tcw:
[0.99686629, -0.02611321, -0.074670553, 0.41306883;
 -0.061935201, 0.32956412, -0.94209951, -0.21493763;
 0.049209978, 0.94377202, 0.32691404, 0.61311889;
 0, 0, 0, 1]
Twc:
[0.99686629, -0.061935201, 0.049209978, -0.45525816;
 -0.02611321, 0.32956412, 0.94377202, -0.49702215;
 -0.074670553, -0.94209951, 0.32691404, -0.37208575;
 0, 0, 0, 1]
Ow:
[0.41306883;
 -0.21493763;
 0.61311889]
Keyframe: 39 Frame: 346 Frame from vFrameID : 347
Tcw:
[0.99818766, -0.022979038, -0.055617958, 0.42046469;
 -0.044947308, 0.32985419, -0.94296128, -0.20819749;
 0.040014159, 0.94375217, 0.32822353, 0.63169414;
 0, 0, 0, 1]
Twc:
[0.99818766, -0.044947308, 0.040014159, -0.4543373;
 -0.022979038, 0.32985419, 0.94375217, -0.51782602;
 -0.055617958, -0.94296128, 0.32822353, -0.38027367;
 0, 0, 0, 1]
Ow:
[0.42046469;
 -0.20819749;
 0.63169414]
Keyframe: 40 Frame: 353 Frame from vFrameID : 354
Tcw:
[0.99658477, -0.060507178, -0.05619292, 0.43893468;
 -0.031509031, 0.3503677, -0.93608207, -0.2003431;
 0.076327868, 0.93465573, 0.34726459, 0.65364832;
 0, 0, 0, 1]
Twc:
[0.99658477, -0.031509031, 0.076327868, -0.49363983;
 -0.060507178, 0.3503677, 0.93465573, -0.5141837;
 -0.05619292, -0.93608207, 0.34726459, -0.38986149;
 0, 0, 0, 1]
Ow:
[0.43893468;
 -0.2003431;
 0.65364832]
Keyframe: 41 Frame: 362 Frame from vFrameID : 363
Tcw:
[0.99591088, -0.081518829, -0.038938571, 0.43968478;
 -0.0098426873, 0.3305425, -0.94373977, -0.15929276;
 0.089803413, 0.94026399, 0.32838851, 0.68337756;
 0, 0, 0, 1]
Twc:
[0.99591088, -0.0098426873, 0.089803413, -0.50082433;
 -0.081518829, 0.3305425, 0.94026399, -0.55405968;
 -0.038938571, -0.94373977, 0.32838851, -0.35762358;
 0, 0, 0, 1]
Ow:
[0.43968478;
 -0.15929276;
 0.68337756]
Keyframe: 42 Frame: 371 Frame from vFrameID : 372
Tcw:
[0.9970814, -0.070175581, -0.030066971, 0.45433807;
 -0.0035578955, 0.35068849, -0.93648541, -0.17498876;
 0.076262549, 0.93385917, 0.3494153, 0.72186613;
 0, 0, 0, 1]
Twc:
[0.9970814, -0.0035578955, 0.076262549, -0.50868601;
 -0.070175581, 0.35068849, 0.93385917, -0.58087134;
 -0.030066971, -0.93648541, 0.3494153, -0.40244493;
 0, 0, 0, 1]
Ow:
[0.45433807;
 -0.17498876;
 0.72186613]
Keyframe: 43 Frame: 378 Frame from vFrameID : 379
Tcw:
[0.99269795, -0.085382596, -0.085209116, 0.47124651;
 -0.051045459, 0.3426801, -0.93806434, -0.17646383;
 0.10929384, 0.9355641, 0.33581942, 0.72349489;
 0, 0, 0, 1]
Twc:
[0.99269795, -0.051045459, 0.10929384, -0.55588669;
 -0.085382596, 0.3426801, 0.9355641, -0.57616889;
 -0.085209116, -0.93806434, 0.33581942, -0.36834353;
 0, 0, 0, 1]
Ow:
[0.47124651;
 -0.17646383;
 0.72349489]
Keyframe: 44 Frame: 385 Frame from vFrameID : 386
Tcw:
[0.99289781, -0.082665257, -0.085559659, 0.48332757;
 -0.050341781, 0.35968068, -0.93171644, -0.20021239;
 0.10779473, 0.9294064, 0.35296464, 0.74311548;
 0, 0, 0, 1]
Twc:
[0.99289781, -0.050341781, 0.10779473, -0.57007784;
 -0.082665257, 0.35968068, 0.9294064, -0.5786894;
 -0.085559659, -0.93171644, 0.35296464, -0.40748134;
 0, 0, 0, 1]
Ow:
[0.48332757;
 -0.20021239;
 0.74311548]
Keyframe: 45 Frame: 392 Frame from vFrameID : 393
Tcw:
[0.99552757, -0.06805601, -0.065522663, 0.47969174;
 -0.038338035, 0.34285533, -0.93860555, -0.20047088;
 0.086342543, 0.93691975, 0.33871281, 0.75729883;
 0, 0, 0, 1]
Twc:
[0.99552757, -0.038338035, 0.086342543, -0.55061918;
 -0.06805601, 0.34285533, 0.93691975, -0.60814983;
 -0.065522663, -0.93860555, 0.33871281, -0.41323924;
 0, 0, 0, 1]
Ow:
[0.47969174;
 -0.20047088;
 0.75729883]
Keyframe: 46 Frame: 400 Frame from vFrameID : 401
Tcw:
[0.99885929, -0.042073179, -0.022581911, 0.47408295;
 -0.006567514, 0.34737381, -0.93770373, -0.21040535;
 0.047296543, 0.93678242, 0.34670123, 0.77625942;
 0, 0, 0, 1]
Twc:
[0.99885929, -0.006567514, 0.047296543, -0.5116384;
 -0.042073179, 0.34737381, 0.93678242, -0.63415068;
 -0.022581911, -0.93770373, 0.34670123, -0.4557223;
 0, 0, 0, 1]
Ow:
[0.47408295;
 -0.21040535;
 0.77625942]
Keyframe: 47 Frame: 409 Frame from vFrameID : 410
Tcw:
[0.99529099, -0.060869738, -0.075436465, 0.52029973;
 -0.049909368, 0.34534171, -0.93714893, -0.21632308;
 0.083095372, 0.93650091, 0.34067753, 0.79445863;
 0, 0, 0, 1]
Twc:
[0.99529099, -0.049909368, 0.083095372, -0.59466207;
 -0.060869738, 0.34534171, 0.93650091, -0.63763535;
 -0.075436465, -0.93714893, 0.34067753, -0.43413159;
 0, 0, 0, 1]
Ow:
[0.52029973;
 -0.21632308;
 0.79445863]
Keyframe: 48 Frame: 416 Frame from vFrameID : 417
Tcw:
[0.99313575, -0.077308163, -0.08777719, 0.52425265;
 -0.054657567, 0.35674006, -0.93260336, -0.2237872;
 0.1034115, 0.93099946, 0.35006583, 0.80395699;
 0, 0, 0, 1]
Twc:
[0.99313575, -0.054657567, 0.1034115, -0.61602408;
 -0.077308163, 0.35674006, 0.93099946, -0.62812066;
 -0.08777719, -0.93260336, 0.35006583, -0.44412515;
 0, 0, 0, 1]
Ow:
[0.52425265;
 -0.2237872;
 0.80395699]
Keyframe: 49 Frame: 425 Frame from vFrameID : 426
Tcw:
[0.99618834, -0.067458123, -0.055300545, 0.522021;
 -0.028521279, 0.34722665, -0.93734741, -0.22001129;
 0.082433522, 0.93535185, 0.34397915, 0.84519875;
 0, 0, 0, 1]
Twc:
[0.99618834, -0.028521279, 0.082433522, -0.59597898;
 -0.067458123, 0.34722665, 0.93535185, -0.67894983;
 -0.055300545, -0.93734741, 0.34397915, -0.46808973;
 0, 0, 0, 1]
Ow:
[0.522021;
 -0.22001129;
 0.84519875]
Keyframe: 50 Frame: 432 Frame from vFrameID : 433
Tcw:
[0.99932021, -0.030984113, -0.019979021, 0.51919824;
 -0.0076828282, 0.35500303, -0.93483359, -0.21626405;
 0.036057603, 0.93435156, 0.35452366, 0.84749824;
 0, 0, 0, 1]
Twc:
[0.99932021, -0.0076828282, 0.036057603, -0.5510655;
 -0.030984113, 0.35500303, 0.93435156, -0.699;
 -0.019979021, -0.93483359, 0.35452366, -0.49225599;
 0, 0, 0, 1]
Ow:
[0.51919824;
 -0.21626405;
 0.84749824]
Keyframe: 51 Frame: 439 Frame from vFrameID : 440
Tcw:
[0.99938804, -0.032748301, -0.012292202, 0.53019094;
 0.00038491172, 0.36168846, -0.93229896, -0.2188136;
 0.034977153, 0.93172365, 0.36147973, 0.88557911;
 0, 0, 0, 1]
Twc:
[0.99938804, 0.00038491172, 0.034977153, -0.56075728;
 -0.032748301, 0.36168846, 0.93172365, -0.72860986;
 -0.012292202, -0.93229896, 0.36147973, -0.51760137;
 0, 0, 0, 1]
Ow:
[0.53019094;
 -0.2188136;
 0.88557911]
Keyframe: 52 Frame: 448 Frame from vFrameID : 449
Tcw:
[0.99673933, -0.047626842, -0.065133266, 0.55863029;
 -0.043720089, 0.35967395, -0.93205321, -0.21883526;
 0.067817487, 0.93186176, 0.35641894, 0.92061412;
 0, 0, 0, 1]
Twc:
[0.99673933, -0.043720089, 0.067817487, -0.62881005;
 -0.047626842, 0.35967395, 0.93186176, -0.75256991;
 -0.065133266, -0.93205321, 0.35641894, -0.49570501;
 0, 0, 0, 1]
Ow:
[0.55863029;
 -0.21883526;
 0.92061412]
Keyframe: 53 Frame: 455 Frame from vFrameID : 456
Tcw:
[0.99700451, -0.046332989, -0.06192914, 0.56146681;
 -0.041467942, 0.35566592, -0.93369275, -0.22386429;
 0.06528686, 0.93346399, 0.35267919, 0.93760234;
 0, 0, 0, 1]
Twc:
[0.99700451, -0.041467942, 0.06528686, -0.63028121;
 -0.046332989, 0.35566592, 0.93346399, -0.76958269;
 -0.06192914, -0.93369275, 0.35267919, -0.50492215;
 0, 0, 0, 1]
Ow:
[0.56146681;
 -0.22386429;
 0.93760234]
Keyframe: 54 Frame: 464 Frame from vFrameID : 465
Tcw:
[0.999008, -0.034903374, -0.027654594, 0.5668059;
 -0.013636217, 0.35141, -0.93612236, -0.23298696;
 0.04239193, 0.93557084, 0.35058546, 0.95146352;
 0, 0, 0, 1]
Twc:
[0.999008, -0.013636217, 0.04239193, -0.60975504;
 -0.034903374, 0.35141, 0.93557084, -0.78850412;
 -0.027654594, -0.93612236, 0.35058546, -0.53599876;
 0, 0, 0, 1]
Ow:
[0.5668059;
 -0.23298696;
 0.95146352]
Keyframe: 55 Frame: 473 Frame from vFrameID : 474
Tcw:
[0.99788022, -0.039286435, -0.051880956, 0.57779402;
 -0.034805775, 0.35142457, -0.93556899, -0.21168745;
 0.054987412, 0.93539155, 0.34931225, 0.97958636;
 0, 0, 0, 1]
Twc:
[0.99788022, -0.034805775, 0.054987412, -0.63780212;
 -0.039286435, 0.35142457, 0.93539155, -0.81920522;
 -0.051880956, -0.93556899, 0.34931225, -0.51025325;
 0, 0, 0, 1]
Ow:
[0.57779402;
 -0.21168745;
 0.97958636]
Keyframe: 56 Frame: 480 Frame from vFrameID : 481
Tcw:
[0.9966256, -0.050290752, -0.064870574, 0.58457959;
 -0.042959988, 0.35383859, -0.93431938, -0.2278325;
 0.069941334, 0.93395346, 0.3504841, 0.99316537;
 0, 0, 0, 1]
Twc:
[0.9966256, -0.042959988, 0.069941334, -0.66185802;
 -0.050290752, 0.35383859, 0.93395346, -0.81755537;
 -0.064870574, -0.93431938, 0.3504841, -0.52303499;
 0, 0, 0, 1]
Ow:
[0.58457959;
 -0.2278325;
 0.99316537]
Keyframe: 57 Frame: 488 Frame from vFrameID : 489
Tcw:
[0.99828321, -0.04873313, -0.032491591, 0.57863498;
 -0.012048518, 0.37201068, -0.92815024, -0.23784509;
 0.057318885, 0.92694831, 0.37078485, 1.0227456;
 0, 0, 0, 1]
Twc:
[0.99828321, -0.012048518, 0.057318885, -0.63912994;
 -0.04873313, 0.37201068, 0.92694831, -0.83135271;
 -0.032491591, -0.92815024, 0.37078485, -0.58117384;
 0, 0, 0, 1]
Ow:
[0.57863498;
 -0.23784509;
 1.0227456]
Keyframe: 58 Frame: 497 Frame from vFrameID : 498
Tcw:
[0.99960333, -0.027397858, -0.0065229377, 0.5893752;
 0.003884525, 0.36351806, -0.93157905, -0.23108381;
 0.027894476, 0.93118417, 0.3634803, 1.0482591;
 0, 0, 0, 1]
Twc:
[0.99960333, 0.003884525, 0.027894476, -0.61748439;
 -0.027397858, 0.36351806, 0.93118417, -0.87597156;
 -0.0065229377, -0.93157905, 0.3634803, -0.5924499;
 0, 0, 0, 1]
Ow:
[0.5893752;
 -0.23108381;
 1.0482591]
Keyframe: 59 Frame: 506 Frame from vFrameID : 507
Tcw:
[0.99684232, -0.060480602, -0.051453654, 0.60812348;
 -0.025545022, 0.36928138, -0.92896646, -0.21737278;
 0.075185329, 0.92734748, 0.36657032, 1.0790409;
 0, 0, 0, 1]
Twc:
[0.99684232, -0.025545022, 0.075185329, -0.69288409;
 -0.060480602, 0.36928138, 0.92734748, -0.88359451;
 -0.051453654, -0.92896646, 0.36657032, -0.56618625;
 0, 0, 0, 1]
Ow:
[0.60812348;
 -0.21737278;
 1.0790409]
Keyframe: 60 Frame: 515 Frame from vFrameID : 516
Tcw:
[0.99199462, -0.082522266, -0.095586196, 0.63240796;
 -0.058545653, 0.3701317, -0.92713267, -0.22470489;
 0.11188857, 0.92530674, 0.36233732, 1.0990241;
 0, 0, 0, 1]
Twc:
[0.99199462, -0.058545653, 0.11188857, -0.76346904;
 -0.082522266, 0.3701317, 0.92530674, -0.88157624;
 -0.095586196, -0.92713267, 0.36233732, -0.54609919;
 0, 0, 0, 1]
Ow:
[0.63240796;
 -0.22470489;
 1.0990241]
Keyframe: 61 Frame: 523 Frame from vFrameID : 524
Tcw:
[0.99660063, -0.050211109, -0.065314986, 0.6241796;
 -0.042749636, 0.36253431, -0.93098944, -0.21753359;
 0.070424937, 0.93061686, 0.35915542, 1.1109036;
 0, 0, 0, 1]
Twc:
[0.99660063, -0.042749636, 0.070424937, -0.70959252;
 -0.050211109, 0.36253431, 0.93061686, -0.92362148;
 -0.065314986, -0.93098944, 0.35915542, -0.56074023;
 0, 0, 0, 1]
Ow:
[0.6241796;
 -0.21753359;
 1.1109036]
Keyframe: 62 Frame: 532 Frame from vFrameID : 533
Tcw:
[0.99828708, -0.048083376, -0.033330191, 0.61599964;
 -0.013615906, 0.36310717, -0.9316479, -0.23662773;
 0.056899209, 0.93050587, 0.3618305, 1.1462271;
 0, 0, 0, 1]
Twc:
[0.99828708, -0.013615906, 0.056899209, -0.68338579;
 -0.048083376, 0.36310717, 0.93050587, -0.95103049;
 -0.033330191, -0.9316479, 0.3618305, -0.61466229;
 0, 0, 0, 1]
Ow:
[0.61599964;
 -0.23662773;
 1.1462271]
Keyframe: 63 Frame: 540 Frame from vFrameID : 541
Tcw:
[0.99508804, -0.057244852, -0.080764197, 0.64636487;
 -0.056762226, 0.33846757, -0.93926448, -0.25009701;
 0.081104115, 0.93923521, 0.33355567, 1.1494448;
 0, 0, 0, 1]
Twc:
[0.99508804, -0.056762226, 0.081104115, -0.75061065;
 -0.057244852, 0.33846757, 0.93923521, -0.95794827;
 -0.080764197, -0.93926448, 0.33355567, -0.56610799;
 0, 0, 0, 1]
Ow:
[0.64636487;
 -0.25009701;
 1.1494448]
Keyframe: 64 Frame: 547 Frame from vFrameID : 548
Tcw:
[0.98584235, -0.15466322, -0.06476213, 0.63573492;
 -0.009513393, 0.33402091, -0.94251764, -0.24864888;
 0.16740473, 0.92978996, 0.3278206, 1.2102178;
 0, 0, 0, 1]
Twc:
[0.98584235, -0.009513393, 0.16740473, -0.83169603;
 -0.15466322, 0.33402091, 0.92978996, -0.94386959;
 -0.06476213, -0.94251764, 0.3278206, -0.58991873;
 0, 0, 0, 1]
Ow:
[0.63573492;
 -0.24864888;
 1.2102178]
Keyframe: 65 Frame: 555 Frame from vFrameID : 556
Tcw:
[0.98660171, -0.15421064, -0.053255089, 0.68802243;
 0.0078471573, 0.37090045, -0.92863947, -0.21376005;
 0.16295843, 0.91577941, 0.36714116, 1.1878011;
 0, 0, 0, 1]
Twc:
[0.98660171, 0.0078471573, 0.16295843, -0.87068897;
 -0.15421064, 0.37090045, 0.91577941, -0.90237969;
 -0.053255089, -0.92863947, 0.36714116, -0.59795594;
 0, 0, 0, 1]
Ow:
[0.68802243;
 -0.21376005;
 1.1878011]
Keyframe: 66 Frame: 562 Frame from vFrameID : 563
Tcw:
[0.99063414, -0.12671328, -0.050869804, 0.67857772;
 -0.00022783893, 0.37102067, -0.92862457, -0.22720549;
 0.13654281, 0.9199388, 0.36751688, 1.1866219;
 0, 0, 0, 1]
Twc:
[0.99063414, -0.00022783893, 0.13654281, -0.83429873;
 -0.12671328, 0.37102067, 0.9199388, -0.92133677;
 -0.050869804, -0.92862457, 0.36751688, -0.61257309;
 0, 0, 0, 1]
Ow:
[0.67857772;
 -0.22720549;
 1.1866219]
Keyframe: 67 Frame: 569 Frame from vFrameID : 570
Tcw:
[0.99270546, -0.10591987, -0.05759253, 0.66654146;
 -0.014228967, 0.37142336, -0.92835456, -0.25993079;
 0.1197224, 0.92240214, 0.36720687, 1.1994073;
 0, 0, 0, 1]
Twc:
[0.99270546, -0.014228967, 0.1197224, -0.80897379;
 -0.10591987, 0.37142336, 0.92240214, -0.93919152;
 -0.05759253, -0.92835456, 0.36720687, -0.64335078;
 0, 0, 0, 1]
Ow:
[0.66654146;
 -0.25993079;
 1.1994073]
Keyframe: 68 Frame: 578 Frame from vFrameID : 579
Tcw:
[0.99211419, -0.086727887, -0.090485819, 0.66459394;
 -0.049691319, 0.39060679, -0.9192155, -0.27427799;
 0.11506599, 0.91646308, 0.38321692, 1.2141955;
 0, 0, 0, 1]
Twc:
[0.99211419, -0.049691319, 0.11506599, -0.81269497;
 -0.086727887, 0.39060679, 0.91646308, -0.94799173;
 -0.090485819, -0.9192155, 0.38321692, -0.6572845;
 0, 0, 0, 1]
Ow:
[0.66459394;
 -0.27427799;
 1.2141955]
Keyframe: 69 Frame: 587 Frame from vFrameID : 588
Tcw:
[0.99537176, -0.054422088, -0.079204023, 0.66341114;
 -0.051015098, 0.39922833, -0.91543114, -0.27748847;
 0.081440166, 0.91523492, 0.39460427, 1.2218359;
 0, 0, 0, 1]
Twc:
[0.99537176, -0.051015098, 0.081440166, -0.77400339;
 -0.054422088, 0.39922833, 0.91523492, -0.97138143;
 -0.079204023, -0.91543114, 0.39460427, -0.68361843;
 0, 0, 0, 1]
Ow:
[0.66341114;
 -0.27748847;
 1.2218359]
Keyframe: 70 Frame: 594 Frame from vFrameID : 595
Tcw:
[0.99651706, -0.062641904, -0.055043317, 0.66692728;
 -0.023425555, 0.42320624, -0.90573049, -0.27067116;
 0.080031358, 0.90386528, 0.42026481, 1.2175477;
 0, 0, 0, 1]
Twc:
[0.99651706, -0.023425555, 0.080031358, -0.76838702;
 -0.062641904, 0.42320624, 0.90386528, -0.94417173;
 -0.055043317, -0.90573049, 0.42026481, -0.72013766;
 0, 0, 0, 1]
Ow:
[0.66692728;
 -0.27067116;
 1.2175477]
Keyframe: 71 Frame: 602 Frame from vFrameID : 603
Tcw:
[0.99814856, -0.049662571, -0.035115086, 0.66438931;
 -0.012176835, 0.40248051, -0.91534758, -0.26939487;
 0.059591651, 0.91408044, 0.40113062, 1.2541542;
 0, 0, 0, 1]
Twc:
[0.99814856, -0.012176835, 0.059591651, -0.74117672;
 -0.049662571, 0.40248051, 0.91408044, -1.0049764;
 -0.035115086, -0.91534758, 0.40113062, -0.72633952;
 0, 0, 0, 1]
Ow:
[0.66438931;
 -0.26939487;
 1.2541542]
Keyframe: 72 Frame: 609 Frame from vFrameID : 610
Tcw:
[0.99896169, -0.043180827, -0.014525579, 0.65524542;
 0.0040522618, 0.40178666, -0.91572434, -0.28323874;
 0.045377918, 0.91471463, 0.40154445, 1.2554331;
 0, 0, 0, 1]
Twc:
[0.99896169, 0.0040522618, 0.045377918, -0.71038628;
 -0.043180827, 0.40178666, 0.91471463, -1.0062674;
 -0.014525579, -0.91572434, 0.40154445, -0.75396299;
 0, 0, 0, 1]
Ow:
[0.65524542;
 -0.28323874;
 1.2554331]
Keyframe: 73 Frame: 617 Frame from vFrameID : 618
Tcw:
[0.99871677, -0.042325594, -0.027809987, 0.65263879;
 -0.0080925841, 0.4086934, -0.91263586, -0.27150446;
 0.049993612, 0.91168976, 0.40782642, 1.2734617;
 0, 0, 0, 1]
Twc:
[0.99871677, -0.0080925841, 0.049993612, -0.71766347;
 -0.042325594, 0.4086934, 0.91168976, -1.0224166;
 -0.027809987, -0.91263586, 0.40782642, -0.74898612;
 0, 0, 0, 1]
Ow:
[0.65263879;
 -0.27150446;
 1.2734617]
Keyframe: 74 Frame: 625 Frame from vFrameID : 626
Tcw:
[0.99991345, 0.013090841, 0.0013193095, 0.62987345;
 -0.0038444372, 0.38659301, -0.9222424, -0.2557418;
 -0.012582964, 0.92215753, 0.38660988, 1.2814844;
 0, 0, 0, 1]
Twc:
[0.99991345, -0.0038444372, -0.012582964, -0.61467725;
 0.013090841, 0.38659301, 0.92215753, -1.0911081;
 0.0013193095, -0.9222424, 0.38660988, -0.73212153;
 0, 0, 0, 1]
Ow:
[0.62987345;
 -0.2557418;
 1.2814844]
Keyframe: 75 Frame: 632 Frame from vFrameID : 633
Tcw:
[0.9989962, -0.036179792, 0.026413362, 0.63668525;
 0.038134959, 0.3775208, -0.92521554, -0.24188077;
 0.023502512, 0.92529404, 0.37852156, 1.2787759;
 0, 0, 0, 1]
Twc:
[0.9989962, 0.038134959, 0.023502512, -0.65687639;
 -0.036179792, 0.3775208, 0.92529404, -1.0688936;
 0.026413362, -0.92521554, 0.37852156, -0.72465307;
 0, 0, 0, 1]
Ow:
[0.63668525;
 -0.24188077;
 1.2787759]
Keyframe: 76 Frame: 639 Frame from vFrameID : 640
Tcw:
[0.99967754, -0.015187637, 0.020350447, 0.64419252;
 0.024547653, 0.3729395, -0.92753088, -0.25615537;
 0.0064975168, 0.92773134, 0.37319207, 1.2820296;
 0, 0, 0, 1]
Twc:
[0.99967754, 0.024547653, 0.0064975168, -0.64602685;
 -0.015187637, 0.3729395, 0.92773134, -1.0840648;
 0.020350447, -0.92753088, 0.37319207, -0.72914487;
 0, 0, 0, 1]
Ow:
[0.64419252;
 -0.25615537;
 1.2820296]
Keyframe: 77 Frame: 647 Frame from vFrameID : 648
Tcw:
[0.99941701, -0.0080462703, 0.033180024, 0.63138258;
 0.033773042, 0.37542373, -0.92623776, -0.24056071;
 -0.005003809, 0.92681837, 0.3754766, 1.297835;
 0, 0, 0, 1]
Twc:
[0.99941701, 0.033773042, -0.005003809, -0.61639589;
 -0.0080462703, 0.37542373, 0.92681837, -1.1074648;
 0.033180024, -0.92623776, 0.3754766, -0.73107237;
 0, 0, 0, 1]
Ow:
[0.63138258;
 -0.24056071;
 1.297835]
Keyframe: 78 Frame: 655 Frame from vFrameID : 656
Tcw:
[0.99763656, -0.063697122, -0.025767457, 0.66331524;
 0.0032490653, 0.41832039, -0.90829372, -0.22372711;
 0.068634748, 0.90606332, 0.41753867, 1.2973909;
 0, 0, 0, 1]
Twc:
[0.99763656, 0.0032490653, 0.068634748, -0.75006676;
 -0.063697122, 0.41832039, 0.90606332, -1.0396774;
 -0.025767457, -0.90829372, 0.41753867, -0.72782886;
 0, 0, 0, 1]
Ow:
[0.66331524;
 -0.22372711;
 1.2973909]
Keyframe: 79 Frame: 664 Frame from vFrameID : 665
Tcw:
[0.99442977, -0.083292909, -0.064588524, 0.66302806;
 -0.018596882, 0.46452045, -0.8853671, -0.22899801;
 0.10374749, 0.88163656, 0.46038398, 1.3079276;
 0, 0, 0, 1]
Twc:
[0.99442977, -0.018596882, 0.10374749, -0.79928774;
 -0.083292909, 0.46452045, 0.88163656, -0.99151713;
 -0.064588524, -0.8853671, 0.46038398, -0.76207227;
 0, 0, 0, 1]
Ow:
[0.66302806;
 -0.22899801;
 1.3079276]
Keyframe: 80 Frame: 672 Frame from vFrameID : 673
Tcw:
[0.99387562, -0.099362403, -0.048357002, 0.66680539;
 0.003419539, 0.46504593, -0.88527995, -0.22641265;
 0.11045177, 0.87969279, 0.46253759, 1.3122585;
 0, 0, 0, 1]
Twc:
[0.99387562, 0.003419539, 0.11045177, -0.80688864;
 -0.099362403, 0.46504593, 0.87969279, -0.98283666;
 -0.048357002, -0.88527995, 0.46253759, -0.77516276;
 0, 0, 0, 1]
Ow:
[0.66680539;
 -0.22641265;
 1.3122585]
Keyframe: 81 Frame: 681 Frame from vFrameID : 682
Tcw:
[0.99535733, -0.096226141, -0.0020849332, 0.66552037;
 0.041779373, 0.4514752, -0.89130503, -0.24595061;
 0.086708136, 0.88707983, 0.45339942, 1.3258783;
 0, 0, 0, 1]
Twc:
[0.99535733, 0.041779373, 0.086708136, -0.76711935;
 -0.096226141, 0.4514752, 0.88707983, -1.0010788;
 -0.0020849332, -0.89130503, 0.45339942, -0.81898183;
 0, 0, 0, 1]
Ow:
[0.66552037;
 -0.24595061;
 1.3258783]
Keyframe: 82 Frame: 689 Frame from vFrameID : 690
Tcw:
[0.99909788, -0.032349501, -0.027512681, 0.66496456;
 -0.0085487664, 0.48139244, -0.87646347, -0.23606423;
 0.041597553, 0.87590802, 0.48068163, 1.3236845;
 0, 0, 0, 1]
Twc:
[0.99909788, -0.0085487664, 0.041597553, -0.72144473;
 -0.032349501, 0.48139244, 0.87590802, -1.0242751;
 -0.027512681, -0.87646347, 0.48068163, -0.8248775;
 0, 0, 0, 1]
Ow:
[0.66496456;
 -0.23606423;
 1.3236845]
Keyframe: 83 Frame: 697 Frame from vFrameID : 698
Tcw:
[0.9963249, -0.064400941, -0.056473527, 0.66914862;
 -0.018411675, 0.48288253, -0.87549156, -0.22245732;
 0.083652556, 0.87331378, 0.47992215, 1.3351493;
 0, 0, 0, 1]
Twc:
[0.9963249, -0.018411675, 0.083652556, -0.78247392;
 -0.064400941, 0.48288253, 0.87331378, -1.0154897;
 -0.056473527, -0.87549156, 0.47992215, -0.79773802;
 0, 0, 0, 1]
Ow:
[0.66914862;
 -0.22245732;
 1.3351493]
Keyframe: 84 Frame: 705 Frame from vFrameID : 706
Tcw:
[0.99452692, -0.038055081, -0.097303659, 0.68094045;
 -0.068787508, 0.46249732, -0.88394827, -0.22932041;
 0.078641407, 0.88580358, 0.45734835, 1.3543903;
 0, 0, 0, 1]
Twc:
[0.99452692, -0.068787508, 0.078641407, -0.79949909;
 -0.038055081, 0.46249732, 0.88580358, -1.0677505;
 -0.097303659, -0.88394827, 0.45734835, -0.75587744;
 0, 0, 0, 1]
Ow:
[0.68094045;
 -0.22932041;
 1.3543903]
Keyframe: 85 Frame: 713 Frame from vFrameID : 714
Tcw:
[0.99303669, -0.07726831, -0.088925295, 0.67827553;
 -0.040512178, 0.48482412, -0.8736729, -0.22272784;
 0.11062036, 0.8711918, 0.47831786, 1.3610821;
 0, 0, 0, 1]
Twc:
[0.99303669, -0.040512178, 0.11062036, -0.83313906;
 -0.07726831, 0.48482412, 0.8711918, -1.0253706;
 -0.088925295, -0.8736729, 0.47831786, -0.78530526;
 0, 0, 0, 1]
Ow:
[0.67827553;
 -0.22272784;
 1.3610821]
Keyframe: 86 Frame: 721 Frame from vFrameID : 722
Tcw:
[0.99802166, -0.062495328, -0.0068647666, 0.66272193;
 0.023098739, 0.46603009, -0.8844673, -0.18893766;
 0.058474261, 0.88255894, 0.46655166, 1.3640153;
 0, 0, 0, 1]
Twc:
[0.99802166, 0.023098739, 0.058474261, -0.73680639;
 -0.062495328, 0.46603009, 0.88255894, -1.0743563;
 -0.0068647666, -0.8844673, 0.46655166, -0.79894334;
 0, 0, 0, 1]
Ow:
[0.66272193;
 -0.18893766;
 1.3640153]
Keyframe: 87 Frame: 729 Frame from vFrameID : 730
Tcw:
[0.99967736, -0.023254188, 0.010219912, 0.65853751;
 0.020124609, 0.47959569, -0.87725878, -0.18284339;
 0.015498515, 0.87718141, 0.47990891, 1.3657424;
 0, 0, 0, 1]
Twc:
[0.99967736, 0.020124609, 0.015498515, -0.67581236;
 -0.023254188, 0.47959569, 0.87718141, -1.0949992;
 0.010219912, -0.87725878, 0.47990891, -0.82256317;
 0, 0, 0, 1]
Ow:
[0.65853751;
 -0.18284339;
 1.3657424]
Keyframe: 88 Frame: 737 Frame from vFrameID : 738
Tcw:
[0.99960172, -0.023810031, -0.015150459, 0.65865368;
 -0.0027003938, 0.45368126, -0.89115995, -0.18839389;
 0.028092025, 0.89084589, 0.45343626, 1.3733473;
 0, 0, 0, 1]
Twc:
[0.99960172, -0.0027003938, 0.028092025, -0.6974802;
 -0.023810031, 0.45368126, 0.89084589, -1.1222874;
 -0.015150459, -0.89115995, 0.45343626, -0.7806356;
 0, 0, 0, 1]
Ow:
[0.65865368;
 -0.18839389;
 1.3733473]
Keyframe: 89 Frame: 744 Frame from vFrameID : 745
Tcw:
[0.99916101, -0.026619364, -0.031124679, 0.65378511;
 -0.015863631, 0.4490968, -0.89334226, -0.19812259;
 0.037758198, 0.89308649, 0.44829774, 1.3924251;
 0, 0, 0, 1]
Twc:
[0.99916101, -0.015863631, 0.037758198, -0.70895499;
 -0.026619364, 0.4490968, 0.89308649, -1.1371764;
 -0.031124679, -0.89334226, 0.44829774, -0.7808634;
 0, 0, 0, 1]
Ow:
[0.65378511;
 -0.19812259;
 1.3924251]
Keyframe: 90 Frame: 753 Frame from vFrameID : 754
Tcw:
[0.99956429, 0.016358832, 0.024568558, 0.64449787;
 0.014557885, 0.45085171, -0.89248013, -0.19996703;
 -0.025676709, 0.89244896, 0.45041713, 1.3977916;
 0, 0, 0, 1]
Twc:
[0.99956429, 0.014557885, -0.025676709, -0.60541528;
 0.016358832, 0.45085171, 0.89244896, -1.1678455;
 0.024568558, -0.89248013, 0.45041713, -0.82389027;
 0, 0, 0, 1]
Ow:
[0.64449787;
 -0.19996703;
 1.3977916]
Keyframe: 91 Frame: 760 Frame from vFrameID : 761
Tcw:
[0.99145842, 0.10830551, 0.072664775, 0.63256615;
 0.016104279, 0.45122054, -0.89226717, -0.17434484;
 -0.12942529, 0.88581598, 0.44562221, 1.4064445;
 0, 0, 0, 1]
Twc:
[0.99145842, 0.016104279, -0.12942529, -0.44232583;
 0.10830551, 0.45122054, 0.88581598, -1.2356935;
 0.072664775, -0.89226717, 0.44562221, -0.82827038;
 0, 0, 0, 1]
Ow:
[0.63256615;
 -0.17434484;
 1.4064445]
Keyframe: 92 Frame: 768 Frame from vFrameID : 769
Tcw:
[0.982705, 0.14581744, 0.11414082, 0.63937151;
 0.033730861, 0.46511719, -0.88460624, -0.17331761;
 -0.18207988, 0.87315708, 0.45215446, 1.4129934;
 0, 0, 0, 1]
Twc:
[0.982705, 0.033730861, -0.18207988, -0.36518976;
 0.14581744, 0.46511719, 0.87315708, -1.2463838;
 0.11414082, -0.88460624, 0.45215446, -0.86518759;
 0, 0, 0, 1]
Ow:
[0.63937151;
 -0.17331761;
 1.4129934]
Keyframe: 93 Frame: 776 Frame from vFrameID : 777
Tcw:
[0.98908752, 0.10861348, 0.099543899, 0.6364094;
 0.037379894, 0.4685449, -0.88264853, -0.17663634;
 -0.14250831, 0.87673759, 0.45937195, 1.4230379;
 0, 0, 0, 1]
Twc:
[0.98908752, 0.037379894, -0.14250831, -0.42006728;
 0.10861348, 0.4685449, 0.87673759, -1.2339914;
 0.099543899, -0.88264853, 0.45937195, -0.87296218;
 0, 0, 0, 1]
Ow:
[0.6364094;
 -0.17663634;
 1.4230379]
Keyframe: 94 Frame: 783 Frame from vFrameID : 784
Tcw:
[0.98866832, 0.12442134, 0.083989874, 0.63851708;
 0.021166768, 0.43836525, -0.89854765, -0.17710507;
 -0.14861675, 0.89014339, 0.43076426, 1.4282767;
 0, 0, 0, 1]
Twc:
[0.98866832, 0.021166768, -0.14861675, -0.41526705;
 0.12442134, 0.43836525, 0.89014339, -1.2731794;
 0.083989874, -0.89854765, 0.43076426, -0.82801676;
 0, 0, 0, 1]
Ow:
[0.63851708;
 -0.17710507;
 1.4282767]
Keyframe: 95 Frame: 791 Frame from vFrameID : 792
Tcw:
[0.98617566, 0.12556234, 0.1081278, 0.62962389;
 0.042452749, 0.43930924, -0.89733225, -0.17106658;
 -0.16017269, 0.88951755, 0.42790562, 1.4419662;
 0, 0, 0, 1]
Twc:
[0.98617566, 0.042452749, -0.16017269, -0.38269401;
 0.12556234, 0.43930924, 0.88951755, -1.2865602;
 0.1081278, -0.89733225, 0.42790562, -0.83860886;
 0, 0, 0, 1]
Ow:
[0.62962389;
 -0.17106658;
 1.4419662]
Keyframe: 96 Frame: 800 Frame from vFrameID : 801
Tcw:
[0.97493678, 0.14523533, 0.16853763, 0.61593676;
 0.085926205, 0.45295382, -0.88738352, -0.1587323;
 -0.20521919, 0.87962466, 0.42912182, 1.4539794;
 0, 0, 0, 1]
Twc:
[0.97493678, 0.085926205, -0.20521919, -0.28847569;
 0.14523533, 0.45295382, 0.87962466, -1.2965134;
 0.16853763, -0.88738352, 0.42912182, -0.86859924;
 0, 0, 0, 1]
Ow:
[0.61593676;
 -0.1587323;
 1.4539794]
Keyframe: 97 Frame: 808 Frame from vFrameID : 809
Tcw:
[0.98460126, 0.12051261, 0.12663774, 0.62811679;
 0.056715734, 0.4650144, -0.88348454, -0.15780568;
 -0.16535939, 0.87706232, 0.45101878, 1.4609601;
 0, 0, 0, 1]
Twc:
[0.98460126, 0.056715734, -0.16535939, -0.36791095;
 0.12051261, 0.4650144, 0.87706232, -1.2836672;
 0.12663774, -0.88348454, 0.45101878, -0.8778826;
 0, 0, 0, 1]
Ow:
[0.62811679;
 -0.15780568;
 1.4609601]
Keyframe: 98 Frame: 816 Frame from vFrameID : 817
Tcw:
[0.98999906, 0.084301569, 0.11311533, 0.62152243;
 0.064609423, 0.44184342, -0.89476252, -0.16691428;
 -0.12540914, 0.89312243, 0.4319779, 1.472694;
 0, 0, 0, 1]
Twc:
[0.98999906, 0.064609423, -0.12540914, -0.41983309;
 0.084301569, 0.44184342, 0.89312243, -1.2939414;
 0.11311533, -0.89476252, 0.4319779, -0.85582364;
 0, 0, 0, 1]
Ow:
[0.62152243;
 -0.16691428;
 1.472694]
Keyframe: 99 Frame: 825 Frame from vFrameID : 826
Tcw:
[0.99005026, 0.090656333, 0.10761954, 0.6352219;
 0.058592264, 0.4297584, -0.90104085, -0.16025573;
 -0.12793547, 0.89838141, 0.42017063, 1.4942365;
 0, 0, 0, 1]
Twc:
[0.99005026, 0.058592264, -0.12793547, -0.42834598;
 0.090656333, 0.4297584, 0.89838141, -1.3311099;
 0.10761954, -0.90104085, 0.42017063, -0.84059358;
 0, 0, 0, 1]
Ow:
[0.6352219;
 -0.16025573;
 1.4942365]
Keyframe: 100 Frame: 833 Frame from vFrameID : 834
Tcw:
[0.99498034, 0.041120552, 0.09123189, 0.6446138;
 0.064450495, 0.434095, -0.89855868, -0.17215949;
 -0.076552533, 0.89992815, 0.42926574, 1.5002604;
 0, 0, 0, 1]
Twc:
[0.99498034, 0.064450495, -0.076552533, -0.51543355;
 0.041120552, 0.434095, 0.89992815, -1.3018998;
 0.09123189, -0.89855868, 0.42926574, -0.85751504;
 0, 0, 0, 1]
Ow:
[0.6446138;
 -0.17215949;
 1.5002604]
Keyframe: 101 Frame: 842 Frame from vFrameID : 843
Tcw:
[0.99634892, 0.045860127, 0.07201156, 0.65634418;
 0.043746736, 0.45008641, -0.89191282, -0.14612329;
 -0.073314659, 0.89180666, 0.44643688, 1.5183361;
 0, 0, 0, 1]
Twc:
[0.99634892, 0.043746736, -0.073314659, -0.53623909;
 0.045860127, 0.45008641, 0.89180666, -1.3183941;
 0.07201156, -0.89191282, 0.44643688, -0.85543478;
 0, 0, 0, 1]
Ow:
[0.65634418;
 -0.14612329;
 1.5183361]
Keyframe: 102 Frame: 851 Frame from vFrameID : 852
Tcw:
[0.99928421, 0.0051055574, 0.037483931, 0.67776734;
 0.031757042, 0.42522654, -0.90452963, -0.14734274;
 -0.02055729, 0.90507257, 0.42476001, 1.5340443;
 0, 0, 0, 1]
Twc:
[0.99928421, 0.031757042, -0.02055729, -0.64106721;
 0.0051055574, 0.42522654, 0.90507257, -1.3292277;
 0.037483931, -0.90452963, 0.42476001, -0.81028187;
 0, 0, 0, 1]
Ow:
[0.67776734;
 -0.14734274;
 1.5340443]
Keyframe: 103 Frame: 860 Frame from vFrameID : 861
Tcw:
[0.99487126, 0.068095878, 0.074794248, 0.66610867;
 0.032523964, 0.48481494, -0.87401181, -0.16305429;
 -0.095777974, 0.87196183, 0.48011371, 1.5358969;
 0, 0, 0, 1]
Twc:
[0.99487126, 0.032523964, -0.095777974, -0.51028413;
 0.068095878, 0.48481494, 0.87196183, -1.3055515;
 0.074794248, -0.87401181, 0.48011371, -0.92973757;
 0, 0, 0, 1]
Ow:
[0.66610867;
 -0.16305429;
 1.5358969]
Keyframe: 104 Frame: 868 Frame from vFrameID : 869
Tcw:
[0.9862017, 0.074608795, 0.1477828, 0.6522699;
 0.092139944, 0.49426812, -0.86441267, -0.16656476;
 -0.13753711, 0.86610192, 0.48057359, 1.5605856;
 0, 0, 0, 1]
Twc:
[0.9862017, 0.092139944, -0.13753711, -0.41328394;
 0.074608795, 0.49426812, 0.86610192, -1.3179636;
 0.1477828, -0.86441267, 0.48057359, -0.9903512;
 0, 0, 0, 1]
Ow:
[0.6522699;
 -0.16656476;
 1.5605856]
Keyframe: 105 Frame: 876 Frame from vFrameID : 877
Tcw:
[0.98732328, 0.037815541, 0.15415144, 0.67675543;
 0.11723565, 0.4809612, -0.86886829, -0.17465907;
 -0.10699759, 0.87592596, 0.47043088, 1.5646615;
 0, 0, 0, 1]
Twc:
[0.98732328, 0.11723565, -0.10699759, -0.48028511;
 0.037815541, 0.4809612, 0.87592596, -1.3121153;
 0.15415144, -0.86886829, 0.47043088, -0.99214369;
 0, 0, 0, 1]
Ow:
[0.67675543;
 -0.17465907;
 1.5646615]
Keyframe: 106 Frame: 884 Frame from vFrameID : 885
Tcw:
[0.99231076, -0.018390033, 0.12239753, 0.68864;
 0.11540295, 0.49491596, -0.86124349, -0.17141849;
 -0.044738192, 0.86874622, 0.4932327, 1.5772238;
 0, 0, 0, 1]
Twc:
[0.99231076, 0.11540295, -0.044738192, -0.59300053;
 -0.018390033, 0.49491596, 0.86874622, -1.2727053;
 0.12239753, -0.86124349, 0.4932327, -1.0098592;
 0, 0, 0, 1]
Ow:
[0.68864;
 -0.17141849;
 1.5772238]
Keyframe: 107 Frame: 892 Frame from vFrameID : 893
Tcw:
[0.99568844, -0.0033732343, 0.092699505, 0.69115824;
 0.083935194, 0.45819995, -0.8848772, -0.16793364;
 -0.039490011, 0.88884276, 0.45650753, 1.5850601;
 0, 0, 0, 1]
Twc:
[0.99568844, 0.083935194, -0.039490011, -0.61148864;
 -0.0033732343, 0.45819995, 0.88884276, -1.3295906;
 0.092699505, -0.8848772, 0.45650753, -0.93626255;
 0, 0, 0, 1]
Ow:
[0.69115824;
 -0.16793364;
 1.5850601]
Keyframe: 108 Frame: 901 Frame from vFrameID : 902
Tcw:
[0.99263847, 0.030811194, 0.11713032, 0.68100619;
 0.091589585, 0.44182712, -0.89241254, -0.16890419;
 -0.079247646, 0.89657098, 0.4357526, 1.598452;
 0, 0, 0, 1]
Twc:
[0.99263847, 0.091589585, -0.079247646, -0.5338496;
 0.030811194, 0.44182712, 0.89657098, -1.3794817;
 0.11713032, -0.89241254, 0.4357526, -0.9270283;
 0, 0, 0, 1]
Ow:
[0.68100619;
 -0.16890419;
 1.598452]
Keyframe: 109 Frame: 910 Frame from vFrameID : 911
Tcw:
[0.99117494, 0.053268965, 0.12138642, 0.67935669;
 0.083801731, 0.45771411, -0.88514125, -0.15883595;
 -0.10271084, 0.88750225, 0.44921073, 1.6093111;
 0, 0, 0, 1]
Twc:
[0.99117494, 0.083801731, -0.10271084, -0.49475694;
 0.053268965, 0.45771411, 0.88750225, -1.3917543;
 0.12138642, -0.88514125, 0.44921073, -0.94597673;
 0, 0, 0, 1]
Ow:
[0.67935669;
 -0.15883595;
 1.6093111]
Keyframe: 110 Frame: 919 Frame from vFrameID : 920
Tcw:
[0.99248224, 0.091690168, 0.081067212, 0.68478656;
 0.033605907, 0.43275186, -0.90088648, -0.15293372;
 -0.11768442, 0.89683819, 0.4264172, 1.6283369;
 0, 0, 0, 1]
Twc:
[0.99248224, 0.033605907, -0.11768442, -0.48286918;
 0.091690168, 0.43275186, 0.89683819, -1.4569606;
 0.081067212, -0.90088648, 0.4264172, -0.88764054;
 0, 0, 0, 1]
Ow:
[0.68478656;
 -0.15293372;
 1.6283369]
Keyframe: 111 Frame: 927 Frame from vFrameID : 928
Tcw:
[0.99524873, 0.08648625, 0.044722352, 0.68241763;
 0.0036351981, 0.42599952, -0.90471607, -0.15215516;
 -0.097297207, 0.90058011, 0.42366111, 1.6372602;
 0, 0, 0, 1]
Twc:
[0.99524873, 0.0036351981, -0.097297207, -0.51932132;
 0.08648625, 0.42599952, 0.90058011, -1.4686857;
 0.044722352, -0.90471607, 0.42366111, -0.86182004;
 0, 0, 0, 1]
Ow:
[0.68241763;
 -0.15215516;
 1.6372602]
Keyframe: 112 Frame: 936 Frame from vFrameID : 937
Tcw:
[0.99193406, 0.11440179, 0.05458089, 0.68113458;
 0.0015765536, 0.41943288, -0.907785, -0.15862936;
 -0.12674525, 0.90054888, 0.41586939, 1.6574845;
 0, 0, 0, 1]
Twc:
[0.99193406, 0.0015765536, -0.12674525, -0.46531221;
 0.11440179, 0.41943288, 0.90054888, -1.5040345;
 0.05458089, -0.907785, 0.41586939, -0.87047541;
 0, 0, 0, 1]
Ow:
[0.68113458;
 -0.15862936;
 1.6574845]
Keyframe: 113 Frame: 944 Frame from vFrameID : 945
Tcw:
[0.98893833, 0.12094682, 0.085865028, 0.68109614;
 0.028042255, 0.41599715, -0.90893346, -0.15759367;
 -0.14565222, 0.90128696, 0.40800393, 1.6664326;
 0, 0, 0, 1]
Twc:
[0.98893833, 0.028042255, -0.14565222, -0.42642319;
 0.12094682, 0.41599715, 0.90128696, -1.518752;
 0.085865028, -0.90893346, 0.40800393, -0.88163555;
 0, 0, 0, 1]
Ow:
[0.68109614;
 -0.15759367;
 1.6664326]
Keyframe: 114 Frame: 952 Frame from vFrameID : 953
Tcw:
[0.98990166, 0.12340385, 0.069757797, 0.6804378;
 0.015406516, 0.39552602, -0.91832554, -0.1569804;
 -0.14091593, 0.91012675, 0.38963065, 1.6792719;
 0, 0, 0, 1]
Twc:
[0.98990166, 0.015406516, -0.14091593, -0.43451184;
 0.12340385, 0.39552602, 0.91012675, -1.5502291;
 0.069757797, -0.91832554, 0.38963065, -0.8459208;
 0, 0, 0, 1]
Ow:
[0.6804378;
 -0.1569804;
 1.6792719]
Keyframe: 115 Frame: 960 Frame from vFrameID : 961
Tcw:
[0.99241793, 0.11586058, 0.041024115, 0.68809652;
 -0.0054839803, 0.37518412, -0.92693406, -0.15600795;
 -0.12278672, 0.91968101, 0.37297484, 1.6898476;
 0, 0, 0, 1]
Twc:
[0.99241793, -0.0054839803, -0.12278672, -0.47624403;
 0.11586058, 0.37518412, 0.91968101, -1.5753124;
 0.041024115, -0.92693406, 0.37297484, -0.80310833;
 0, 0, 0, 1]
Ow:
[0.68809652;
 -0.15600795;
 1.6898476]
Keyframe: 116 Frame: 969 Frame from vFrameID : 970
Tcw:
[0.992401, 0.11599444, 0.041055419, 0.69293511;
 -0.0064892182, 0.38253367, -0.92391878, -0.15757179;
 -0.12287451, 0.91663146, 0.38037953, 1.6990944;
 0, 0, 0, 1]
Twc:
[0.992401, -0.0064892182, -0.12287451, -0.4799166;
 0.11599444, 0.38253367, 0.91663146, -1.5775436;
 0.041055419, -0.92391878, 0.38037953, -0.82033294;
 0, 0, 0, 1]
Ow:
[0.69293511;
 -0.15757179;
 1.6990944]
Keyframe: 117 Frame: 977 Frame from vFrameID : 978
Tcw:
[0.98752564, 0.13796425, 0.075887501, 0.68905872;
 0.02027123, 0.36654815, -0.93017823, -0.14948905;
 -0.15614776, 0.92011321, 0.35917899, 1.7096597;
 0, 0, 0, 1]
Twc:
[0.98752564, 0.02027123, -0.15614776, -0.41047332;
 0.13796425, 0.36654815, 0.92011321, -1.613351;
 0.075887501, -0.93017823, 0.35917899, -0.80541629;
 0, 0, 0, 1]
Ow:
[0.68905872;
 -0.14948905;
 1.7096597]
Keyframe: 118 Frame: 985 Frame from vFrameID : 986
Tcw:
[0.98610395, 0.14754425, 0.076352417, 0.69585204;
 0.018861745, 0.3571904, -0.93384111, -0.14994156;
 -0.16505523, 0.92230457, 0.34944391, 1.7204045;
 0, 0, 0, 1]
Twc:
[0.98610395, 0.018861745, -0.16505523, -0.39939249;
 0.14754425, 0.3571904, 0.92230457, -1.6358482;
 0.076352417, -0.93384111, 0.34944391, -0.7943365;
 0, 0, 0, 1]
Ow:
[0.69585204;
 -0.14994156;
 1.7204045]
Keyframe: 119 Frame: 994 Frame from vFrameID : 995
Tcw:
[0.98998904, 0.13633807, 0.036518414, 0.69523436;
 -0.014291165, 0.35422716, -0.93505019, -0.15523082;
 -0.14041875, 0.92516756, 0.35262945, 1.7248986;
 0, 0, 0, 1]
Twc:
[0.98998904, -0.014291165, -0.14041875, -0.44828478;
 0.13633807, 0.35422716, 0.92516756, -1.6356202;
 0.036518414, -0.93505019, 0.35262945, -0.77878755;
 0, 0, 0, 1]
Ow:
[0.69523436;
 -0.15523082;
 1.7248986]
Keyframe: 120 Frame: 1002 Frame from vFrameID : 1003
Tcw:
[0.98993081, 0.1333115, 0.047592238, 0.69672668;
 -0.0043402207, 0.36464509, -0.93113649, -0.15984696;
 -0.14148547, 0.92155409, 0.36155203, 1.731854;
 0, 0, 0, 1]
Twc:
[0.98993081, -0.0043402207, -0.14148547, -0.44537279;
 0.1333115, 0.36464509, 0.92155409, -1.6305915;
 0.047592238, -0.93113649, 0.36155203, -0.80815339;
 0, 0, 0, 1]
Ow:
[0.69672668;
 -0.15984696;
 1.731854]
Keyframe: 121 Frame: 1011 Frame from vFrameID : 1012
Tcw:
[0.98523766, 0.15069714, 0.081222616, 0.69874364;
 0.024713585, 0.34428024, -0.93854159, -0.15705055;
 -0.16939889, 0.92669386, 0.3354736, 1.7455659;
 0, 0, 0, 1]
Twc:
[0.98523766, 0.024713585, -0.16939889, -0.38885039;
 0.15069714, 0.34428024, 0.92669386, -1.6688344;
 0.081222616, -0.93854159, 0.3354736, -0.78974354;
 0, 0, 0, 1]
Ow:
[0.69874364;
 -0.15705055;
 1.7455659]
Keyframe: 122 Frame: 1019 Frame from vFrameID : 1020
Tcw:
[0.97996593, 0.17384607, 0.097182095, 0.70504284;
 0.028788375, 0.35918069, -0.9328239, -0.15998304;
 -0.1970737, 0.91693336, 0.34698009, 1.7515945;
 0, 0, 0, 1]
Twc:
[0.97996593, 0.028788375, -0.1970737, -0.34111911;
 0.17384607, 0.35918069, 0.91693336, -1.6712016;
 0.097182095, -0.9328239, 0.34698009, -0.82552201;
 0, 0, 0, 1]
Ow:
[0.70504284;
 -0.15998304;
 1.7515945]
Keyframe: 123 Frame: 1028 Frame from vFrameID : 1029
Tcw:
[0.98646122, 0.16185437, 0.026409261, 0.70940328;
 -0.031791423, 0.34671813, -0.93743044, -0.16220576;
 -0.16088378, 0.92389917, 0.34716958, 1.7585435;
 0, 0, 0, 1]
Twc:
[0.98646122, -0.031791423, -0.16088378, -0.42203444;
 0.16185437, 0.34671813, 0.92389917, -1.6832973;
 0.026409261, -0.93743044, 0.34716958, -0.78130424;
 0, 0, 0, 1]
Ow:
[0.70940328;
 -0.16220576;
 1.7585435]
Keyframe: 124 Frame: 1037 Frame from vFrameID : 1038
Tcw:
[0.98850477, 0.14633743, 0.037995968, 0.71014243;
 -0.014438698, 0.34153742, -0.93975729, -0.16722745;
 -0.15049872, 0.92840594, 0.33972427, 1.7667718;
 0, 0, 0, 1]
Twc:
[0.98850477, -0.014438698, -0.15049872, -0.4384968;
 0.14633743, 0.34153742, 0.92840594, -1.6870874;
 0.037995968, -0.93975729, 0.33972427, -0.78435105;
 0, 0, 0, 1]
Ow:
[0.71014243;
 -0.16722745;
 1.7667718]
Keyframe: 125 Frame: 1045 Frame from vFrameID : 1046
Tcw:
[0.98119307, 0.17868453, 0.073020712, 0.71173435;
 0.0057570464, 0.35103136, -0.93634599, -0.16088349;
 -0.1929431, 0.91915655, 0.34340084, 1.7733533;
 0, 0, 0, 1]
Twc:
[0.98119307, 0.0057570464, -0.1929431, -0.35526627;
 0.17868453, 0.35103136, 0.91915655, -1.7006902;
 0.073020712, -0.93634599, 0.34340084, -0.81158501;
 0, 0, 0, 1]
Ow:
[0.71173435;
 -0.16088349;
 1.7733533]
Keyframe: 126 Frame: 1053 Frame from vFrameID : 1054
Tcw:
[0.97710866, 0.18349744, 0.10764451, 0.71419531;
 0.035986353, 0.35613361, -0.93374187, -0.16501462;
 -0.20967507, 0.91624099, 0.34137785, 1.7824184;
 0, 0, 0, 1]
Twc:
[0.97710866, 0.035986353, -0.20967507, -0.31817949;
 0.18349744, 0.35613361, 0.91624099, -1.7054105;
 0.10764451, -0.93374187, 0.34137785, -0.83943832;
 0, 0, 0, 1]
Ow:
[0.71419531;
 -0.16501462;
 1.7824184]
Keyframe: 127 Frame: 1062 Frame from vFrameID : 1063
Tcw:
[0.9848758, 0.16521981, 0.052173905, 0.72387975;
 -0.011012929, 0.36021367, -0.93280482, -0.17207581;
 -0.17291158, 0.91812229, 0.35658529, 1.7889321;
 0, 0, 0, 1]
Twc:
[0.9848758, -0.011012929, -0.17291158, -0.40549964;
 0.16521981, 0.36021367, 0.91812229, -1.7000736;
 0.052173905, -0.93280482, 0.35658529, -0.83618754;
 0, 0, 0, 1]
Ow:
[0.72387975;
 -0.17207581;
 1.7889321]
Keyframe: 128 Frame: 1070 Frame from vFrameID : 1071
Tcw:
[0.98888499, 0.1449506, 0.033102654, 0.72701913;
 -0.020944908, 0.35622776, -0.9341644, -0.17162418;
 -0.14719976, 0.92308784, 0.35530424, 1.8005493;
 0, 0, 0, 1]
Twc:
[0.98888499, -0.020944908, -0.14719976, -0.4574925;
 0.1449506, 0.35622776, 0.92308784, -1.7063096;
 0.033102654, -0.9341644, 0.35530424, -0.82413423;
 0, 0, 0, 1]
Ow:
[0.72701913;
 -0.17162418;
 1.8005493]
Keyframe: 129 Frame: 1078 Frame from vFrameID : 1079
Tcw:
[0.98891568, 0.13238296, 0.067235202, 0.73480117;
 0.017213557, 0.34755492, -0.93750161, -0.17430067;
 -0.14747716, 0.92826736, 0.34142372, 1.8128198;
 0, 0, 0, 1]
Twc:
[0.98891568, 0.017213557, -0.14747716, -0.45630646;
 0.13238296, 0.34755492, 0.92826736, -1.7194777;
 0.067235202, -0.93750161, 0.34142372, -0.83175135;
 0, 0, 0, 1]
Ow:
[0.73480117;
 -0.17430067;
 1.8128198]
Keyframe: 130 Frame: 1087 Frame from vFrameID : 1088
Tcw:
[0.98066467, 0.15196516, 0.12330217, 0.73164266;
 0.060252644, 0.36499834, -0.92905641, -0.18001366;
 -0.18618929, 0.91852206, 0.34878466, 1.8283532;
 0, 0, 0, 1]
Twc:
[0.98066467, 0.060252644, -0.18618929, -0.36623001;
 0.15196516, 0.36499834, 0.91852206, -1.7248622;
 0.12330217, -0.92905641, 0.34878466, -0.89515758;
 0, 0, 0, 1]
Ow:
[0.73164266;
 -0.18001366;
 1.8283532]
Keyframe: 131 Frame: 1096 Frame from vFrameID : 1097
Tcw:
[0.98829585, 0.12141342, 0.092358507, 0.74003702;
 0.044300165, 0.35092068, -0.93535674, -0.18427962;
 -0.14597537, 0.92850065, 0.34143481, 1.8325807;
 0, 0, 0, 1]
Twc:
[0.98829585, 0.044300165, -0.14597537, -0.45570028;
 0.12141342, 0.35092068, 0.92850065, -1.7267352;
 0.092358507, -0.93535674, 0.34143481, -0.86642271;
 0, 0, 0, 1]
Ow:
[0.74003702;
 -0.18427962;
 1.8325807]
Keyframe: 132 Frame: 1104 Frame from vFrameID : 1105
Tcw:
[0.99222964, 0.11151762, 0.055173732, 0.75040507;
 0.011349796, 0.36047208, -0.93270093, -0.19203091;
 -0.12390117, 0.92607975, 0.35640541, 1.8421035;
 0, 0, 0, 1]
Twc:
[0.99222964, 0.011349796, -0.12390117, -0.51415586;
 0.11151762, 0.36047208, 0.92607975, -1.7203963;
 0.055173732, -0.93270093, 0.35640541, -0.87704569;
 0, 0, 0, 1]
Ow:
[0.75040507;
 -0.19203091;
 1.8421035]
Keyframe: 133 Frame: 1112 Frame from vFrameID : 1113
Tcw:
[0.98767614, 0.12896609, 0.088676728, 0.74793804;
 0.036187042, 0.36306059, -0.93106258, -0.19347394;
 -0.15227053, 0.92279726, 0.35391939, 1.8504672;
 0, 0, 0, 1]
Twc:
[0.98767614, 0.036187042, -0.15227053, -0.44994769;
 0.12896609, 0.36306059, 0.92279726, -1.7338219;
 0.088676728, -0.93106258, 0.35391939, -0.9013772;
 0, 0, 0, 1]
Ow:
[0.74793804;
 -0.19347394;
 1.8504672]
Keyframe: 134 Frame: 1120 Frame from vFrameID : 1121
Tcw:
[0.98263502, 0.141565, 0.11994924, 0.74173886;
 0.058541499, 0.37690297, -0.92440093, -0.18116218;
 -0.17607203, 0.9153707, 0.36207062, 1.8634901;
 0, 0, 0, 1]
Twc:
[0.98263502, 0.058541499, -0.17607203, -0.39014453;
 0.141565, 0.37690297, 0.9153707, -1.7425079;
 0.11994924, -0.92440093, 0.36207062, -0.93115252;
 0, 0, 0, 1]
Ow:
[0.74173886;
 -0.18116218;
 1.8634901]
Keyframe: 135 Frame: 1129 Frame from vFrameID : 1130
Tcw:
[0.9886294, 0.12698424, 0.080541641, 0.75374651;
 0.030742081, 0.35362247, -0.93488294, -0.19035101;
 -0.14719674, 0.92672873, 0.34569779, 1.8741152;
 0, 0, 0, 1]
Twc:
[0.9886294, 0.030742081, -0.14719674, -0.46346053;
 0.12698424, 0.35362247, 0.92672873, -1.765198;
 0.080541641, -0.93488294, 0.34569779, -0.88654137;
 0, 0, 0, 1]
Ow:
[0.75374651;
 -0.19035101;
 1.8741152]
Keyframe: 136 Frame: 1138 Frame from vFrameID : 1139
Tcw:
[0.99029934, 0.12631702, 0.05788983, 0.76244444;
 0.006971661, 0.37092799, -0.92863548, -0.18578184;
 -0.13877542, 0.92003065, 0.36644909, 1.877932;
 0, 0, 0, 1]
Twc:
[0.99029934, 0.006971661, -0.13877542, -0.49314222;
 0.12631702, 0.37092799, 0.92003065, -1.7551531;
 0.05788983, -0.92863548, 0.36644909, -0.90482783;
 0, 0, 0, 1]
Ow:
[0.76244444;
 -0.18578184;
 1.877932]
Keyframe: 137 Frame: 1146 Frame from vFrameID : 1147
Tcw:
[0.98703212, 0.14323691, 0.072462618, 0.76987189;
 0.018055566, 0.34948552, -0.93676776, -0.18611228;
 -0.15950435, 0.92592824, 0.3423672, 1.8870925;
 0, 0, 0, 1]
Twc:
[0.98703212, 0.018055566, -0.15950435, -0.45552844;
 0.14323691, 0.34948552, 0.92592824, -1.7925427;
 0.072462618, -0.93676776, 0.3423672, -0.8762095;
 0, 0, 0, 1]
Ow:
[0.76987189;
 -0.18611228;
 1.8870925]
Keyframe: 138 Frame: 1155 Frame from vFrameID : 1156
Tcw:
[0.98390335, 0.14574116, 0.10341063, 0.76930434;
 0.04593651, 0.35296214, -0.93450928, -0.18697846;
 -0.1726965, 0.9242171, 0.34058577, 1.8880609;
 0, 0, 0, 1]
Twc:
[0.98390335, 0.04593651, -0.1726965, -0.42227042;
 0.14574116, 0.35296214, 0.9242171, -1.7911011;
 0.10341063, -0.93450928, 0.34058577, -0.89733404;
 0, 0, 0, 1]
Ow:
[0.76930434;
 -0.18697846;
 1.8880609]
Keyframe: 139 Frame: 1163 Frame from vFrameID : 1164
Tcw:
[0.9928537, 0.11334069, 0.03735543, 0.77422792;
 -0.0020244729, 0.32897377, -0.94433689, -0.18525362;
 -0.11932075, 0.93751276, 0.32685229, 1.8993992;
 0, 0, 0, 1]
Twc:
[0.9928537, -0.0020244729, -0.11932075, -0.54243231;
 0.11334069, 0.32897377, 0.93751276, -1.8075188;
 0.03735543, -0.94433689, 0.32685229, -0.82468641;
 0, 0, 0, 1]
Ow:
[0.77422792;
 -0.18525362;
 1.8993992]
Keyframe: 140 Frame: 1172 Frame from vFrameID : 1173
Tcw:
[0.99556738, 0.092354529, 0.017782794, 0.78679383;
 -0.016470851, 0.35735983, -0.93382156, -0.21026969;
 -0.092597507, 0.92938936, 0.35729694, 1.9097625;
 0, 0, 0, 1]
Twc:
[0.99556738, -0.016470851, -0.092597507, -0.60993034;
 0.092354529, 0.35735983, 0.92938936, -1.7724351;
 0.017782794, -0.93382156, 0.35729694, -0.89269811;
 0, 0, 0, 1]
Ow:
[0.78679383;
 -0.21026969;
 1.9097625]
Keyframe: 141 Frame: 1181 Frame from vFrameID : 1182
Tcw:
[0.99534297, 0.095367059, 0.014051495, 0.79504174;
 -0.016570803, 0.31287163, -0.94965088, -0.20593768;
 -0.094961725, 0.94499546, 0.3129949, 1.9258204;
 0, 0, 0, 1]
Twc:
[0.99534297, -0.016570803, -0.094961725, -0.61187261;
 0.095367059, 0.31287163, 0.94499546, -1.8312804;
 0.014051495, -0.94965088, 0.3129949, -0.80951238;
 0, 0, 0, 1]
Ow:
[0.79504174;
 -0.20593768;
 1.9258204]
Keyframe: 142 Frame: 1190 Frame from vFrameID : 1191
Tcw:
[0.99363017, 0.10042517, 0.051125765, 0.78621274;
 0.018339865, 0.30352685, -0.95264637, -0.20758551;
 -0.11118771, 0.94751585, 0.29975164, 1.9370475;
 0, 0, 0, 1]
Twc:
[0.99363017, 0.018339865, -0.11118771, -0.56202179;
 0.10042517, 0.30352685, 0.94751585, -1.8513309;
 0.051125765, -0.95264637, 0.29975164, -0.8185845;
 0, 0, 0, 1]
Ow:
[0.78621274;
 -0.20758551;
 1.9370475]
Keyframe: 143 Frame: 1199 Frame from vFrameID : 1200
Tcw:
[0.99436599, 0.097893581, 0.040658839, 0.79612654;
 0.0077823852, 0.31511357, -0.94902205, -0.20751756;
 -0.10571532, 0.94399166, 0.31257638, 1.9430206;
 0, 0, 0, 1]
Twc:
[0.99436599, 0.0077823852, -0.10571532, -0.5846191;
 0.097893581, 0.31511357, 0.94399166, -1.8467393;
 0.040658839, -0.94902205, 0.31257638, -0.83665067;
 0, 0, 0, 1]
Ow:
[0.79612654;
 -0.20751756;
 1.9430206]
Keyframe: 144 Frame: 1209 Frame from vFrameID : 1210
Tcw:
[0.99685264, 0.078188665, 0.013089374, 0.80195111;
 -0.014254664, 0.33920184, -0.94060564, -0.2088815;
 -0.077984639, 0.93745863, 0.33924878, 1.9471657;
 0, 0, 0, 1]
Twc:
[0.99685264, -0.014254664, -0.077984639, -0.65055561;
 0.078188665, 0.33920184, 0.93745863, -1.8172379;
 0.013089374, -0.94060564, 0.33924878, -0.86754578;
 0, 0, 0, 1]
Ow:
[0.80195111;
 -0.2088815;
 1.9471657]
Keyframe: 145 Frame: 1218 Frame from vFrameID : 1219
Tcw:
[0.99489456, 0.091148145, 0.043322541, 0.80933338;
 0.012026911, 0.31913304, -0.94763362, -0.21417344;
 -0.10020071, 0.94331652, 0.3164075, 1.956515;
 0, 0, 0, 1]
Twc:
[0.99489456, 0.012026911, -0.10020071, -0.60658139;
 0.091148145, 0.31913304, 0.94331652, -1.8510325;
 0.043322541, -0.94763362, 0.3164075, -0.85707641;
 0, 0, 0, 1]
Ow:
[0.80933338;
 -0.21417344;
 1.956515]
Keyframe: 146 Frame: 1227 Frame from vFrameID : 1228
Tcw:
[0.99515057, 0.093886808, 0.029336622, 0.80707276;
 -0.0016378206, 0.31402165, -0.94941443, -0.2124126;
 -0.098349825, 0.94476223, 0.31265259, 1.9644158;
 0, 0, 0, 1]
Twc:
[0.99515057, -0.0016378206, -0.098349825, -0.61030686;
 0.093886808, 0.31402165, 0.94476223, -1.8649772;
 0.029336622, -0.94941443, 0.31265259, -0.83952409;
 0, 0, 0, 1]
Ow:
[0.80707276;
 -0.2124126;
 1.9644158]
Keyframe: 147 Frame: 1236 Frame from vFrameID : 1237
Tcw:
[0.99259192, 0.11852382, 0.026708515, 0.80898821;
 -0.010577612, 0.30329862, -0.95283687, -0.2070362;
 -0.12103452, 0.94549567, 0.30230546, 1.9762653;
 0, 0, 0, 1]
Twc:
[0.99259192, -0.010577612, -0.12103452, -0.56598884;
 0.11852382, 0.30329862, 0.94549567, -1.9016409;
 0.026708515, -0.95283687, 0.30230546, -0.8163144;
 0, 0, 0, 1]
Ow:
[0.80898821;
 -0.2070362;
 1.9762653]
Keyframe: 148 Frame: 1245 Frame from vFrameID : 1246
Tcw:
[0.99602938, 0.082695633, 0.032968745, 0.81912482;
 0.0065240166, 0.30153224, -0.95343369, -0.22227055;
 -0.088785939, 0.94986302, 0.29979545, 1.9872415;
 0, 0, 0, 1]
Twc:
[0.99602938, 0.0065240166, -0.088785939, -0.63798314;
 0.082695633, 0.30153224, 0.94986302, -1.8883235;
 0.032968745, -0.95343369, 0.29979545, -0.83469164;
 0, 0, 0, 1]
Ow:
[0.81912482;
 -0.22227055;
 1.9872415]
Keyframe: 149 Frame: 1254 Frame from vFrameID : 1255
Tcw:
[0.99379486, 0.071209691, 0.085445359, 0.81083786;
 0.059976421, 0.30387741, -0.9508214, -0.21133167;
 -0.093672611, 0.95004618, 0.29772091, 1.9909728;
 0, 0, 0, 1]
Twc:
[0.99379486, 0.059976421, -0.093672611, -0.60663199;
 0.071209691, 0.30387741, 0.95004618, -1.8850365;
 0.085445359, -0.9508214, 0.29772091, -0.86297524;
 0, 0, 0, 1]
Ow:
[0.81083786;
 -0.21133167;
 1.9909728]
Keyframe: 150 Frame: 1263 Frame from vFrameID : 1264
Tcw:
[0.99536246, 0.044524744, 0.085270941, 0.81556678;
 0.068470664, 0.29470035, -0.95313352, -0.21367854;
 -0.067567401, 0.95455188, 0.29028502, 2.0032363;
 0, 0, 0, 1]
Twc:
[0.99536246, 0.068470664, -0.067567401, -0.66180032;
 0.044524744, 0.29470035, 0.95455188, -1.8855346;
 0.085270941, -0.95313352, 0.29028502, -0.85471773;
 0, 0, 0, 1]
Ow:
[0.81556678;
 -0.21367854;
 2.0032363]
Keyframe: 151 Frame: 1272 Frame from vFrameID : 1273
Tcw:
[0.99778736, 0.032340381, 0.05809037, 0.81532913;
 0.045674745, 0.30148634, -0.95237589, -0.22879356;
 -0.048313651, 0.95292187, 0.29934213, 2.0117505;
 0, 0, 0, 1]
Twc:
[0.99778736, 0.045674745, -0.048313651, -0.70587999;
 0.032340381, 0.30148634, 0.95292187, -1.8744309;
 0.05809037, -0.95237589, 0.29934213, -0.86746186;
 0, 0, 0, 1]
Ow:
[0.81532913;
 -0.22879356;
 2.0117505]
Keyframe: 152 Frame: 1281 Frame from vFrameID : 1282
Tcw:
[0.99610579, 0.059568942, 0.064998291, 0.81915337;
 0.047030199, 0.26457494, -0.96321768, -0.22651643;
 -0.074574776, 0.96252358, 0.26074308, 2.0253301;
 0, 0, 0, 1]
Twc:
[0.99610579, 0.047030199, -0.074574776, -0.65427178;
 0.059568942, 0.26457494, 0.96252358, -1.9382933;
 0.064998291, -0.96321768, 0.26074308, -0.799519;
 0, 0, 0, 1]
Ow:
[0.81915337;
 -0.22651643;
 2.0253301]
Keyframe: 153 Frame: 1291 Frame from vFrameID : 1292
Tcw:
[0.99394721, 0.076679818, 0.078670964, 0.82952493;
 0.054321047, 0.27940303, -0.95863611, -0.2250638;
 -0.095488943, 0.95710719, 0.27354652, 2.0304604;
 0, 0, 0, 1]
Twc:
[0.99394721, 0.054321047, -0.095488943, -0.61839181;
 0.076679818, 0.27940303, 0.95710719, -1.9440925;
 0.078670964, -0.95863611, 0.27354652, -0.83643925;
 0, 0, 0, 1]
Ow:
[0.82952493;
 -0.2250638;
 2.0304604]
Keyframe: 154 Frame: 1300 Frame from vFrameID : 1301
Tcw:
[0.99819142, 0.045267764, 0.039557081, 0.83068281;
 0.02449045, 0.29472372, -0.95526862, -0.22991455;
 -0.054901287, 0.95450968, 0.29308206, 2.0373259;
 0, 0, 0, 1]
Twc:
[0.99819142, 0.02449045, -0.054901287, -0.71169788;
 0.045267764, 0.29472372, 0.95450968, -1.9144893;
 0.039557081, -0.95526862, 0.29308206, -0.84959328;
 0, 0, 0, 1]
Ow:
[0.83068281;
 -0.22991455;
 2.0373259]
Keyframe: 155 Frame: 1309 Frame from vFrameID : 1310
Tcw:
[0.99786484, 0.045184463, 0.047159955, 0.83281529;
 0.033026833, 0.27385533, -0.96120369, -0.2311902;
 -0.056346476, 0.96070892, 0.27177832, 2.0466874;
 0, 0, 0, 1]
Twc:
[0.99786484, 0.033026833, -0.056346476, -0.70807803;
 0.045184463, 0.27385533, 0.96070892, -1.9405885;
 0.047159955, -0.96120369, 0.27177832, -0.81774163;
 0, 0, 0, 1]
Ow:
[0.83281529;
 -0.2311902;
 2.0466874]
Keyframe: 156 Frame: 1318 Frame from vFrameID : 1319
Tcw:
[0.98858726, 0.097132169, 0.11515471, 0.82952106;
 0.082278185, 0.29219645, -0.95281243, -0.23329109;
 -0.12619653, 0.95141292, 0.28086984, 2.0491142;
 0, 0, 0, 1]
Twc:
[0.98858726, 0.082278185, -0.12619653, -0.54226798;
 0.097132169, 0.29219645, 0.95141292, -1.9619602;
 0.11515471, -0.95281243, 0.28086984, -0.89334029;
 0, 0, 0, 1]
Ow:
[0.82952106;
 -0.23329109;
 2.0491142]
Keyframe: 157 Frame: 1326 Frame from vFrameID : 1327
Tcw:
[0.98394483, 0.13597873, 0.1155956, 0.82845807;
 0.07477691, 0.27400383, -0.95881712, -0.23356676;
 -0.16205238, 0.95206708, 0.25943658, 2.0584278;
 0, 0, 0, 1]
Twc:
[0.98394483, 0.07477691, -0.16205238, -0.4641186;
 0.13597873, 0.27400383, 0.95206708, -2.0084157;
 0.1155956, -0.95881712, 0.25943658, -0.8537454;
 0, 0, 0, 1]
Ow:
[0.82845807;
 -0.23356676;
 2.0584278]
Keyframe: 158 Frame: 1335 Frame from vFrameID : 1336
Tcw:
[0.98643857, 0.13919373, 0.086971633, 0.83031863;
 0.050424796, 0.24725318, -0.96763796, -0.23593199;
 -0.15619314, 0.95890093, 0.23688126, 2.0639491;
 0, 0, 0, 1]
Twc:
[0.98643857, 0.050424796, -0.15619314, -0.48478681;
 0.13919373, 0.24725318, 0.95890093, -2.0363629;
 0.086971633, -0.96763796, 0.23688126, -0.7894218;
 0, 0, 0, 1]
Ow:
[0.83031863;
 -0.23593199;
 2.0639491]
Keyframe: 159 Frame: 1344 Frame from vFrameID : 1345
Tcw:
[0.97786444, 0.18934402, 0.089050412, 0.82944906;
 0.04251961, 0.23689334, -0.97060478, -0.23472989;
 -0.20487367, 0.95290631, 0.22359873, 2.074605;
 0, 0, 0, 1]
Twc:
[0.97786444, 0.04251961, -0.20487367, -0.37607625;
 0.18934402, 0.23689334, 0.95290631, -2.0783494;
 0.089050412, -0.97060478, 0.22359873, -0.76557177;
 0, 0, 0, 1]
Ow:
[0.82944906;
 -0.23472989;
 2.074605]
Keyframe: 160 Frame: 1353 Frame from vFrameID : 1354
Tcw:
[0.9736464, 0.18909279, 0.12750131, 0.83211607;
 0.078249142, 0.24814685, -0.96555692, -0.23662341;
 -0.2142189, 0.9500879, 0.22681095, 2.0793157;
 0, 0, 0, 1]
Twc:
[0.9736464, 0.078249142, -0.2142189, -0.34624252;
 0.18909279, 0.24814685, 0.9500879, -2.0741625;
 0.12750131, -0.96555692, 0.22681095, -0.80618083;
 0, 0, 0, 1]
Ow:
[0.83211607;
 -0.23662341;
 2.0793157]
Keyframe: 161 Frame: 1362 Frame from vFrameID : 1363
Tcw:
[0.97605848, 0.18151467, 0.11984266, 0.83192092;
 0.076433063, 0.22960925, -0.97027707, -0.23405093;
 -0.2036365, 0.9562071, 0.21023834, 2.0862372;
 0, 0, 0, 1]
Twc:
[0.97605848, 0.076433063, -0.2036365, -0.36928016;
 0.18151467, 0.22960925, 0.9562071, -2.0921404;
 0.11984266, -0.97027707, 0.21023834, -0.76540089;
 0, 0, 0, 1]
Ow:
[0.83192092;
 -0.23405093;
 2.0862372]
Keyframe: 162 Frame: 1371 Frame from vFrameID : 1372
Tcw:
[0.97582322, 0.19470111, 0.099300168, 0.83624196;
 0.049768385, 0.24445388, -0.96838289, -0.22682011;
 -0.21281952, 0.94991249, 0.22885381, 2.0913615;
 0, 0, 0, 1]
Twc:
[0.97582322, 0.049768385, -0.21281952, -0.35965332;
 0.19470111, 0.24445388, 0.94991249, -2.0939806;
 0.099300168, -0.96838289, 0.22885381, -0.78130364;
 0, 0, 0, 1]
Ow:
[0.83624196;
 -0.22682011;
 2.0913615]
Keyframe: 163 Frame: 1381 Frame from vFrameID : 1382
Tcw:
[0.9720757, 0.20261766, 0.11838476, 0.8367269;
 0.073652364, 0.21556161, -0.97370863, -0.22573289;
 -0.22280978, 0.95523781, 0.19461893, 2.1006413;
 0, 0, 0, 1]
Twc:
[0.9720757, 0.073652364, -0.22280978, -0.32869264;
 0.20261766, 0.21556161, 0.95523781, -2.1274884;
 0.11838476, -0.97370863, 0.19461893, -0.72767836;
 0, 0, 0, 1]
Ow:
[0.8367269;
 -0.22573289;
 2.1006413]
Keyframe: 164 Frame: 1391 Frame from vFrameID : 1392
Tcw:
[0.96803057, 0.21734042, 0.12521979, 0.84109509;
 0.069874667, 0.24579698, -0.96679956, -0.22752142;
 -0.24090327, 0.94464117, 0.22275241, 2.1071086;
 0, 0, 0, 1]
Twc:
[0.96803057, 0.069874667, -0.24090327, -0.29069835;
 0.21734042, 0.24579698, 0.94464117, -2.1173415;
 0.12521979, -0.96679956, 0.22275241, -0.79465282;
 0, 0, 0, 1]
Ow:
[0.84109509;
 -0.22752142;
 2.1071086]
Keyframe: 165 Frame: 1400 Frame from vFrameID : 1401
Tcw:
[0.98190248, 0.17950027, 0.060391545, 0.84620047;
 0.022033913, 0.20843934, -0.97778708, -0.2324751;
 -0.18810101, 0.9614222, 0.20071201, 2.1157951;
 0, 0, 0, 1]
Twc:
[0.98190248, 0.022033913, -0.18810101, -0.42778081;
 0.17950027, 0.20843934, 0.9614222, -2.1376088;
 0.060391545, -0.97778708, 0.20071201, -0.70308;
 0, 0, 0, 1]
Ow:
[0.84620047;
 -0.2324751;
 2.1157951]
Keyframe: 166 Frame: 1410 Frame from vFrameID : 1411
Tcw:
[0.97669208, 0.19196385, 0.096033514, 0.84665424;
 0.048102573, 0.2402757, -0.9695121, -0.2331084;
 -0.20918581, 0.95153427, 0.22544141, 2.1216383;
 0, 0, 0, 1]
Twc:
[0.97669208, 0.048102573, -0.20918581, -0.37189081;
 0.19196385, 0.2402757, 0.95153427, -2.1253283;
 0.096033514, -0.9695121, 0.22544141, -0.78561378;
 0, 0, 0, 1]
Ow:
[0.84665424;
 -0.2331084;
 2.1216383]
Keyframe: 167 Frame: 1419 Frame from vFrameID : 1420
Tcw:
[0.96657538, 0.21813643, 0.13471644, 0.84718192;
 0.077709012, 0.25147003, -0.96474046, -0.23534137;
 -0.24432218, 0.94296306, 0.22611359, 2.128984;
 0, 0, 0, 1]
Twc:
[0.96657538, 0.077709012, -0.24432218, -0.28041902;
 0.21813643, 0.25147003, 0.94296306, -2.1331732;
 0.13471644, -0.96474046, 0.22611359, -0.82256484;
 0, 0, 0, 1]
Ow:
[0.84718192;
 -0.23534137;
 2.128984]
Keyframe: 168 Frame: 1428 Frame from vFrameID : 1429
Tcw:
[0.97342467, 0.20575191, 0.1005514, 0.8516292;
 0.048046499, 0.24581414, -0.96812546, -0.23612064;
 -0.22391063, 0.94722837, 0.22939588, 2.1351099;
 0, 0, 0, 1]
Twc:
[0.97342467, 0.048046499, -0.22391063, -0.3395783;
 0.20575191, 0.24581414, 0.94722837, -2.1396191;
 0.1005514, -0.96812546, 0.22939588, -0.8040123;
 0, 0, 0, 1]
Ow:
[0.8516292;
 -0.23612064;
 2.1351099]
Keyframe: 169 Frame: 1436 Frame from vFrameID : 1437
Tcw:
[0.97677451, 0.1970894, 0.084067613, 0.84887797;
 0.03979953, 0.2186335, -0.97499508, -0.23672175;
 -0.21054119, 0.95569617, 0.20571156, 2.1391211;
 0, 0, 0, 1]
Twc:
[0.97677451, 0.03979953, -0.21054119, -0.36936778;
 0.1970894, 0.2186335, 0.95569617, -2.1598995;
 0.084067613, -0.97499508, 0.20571156, -0.74220765;
 0, 0, 0, 1]
Ow:
[0.84887797;
 -0.23672175;
 2.1391211]
Keyframe: 170 Frame: 1445 Frame from vFrameID : 1446
Tcw:
[0.97443247, 0.19682471, 0.10835781, 0.84933776;
 0.064334869, 0.21765567, -0.973903, -0.23781312;
 -0.21527287, 0.95597386, 0.19942805, 2.1440516;
 0, 0, 0, 1]
Twc:
[0.97443247, 0.064334869, -0.21527287, -0.35076648;
 0.19682471, 0.21765567, 0.95597386, -2.1650665;
 0.10835781, -0.973903, 0.19942805, -0.75122333;
 0, 0, 0, 1]
Ow:
[0.84933776;
 -0.23781312;
 2.1440516]
Keyframe: 171 Frame: 1454 Frame from vFrameID : 1455
Tcw:
[0.96522295, 0.22882526, 0.12642652, 0.86093014;
 0.075211309, 0.22009596, -0.97257441, -0.2340982;
 -0.25037557, 0.94825989, 0.19523142, 2.1498854;
 0, 0, 0, 1]
Twc:
[0.96522295, 0.075211309, -0.25037557, -0.27510393;
 0.22882526, 0.22009596, 0.94825989, -2.1841285;
 0.12642652, -0.97257441, 0.19523142, -0.75624752;
 0, 0, 0, 1]
Ow:
[0.86093014;
 -0.2340982;
 2.1498854]
Keyframe: 172 Frame: 1464 Frame from vFrameID : 1465
Tcw:
[0.97003478, 0.21647206, 0.11032869, 0.86624795;
 0.058474954, 0.23274156, -0.97077906, -0.23635417;
 -0.23582463, 0.94814092, 0.21310923, 2.1562238;
 0, 0, 0, 1]
Twc:
[0.97003478, 0.058474954, -0.23582463, -0.31797919;
 0.21647206, 0.23274156, 0.94814092, -2.176913;
 0.11032869, -0.97077906, 0.21310923, -0.78453088;
 0, 0, 0, 1]
Ow:
[0.86624795;
 -0.23635417;
 2.1562238]
Keyframe: 173 Frame: 1473 Frame from vFrameID : 1474
Tcw:
[0.97712737, 0.20298724, 0.063390084, 0.87767047;
 0.018396374, 0.21628487, -0.97615695, -0.23406628;
 -0.21185772, 0.95499581, 0.20760363, 2.1613431;
 0, 0, 0, 1]
Twc:
[0.97712737, 0.018396374, -0.21185772, -0.39539263;
 0.20298724, 0.21628487, 0.95499581, -2.1916046;
 0.063390084, -0.97615695, 0.20760363, -0.73282373;
 0, 0, 0, 1]
Ow:
[0.87767047;
 -0.23406628;
 2.1613431]
Keyframe: 174 Frame: 1483 Frame from vFrameID : 1484
Tcw:
[0.97356951, 0.21009333, 0.089572191, 0.87806064;
 0.047866549, 0.19578259, -0.97947842, -0.23506251;
 -0.22331856, 0.95787787, 0.18055153, 2.1721025;
 0, 0, 0, 1]
Twc:
[0.97356951, 0.047866549, -0.22331856, -0.35853067;
 0.21009333, 0.19578259, 0.95787787, -2.2190621;
 0.089572191, -0.97947842, 0.18055153, -0.70106483;
 0, 0, 0, 1]
Ow:
[0.87806064;
 -0.23506251;
 2.1721025]
Keyframe: 175 Frame: 1492 Frame from vFrameID : 1493
Tcw:
[0.96984738, 0.21049559, 0.12283177, 0.876279;
 0.076756321, 0.21453573, -0.97369546, -0.23982096;
 -0.23131041, 0.95376414, 0.19191004, 2.1787333;
 0, 0, 0, 1]
Twc:
[0.96984738, 0.076756321, -0.23131041, -0.32748544;
 0.21049559, 0.21453573, 0.95376414, -2.2110004;
 0.12283177, -0.97369546, 0.19191004, -0.75926834;
 0, 0, 0, 1]
Ow:
[0.876279;
 -0.23982096;
 2.1787333]
Keyframe: 176 Frame: 1501 Frame from vFrameID : 1502
Tcw:
[0.97084063, 0.21859452, 0.098411791, 0.87619263;
 0.052293733, 0.20752074, -0.97683185, -0.23236266;
 -0.23395258, 0.95349443, 0.19003844, 2.1841254;
 0, 0, 0, 1]
Twc:
[0.97084063, 0.052293733, -0.23395258, -0.32751054;
 0.21859452, 0.20752074, 0.95349443, -2.225862;
 0.098411791, -0.97683185, 0.19003844, -0.7282747;
 0, 0, 0, 1]
Ow:
[0.87619263;
 -0.23236266;
 2.1841254]
Keyframe: 177 Frame: 1510 Frame from vFrameID : 1511
Tcw:
[0.97625226, 0.20879944, 0.057743561, 0.88163382;
 0.013286375, 0.20833603, -0.97796708, -0.2344892;
 -0.21622904, 0.95550978, 0.20061433, 2.1881428;
 0, 0, 0, 1]
Twc:
[0.97625226, 0.013286375, -0.21622904, -0.38444147;
 0.20879944, 0.20833603, 0.95550978, -2.2260239;
 0.057743561, -0.97796708, 0.20061433, -0.71920419;
 0, 0, 0, 1]
Ow:
[0.88163382;
 -0.2344892;
 2.1881428]
Keyframe: 178 Frame: 1520 Frame from vFrameID : 1521
Tcw:
[0.97623956, 0.19479471, 0.094928265, 0.87841868;
 0.047881149, 0.23333515, -0.9712168, -0.24220479;
 -0.211338, 0.95268553, 0.218464, 2.1972127;
 0, 0, 0, 1]
Twc:
[0.97623956, 0.047881149, -0.211338, -0.38159549;
 0.19479471, 0.23333515, 0.95268553, -2.207849;
 0.094928265, -0.9712168, 0.218464, -0.79863197;
 0, 0, 0, 1]
Ow:
[0.87841868;
 -0.24220479;
 2.1972127]
Keyframe: 179 Frame: 1530 Frame from vFrameID : 1531
Tcw:
[0.97018832, 0.20260687, 0.13298531, 0.88648897;
 0.085194133, 0.22858699, -0.96978861, -0.24461645;
 -0.22688454, 0.95220715, 0.20451151, 2.2037227;
 0, 0, 0, 1]
Twc:
[0.97018832, 0.085194133, -0.22688454, -0.33923066;
 0.20260687, 0.22858699, 0.95220715, -2.2220933;
 0.13298531, -0.96978861, 0.20451151, -0.80580294;
 0, 0, 0, 1]
Ow:
[0.88648897;
 -0.24461645;
 2.2037227]
Keyframe: 180 Frame: 1540 Frame from vFrameID : 1541
Tcw:
[0.96872401, 0.21893269, 0.11680009, 0.89224601;
 0.064270131, 0.23326604, -0.97028673, -0.2419188;
 -0.23967297, 0.94744682, 0.21189958, 2.2111106;
 0, 0, 0, 1]
Twc:
[0.96872401, 0.064270131, -0.23967297, -0.31884858;
 0.21893269, 0.23326604, 0.94744682, -2.2338197;
 0.11680009, -0.97028673, 0.21189958, -0.80747837;
 0, 0, 0, 1]
Ow:
[0.89224601;
 -0.2419188;
 2.2111106]
Keyframe: 181 Frame: 1550 Frame from vFrameID : 1551
Tcw:
[0.97920972, 0.19309723, 0.062142756, 0.9032349;
 0.020998839, 0.20820898, -0.9778589, -0.25317907;
 -0.20176055, 0.95883393, 0.19982545, 2.2201409;
 0, 0, 0, 1]
Twc:
[0.97920972, 0.020998839, -0.20176055, -0.43120316;
 0.19309723, 0.20820898, 0.95883393, -2.2504447;
 0.062142756, -0.9778589, 0.19982545, -0.74734366;
 0, 0, 0, 1]
Ow:
[0.9032349;
 -0.25317907;
 2.2201409]
Keyframe: 182 Frame: 1559 Frame from vFrameID : 1560
Tcw:
[0.97740787, 0.19539931, 0.080578879, 0.90287501;
 0.036584694, 0.21907921, -0.97502095, -0.25469708;
 -0.20817158, 0.95594114, 0.20698112, 2.2278836;
 0, 0, 0, 1]
Twc:
[0.97740787, 0.036584694, -0.20817158, -0.40937713;
 0.19539931, 0.21907921, 0.95594114, -2.2503476;
 0.080578879, -0.97502095, 0.20698112, -0.78221744;
 0, 0, 0, 1]
Ow:
[0.90287501;
 -0.25469708;
 2.2278836]
Keyframe: 183 Frame: 1568 Frame from vFrameID : 1569
Tcw:
[0.96700674, 0.22008273, 0.12830253, 0.90311462;
 0.080091663, 0.21545485, -0.97322381, -0.24836087;
 -0.24183315, 0.95138991, 0.1907195, 2.2347071;
 0, 0, 0, 1]
Twc:
[0.96700674, 0.080091663, -0.24183315, -0.31299999;
 0.22008273, 0.21545485, 0.95138991, -2.2713275;
 0.12830253, -0.97322381, 0.1907195, -0.78378487;
 0, 0, 0, 1]
Ow:
[0.90311462;
 -0.24836087;
 2.2347071]
Keyframe: 184 Frame: 1577 Frame from vFrameID : 1578
Tcw:
[0.97191924, 0.20563544, 0.1143989, 0.91057068;
 0.071306035, 0.20592627, -0.9759661, -0.25903732;
 -0.22425096, 0.95671755, 0.18548065, 2.2438011;
 0, 0, 0, 1]
Twc:
[0.97191924, 0.071306035, -0.22425096, -0.36335567;
 0.20563544, 0.20592627, 0.95671755, -2.2805867;
 0.1143989, -0.9759661, 0.18548065, -0.77316159;
 0, 0, 0, 1]
Ow:
[0.91057068;
 -0.25903732;
 2.2438011]
Keyframe: 185 Frame: 1587 Frame from vFrameID : 1588
Tcw:
[0.9802196, 0.18804196, 0.061722934, 0.91889304;
 0.026428463, 0.18471004, -0.98243767, -0.26090783;
 -0.19614033, 0.96463591, 0.17608674, 2.254472;
 0, 0, 0, 1]
Twc:
[0.9802196, 0.026428463, -0.19614033, -0.45162868;
 0.18804196, 0.18471004, 0.96463591, -2.2993426;
 0.061722934, -0.98243767, 0.17608674, -0.71002507;
 0, 0, 0, 1]
Ow:
[0.91889304;
 -0.26090783;
 2.254472]
Keyframe: 186 Frame: 1597 Frame from vFrameID : 1598
Tcw:
[0.96787912, 0.22688484, 0.10832018, 0.92249537;
 0.060958546, 0.2062093, -0.97660726, -0.26848519;
 -0.24391401, 0.95184082, 0.18575512, 2.2634747;
 0, 0, 0, 1]
Twc:
[0.96787912, 0.060958546, -0.24391401, -0.32440427;
 0.22688484, 0.2062093, 0.95184082, -2.3084037;
 0.10832018, -0.97660726, 0.18575512, -0.78258145;
 0, 0, 0, 1]
Ow:
[0.92249537;
 -0.26848519;
 2.2634747]
Keyframe: 187 Frame: 1607 Frame from vFrameID : 1608
Tcw:
[0.95415819, 0.26276386, 0.14330859, 0.9260968;
 0.087879561, 0.21175101, -0.97336465, -0.26288551;
 -0.28611079, 0.9413377, 0.17895238, 2.2604883;
 0, 0, 0, 1]
Twc:
[0.95415819, 0.087879561, -0.28611079, -0.21379046;
 0.26276386, 0.21175101, 0.9413377, -2.3155613;
 0.14330859, -0.97336465, 0.17895238, -0.79312086;
 0, 0, 0, 1]
Ow:
[0.9260968;
 -0.26288551;
 2.2604883]
Keyframe: 188 Frame: 1617 Frame from vFrameID : 1618
Tcw:
[0.95250094, 0.2726478, 0.13566546, 0.92447507;
 0.08120513, 0.20196159, -0.97602111, -0.255568;
 -0.29350924, 0.94067776, 0.17022821, 2.2729576;
 0, 0, 0, 1]
Twc:
[0.95250094, 0.08120513, -0.29350924, -0.19267601;
 0.2726478, 0.20196159, 0.94067776, -2.3385618;
 0.13566546, -0.97602111, 0.17022821, -0.76178062;
 0, 0, 0, 1]
Ow:
[0.92447507;
 -0.255568;
 2.2729576]
Keyframe: 189 Frame: 1627 Frame from vFrameID : 1628
Tcw:
[0.95882452, 0.2460417, 0.14184156, 0.91096389;
 0.091044381, 0.20678636, -0.97414082, -0.2571944;
 -0.26901016, 0.946944, 0.17587112, 2.2776053;
 0, 0, 0, 1]
Twc:
[0.95882452, 0.091044381, -0.26901016, -0.23733941;
 0.2460417, 0.20678636, 0.946944, -2.3277156;
 0.14184156, -0.97414082, 0.17587112, -0.78032112;
 0, 0, 0, 1]
Ow:
[0.91096389;
 -0.2571944;
 2.2776053]
Keyframe: 190 Frame: 1637 Frame from vFrameID : 1638
Tcw:
[0.94025016, 0.29313284, 0.17321302, 0.91882861;
 0.11840799, 0.19546139, -0.97353703, -0.26137155;
 -0.31923214, 0.93587822, 0.14907333, 2.284904;
 0, 0, 0, 1]
Twc:
[0.94025016, 0.11840799, -0.31923214, -0.10356553;
 0.29313284, 0.19546139, 0.93587822, -2.3566425;
 0.17321302, -0.97353703, 0.14907333, -0.75422627;
 0, 0, 0, 1]
Ow:
[0.91882861;
 -0.26137155;
 2.284904]
Keyframe: 191 Frame: 1647 Frame from vFrameID : 1648
Tcw:
[0.92965662, 0.30346352, 0.20892221, 0.91365027;
 0.15216702, 0.20017776, -0.96787089, -0.25481868;
 -0.33553508, 0.93157864, 0.13991944, 2.293364;
 0, 0, 0, 1]
Twc:
[0.92965662, 0.15216702, -0.33553508, -0.041101869;
 0.30346352, 0.20017776, 0.93157864, -2.3626995;
 0.20892221, -0.96787089, 0.13991944, -0.75839961;
 0, 0, 0, 1]
Ow:
[0.91365027;
 -0.25481868;
 2.293364]
Keyframe: 192 Frame: 1656 Frame from vFrameID : 1657
Tcw:
[0.95254493, 0.2733883, 0.13385445, 0.92661279;
 0.091795146, 0.16127449, -0.98263127, -0.25830534;
 -0.2902272, 0.94828761, 0.12852548, 2.2956986;
 0, 0, 0, 1]
Twc:
[0.95254493, 0.091795146, -0.2902272, -0.19265501;
 0.2733883, 0.16127449, 0.94828761, -2.3886495;
 0.13385445, -0.98263127, 0.12852548, -0.67290586;
 0, 0, 0, 1]
Ow:
[0.92661279;
 -0.25830534;
 2.2956986]
Keyframe: 193 Frame: 1666 Frame from vFrameID : 1667
Tcw:
[0.96095115, 0.26007402, 0.094521947, 0.93455017;
 0.047517937, 0.18141925, -0.98225713, -0.26420006;
 -0.27260768, 0.94839263, 0.16197686, 2.2983475;
 0, 0, 0, 1]
Twc:
[0.96095115, 0.047517937, -0.27260768, -0.25895569;
 0.26007402, 0.18141925, 0.94839263, -2.3748569;
 0.094521947, -0.98225713, 0.16197686, -0.72012705;
 0, 0, 0, 1]
Ow:
[0.93455017;
 -0.26420006;
 2.2983475]
Keyframe: 194 Frame: 1676 Frame from vFrameID : 1677
Tcw:
[0.95704097, 0.26450089, 0.11879338, 0.93568492;
 0.074063942, 0.17310524, -0.98211461, -0.26347956;
 -0.28033394, 0.94872224, 0.14607882, 2.3041291;
 0, 0, 0, 1]
Twc:
[0.95704097, 0.074063942, -0.28033394, -0.23004885;
 0.26450089, 0.17310524, 0.94872224, -2.3878582;
 0.11879338, -0.98211461, 0.14607882, -0.70650476;
 0, 0, 0, 1]
Ow:
[0.93568492;
 -0.26347956;
 2.3041291]
