Keyframe: 0 Frame: 0 Frame from vFrameID : 115
Tcw:
[0.92372036, 0.15709282, 0.34937444, -0.013389748;
 0.2594021, 0.41458654, -0.87225485, -0.0054220958;
 -0.28187093, 0.89634806, 0.34221184, 0.0050005084;
 0, 0, 0, 1]
Twc:
[0.92372036, 0.2594021, -0.28187093, 0.015184384;
 0.15709282, 0.41458654, 0.89634806, -0.00013083499;
 0.34937444, -0.87225485, 0.34221184, -0.0017626465;
 0, 0, 0, 1]
Ow:
[-0.013389748;
 -0.0054220958;
 0.0050005084]
Keyframe: 1 Frame: 114 Frame from vFrameID : 115
Tcw:
[0.91686618, 0.18271051, 0.35492712, -0.014126586;
 0.25859439, 0.40549549, -0.87675673, -0.0045799688;
 -0.30411401, 0.89565074, 0.32453719, 0.0043909331;
 0, 0, 0, 1]
Twc:
[0.91686618, 0.25859439, -0.30411401, 0.015471888;
 0.18271051, 0.40549549, 0.89565074, 0.00050548941;
 0.35492712, -0.87675673, 0.32453719, -0.00042663046;
 0, 0, 0, 1]
Ow:
[-0.014126586;
 -0.0045799688;
 0.0043909331]
Keyframe: 2 Frame: 117 Frame from vFrameID : 118
Tcw:
[0.90943086, 0.18964469, 0.37009516, -0.014603555;
 0.26657635, 0.41720167, -0.86883819, -0.0052687833;
 -0.31917486, 0.88880688, 0.32886127, 0.0042579416;
 0, 0, 0, 1]
Twc:
[0.90943086, 0.26657635, -0.31917486, 0.016044484;
 0.18964469, 0.41720167, 0.88880688, 0.0011831434;
 0.37009516, -0.86883819, 0.32886127, -0.00057328731;
 0, 0, 0, 1]
Ow:
[-0.014603555;
 -0.0052687833;
 0.0042579416]
Keyframe: 3 Frame: 119 Frame from vFrameID : 120
Tcw:
[0.90966338, 0.20283791, 0.36244905, -0.013358366;
 0.25876334, 0.40583062, -0.87655181, -0.0063726474;
 -0.32489085, 0.8911556, 0.31668222, 0.0057191029;
 0, 0, 0, 1]
Twc:
[0.90966338, 0.25876334, -0.32489085, 0.015658708;
 0.20283791, 0.40583062, 0.8911556, 0.00019918785;
 0.36244905, -0.87655181, 0.31668222, -0.0025553668;
 0, 0, 0, 1]
Ow:
[-0.013358366;
 -0.0063726474;
 0.0057191029]
Keyframe: 4 Frame: 120 Frame from vFrameID : 121
Tcw:
[0.90900218, 0.2192367, 0.35447183, -0.013730017;
 0.2500028, 0.3936882, -0.88459492, -0.006095754;
 -0.33348706, 0.89271766, 0.30305365, 0.0052781161;
 0, 0, 0, 1]
Twc:
[0.90900218, 0.2500028, -0.33348706, 0.015764754;
 0.2192367, 0.3936882, 0.89271766, 0.00069808209;
 0.35447183, -0.88459492, 0.30305365, -0.0021249212;
 0, 0, 0, 1]
Ow:
[-0.013730017;
 -0.006095754;
 0.0052781161]
Keyframe: 5 Frame: 122 Frame from vFrameID : 123
Tcw:
[0.90465856, 0.23023592, 0.35858652, -0.014436597;
 0.25419113, 0.38382927, -0.88772851, -0.0062779114;
 -0.34202299, 0.89424074, 0.2887105, 0.005245591;
 0, 0, 0, 1]
Twc:
[0.90465856, 0.25419113, -0.34202299, 0.016450094;
 0.23023592, 0.38382927, 0.89424074, 0.0010426479;
 0.35858652, -0.88772851, 0.2887105, -0.0019107695;
 0, 0, 0, 1]
Ow:
[-0.014436597;
 -0.0062779114;
 0.005245591]
Keyframe: 6 Frame: 124 Frame from vFrameID : 125
Tcw:
[0.90375853, 0.21883188, 0.36787647, -0.013641944;
 0.26732534, 0.3826673, -0.8843658, -0.0059808288;
 -0.33430174, 0.89759588, 0.28733954, 0.0053917114;
 0, 0, 0, 1]
Twc:
[0.90375853, 0.26732534, -0.33430174, 0.01573031;
 0.21883188, 0.3826673, 0.89759588, 0.00043438238;
 0.36787647, -0.8843658, 0.28733954, -0.0018199423;
 0, 0, 0, 1]
Ow:
[-0.013641944;
 -0.0059808288;
 0.0053917114]
Keyframe: 7 Frame: 126 Frame from vFrameID : 127
Tcw:
[0.90218997, 0.21204025, 0.37562236, -0.013354081;
 0.27574232, 0.3861323, -0.88026589, -0.0054602255;
 -0.33169171, 0.89774203, 0.28989622, 0.0052838591;
 0, 0, 0, 1]
Twc:
[0.90218997, 0.27574232, -0.33169171, 0.015306146;
 0.21204025, 0.3861323, 0.89774203, 0.00019642919;
 0.37562236, -0.88026589, 0.28989622, -0.0013221295;
 0, 0, 0, 1]
Ow:
[-0.013354081;
 -0.0054602255;
 0.0052838591]
Keyframe: 8 Frame: 128 Frame from vFrameID : 129
Tcw:
[0.89876127, 0.21332686, 0.38304025, -0.013151103;
 0.28243962, 0.38651139, -0.87797314, -0.0059646685;
 -0.33534467, 0.89727402, 0.28712949, 0.0056386078;
 0, 0, 0, 1]
Twc:
[0.89876127, 0.28243962, -0.33534467, 0.015395237;
 0.21332686, 0.38651139, 0.89727402, 5.1519462e-05;
 0.38304025, -0.87797314, 0.28712949, -0.0018184277;
 0, 0, 0, 1]
Ow:
[-0.013151103;
 -0.0059646685;
 0.0056386078]
Keyframe: 9 Frame: 130 Frame from vFrameID : 131
Tcw:
[0.89301443, 0.22341406, 0.39065507, -0.011734966;
 0.28654388, 0.38707945, -0.87639153, -0.0064478396;
 -0.34701273, 0.89457011, 0.28164959, 0.0058593461;
 0, 0, 0, 1]
Twc:
[0.89301443, 0.28654388, -0.34701273, 0.014360351;
 0.22341406, 0.38707945, 0.89457011, -0.00012401342;
 0.39065507, -0.87639153, 0.28164959, -0.0027167904;
 0, 0, 0, 1]
Ow:
[-0.011734966;
 -0.0064478396;
 0.0058593461]
Keyframe: 10 Frame: 133 Frame from vFrameID : 134
Tcw:
[0.89349955, 0.23513553, 0.38258308, -0.01116301;
 0.27940461, 0.37587437, -0.88354486, -0.0069487132;
 -0.35155597, 0.8963424, 0.27014565, 0.0062134014;
 0, 0, 0, 1]
Twc:
[0.89349955, 0.27940461, -0.35155597, 0.014100006;
 0.23513553, 0.37587437, 0.8963424, -0.00033267148;
 0.38258308, -0.88354486, 0.27014565, -0.003547244;
 0, 0, 0, 1]
Ow:
[-0.01116301;
 -0.0069487132;
 0.0062134014]
Keyframe: 11 Frame: 135 Frame from vFrameID : 136
Tcw:
[0.89209419, 0.26022223, 0.36939451, -0.010379728;
 0.2636472, 0.36415333, -0.89324272, -0.0075014988;
 -0.36695781, 0.89424646, 0.2562522, 0.0070610954;
 0, 0, 0, 1]
Twc:
[0.89209419, 0.2636472, -0.36695781, 0.013828569;
 0.26022223, 0.36415333, 0.89424646, -0.00088162819;
 0.36939451, -0.89324272, 0.2562522, -0.0046758656;
 0, 0, 0, 1]
Ow:
[-0.010379728;
 -0.0075014988;
 0.0070610954]
Keyframe: 12 Frame: 141 Frame from vFrameID : 142
Tcw:
[0.88811564, 0.27806905, 0.365962, 0.0056891171;
 0.25654432, 0.36074591, -0.89668691, -0.012471857;
 -0.38136017, 0.89024717, 0.24904706, 0.021711648;
 0, 0, 0, 1]
Twc:
[0.88811564, 0.25654432, -0.38136017, 0.0064269477;
 0.27806905, 0.36074591, 0.89024717, -0.016411528;
 0.365962, -0.89668691, 0.24904706, -0.018672572;
 0, 0, 0, 1]
Ow:
[0.0056891171;
 -0.012471857;
 0.021711648]
Keyframe: 13 Frame: 147 Frame from vFrameID : 148
Tcw:
[0.90109551, 0.26529554, 0.34299445, 0.014961099;
 0.22187568, 0.39751676, -0.89036602, -0.018703483;
 -0.37255618, 0.87840688, 0.29933795, 0.024534713;
 0, 0, 0, 1]
Twc:
[0.90109551, 0.22187568, -0.37255618, -0.00019097191;
 0.26529554, 0.39751676, 0.87840688, -0.018085627;
 0.34299445, -0.89036602, 0.29933795, -0.029128689;
 0, 0, 0, 1]
Ow:
[0.014961099;
 -0.018703483;
 0.024534713]
Keyframe: 14 Frame: 153 Frame from vFrameID : 154
Tcw:
[0.90035033, 0.18534201, 0.39372277, 0.02218166;
 0.29129001, 0.41548494, -0.86169738, -0.017397771;
 -0.32329461, 0.89051706, 0.32009372, 0.028995533;
 0, 0, 0, 1]
Twc:
[0.90035033, 0.29129001, -0.32329461, -0.0055293688;
 0.18534201, 0.41548494, 0.89051706, -0.022703698;
 0.39372277, -0.86169738, 0.32009372, -0.033006325;
 0, 0, 0, 1]
Ow:
[0.02218166;
 -0.017397771;
 0.028995533]
Keyframe: 15 Frame: 159 Frame from vFrameID : 160
Tcw:
[0.87782508, 0.26322734, 0.40016812, 0.034766994;
 0.29355916, 0.36449304, -0.88372386, -0.03156814;
 -0.37847877, 0.89322793, 0.24268833, 0.042721521;
 0, 0, 0, 1]
Twc:
[0.87782508, 0.29355916, -0.37847877, -0.0050830324;
 0.26322734, 0.36449304, 0.89322793, -0.035805315;
 0.40016812, -0.88372386, 0.24268833, -0.052178178;
 0, 0, 0, 1]
Ow:
[0.034766994;
 -0.03156814;
 0.042721521]
Keyframe: 16 Frame: 165 Frame from vFrameID : 166
Tcw:
[0.8771885, 0.26179469, 0.40249708, 0.040068738;
 0.28723153, 0.38562885, -0.87680584, -0.03145295;
 -0.38475758, 0.8847338, 0.26307347, 0.043673977;
 0, 0, 0, 1]
Twc:
[0.8771885, 0.28723153, -0.38475758, -0.0093096653;
 0.26179469, 0.38562885, 0.8847338, -0.037000462;
 0.40249708, -0.87680584, 0.26307347, -0.055195145;
 0, 0, 0, 1]
Ow:
[0.040068738;
 -0.03145295;
 0.043673977]
Keyframe: 17 Frame: 171 Frame from vFrameID : 172
Tcw:
[0.87756252, 0.3251664, 0.35235035, 0.053049568;
 0.24689202, 0.32350031, -0.91345054, -0.02377712;
 -0.41100886, 0.8886025, 0.20361076, 0.075038433;
 0, 0, 0, 1]
Twc:
[0.87756252, 0.24689202, -0.41100886, -0.0098424684;
 0.3251664, 0.32350031, 0.8886025, -0.076237373;
 0.35235035, -0.91345054, 0.20361076, -0.05568989;
 0, 0, 0, 1]
Ow:
[0.053049568;
 -0.02377712;
 0.075038433]
Keyframe: 18 Frame: 177 Frame from vFrameID : 178
Tcw:
[0.88969386, 0.23007469, 0.39434823, 0.079442888;
 0.27144015, 0.42794991, -0.86207837, -0.063160419;
 -0.3671037, 0.87402773, 0.31829289, 0.057375629;
 0, 0, 0, 1]
Twc:
[0.88969386, 0.27144015, -0.3671037, -0.032472771;
 0.23007469, 0.42794991, 0.87402773, -0.041396197;
 0.39434823, -0.86207837, 0.31829289, -0.10403965;
 0, 0, 0, 1]
Ow:
[0.079442888;
 -0.063160419;
 0.057375629]
Keyframe: 19 Frame: 184 Frame from vFrameID : 185
Tcw:
[0.88630873, 0.23652472, 0.39813679, 0.10046424;
 0.27239645, 0.42900148, -0.86125368, -0.071781106;
 -0.37450907, 0.87178773, 0.31579927, 0.064096801;
 0, 0, 0, 1]
Twc:
[0.88630873, 0.27239645, -0.37450907, -0.045484584;
 0.23652472, 0.42900148, 0.87178773, -0.048846874;
 0.39813679, -0.86125368, 0.31579927, -0.12206198;
 0, 0, 0, 1]
Ow:
[0.10046424;
 -0.071781106;
 0.064096801]
Keyframe: 20 Frame: 191 Frame from vFrameID : 192
Tcw:
[0.87787122, 0.23047353, 0.41979051, 0.14200968;
 0.2996203, 0.41949856, -0.85688311, -0.082623139;
 -0.37359038, 0.87801075, 0.29921117, 0.093823805;
 0, 0, 0, 1]
Twc:
[0.87787122, 0.2996203, -0.37359038, -0.064858973;
 0.23047353, 0.41949856, 0.87801075, -0.080447502;
 0.41979051, -0.85688311, 0.29921117, -0.15848581;
 0, 0, 0, 1]
Ow:
[0.14200968;
 -0.082623139;
 0.093823805]
Keyframe: 21 Frame: 198 Frame from vFrameID : 199
Tcw:
[0.86225265, 0.22916026, 0.45167017, 0.18597785;
 0.3293851, 0.42371532, -0.84378362, -0.13717546;
 -0.38474125, 0.87632805, 0.2898677, 0.11945187;
 0, 0, 0, 1]
Twc:
[0.86225265, 0.3293851, -0.38474125, -0.069218285;
 0.22916026, 0.42371532, 0.87632805, -0.089174412;
 0.45167017, -0.84378362, 0.2898677, -0.23437229;
 0, 0, 0, 1]
Ow:
[0.18597785;
 -0.13717546;
 0.11945187]
Keyframe: 22 Frame: 207 Frame from vFrameID : 208
Tcw:
[0.8796435, 0.20767646, 0.42789927, 0.1037257;
 0.32595366, 0.39195806, -0.86030406, -0.10562276;
 -0.34638345, 0.89623624, 0.27709046, 0.23119086;
 0, 0, 0, 1]
Twc:
[0.8796435, 0.32595366, -0.34638345, 0.023267174;
 0.20767646, 0.39195806, 0.89623624, -0.18734331;
 0.42789927, -0.86030406, 0.27709046, -0.19931263;
 0, 0, 0, 1]
Ow:
[0.1037257;
 -0.10562276;
 0.23119086]
Keyframe: 23 Frame: 215 Frame from vFrameID : 216
Tcw:
[0.86586767, 0.2244997, 0.44707167, 0.056253266;
 0.32777196, 0.42054725, -0.84599382, -0.079106405;
 -0.37794015, 0.87905622, 0.29055357, 0.31462905;
 0, 0, 0, 1]
Twc:
[0.86586767, 0.32777196, -0.37794015, 0.096131913;
 0.2244997, 0.42054725, 0.87905622, -0.25593749;
 0.44707167, -0.84599382, 0.29055357, -0.18348935;
 0, 0, 0, 1]
Ow:
[0.056253266;
 -0.079106405;
 0.31462905]
Keyframe: 24 Frame: 222 Frame from vFrameID : 223
Tcw:
[0.88275307, 0.22230132, 0.41391918, 0.092606872;
 0.30627155, 0.39581355, -0.86575365, -0.067117289;
 -0.35629299, 0.89101839, 0.28132105, 0.36861438;
 0, 0, 0, 1]
Twc:
[0.88275307, 0.30627155, -0.35629299, 0.070141852;
 0.22230132, 0.39581355, 0.89101839, -0.32246292;
 0.41391918, -0.86575365, 0.28132105, -0.20013779;
 0, 0, 0, 1]
Ow:
[0.092606872;
 -0.067117289;
 0.36861438]
Keyframe: 25 Frame: 230 Frame from vFrameID : 231
Tcw:
[0.86697388, 0.22310719, 0.44562262, 0.060535602;
 0.33913559, 0.39107585, -0.85559732, -0.082805894;
 -0.36516216, 0.89290696, 0.26338896, 0.43251804;
 0, 0, 0, 1]
Twc:
[0.86697388, 0.33913559, -0.36516216, 0.13353886;
 0.22310719, 0.39107585, 0.89290696, -0.36732092;
 0.44562262, -0.85559732, 0.26338896, -0.21174499;
 0, 0, 0, 1]
Ow:
[0.060535602;
 -0.082805894;
 0.43251804]
Keyframe: 26 Frame: 238 Frame from vFrameID : 239
Tcw:
[0.8745454, 0.22626594, 0.42892203, 0.091212735;
 0.3359229, 0.35524797, -0.87232715, -0.062845722;
 -0.34975162, 0.90697443, 0.23467256, 0.48786014;
 0, 0, 0, 1]
Twc:
[0.8745454, 0.3359229, -0.34975162, 0.1119715;
 0.22626594, 0.35524797, 0.90697443, -0.44078916;
 0.42892203, -0.87232715, 0.23467256, -0.20843257;
 0, 0, 0, 1]
Ow:
[0.091212735;
 -0.062845722;
 0.48786014]
Keyframe: 27 Frame: 247 Frame from vFrameID : 248
Tcw:
[0.87170011, 0.22531901, 0.43516695, 0.10649118;
 0.33293867, 0.37928218, -0.86330581, -0.060241714;
 -0.35957026, 0.89742768, 0.2556029, 0.51161194;
 0, 0, 0, 1]
Twc:
[0.87170011, 0.33293867, -0.35957026, 0.11118888;
 0.22531901, 0.37928218, 0.89742768, -0.4602806;
 0.43516695, -0.86330581, 0.2556029, -0.22911796;
 0, 0, 0, 1]
Ow:
[0.10649118;
 -0.060241714;
 0.51161194]
Keyframe: 28 Frame: 255 Frame from vFrameID : 256
Tcw:
[0.85220152, 0.24739175, 0.46103129, 0.13570718;
 0.33856246, 0.41106829, -0.84640318, -0.067401975;
 -0.3989085, 0.87739396, 0.26655549, 0.51095307;
 0, 0, 0, 1]
Twc:
[0.85220152, 0.33856246, -0.3989085, 0.11099343;
 0.24739175, 0.41106829, 0.87739396, -0.45417318;
 0.46103129, -0.84640318, 0.26655549, -0.25581184;
 0, 0, 0, 1]
Ow:
[0.13570718;
 -0.067401975;
 0.51095307]
Keyframe: 29 Frame: 263 Frame from vFrameID : 264
Tcw:
[0.81619543, 0.31237698, 0.48605108, 0.14138287;
 0.3384746, 0.42326576, -0.84040529, -0.10044359;
 -0.46825203, 0.85045087, 0.2397359, 0.58292001;
 0, 0, 0, 1]
Twc:
[0.81619543, 0.3384746, -0.46825203, 0.19155504;
 0.31237698, 0.42326576, 0.85045087, -0.49739528;
 0.48605108, -0.84040529, 0.2397359, -0.29287946;
 0, 0, 0, 1]
Ow:
[0.14138287;
 -0.10044359;
 0.58292001]
Keyframe: 30 Frame: 270 Frame from vFrameID : 271
Tcw:
[0.81317717, 0.28728199, 0.50617385, 0.027429514;
 0.36247361, 0.43045962, -0.82663012, 0.039659299;
 -0.45536336, 0.85567141, 0.2459078, 0.63929105;
 0, 0, 0, 1]
Twc:
[0.81317717, 0.36247361, -0.45536336, 0.25442922;
 0.28728199, 0.43045962, 0.85567141, -0.57197481;
 0.50617385, -0.82663012, 0.2459078, -0.13830718;
 0, 0, 0, 1]
Ow:
[0.027429514;
 0.039659299;
 0.63929105]
Keyframe: 31 Frame: 278 Frame from vFrameID : 279
Tcw:
[0.84422535, 0.23122807, 0.48354638, 0.093555734;
 0.3617582, 0.41986671, -0.83237189, -0.18564089;
 -0.39549276, 0.87763631, 0.27081347, 0.68606913;
 0, 0, 0, 1]
Twc:
[0.84422535, 0.3617582, -0.39549276, 0.2595104;
 0.23122807, 0.41986671, 0.87763631, -0.54580754;
 0.48354638, -0.83237189, 0.27081347, -0.38555759;
 0, 0, 0, 1]
Ow:
[0.093555734;
 -0.18564089;
 0.68606913]
Keyframe: 32 Frame: 285 Frame from vFrameID : 286
Tcw:
[0.8419469, 0.25775957, 0.47400987, 0.11628997;
 0.33148384, 0.44606358, -0.83135176, -0.11061458;
 -0.42572743, 0.8570807, 0.29011872, 0.65666735;
 0, 0, 0, 1]
Twc:
[0.8419469, 0.33148384, -0.42572743, 0.21831827;
 0.25775957, 0.44606358, 0.8570807, -0.54345065;
 0.47400987, -0.83135176, 0.29011872, -0.33759373;
 0, 0, 0, 1]
Ow:
[0.11628997;
 -0.11061458;
 0.65666735]
Keyframe: 33 Frame: 293 Frame from vFrameID : 294
Tcw:
[0.8306855, 0.27063271, 0.48653835, 0.15378536;
 0.33667034, 0.4518306, -0.82613695, -0.14542389;
 -0.44341257, 0.85006297, 0.28421512, 0.69795573;
 0, 0, 0, 1]
Twc:
[0.8306855, 0.33667034, -0.44341257, 0.23069499;
 0.27063271, 0.4518306, 0.85006297, -0.5692187;
 0.48653835, -0.82613695, 0.28421512, -0.39333209;
 0, 0, 0, 1]
Ow:
[0.15378536;
 -0.14542389;
 0.69795573]
Keyframe: 34 Frame: 301 Frame from vFrameID : 302
Tcw:
[0.81222516, 0.27304858, 0.5154947, 0.15025775;
 0.37361354, 0.43516466, -0.81917316, -0.20738631;
 -0.44799912, 0.85794884, 0.25143704, 0.73219174;
 0, 0, 0, 1]
Twc:
[0.81222516, 0.37361354, -0.44799912, 0.28346047;
 0.27304858, 0.43516466, 0.85794884, -0.57896352;
 0.5154947, -0.81917316, 0.25143704, -0.43144247;
 0, 0, 0, 1]
Ow:
[0.15025775;
 -0.20738631;
 0.73219174]
Keyframe: 35 Frame: 310 Frame from vFrameID : 311
Tcw:
[0.81417716, 0.27587998, 0.51088727, 0.20501576;
 0.36220828, 0.44636163, -0.81827039, -0.24646953;
 -0.45378491, 0.85126466, 0.26349142, 0.77706915;
 0, 0, 0, 1]
Twc:
[0.81417716, 0.36220828, -0.45378491, 0.2749764;
 0.27587998, 0.44636163, 0.85126466, -0.60803676;
 0.51088727, -0.81827039, 0.26349142, -0.51116973;
 0, 0, 0, 1]
Ow:
[0.20501576;
 -0.24646953;
 0.77706915]
Keyframe: 36 Frame: 318 Frame from vFrameID : 319
Tcw:
[0.83861887, 0.26695123, 0.47482145, 0.20478967;
 0.32536602, 0.45361337, -0.82968181, -0.22579667;
 -0.43686992, 0.8502776, 0.29355186, 0.74481356;
 0, 0, 0, 1]
Twc:
[0.83861887, 0.32536602, -0.43686992, 0.22711271;
 0.26695123, 0.45361337, 0.8502776, -0.58554274;
 0.47482145, -0.82968181, 0.29355186, -0.50321931;
 0, 0, 0, 1]
Ow:
[0.20478967;
 -0.22579667;
 0.74481356]
Keyframe: 37 Frame: 326 Frame from vFrameID : 327
Tcw:
[0.83531708, 0.26410952, 0.4821738, 0.23102623;
 0.32611018, 0.46805269, -0.82132745, -0.27638775;
 -0.44260314, 0.84331065, 0.3048436, 0.78481007;
 0, 0, 0, 1]
Twc:
[0.83531708, 0.32611018, -0.44260314, 0.24451211;
 0.26410952, 0.46805269, 0.84331065, -0.59349084;
 0.4821738, -0.82132745, 0.3048436, -0.57764399;
 0, 0, 0, 1]
Ow:
[0.23102623;
 -0.27638775;
 0.78481007]
Keyframe: 38 Frame: 332 Frame from vFrameID : 333
Tcw:
[0.83915973, 0.2637957, 0.47562885, 0.19038188;
 0.34226757, 0.42349768, -0.83875066, -0.21543843;
 -0.42268652, 0.86663806, 0.26509348, 0.88916808;
 0, 0, 0, 1]
Twc:
[0.83915973, 0.34226757, -0.42268652, 0.28981614;
 0.2637957, 0.42349768, 0.86663806, -0.72957116;
 0.47562885, -0.83875066, 0.26509348, -0.5069629;
 0, 0, 0, 1]
Ow:
[0.19038188;
 -0.21543843;
 0.88916808]
Keyframe: 39 Frame: 340 Frame from vFrameID : 341
Tcw:
[0.81382352, 0.25973475, 0.51983571, 0.12636237;
 0.38255692, 0.43390352, -0.81570703, -0.2180371;
 -0.437426, 0.86270827, 0.25375757, 0.93402171;
 0, 0, 0, 1]
Twc:
[0.81382352, 0.38255692, -0.437426, 0.38914031;
 0.25973475, 0.43390352, 0.86270827, -0.74400192;
 0.51983571, -0.81570703, 0.25375757, -0.48055711;
 0, 0, 0, 1]
Ow:
[0.12636237;
 -0.2180371;
 0.93402171]
Keyframe: 40 Frame: 349 Frame from vFrameID : 350
Tcw:
[0.81916136, 0.26410928, 0.50913745, 0.1163253;
 0.37371641, 0.42760772, -0.82309639, -0.18209051;
 -0.43509853, 0.8645218, 0.25157773, 0.96169829;
 0, 0, 0, 1]
Twc:
[0.81916136, 0.37371641, -0.43509853, 0.39119452;
 0.26410928, 0.42760772, 0.8645218, -0.78426844;
 0.50913745, -0.82309639, 0.25157773, -0.45104551;
 0, 0, 0, 1]
Ow:
[0.1163253;
 -0.18209051;
 0.96169829]
Keyframe: 41 Frame: 358 Frame from vFrameID : 359
Tcw:
[0.85491878, 0.2469244, 0.45622608, 0.15137526;
 0.34518525, 0.38572493, -0.85560703, -0.17707723;
 -0.38724804, 0.88895702, 0.24452883, 0.98013973;
 0, 0, 0, 1]
Twc:
[0.85491878, 0.34518525, -0.38724804, 0.31126809;
 0.2469244, 0.38572493, 0.88895702, -0.84037727;
 0.45622608, -0.85560703, 0.24452883, -0.4602423;
 0, 0, 0, 1]
Ow:
[0.15137526;
 -0.17707723;
 0.98013973]
Keyframe: 42 Frame: 366 Frame from vFrameID : 367
Tcw:
[0.85475832, 0.24910989, 0.45533773, 0.17973739;
 0.32808876, 0.42045867, -0.84591502, -0.20517108;
 -0.4021765, 0.87244415, 0.2776604, 0.99109745;
 0, 0, 0, 1]
Twc:
[0.85475832, 0.32808876, -0.4021765, 0.31227842;
 0.24910989, 0.42045867, 0.87244415, -0.8231855;
 0.45533773, -0.84591502, 0.2776604, -0.53058702;
 0, 0, 0, 1]
Ow:
[0.17973739;
 -0.20517108;
 0.99109745]
Keyframe: 43 Frame: 374 Frame from vFrameID : 375
Tcw:
[0.85561305, 0.24273588, 0.45717132, 0.19587527;
 0.34850508, 0.38288835, -0.85553533, -0.20618968;
 -0.38271469, 0.8913337, 0.24300958, 1.0267963;
 0, 0, 0, 1]
Twc:
[0.85561305, 0.34850508, -0.38271469, 0.29723474;
 0.24273588, 0.38288835, 0.8913337, -0.88381654;
 0.45717132, -0.85553533, 0.24300958, -0.51547247;
 0, 0, 0, 1]
Ow:
[0.19587527;
 -0.20618968;
 1.0267963]
Keyframe: 44 Frame: 383 Frame from vFrameID : 384
Tcw:
[0.86297208, 0.24074706, 0.44420722, 0.21027951;
 0.31340885, 0.43452954, -0.84436899, -0.14791319;
 -0.39630052, 0.86788529, 0.29953462, 1.0059006;
 0, 0, 0, 1]
Twc:
[0.86297208, 0.31340885, -0.39630052, 0.26353088;
 0.24074706, 0.43452954, 0.86788529, -0.85935789;
 0.44420722, -0.84436899, 0.29953462, -0.51960301;
 0, 0, 0, 1]
Ow:
[0.21027951;
 -0.14791319;
 1.0059006]
Keyframe: 45 Frame: 388 Frame from vFrameID : 389
Tcw:
[0.86119086, 0.22587626, 0.45533529, 0.17211376;
 0.34545082, 0.39702645, -0.8503139, -0.19312638;
 -0.37284589, 0.88957852, 0.26388642, 1.1114779;
 0, 0, 0, 1]
Twc:
[0.86119086, 0.34545082, -0.37284589, 0.33290282;
 0.22587626, 0.39702645, 0.88957852, -0.95094699;
 0.45533529, -0.8503139, 0.26388642, -0.53589141;
 0, 0, 0, 1]
Ow:
[0.17211376;
 -0.19312638;
 1.1114779]
Keyframe: 46 Frame: 394 Frame from vFrameID : 395
Tcw:
[0.86545056, 0.21447685, 0.4527638, 0.17598975;
 0.3583799, 0.36647475, -0.85863853, -0.21502692;
 -0.35008457, 0.90537059, 0.24030158, 1.157899;
 0, 0, 0, 1]
Twc:
[0.86545056, 0.3583799, -0.35008457, 0.33011347;
 0.21447685, 0.36647475, 0.90537059, -1.0072715;
 0.4527638, -0.85863853, 0.24030158, -0.54255712;
 0, 0, 0, 1]
Ow:
[0.17598975;
 -0.21502692;
 1.157899]
Keyframe: 47 Frame: 402 Frame from vFrameID : 403
Tcw:
[0.8656804, 0.19170713, 0.46243471, 0.19977443;
 0.3602846, 0.40275097, -0.8414194, -0.20297563;
 -0.34755215, 0.89500839, 0.2795845, 1.1678352;
 0, 0, 0, 1]
Twc:
[0.8656804, 0.3602846, -0.34755215, 0.30607179;
 0.19170713, 0.40275097, 0.89500839, -1.0017718;
 0.46243471, -0.8414194, 0.2795845, -0.58967888;
 0, 0, 0, 1]
Ow:
[0.19977443;
 -0.20297563;
 1.1678352]
Keyframe: 48 Frame: 407 Frame from vFrameID : 408
Tcw:
[0.87974542, 0.1962111, 0.43306947, 0.2135479;
 0.33713073, 0.38483572, -0.85921144, -0.22218496;
 -0.33524743, 0.90188837, 0.27240866, 1.1772956;
 0, 0, 0, 1]
Twc:
[0.87974542, 0.33713073, -0.33524743, 0.28172293;
 0.1962111, 0.38483572, 0.90188837, -1.018185;
 0.43306947, -0.85921144, 0.27240866, -0.60409051;
 0, 0, 0, 1]
Ow:
[0.2135479;
 -0.22218496;
 1.1772956]
Keyframe: 49 Frame: 412 Frame from vFrameID : 413
Tcw:
[0.88214648, 0.21790008, 0.41753694, 0.22139496;
 0.31114501, 0.39589798, -0.86397547, -0.23298085;
 -0.35356236, 0.89206743, 0.28144151, 1.1762315;
 0, 0, 0, 1]
Twc:
[0.88214648, 0.31114501, -0.35356236, 0.2930592;
 0.21790008, 0.39589798, 0.89206743, -1.0052831;
 0.41753694, -0.86397547, 0.28144151, -0.62477064;
 0, 0, 0, 1]
Ow:
[0.22139496;
 -0.23298085;
 1.1762315]
Keyframe: 50 Frame: 419 Frame from vFrameID : 420
Tcw:
[0.87143731, 0.18829736, 0.45292506, 0.2210211;
 0.33429331, 0.44773379, -0.82932651, -0.22831365;
 -0.35894984, 0.87411588, 0.32722539, 1.1809646;
 0, 0, 0, 1]
Twc:
[0.87143731, 0.33429331, -0.35894984, 0.30762473;
 0.18829736, 0.44773379, 0.87411588, -0.97169381;
 0.45292506, -0.82932651, 0.32722539, -0.67589414;
 0, 0, 0, 1]
Ow:
[0.2210211;
 -0.22831365;
 1.1809646]
Keyframe: 51 Frame: 424 Frame from vFrameID : 425
Tcw:
[0.83764642, 0.29489577, 0.45976624, 0.2385757;
 0.31393918, 0.42888552, -0.84705335, -0.23927096;
 -0.44697952, 0.85386986, 0.26667508, 1.2061324;
 0, 0, 0, 1]
Twc:
[0.83764642, 0.31393918, -0.44697952, 0.41439092;
 0.29489577, 0.42888552, 0.85386986, -0.99761516;
 0.45976624, -0.84705335, 0.26667508, -0.63400978;
 0, 0, 0, 1]
Ow:
[0.2385757;
 -0.23927096;
 1.2061324]
Keyframe: 52 Frame: 431 Frame from vFrameID : 432
Tcw:
[0.85671818, 0.29108495, 0.42579746, 0.2549668;
 0.26434597, 0.46107334, -0.84707296, -0.25693417;
 -0.44289404, 0.83826065, 0.31806281, 1.2075981;
 0, 0, 0, 1]
Twc:
[0.85671818, 0.26434597, -0.44289404, 0.38432279;
 0.29108495, 0.46107334, 0.83826065, -0.96803337;
 0.42579746, -0.84707296, 0.31806281, -0.71029818;
 0, 0, 0, 1]
Ow:
[0.2549668;
 -0.25693417;
 1.2075981]
Keyframe: 53 Frame: 438 Frame from vFrameID : 439
Tcw:
[0.844217, 0.26075742, 0.46829823, 0.26223773;
 0.31669614, 0.46221408, -0.82828844, -0.27003866;
 -0.43243641, 0.84756339, 0.30762812, 1.25664;
 0, 0, 0, 1]
Twc:
[0.844217, 0.31669614, -0.43243641, 0.4075515;
 0.26075742, 0.46221408, 0.84756339, -1.0086468;
 0.46829823, -0.82828844, 0.30762812, -0.73305315;
 0, 0, 0, 1]
Ow:
[0.26223773;
 -0.27003866;
 1.25664]
Keyframe: 54 Frame: 444 Frame from vFrameID : 445
Tcw:
[0.86482006, 0.25803322, 0.43070301, 0.26640403;
 0.27973029, 0.46473756, -0.84010118, -0.17958289;
 -0.41693789, 0.84701705, 0.32973468, 1.1938771;
 0, 0, 0, 1]
Twc:
[0.86482006, 0.27973029, -0.41693789, 0.31761578;
 0.25803322, 0.46473756, 0.84701705, -0.99651641;
 0.43070301, -0.84010118, 0.32973468, -0.65927148;
 0, 0, 0, 1]
Ow:
[0.26640403;
 -0.17958289;
 1.1938771]
Keyframe: 55 Frame: 447 Frame from vFrameID : 448
Tcw:
[0.85739863, 0.29281777, 0.42323199, 0.27970403;
 0.28931174, 0.40589288, -0.86691964, -0.27314597;
 -0.42563632, 0.86574173, 0.26329637, 1.3537847;
 0, 0, 0, 1]
Twc:
[0.85739863, 0.28931174, -0.42563632, 0.41542643;
 0.29281777, 0.40589288, 0.86574173, -1.1430622;
 0.42323199, -0.86691964, 0.26329637, -0.71162194;
 0, 0, 0, 1]
Ow:
[0.27970403;
 -0.27314597;
 1.3537847]
Keyframe: 56 Frame: 451 Frame from vFrameID : 452
Tcw:
[0.87374926, 0.2819877, 0.3962892, 0.30007121;
 0.26620522, 0.40464488, -0.87486988, -0.26447889;
 -0.40705892, 0.86991119, 0.27849159, 1.3520384;
 0, 0, 0, 1]
Twc:
[0.87374926, 0.26620522, -0.40705892, 0.35857794;
 0.2819877, 0.40464488, 0.86991119, -1.1537496;
 0.3962892, -0.87486988, 0.27849159, -0.72683084;
 0, 0, 0, 1]
Ow:
[0.30007121;
 -0.26447889;
 1.3520384]
Keyframe: 57 Frame: 453 Frame from vFrameID : 454
Tcw:
[0.87406224, 0.25789562, 0.41170996, 0.28262138;
 0.28025937, 0.42455542, -0.86093402, -0.27049208;
 -0.39682481, 0.86789548, 0.29881018, 1.3549048;
 0, 0, 0, 1]
Twc:
[0.87406224, 0.28025937, -0.39682481, 0.36643907;
 0.25789562, 0.42455542, 0.86789548, -1.1339637;
 0.41170996, -0.86093402, 0.29881018, -0.75409323;
 0, 0, 0, 1]
Ow:
[0.28262138;
 -0.27049208;
 1.3549048]
Keyframe: 58 Frame: 458 Frame from vFrameID : 459
Tcw:
[0.90588796, 0.24359001, 0.3464548, 0.30283988;
 0.22712101, 0.41104904, -0.88286734, -0.26844752;
 -0.35746759, 0.87846607, 0.31703997, 1.3511888;
 0, 0, 0, 1]
Twc:
[0.90588796, 0.22712101, -0.35746759, 0.26963723;
 0.24359001, 0.41104904, 0.87846607, -1.1503971;
 0.3464548, -0.88286734, 0.31703997, -0.77030468;
 0, 0, 0, 1]
Ow:
[0.30283988;
 -0.26844752;
 1.3511888]
Keyframe: 59 Frame: 462 Frame from vFrameID : 463
Tcw:
[0.91140449, 0.22805795, 0.34253672, 0.30463392;
 0.22071573, 0.43161845, -0.87463713, -0.27442285;
 -0.34731311, 0.87275147, 0.343043, 1.3512418;
 0, 0, 0, 1]
Twc:
[0.91140449, 0.22071573, -0.34731311, 0.25222874;
 0.22805795, 0.43161845, 0.87275147, -1.1303265;
 0.34253672, -0.87463713, 0.343043, -0.80790275;
 0, 0, 0, 1]
Ow:
[0.30463392;
 -0.27442285;
 1.3512418]
Keyframe: 60 Frame: 466 Frame from vFrameID : 467
Tcw:
[0.90433693, 0.23135047, 0.35868055, 0.31199443;
 0.23148991, 0.44016755, -0.86756265, -0.27607569;
 -0.35859054, 0.86759984, 0.34450445, 1.3567601;
 0, 0, 0, 1]
Twc:
[0.90433693, 0.23148991, -0.35859054, 0.26828203;
 0.23135047, 0.44016755, 0.86759984, -1.1277853;
 0.35868055, -0.86756265, 0.34450445, -0.81882918;
 0, 0, 0, 1]
Ow:
[0.31199443;
 -0.27607569;
 1.3567601]
Keyframe: 61 Frame: 469 Frame from vFrameID : 470
Tcw:
[0.90095758, 0.23374148, 0.36556855, 0.31616157;
 0.24111323, 0.43076348, -0.86965925, -0.27856791;
 -0.36074904, 0.87166953, 0.33174145, 1.3636743;
 0, 0, 0, 1]
Twc:
[0.90095758, 0.24111323, -0.36074904, 0.27426243;
 0.23374148, 0.43076348, 0.87166953, -1.1425765;
 0.36556855, -0.86965925, 0.33174145, -0.81022519;
 0, 0, 0, 1]
Ow:
[0.31616157;
 -0.27856791;
 1.3636743]
Keyframe: 62 Frame: 473 Frame from vFrameID : 474
Tcw:
[0.90116709, 0.22908166, 0.36799374, 0.32104227;
 0.24632764, 0.42791271, -0.8696053, -0.27806392;
 -0.35667983, 0.87430674, 0.32919171, 1.3672199;
 0, 0, 0, 1]
Twc:
[0.90116709, 0.24632764, -0.35667983, 0.26684189;
 0.22908166, 0.42791271, 0.87430674, -1.1499275;
 0.36799374, -0.8696053, 0.32919171, -0.81002492;
 0, 0, 0, 1]
Ow:
[0.32104227;
 -0.27806392;
 1.3672199]
Keyframe: 63 Frame: 477 Frame from vFrameID : 478
Tcw:
[0.89669889, 0.2344934, 0.37542495, 0.3244223;
 0.27411345, 0.37177426, -0.88693053, -0.27381253;
 -0.34755269, 0.89821863, 0.26909178, 1.3778456;
 0, 0, 0, 1]
Twc:
[0.89669889, 0.27411345, -0.34755269, 0.26302052;
 0.2344934, 0.37177426, 0.89821863, -1.2118851;
 0.37542495, -0.88693053, 0.26909178, -0.73541582;
 0, 0, 0, 1]
Ow:
[0.3244223;
 -0.27381253;
 1.3778456]
Keyframe: 64 Frame: 482 Frame from vFrameID : 483
Tcw:
[0.88094282, 0.24866755, 0.40262172, 0.28405714;
 0.29874766, 0.36759117, -0.88069665, -0.26636761;
 -0.36700085, 0.89612567, 0.24953794, 1.4278066;
 0, 0, 0, 1]
Twc:
[0.88094282, 0.29874766, -0.36700085, 0.35334483;
 0.24866755, 0.36759117, 0.89612567, -1.2522155;
 0.40262172, -0.88069665, 0.24953794, -0.70524853;
 0, 0, 0, 1]
Ow:
[0.28405714;
 -0.26636761;
 1.4278066]
Keyframe: 65 Frame: 488 Frame from vFrameID : 489
Tcw:
[0.87337285, 0.25080508, 0.41751254, 0.28159332;
 0.30267891, 0.39210397, -0.86870015, -0.29262212;
 -0.38158274, 0.88507134, 0.26653954, 1.4444585;
 0, 0, 0, 1]
Twc:
[0.87337285, 0.30267891, -0.38158274, 0.39381498;
 0.25080508, 0.39210397, 0.88507134, -1.2343355;
 0.41751254, -0.86870015, 0.26653954, -0.75677496;
 0, 0, 0, 1]
Ow:
[0.28159332;
 -0.29262212;
 1.4444585]
Keyframe: 66 Frame: 493 Frame from vFrameID : 494
Tcw:
[0.88343394, 0.2510879, 0.39559999, 0.27933419;
 0.27445045, 0.4070088, -0.87121797, -0.3081916;
 -0.37976497, 0.87823611, 0.29065418, 1.4669725;
 0, 0, 0, 1]
Twc:
[0.88343394, 0.27445045, -0.37976497, 0.39491481;
 0.2510879, 0.4070088, 0.87823611, -1.233049;
 0.39559999, -0.87121797, 0.29065418, -0.80538845;
 0, 0, 0, 1]
Ow:
[0.27933419;
 -0.3081916;
 1.4669725]
Keyframe: 67 Frame: 499 Frame from vFrameID : 500
Tcw:
[0.8893947, 0.24813583, 0.38393441, 0.3118284;
 0.27408585, 0.38271323, -0.88227409, -0.29036793;
 -0.36586058, 0.88992089, 0.2723726, 1.4676352;
 0, 0, 0, 1]
Twc:
[0.8893947, 0.27408585, -0.36586058, 0.33919704;
 0.24813583, 0.38271323, 0.88992089, -1.2723273;
 0.38393441, -0.88227409, 0.2723726, -0.77564931;
 0, 0, 0, 1]
Ow:
[0.3118284;
 -0.29036793;
 1.4676352]
Keyframe: 68 Frame: 506 Frame from vFrameID : 507
Tcw:
[0.88047814, 0.25481638, 0.39978346, 0.28840038;
 0.27766502, 0.40633079, -0.87051558, -0.29393864;
 -0.38426596, 0.87747586, 0.2870118, 1.4989089;
 0, 0, 0, 1]
Twc:
[0.88047814, 0.27766502, -0.38426596, 0.4036659;
 0.25481638, 0.40633079, 0.87747586, -1.2693092;
 0.39978346, -0.87051558, 0.2870118, -0.8013804;
 0, 0, 0, 1]
Ow:
[0.28840038;
 -0.29393864;
 1.4989089]
Keyframe: 69 Frame: 513 Frame from vFrameID : 514
Tcw:
[0.87431395, 0.23691678, 0.42361015, 0.31185478;
 0.30839664, 0.40277246, -0.86178064, -0.3328898;
 -0.37478879, 0.88410676, 0.27908525, 1.5390819;
 0, 0, 0, 1]
Twc:
[0.87431395, 0.30839664, -0.37478879, 0.4068338;
 0.23691678, 0.40277246, 0.88410676, -1.3005176;
 0.42361015, -0.86178064, 0.27908525, -0.84851789;
 0, 0, 0, 1]
Ow:
[0.31185478;
 -0.3328898;
 1.5390819]
Keyframe: 70 Frame: 520 Frame from vFrameID : 521
Tcw:
[0.8888045, 0.21748181, 0.40339586, 0.29506087;
 0.2963464, 0.39868885, -0.86788595, -0.27601573;
 -0.34957883, 0.89092582, 0.2899065, 1.5408628;
 0, 0, 0, 1]
Twc:
[0.8888045, 0.2963464, -0.34957883, 0.3581979;
 0.21748181, 0.39868885, 0.89092582, -1.3269205;
 0.40339586, -0.86788595, 0.2899065, -0.80528265;
 0, 0, 0, 1]
Ow:
[0.29506087;
 -0.27601573;
 1.5408628]
Keyframe: 71 Frame: 526 Frame from vFrameID : 527
Tcw:
[0.88486373, 0.24771754, 0.39452782, 0.32192829;
 0.26692426, 0.4244847, -0.86519605, -0.29562539;
 -0.38179526, 0.87088966, 0.30948928, 1.5506114;
 0, 0, 0, 1]
Twc:
[0.88486373, 0.26692426, -0.38179526, 0.38606298;
 0.24771754, 0.4244847, 0.87088966, -1.3046702;
 0.39452782, -0.86519605, 0.30948928, -0.86268121;
 0, 0, 0, 1]
Ow:
[0.32192829;
 -0.29562539;
 1.5506114]
Keyframe: 72 Frame: 533 Frame from vFrameID : 534
Tcw:
[0.88465679, 0.25989595, 0.38708714, 0.32697466;
 0.2534444, 0.42879155, -0.86712384, -0.3045865;
 -0.39134169, 0.86521208, 0.31346419, 1.5564468;
 0, 0, 0, 1]
Twc:
[0.88465679, 0.2534444, -0.39134169, 0.39703789;
 0.25989595, 0.42879155, 0.86521208, -1.3010318;
 0.38708714, -0.86712384, 0.31346419, -0.87857223;
 0, 0, 0, 1]
Ow:
[0.32697466;
 -0.3045865;
 1.5564468]
Keyframe: 73 Frame: 539 Frame from vFrameID : 540
Tcw:
[0.86980861, 0.26231217, 0.41788194, 0.33282578;
 0.27914879, 0.43673238, -0.85518467, -0.31112221;
 -0.40682793, 0.86049819, 0.30664945, 1.5592502;
 0, 0, 0, 1]
Twc:
[0.86980861, 0.27914879, -0.40682793, 0.43170121;
 0.26231217, 0.43673238, 0.86049819, -1.2931592;
 0.41788194, -0.85518467, 0.30664945, -0.88329208;
 0, 0, 0, 1]
Ow:
[0.33282578;
 -0.31112221;
 1.5592502]
Keyframe: 74 Frame: 545 Frame from vFrameID : 546
Tcw:
[0.85682881, 0.28315806, 0.43088967, 0.32057577;
 0.28325111, 0.43979764, -0.85225981, -0.3151159;
 -0.43082851, 0.85229075, 0.29662648, 1.5884176;
 0, 0, 0, 1]
Twc:
[0.85682881, 0.28325111, -0.43082851, 0.49891394;
 0.28315806, 0.43979764, 0.85229075, -1.30598;
 0.43088967, -0.85225981, 0.29662648, -0.87786013;
 0, 0, 0, 1]
Ow:
[0.32057577;
 -0.3151159;
 1.5884176]
Keyframe: 75 Frame: 553 Frame from vFrameID : 554
Tcw:
[0.84305137, 0.28099349, 0.45859247, 0.34103808;
 0.32469243, 0.41384724, -0.85047358, -0.3271693;
 -0.42876476, 0.86589438, 0.25765803, 1.6019903;
 0, 0, 0, 1]
Twc:
[0.84305137, 0.32469243, -0.42876476, 0.50559378;
 0.28099349, 0.41384724, 0.86589438, -1.3475858;
 0.45859247, -0.85047358, 0.25765803, -0.84741199;
 0, 0, 0, 1]
Ow:
[0.34103808;
 -0.3271693;
 1.6019903]
Keyframe: 76 Frame: 561 Frame from vFrameID : 562
Tcw:
[0.80957848, 0.30444151, 0.50189441, 0.32314667;
 0.34765071, 0.44026285, -0.82783306, -0.33240125;
 -0.47299224, 0.84467983, 0.25058803, 1.626055;
 0, 0, 0, 1]
Twc:
[0.80957848, 0.34765071, -0.47299224, 0.62305826;
 0.30444151, 0.44026285, 0.84467983, -1.3255311;
 0.50189441, -0.82783306, 0.25058803, -0.84482819;
 0, 0, 0, 1]
Ow:
[0.32314667;
 -0.33240125;
 1.626055]
Keyframe: 77 Frame: 568 Frame from vFrameID : 569
Tcw:
[0.8135041, 0.29483929, 0.50127923, 0.31882834;
 0.34410998, 0.45083618, -0.82361096, -0.34915808;
 -0.46882769, 0.84250611, 0.26529992, 1.6490366;
 0, 0, 0, 1]
Twc:
[0.8135041, 0.34410998, -0.46882769, 0.63389468;
 0.29483929, 0.45083618, 0.84250611, -1.3259134;
 0.50127923, -0.82361096, 0.26529992, -0.88488179;
 0, 0, 0, 1]
Ow:
[0.31882834;
 -0.34915808;
 1.6490366]
Keyframe: 78 Frame: 576 Frame from vFrameID : 577
Tcw:
[0.82774323, 0.28965473, 0.48056352, 0.31819046;
 0.32311428, 0.45413944, -0.83027381, -0.34917647;
 -0.45873559, 0.84253043, 0.28231925, 1.6791314;
 0, 0, 0, 1]
Twc:
[0.82774323, 0.32311428, -0.45873559, 0.61972123;
 0.28965473, 0.45413944, 0.84253043, -1.3483099;
 0.48056352, -0.83027381, 0.28231925, -0.91687393;
 0, 0, 0, 1]
Ow:
[0.31819046;
 -0.34917647;
 1.6791314]
Keyframe: 79 Frame: 584 Frame from vFrameID : 585
Tcw:
[0.82146734, 0.31028178, 0.47845238, 0.31303418;
 0.31269988, 0.45652887, -0.83294666, -0.35830206;
 -0.47687548, 0.8338505, 0.27799845, 1.7256639;
 0, 0, 0, 1]
Twc:
[0.82146734, 0.31269988, -0.47687548, 0.6778205;
 0.31028178, 0.45652887, 0.8338505, -1.3724992;
 0.47845238, -0.83294666, 0.27799845, -0.92795038;
 0, 0, 0, 1]
Ow:
[0.31303418;
 -0.35830206;
 1.7256639]
Keyframe: 80 Frame: 592 Frame from vFrameID : 593
Tcw:
[0.81505722, 0.34265357, 0.46719402, 0.33096117;
 0.29680267, 0.44559047, -0.84460479, -0.35356539;
 -0.49758407, 0.82706571, 0.26148123, 1.7371057;
 0, 0, 0, 1]
Twc:
[0.81505722, 0.29680267, -0.49758407, 0.69954294;
 0.34265357, 0.44559047, 0.82706571, -1.3925601;
 0.46719402, -0.84460479, 0.26148123, -0.90746671;
 0, 0, 0, 1]
Ow:
[0.33096117;
 -0.35356539;
 1.7371057]
Keyframe: 81 Frame: 600 Frame from vFrameID : 601
Tcw:
[0.80237889, 0.35691321, 0.47833157, 0.32453826;
 0.29724035, 0.45601439, -0.83886772, -0.35641611;
 -0.51752907, 0.81526917, 0.25980732, 1.7604821;
 0, 0, 0, 1]
Twc:
[0.80237889, 0.29724035, -0.51752907, 0.75663918;
 0.35691321, 0.45601439, 0.81526917, -1.3885679;
 0.47833157, -0.83886772, 0.25980732, -0.91160899;
 0, 0, 0, 1]
Ow:
[0.32453826;
 -0.35641611;
 1.7604821]
Keyframe: 82 Frame: 608 Frame from vFrameID : 609
Tcw:
[0.81606513, 0.34316188, 0.4650566, 0.31417742;
 0.31024438, 0.41880134, -0.85343653, -0.31445163;
 -0.4876332, 0.84074098, 0.23530512, 1.8179359;
 0, 0, 0, 1]
Twc:
[0.81606513, 0.31024438, -0.4876332, 0.72765356;
 0.34316188, 0.41880134, 0.84074098, -1.5045342;
 0.4650566, -0.85343653, 0.23530512, -0.84224439;
 0, 0, 0, 1]
Ow:
[0.31417742;
 -0.31445163;
 1.8179359]
Keyframe: 83 Frame: 616 Frame from vFrameID : 617
Tcw:
[0.8042925, 0.34831679, 0.48144469, 0.27500969;
 0.30771941, 0.44896737, -0.83889037, -0.34374866;
 -0.50835258, 0.8228631, 0.25391725, 1.8504015;
 0, 0, 0, 1]
Twc:
[0.8042925, 0.30771941, -0.50835258, 0.82524627;
 0.34831679, 0.44896737, 0.8228631, -1.4640857;
 0.48144469, -0.83889037, 0.25391725, -0.89061821;
 0, 0, 0, 1]
Ow:
[0.27500969;
 -0.34374866;
 1.8504015]
Keyframe: 84 Frame: 624 Frame from vFrameID : 625
Tcw:
[0.82307887, 0.33259737, 0.46034783, 0.27964172;
 0.30695063, 0.42146412, -0.85331666, -0.34888953;
 -0.47783098, 0.843651, 0.24480724, 1.8822218;
 0, 0, 0, 1]
Twc:
[0.82307887, 0.30695063, -0.47783098, 0.77630854;
 0.33259737, 0.42146412, 0.843651, -1.5339019;
 0.46034783, -0.85331666, 0.24480724, -0.88722718;
 0, 0, 0, 1]
Ow:
[0.27964172;
 -0.34888953;
 1.8822218]
Keyframe: 85 Frame: 631 Frame from vFrameID : 632
Tcw:
[0.80405271, 0.32875967, 0.49539512, 0.28512385;
 0.33851042, 0.4318521, -0.83601105, -0.34874496;
 -0.48878413, 0.83989334, 0.23594327, 1.8931005;
 0, 0, 0, 1]
Twc:
[0.80405271, 0.33851042, -0.48878413, 0.81411672;
 0.32875967, 0.4318521, 0.83989334, -1.5331335;
 0.49539512, -0.83601105, 0.23594327, -0.8794679;
 0, 0, 0, 1]
Ow:
[0.28512385;
 -0.34874496;
 1.8931005]
Keyframe: 86 Frame: 639 Frame from vFrameID : 640
Tcw:
[0.8166858, 0.34417194, 0.46321696, 0.33080301;
 0.3097522, 0.4158197, -0.85507166, -0.35316122;
 -0.48690641, 0.84180737, 0.23298605, 1.9065052;
 0, 0, 0, 1]
Twc:
[0.8166858, 0.3097522, -0.48690641, 0.76751995;
 0.34417194, 0.4158197, 0.84180737, -1.5719118;
 0.46321696, -0.85507166, 0.23298605, -0.89940083;
 0, 0, 0, 1]
Ow:
[0.33080301;
 -0.35316122;
 1.9065052]
Keyframe: 87 Frame: 646 Frame from vFrameID : 647
Tcw:
[0.82749909, 0.31541878, 0.46449575, 0.34421113;
 0.32418934, 0.40703768, -0.85394472, -0.34634113;
 -0.45841748, 0.85722303, 0.23456791, 1.9114176;
 0, 0, 0, 1]
Twc:
[0.82749909, 0.32418934, -0.45841748, 0.70367295;
 0.31541878, 0.40703768, 0.85722303, -1.606108;
 0.46449575, -0.85394472, 0.23456791, -0.90399802;
 0, 0, 0, 1]
Ow:
[0.34421113;
 -0.34634113;
 1.9114176]
Keyframe: 88 Frame: 654 Frame from vFrameID : 655
Tcw:
[0.82596821, 0.3166151, 0.46640265, 0.31812796;
 0.2965911, 0.45951742, -0.83718425, -0.33989525;
 -0.47938532, 0.82981843, 0.28564155, 1.9099476;
 0, 0, 0, 1]
Twc:
[0.82596821, 0.2965911, -0.47938532, 0.75364715;
 0.3166151, 0.45951742, 0.82981843, -1.529446;
 0.46640265, -0.83718425, 0.28564155, -0.97849101;
 0, 0, 0, 1]
Ow:
[0.31812796;
 -0.33989525;
 1.9099476]
Keyframe: 89 Frame: 662 Frame from vFrameID : 663
Tcw:
[0.80852556, 0.33520064, 0.48365998, 0.31834209;
 0.30087358, 0.47087753, -0.8293066, -0.33558992;
 -0.50572872, 0.81603611, 0.27986351, 1.92422;
 0, 0, 0, 1]
Twc:
[0.80852556, 0.30087358, -0.50572872, 0.81671566;
 0.33520064, 0.47087753, 0.81603611, -1.5189196;
 0.48365998, -0.8293066, 0.27986351, -0.97079515;
 0, 0, 0, 1]
Ow:
[0.31834209;
 -0.33558992;
 1.92422]
Keyframe: 90 Frame: 669 Frame from vFrameID : 670
Tcw:
[0.82889748, 0.31486335, 0.46237439, 0.28788692;
 0.29531452, 0.45569214, -0.83972257, -0.33923602;
 -0.47509825, 0.83258981, 0.28473833, 1.9818945;
 0, 0, 0, 1]
Twc:
[0.82889748, 0.29531452, -0.47509825, 0.8031472;
 0.31486335, 0.45569214, 0.83258981, -1.5861629;
 0.46237439, -0.83972257, 0.28473833, -0.98229706;
 0, 0, 0, 1]
Ow:
[0.28788692;
 -0.33923602;
 1.9818945]
Keyframe: 91 Frame: 677 Frame from vFrameID : 678
Tcw:
[0.85803372, 0.31542519, 0.40532097, 0.25976574;
 0.24914268, 0.43448332, -0.8655358, -0.25643235;
 -0.449117, 0.84364164, 0.29421544, 2.0294471;
 0, 0, 0, 1]
Twc:
[0.85803372, 0.24914268, -0.449117, 0.75245959;
 0.31542519, 0.43448332, 0.84364164, -1.6826471;
 0.40532097, -0.8655358, 0.29421544, -0.92433459;
 0, 0, 0, 1]
Ow:
[0.25976574;
 -0.25643235;
 2.0294471]
Keyframe: 92 Frame: 685 Frame from vFrameID : 686
Tcw:
[0.85553223, 0.29295883, 0.42689547, 0.29482245;
 0.27149335, 0.44822946, -0.85169345, -0.33669096;
 -0.44085824, 0.84455049, 0.30393836, 2.0693312;
 0, 0, 0, 1]
Twc:
[0.85553223, 0.27149335, -0.44085824, 0.75146085;
 0.29295883, 0.44822946, 0.84455049, -1.6831105;
 0.42689547, -0.85169345, 0.30393836, -1.0415649;
 0, 0, 0, 1]
Ow:
[0.29482245;
 -0.33669096;
 2.0693312]
Keyframe: 93 Frame: 692 Frame from vFrameID : 693
Tcw:
[0.84845853, 0.2982986, 0.43719113, 0.30874214;
 0.28607616, 0.4364959, -0.85301334, -0.33987325;
 -0.44528481, 0.84881639, 0.28501254, 2.0704269;
 0, 0, 0, 1]
Twc:
[0.84845853, 0.28607616, -0.44528481, 0.75720447;
 0.2982986, 0.4364959, 0.84881639, -1.7011565;
 0.43719113, -0.85301334, 0.28501254, -1.0149934;
 0, 0, 0, 1]
Ow:
[0.30874214;
 -0.33987325;
 2.0704269]
Keyframe: 94 Frame: 699 Frame from vFrameID : 700
Tcw:
[0.83714581, 0.30178845, 0.45619142, 0.32318887;
 0.28417444, 0.47266325, -0.83416682, -0.36497861;
 -0.46736681, 0.82795721, 0.30992752, 2.0671413;
 0, 0, 0, 1]
Twc:
[0.83714581, 0.28417444, -0.46736681, 0.79927462;
 0.30178845, 0.47266325, 0.82795721, -1.6365272;
 0.45619142, -0.83416682, 0.30992752, -1.0925529;
 0, 0, 0, 1]
Ow:
[0.32318887;
 -0.36497861;
 2.0671413]
Keyframe: 95 Frame: 707 Frame from vFrameID : 708
Tcw:
[0.84862292, 0.30398864, 0.43293187, 0.329319;
 0.26141736, 0.47049662, -0.84278935, -0.36782092;
 -0.45989135, 0.82838631, 0.31980634, 2.0919771;
 0, 0, 0, 1]
Twc:
[0.84862292, 0.26141736, -0.45989135, 0.77876931;
 0.30398864, 0.47049662, 0.82838631, -1.6600158;
 0.43293187, -0.84278935, 0.31980634, -1.1215957;
 0, 0, 0, 1]
Ow:
[0.329319;
 -0.36782092;
 2.0919771]
Keyframe: 96 Frame: 714 Frame from vFrameID : 715
Tcw:
[0.86459512, 0.27448666, 0.42087093, 0.35728884;
 0.26132479, 0.46977472, -0.84322065, -0.3745811;
 -0.42916733, 0.83902848, 0.33443478, 2.0979254;
 0, 0, 0, 1]
Twc:
[0.86459512, 0.26132479, -0.42916733, 0.68933821;
 0.27448666, 0.46977472, 0.83902848, -1.6823214;
 0.42087093, -0.84322065, 0.33443478, -1.1678462;
 0, 0, 0, 1]
Ow:
[0.35728884;
 -0.3745811;
 2.0979254]
Keyframe: 97 Frame: 722 Frame from vFrameID : 723
Tcw:
[0.8618837, 0.28966099, 0.4162367, 0.37505215;
 0.25197655, 0.46768248, -0.84721953, -0.37174964;
 -0.44007304, 0.83508658, 0.33010012, 2.1236668;
 0, 0, 0, 1]
Twc:
[0.8618837, 0.25197655, -0.44007304, 0.70498937;
 0.28966099, 0.46768248, 0.83508658, -1.7082229;
 0.4162367, -0.84721953, 0.33010012, -1.1720867;
 0, 0, 0, 1]
Ow:
[0.37505215;
 -0.37174964;
 2.1236668]
Keyframe: 98 Frame: 730 Frame from vFrameID : 731
Tcw:
[0.84659994, 0.29494637, 0.44302961, 0.41121781;
 0.27356097, 0.47288752, -0.83758092, -0.37961388;
 -0.45654461, 0.83029157, 0.31966069, 2.1359034;
 0, 0, 0, 1]
Twc:
[0.84659994, 0.27356097, -0.45654461, 0.73084575;
 0.29494637, 0.47288752, 0.83029157, -1.7151949;
 0.44302961, -0.83758092, 0.31966069, -1.1829033;
 0, 0, 0, 1]
Ow:
[0.41121781;
 -0.37961388;
 2.1359034]
Keyframe: 99 Frame: 738 Frame from vFrameID : 739
Tcw:
[0.85318893, 0.28177071, 0.43894634, 0.41862246;
 0.27165708, 0.47835383, -0.83509284, -0.39789069;
 -0.44527635, 0.83173484, 0.33158121, 2.1567702;
 0, 0, 0, 1]
Twc:
[0.85318893, 0.27165708, -0.44527635, 0.71128452;
 0.28177071, 0.47835383, 0.83173484, -1.7214839;
 0.43894634, -0.83509284, 0.33158121, -1.2311728;
 0, 0, 0, 1]
Ow:
[0.41862246;
 -0.39789069;
 2.1567702]
Keyframe: 100 Frame: 746 Frame from vFrameID : 747
Tcw:
[0.86033309, 0.27573058, 0.42871854, 0.39665982;
 0.25956202, 0.48687759, -0.83401304, -0.3833127;
 -0.43869635, 0.82880807, 0.34730774, 2.1701972;
 0, 0, 0, 1]
Twc:
[0.86033309, 0.25956202, -0.43869635, 0.7102915;
 0.27573058, 0.48687759, 0.82880807, -1.721422;
 0.42871854, -0.83401304, 0.34730774, -1.2434695;
 0, 0, 0, 1]
Ow:
[0.39665982;
 -0.3833127;
 2.1701972]
Keyframe: 101 Frame: 752 Frame from vFrameID : 753
Tcw:
[0.8612963, 0.28780353, 0.41873366, 0.40329307;
 0.23524873, 0.50458354, -0.83069456, -0.38892233;
 -0.45036292, 0.8139807, 0.36689049, 2.1676407;
 0, 0, 0, 1]
Twc:
[0.8612963, 0.23524873, -0.45036292, 0.7203638;
 0.28780353, 0.50458354, 0.8139807, -1.6842432;
 0.41873366, -0.83069456, 0.36689049, -1.287235;
 0, 0, 0, 1]
Ow:
[0.40329307;
 -0.38892233;
 2.1676407]
Keyframe: 102 Frame: 756 Frame from vFrameID : 757
Tcw:
[0.87061387, 0.31774253, 0.37559441, 0.41985834;
 0.19626462, 0.47574914, -0.85740477, -0.36050558;
 -0.45112267, 0.82018441, 0.35183218, 2.1733687;
 0, 0, 0, 1]
Twc:
[0.87061387, 0.19626462, -0.45112267, 0.6856758;
 0.31774253, 0.47574914, 0.82018441, -1.7444596;
 0.37559441, -0.85740477, 0.35183218, -1.2314566;
 0, 0, 0, 1]
Ow:
[0.41985834;
 -0.36050558;
 2.1733687]
Keyframe: 103 Frame: 761 Frame from vFrameID : 762
Tcw:
[0.86305881, 0.30624303, 0.40167734, 0.43075615;
 0.2238055, 0.48105797, -0.84764045, -0.37314308;
 -0.45281407, 0.82146114, 0.34664246, 2.1889946;
 0, 0, 0, 1]
Twc:
[0.86305881, 0.2238055, -0.45281407, 0.70295119;
 0.30624303, 0.48105797, 0.82146114, -1.7505866;
 0.40167734, -0.84764045, 0.34664246, -1.2481146;
 0, 0, 0, 1]
Ow:
[0.43075615;
 -0.37314308;
 2.1889946]
Keyframe: 104 Frame: 767 Frame from vFrameID : 768
Tcw:
[0.86221641, 0.29600975, 0.41104874, 0.42564428;
 0.2372323, 0.48100877, -0.8440091, -0.36298001;
 -0.44755298, 0.82523257, 0.34451059, 2.2009761;
 0, 0, 0, 1]
Twc:
[0.86221641, 0.2372323, -0.44755298, 0.70416653;
 0.29600975, 0.48100877, 0.82523257, -1.7677155;
 0.41104874, -0.8440091, 0.34451059, -1.2395786;
 0, 0, 0, 1]
Ow:
[0.42564428;
 -0.36298001;
 2.2009761]
Keyframe: 105 Frame: 772 Frame from vFrameID : 773
Tcw:
[0.86485839, 0.27713925, 0.41858554, 0.41298616;
 0.2606279, 0.46476352, -0.84620798, -0.39070266;
 -0.42906073, 0.84094512, 0.3297244, 2.2587128;
 0, 0, 0, 1]
Twc:
[0.86485839, 0.2606279, -0.42906073, 0.7137785;
 0.27713925, 0.46476352, 0.84094512, -1.8323239;
 0.41858554, -0.84620798, 0.3297244, -1.2482386;
 0, 0, 0, 1]
Ow:
[0.41298616;
 -0.39070266;
 2.2587128]
Keyframe: 106 Frame: 778 Frame from vFrameID : 779
Tcw:
[0.86410552, 0.27676162, 0.42038628, 0.36651134;
 0.25818819, 0.47322688, -0.84225601, -0.37391073;
 -0.43204221, 0.83633685, 0.33746138, 2.2922325;
 0, 0, 0, 1]
Twc:
[0.86410552, 0.25818819, -0.43204221, 0.77017611;
 0.27676162, 0.47322688, 0.83633685, -1.8415703;
 0.42038628, -0.84225601, 0.33746138, -1.2425449;
 0, 0, 0, 1]
Ow:
[0.36651134;
 -0.37391073;
 2.2922325]
Keyframe: 107 Frame: 783 Frame from vFrameID : 784
Tcw:
[0.86495769, 0.27471122, 0.41997853, 0.38077706;
 0.25178292, 0.48636773, -0.83669096, -0.39133596;
 -0.4341124, 0.82944572, 0.35151991, 2.2961709;
 0, 0, 0, 1]
Twc:
[0.86495769, 0.25178292, -0.4341124, 0.76597196;
 0.27471122, 0.48636773, 0.82944572, -1.8188196;
 0.41997853, -0.83669096, 0.35151991, -1.2944952;
 0, 0, 0, 1]
Ow:
[0.38077706;
 -0.39133596;
 2.2961709]
Keyframe: 108 Frame: 788 Frame from vFrameID : 789
Tcw:
[0.85936278, 0.2623466, 0.43894178, 0.36137265;
 0.29132363, 0.45428875, -0.84187424, -0.40035039;
 -0.42026916, 0.85134953, 0.3139711, 2.3139207;
 0, 0, 0, 1]
Twc:
[0.85936278, 0.29132363, -0.42026916, 0.77855086;
 0.2623466, 0.45428875, 0.85134953, -1.8828856;
 0.43894178, -0.84187424, 0.3139711, -1.2221705;
 0, 0, 0, 1]
Ow:
[0.36137265;
 -0.40035039;
 2.3139207]
Keyframe: 109 Frame: 792 Frame from vFrameID : 793
Tcw:
[0.84561926, 0.28625631, 0.45053899, 0.34527934;
 0.29416654, 0.45439374, -0.84082836, -0.38911313;
 -0.44541451, 0.8435542, 0.30003709, 2.3397613;
 0, 0, 0, 1]
Twc:
[0.84561926, 0.29416654, -0.44541451, 0.86465287;
 0.28625631, 0.45439374, 0.8435542, -1.8957431;
 0.45053899, -0.84082836, 0.30003709, -1.1847543;
 0, 0, 0, 1]
Ow:
[0.34527934;
 -0.38911313;
 2.3397613]
Keyframe: 110 Frame: 799 Frame from vFrameID : 800
Tcw:
[0.85265565, 0.27229956, 0.44590503, 0.3644166;
 0.28608999, 0.47080413, -0.83456337, -0.39993137;
 -0.43718517, 0.83916414, 0.32353163, 2.3362033;
 0, 0, 0, 1]
Twc:
[0.85265565, 0.28608999, -0.43718517, 0.82504785;
 0.27229956, 0.47080413, 0.83916414, -1.871399;
 0.44590503, -0.83456337, 0.32353163, -1.2520989;
 0, 0, 0, 1]
Ow:
[0.3644166;
 -0.39993137;
 2.3362033]
Keyframe: 111 Frame: 804 Frame from vFrameID : 805
Tcw:
[0.86680424, 0.2653695, 0.42217225, 0.35787505;
 0.26886374, 0.46430102, -0.84388202, -0.37468272;
 -0.41995558, 0.84498733, 0.33110985, 2.3399646;
 0, 0, 0, 1]
Twc:
[0.86680424, 0.26886374, -0.41995558, 0.77321219;
 0.2653695, 0.46430102, 0.84498733, -1.898244;
 0.42217225, -0.84388202, 0.33110985, -1.2420583;
 0, 0, 0, 1]
Ow:
[0.35787505;
 -0.37468272;
 2.3399646]
Keyframe: 112 Frame: 810 Frame from vFrameID : 811
Tcw:
[0.88060629, 0.24477792, 0.40572944, 0.3735069;
 0.26383507, 0.45795608, -0.84892124, -0.3902365;
 -0.39360341, 0.85461104, 0.338698, 2.3477058;
 0, 0, 0, 1]
Twc:
[0.88060629, 0.26383507, -0.39360341, 0.69811064;
 0.24477792, 0.45795608, 0.85461104, -1.9190904;
 0.40572944, -0.84892124, 0.338698, -1.2779862;
 0, 0, 0, 1]
Ow:
[0.3735069;
 -0.3902365;
 2.3477058]
Keyframe: 113 Frame: 816 Frame from vFrameID : 817
Tcw:
[0.88933223, 0.24674775, 0.38497233, 0.37855652;
 0.24260108, 0.4590326, -0.85465419, -0.39403212;
 -0.38759884, 0.85346621, 0.34837124, 2.3556132;
 0, 0, 0, 1]
Twc:
[0.88933223, 0.24260108, -0.38759884, 0.6719631;
 0.24674775, 0.4590326, 0.85346621, -1.9229708;
 0.38497233, -0.85465419, 0.34837124, -1.3031229;
 0, 0, 0, 1]
Ow:
[0.37855652;
 -0.39403212;
 2.3556132]
Keyframe: 114 Frame: 821 Frame from vFrameID : 822
Tcw:
[0.88291514, 0.25251982, 0.39584672, 0.39411587;
 0.25907949, 0.44109821, -0.85924977, -0.40594685;
 -0.39158487, 0.86120039, 0.32402959, 2.3702648;
 0, 0, 0, 1]
Twc:
[0.88291514, 0.25907949, -0.39158487, 0.68536144;
 0.25251982, 0.44109821, 0.86120039, -1.9617326;
 0.39584672, -0.85924977, 0.32402959, -1.2728552;
 0, 0, 0, 1]
Ow:
[0.39411587;
 -0.40594685;
 2.3702648]
Keyframe: 115 Frame: 827 Frame from vFrameID : 828
Tcw:
[0.87316489, 0.25745815, 0.41388202, 0.39347872;
 0.26378086, 0.46444255, -0.84540689, -0.39284253;
 -0.40988129, 0.84735376, 0.3376224, 2.3562536;
 0, 0, 0, 1]
Twc:
[0.87316489, 0.26378086, -0.40988129, 0.72583687;
 0.25745815, 0.46444255, 0.84735376, -1.915432;
 0.41388202, -0.84540689, 0.3376224, -1.2904896;
 0, 0, 0, 1]
Ow:
[0.39347872;
 -0.39284253;
 2.3562536]
Keyframe: 116 Frame: 833 Frame from vFrameID : 834
Tcw:
[0.8708486, 0.25109181, 0.42258215, 0.38261253;
 0.2803604, 0.45242688, -0.84658605, -0.40416217;
 -0.40375835, 0.85572356, 0.3235991, 2.3923883;
 0, 0, 0, 1]
Twc:
[0.8708486, 0.2803604, -0.40375835, 0.74606025;
 0.25109181, 0.45242688, 0.85572356, -1.96044;
 0.42258215, -0.84658605, 0.3235991, -1.278018;
 0, 0, 0, 1]
Ow:
[0.38261253;
 -0.40416217;
 2.3923883]
Keyframe: 117 Frame: 840 Frame from vFrameID : 841
Tcw:
[0.9002825, 0.22687909, 0.37150675, 0.40753412;
 0.24153766, 0.44965088, -0.85992652, -0.39919341;
 -0.36214769, 0.86390972, 0.35001299, 2.3963456;
 0, 0, 0, 1]
Twc:
[0.9002825, 0.24153766, -0.36214769, 0.59735543;
 0.22687909, 0.44965088, 0.86390972, -1.9831895;
 0.37150675, -0.85992652, 0.35001299, -1.3334308;
 0, 0, 0, 1]
Ow:
[0.40753412;
 -0.39919341;
 2.3963456]
Keyframe: 118 Frame: 848 Frame from vFrameID : 849
Tcw:
[0.90321469, 0.21749583, 0.36999828, 0.41896564;
 0.2373298, 0.46518758, -0.85280424, -0.39821136;
 -0.35759997, 0.85807699, 0.36854601, 2.4009748;
 0, 0, 0, 1]
Twc:
[0.90321469, 0.2373298, -0.35759997, 0.57468003;
 0.21749583, 0.46518758, 0.85807699, -1.9661014;
 0.36999828, -0.85280424, 0.36854601, -1.3794826;
 0, 0, 0, 1]
Ow:
[0.41896564;
 -0.39821136;
 2.4009748]
Keyframe: 119 Frame: 854 Frame from vFrameID : 855
Tcw:
[0.89110488, 0.22801143, 0.39235556, 0.43186188;
 0.24457829, 0.48697221, -0.83847451, -0.41136211;
 -0.38224801, 0.84313041, 0.37817666, 2.406117;
 0, 0, 0, 1]
Twc:
[0.89110488, 0.24457829, -0.38224801, 0.63550949;
 0.22801143, 0.48697221, 0.84313041, -1.9268178;
 0.39235556, -0.83847451, 0.37817666, -1.4242973;
 0, 0, 0, 1]
Ow:
[0.43186188;
 -0.41136211;
 2.406117]
Keyframe: 120 Frame: 860 Frame from vFrameID : 861
Tcw:
[0.88153714, 0.24130549, 0.40578809, 0.44695798;
 0.26072598, 0.46772891, -0.84454226, -0.41061378;
 -0.39359149, 0.85029483, 0.3494058, 2.4141517;
 0, 0, 0, 1]
Twc:
[0.88153714, 0.26072598, -0.39359149, 0.66323727;
 0.24130549, 0.46772891, 0.85029483, -1.9685382;
 0.40578809, -0.84454226, 0.3494058, -1.3716695;
 0, 0, 0, 1]
Ow:
[0.44695798;
 -0.41061378;
 2.4141517]
Keyframe: 121 Frame: 868 Frame from vFrameID : 869
Tcw:
[0.86809909, 0.25575984, 0.42543021, 0.38187522;
 0.273826, 0.46811724, -0.84016997, -0.3616454;
 -0.41403294, 0.84584463, 0.33633846, 2.4482684;
 0, 0, 0, 1]
Twc:
[0.86809909, 0.273826, -0.41403294, 0.78118616;
 0.25575984, 0.46811724, 0.84584463, -1.9992307;
 0.42543021, -0.84016997, 0.33633846, -1.2897516;
 0, 0, 0, 1]
Ow:
[0.38187522;
 -0.3616454;
 2.4482684]
Keyframe: 122 Frame: 875 Frame from vFrameID : 876
Tcw:
[0.87422246, 0.22479269, 0.43035257, 0.36773768;
 0.29319796, 0.46207845, -0.83696979, -0.40532047;
 -0.38700134, 0.8578763, 0.33805063, 2.4945817;
 0, 0, 0, 1]
Twc:
[0.87422246, 0.29319796, -0.38700134, 0.76276106;
 0.22479269, 0.46207845, 0.8578763, -2.0354173;
 0.43035257, -0.83696979, 0.33805063, -1.3407928;
 0, 0, 0, 1]
Ow:
[0.36773768;
 -0.40532047;
 2.4945817]
Keyframe: 123 Frame: 883 Frame from vFrameID : 884
Tcw:
[0.88387114, 0.21780504, 0.41392362, 0.37569395;
 0.26489094, 0.4962703, -0.82676995, -0.39833677;
 -0.38549268, 0.84040272, 0.38094443, 2.4979508;
 0, 0, 0, 1]
Twc:
[0.88387114, 0.26489094, -0.38549268, 0.73639244;
 0.21780504, 0.4962703, 0.84040272, -1.9834299;
 0.41392362, -0.82676995, 0.38094443, -1.436422;
 0, 0, 0, 1]
Ow:
[0.37569395;
 -0.39833677;
 2.4979508]
Keyframe: 124 Frame: 890 Frame from vFrameID : 891
Tcw:
[0.86467707, 0.21265359, 0.45509559, 0.3694818;
 0.30426916, 0.49914145, -0.81134337, -0.41162729;
 -0.39969215, 0.84002161, 0.36689225, 2.5251269;
 0, 0, 0, 1]
Twc:
[0.86467707, 0.30426916, -0.39969215, 0.81503648;
 0.21265359, 0.49914145, 0.84002161, -1.9942725;
 0.45509559, -0.81134337, 0.36689225, -1.42857;
 0, 0, 0, 1]
Ow:
[0.3694818;
 -0.41162729;
 2.5251269]
Keyframe: 125 Frame: 898 Frame from vFrameID : 899
Tcw:
[0.86399853, 0.23280497, 0.44643965, 0.3814708;
 0.29783666, 0.47859448, -0.82597858, -0.41368598;
 -0.40595549, 0.84661037, 0.34416708, 2.5366495;
 0, 0, 0, 1]
Twc:
[0.86399853, 0.29783666, -0.40595549, 0.82338744;
 0.23280497, 0.47859448, 0.84661037, -2.0383744;
 0.44643965, -0.82597858, 0.34416708, -1.3850307;
 0, 0, 0, 1]
Ow:
[0.3814708;
 -0.41368598;
 2.5366495]
Keyframe: 126 Frame: 906 Frame from vFrameID : 907
Tcw:
[0.88215035, 0.21075505, 0.42118055, 0.38909948;
 0.27704704, 0.49097547, -0.82594675, -0.41282374;
 -0.38086176, 0.84529603, 0.37472513, 2.5426006;
 0, 0, 0, 1]
Twc:
[0.88215035, 0.27704704, -0.38086176, 0.73950672;
 0.21075505, 0.49097547, 0.84529603, -2.0285685;
 0.42118055, -0.82594675, 0.37472513, -1.4576279;
 0, 0, 0, 1]
Ow:
[0.38909948;
 -0.41282374;
 2.5426006]
Keyframe: 127 Frame: 913 Frame from vFrameID : 914
Tcw:
[0.89260167, 0.21264902, 0.39754584, 0.39563721;
 0.25318906, 0.49316481, -0.83227628, -0.4123584;
 -0.37303835, 0.84354544, 0.38635933, 2.5472233;
 0, 0, 0, 1]
Twc:
[0.89260167, 0.25318906, -0.37303835, 0.70147008;
 0.21264902, 0.49316481, 0.84354544, -2.0294697;
 0.39754584, -0.83227628, 0.38635933, -1.4846234;
 0, 0, 0, 1]
Ow:
[0.39563721;
 -0.4123584;
 2.5472233]
Keyframe: 128 Frame: 920 Frame from vFrameID : 921
Tcw:
[0.89330089, 0.21140786, 0.39663619, 0.40674564;
 0.24871016, 0.50254869, -0.82800245, -0.42892462;
 -0.37437522, 0.83830279, 0.39634791, 2.553019;
 0, 0, 0, 1]
Twc:
[0.89330089, 0.24871016, -0.37437522, 0.69911867;
 0.21140786, 0.50254869, 0.83830279, -2.0106366;
 0.39663619, -0.82800245, 0.39634791, -1.5283644;
 0, 0, 0, 1]
Ow:
[0.40674564;
 -0.42892462;
 2.553019]
Keyframe: 129 Frame: 927 Frame from vFrameID : 928
Tcw:
[0.88304824, 0.21266931, 0.41832715, 0.40117937;
 0.29437777, 0.44319168, -0.84671295, -0.44056344;
 -0.36546898, 0.87083459, 0.32875451, 2.5846298;
 0, 0, 0, 1]
Twc:
[0.88304824, 0.29437777, -0.36546898, 0.72003341;
 0.21266931, 0.44319168, 0.87083459, -2.1408496;
 0.41832715, -0.84671295, 0.32875451, -1.3905637;
 0, 0, 0, 1]
Ow:
[0.40117937;
 -0.44056344;
 2.5846298]
Keyframe: 130 Frame: 935 Frame from vFrameID : 936
Tcw:
[0.87551665, 0.21688099, 0.43177912, 0.39787531;
 0.29445931, 0.46901429, -0.83265799, -0.43938237;
 -0.38309827, 0.85614729, 0.34676719, 2.5987496;
 0, 0, 0, 1]
Twc:
[0.87551665, 0.29445931, -0.38309827, 0.77661026;
 0.21688099, 0.46901429, 0.85614729, -2.1051276;
 0.43177912, -0.83265799, 0.34676719, -1.4388106;
 0, 0, 0, 1]
Ow:
[0.39787531;
 -0.43938237;
 2.5987496]
Keyframe: 131 Frame: 943 Frame from vFrameID : 944
Tcw:
[0.88469756, 0.19381328, 0.42396542, 0.38447535;
 0.31333792, 0.42614415, -0.84865808, -0.43210173;
 -0.34515157, 0.88365012, 0.31627962, 2.6323161;
 0, 0, 0, 1]
Twc:
[0.88469756, 0.31333792, -0.34515157, 0.70379752;
 0.19381328, 0.42614415, 0.88365012, -2.2164252;
 0.42396542, -0.84865808, 0.31627962, -1.3622588;
 0, 0, 0, 1]
Ow:
[0.38447535;
 -0.43210173;
 2.6323161]
Keyframe: 132 Frame: 951 Frame from vFrameID : 952
Tcw:
[0.88974941, 0.19035017, 0.41486481, 0.39213148;
 0.29704833, 0.44862363, -0.84291112, -0.44202912;
 -0.34656644, 0.87321454, 0.34261942, 2.6384943;
 0, 0, 0, 1]
Twc:
[0.88974941, 0.29704833, -0.34656644, 0.69681871;
 0.19035017, 0.44862363, 0.87321454, -2.1803091;
 0.41486481, -0.84291112, 0.34261942, -1.439272;
 0, 0, 0, 1]
Ow:
[0.39213148;
 -0.44202912;
 2.6384943]
Keyframe: 133 Frame: 959 Frame from vFrameID : 960
Tcw:
[0.87241429, 0.19808799, 0.44682708, 0.39698109;
 0.32341775, 0.45147219, -0.83160919, -0.45065838;
 -0.36646178, 0.87001956, 0.32980564, 2.6427064;
 0, 0, 0, 1]
Twc:
[0.87241429, 0.32341775, -0.36646178, 0.76786989;
 0.19808799, 0.45147219, 0.87001956, -2.1743836;
 0.44682708, -0.83160919, 0.32980564, -1.423733;
 0, 0, 0, 1]
Ow:
[0.39698109;
 -0.45065838;
 2.6427064]
Keyframe: 134 Frame: 966 Frame from vFrameID : 967
Tcw:
[0.85396779, 0.22216022, 0.47051448, 0.38376933;
 0.32366356, 0.48122528, -0.81465584, -0.46200645;
 -0.40740758, 0.84797823, 0.3390457, 2.6626151;
 0, 0, 0, 1]
Twc:
[0.85396779, 0.32366356, -0.40740758, 0.90657759;
 0.22216022, 0.48122528, 0.84797823, -2.1207688;
 0.47051448, -0.81465584, 0.3390457, -1.4596934;
 0, 0, 0, 1]
Ow:
[0.38376933;
 -0.46200645;
 2.6626151]
Keyframe: 135 Frame: 974 Frame from vFrameID : 975
Tcw:
[0.86388451, 0.2432645, 0.44105092, 0.35619903;
 0.28731495, 0.48121521, -0.82817996, -0.36638141;
 -0.41370717, 0.84217238, 0.34582084, 2.6578403;
 0, 0, 0, 1]
Twc:
[0.86388451, 0.28731495, -0.41370717, 0.89711958;
 0.2432645, 0.48121521, 0.84217238, -2.1487019;
 0.44105092, -0.82817996, 0.34582084, -1.3796681;
 0, 0, 0, 1]
Ow:
[0.35619903;
 -0.36638141;
 2.6578403]
Keyframe: 136 Frame: 982 Frame from vFrameID : 983
Tcw:
[0.86860508, 0.26216286, 0.42047104, 0.37348229;
 0.25329733, 0.49439466, -0.83151329, -0.36893088;
 -0.42587054, 0.82876086, 0.36302856, 2.6658564;
 0, 0, 0, 1]
Twc:
[0.86860508, 0.25329733, -0.42587054, 0.90435028;
 0.26216286, 0.49439466, 0.82876086, -2.1248732;
 0.42047104, -0.83151329, 0.36302856, -1.4315914;
 0, 0, 0, 1]
Ow:
[0.37348229;
 -0.36893088;
 2.6658564]
Keyframe: 137 Frame: 989 Frame from vFrameID : 990
Tcw:
[0.8666023, 0.2755875, 0.41599518, 0.39645743;
 0.2490546, 0.48352167, -0.83915353, -0.40994465;
 -0.43240291, 0.83081788, 0.35038465, 2.6908274;
 0, 0, 0, 1]
Twc:
[0.8666023, 0.2490546, -0.43240291, 0.92204928;
 0.2755875, 0.48352167, 0.83081788, -2.1466291;
 0.41599518, -0.83915353, 0.35038465, -1.4517555;
 0, 0, 0, 1]
Ow:
[0.39645743;
 -0.40994465;
 2.6908274]
Keyframe: 138 Frame: 993 Frame from vFrameID : 994
Tcw:
[0.86338127, 0.27086836, 0.42567953, 0.40445417;
 0.2599718, 0.48424202, -0.83541864, -0.41180819;
 -0.4324204, 0.83194953, 0.34766737, 2.6898665;
 0, 0, 0, 1]
Twc:
[0.86338127, 0.2599718, -0.4324204, 0.92101347;
 0.27086836, 0.48424202, 0.83194953, -2.1479721;
 0.42567953, -0.83541864, 0.34766737, -1.4513789;
 0, 0, 0, 1]
Ow:
[0.40445417;
 -0.41180819;
 2.6898665]
Keyframe: 139 Frame: 998 Frame from vFrameID : 999
Tcw:
[0.84739834, 0.27827141, 0.45219585, 0.40250862;
 0.26997808, 0.50752461, -0.81824851, -0.42283905;
 -0.4571957, 0.81546539, 0.35494834, 2.6880097;
 0, 0, 0, 1]
Twc:
[0.84739834, 0.26997808, -0.4571957, 1.0020186;
 0.27827141, 0.50752461, 0.81546539, -2.0893843;
 0.45219585, -0.81824851, 0.35494834, -1.4821047;
 0, 0, 0, 1]
Ow:
[0.40250862;
 -0.42283905;
 2.6880097]
Keyframe: 140 Frame: 1003 Frame from vFrameID : 1004
Tcw:
[0.85873461, 0.2908583, 0.42187241, 0.41080952;
 0.25286514, 0.47553509, -0.84257084, -0.42265809;
 -0.44568384, 0.83022153, 0.33481053, 2.7021301;
 0, 0, 0, 1]
Twc:
[0.85873461, 0.25286514, -0.44568384, 0.95839489;
 0.2908583, 0.47553509, 0.83022153, -2.1618652;
 0.42187241, -0.84257084, 0.33481053, -1.4341302;
 0, 0, 0, 1]
Ow:
[0.41080952;
 -0.42265809;
 2.7021301]
Keyframe: 141 Frame: 1008 Frame from vFrameID : 1009
Tcw:
[0.87859535, 0.28856352, 0.38052768, 0.41871637;
 0.21351853, 0.4753761, -0.85347956, -0.42376602;
 -0.42717683, 0.83111292, 0.35604957, 2.705322;
 0, 0, 0, 1]
Twc:
[0.87859535, 0.21351853, -0.42717683, 0.87825042;
 0.28856352, 0.4753761, 0.83111292, -2.1678059;
 0.38052768, -0.85347956, 0.35604957, -1.4842374;
 0, 0, 0, 1]
Ow:
[0.41871637;
 -0.42376602;
 2.705322]
Keyframe: 142 Frame: 1011 Frame from vFrameID : 1012
Tcw:
[0.88159078, 0.27563363, 0.38317594, 0.41976357;
 0.2237393, 0.47077277, -0.85341299, -0.42601478;
 -0.41561812, 0.83809251, 0.35335883, 2.7071595;
 0, 0, 0, 1]
Twc:
[0.88159078, 0.2237393, -0.41561812, 0.85040104;
 0.27563363, 0.47077277, 0.83809251, -2.183995;
 0.38317594, -0.85341299, 0.35335883, -1.4810085;
 0, 0, 0, 1]
Ow:
[0.41976357;
 -0.42601478;
 2.7071595]
Keyframe: 143 Frame: 1016 Frame from vFrameID : 1017
Tcw:
[0.88889062, 0.26787266, 0.37164184, 0.42525768;
 0.21461922, 0.47321054, -0.85440642, -0.42086923;
 -0.404737, 0.83923537, 0.3631418, 2.7138846;
 0, 0, 0, 1]
Twc:
[0.88889062, 0.21461922, -0.404737, 0.81072849;
 0.26787266, 0.47321054, 0.83923537, -2.192343;
 0.37164184, -0.85440642, 0.3631418, -1.5031619;
 0, 0, 0, 1]
Ow:
[0.42525768;
 -0.42086923;
 2.7138846]
Keyframe: 144 Frame: 1020 Frame from vFrameID : 1021
Tcw:
[0.88579118, 0.25752378, 0.38607708, 0.42888707;
 0.2198946, 0.49969727, -0.83782399, -0.42997497;
 -0.40868127, 0.82703334, 0.38599935, 2.7072213;
 0, 0, 0, 1]
Twc:
[0.88579118, 0.2198946, -0.40868127, 0.82103527;
 0.25752378, 0.49969727, 0.82703334, -2.1345534;
 0.38607708, -0.83782399, 0.38599935, -1.5708123;
 0, 0, 0, 1]
Ow:
[0.42888707;
 -0.42997497;
 2.7072213]
Keyframe: 145 Frame: 1024 Frame from vFrameID : 1025
Tcw:
[0.89610535, 0.246508, 0.36909208, 0.41714007;
 0.24624966, 0.41572976, -0.87551689, -0.45781493;
 -0.36926448, 0.87544423, 0.31183514, 2.7723129;
 0, 0, 0, 1]
Twc:
[0.89610535, 0.24624966, -0.36926448, 0.7626521;
 0.246508, 0.41572976, 0.87544423, -2.3395064;
 0.36909208, -0.87551689, 0.31183514, -1.4192924;
 0, 0, 0, 1]
Ow:
[0.41714007;
 -0.45781493;
 2.7723129]
Keyframe: 146 Frame: 1028 Frame from vFrameID : 1029
Tcw:
[0.89305115, 0.24019855, 0.38047901, 0.41113007;
 0.26249045, 0.40868282, -0.87411505, -0.44942093;
 -0.3654564, 0.88050157, 0.30192482, 2.7737098;
 0, 0, 0, 1]
Twc:
[0.89305115, 0.26249045, -0.3654564, 0.7644785;
 0.24019855, 0.40868282, 0.88050157, -2.357338;
 0.38047901, -0.87411505, 0.30192482, -1.3867239;
 0, 0, 0, 1]
Ow:
[0.41113007;
 -0.44942093;
 2.7737098]
Keyframe: 147 Frame: 1032 Frame from vFrameID : 1033
Tcw:
[0.89070207, 0.24192464, 0.3848666, 0.43736225;
 0.25934568, 0.42489809, -0.86729544, -0.46666718;
 -0.37334922, 0.87231535, 0.31571549, 2.7596476;
 0, 0, 0, 1]
Twc:
[0.89070207, 0.25934568, -0.37334922, 0.76178092;
 0.24192464, 0.42489809, 0.87231535, -2.3148057;
 0.3848666, -0.86729544, 0.31571549, -1.444328;
 0, 0, 0, 1]
Ow:
[0.43736225;
 -0.46666718;
 2.7596476]
Keyframe: 148 Frame: 1035 Frame from vFrameID : 1036
Tcw:
[0.88842267, 0.24330269, 0.38924152, 0.42536664;
 0.2681587, 0.41313303, -0.87029421, -0.44218355;
 -0.37255347, 0.87756759, 0.30179301, 2.7662861;
 0, 0, 0, 1]
Twc:
[0.88842267, 0.2681587, -0.37255347, 0.77125949;
 0.24330269, 0.41313303, 0.87756759, -2.3484154;
 0.38924152, -0.87029421, 0.30179301, -1.3852459;
 0, 0, 0, 1]
Ow:
[0.42536664;
 -0.44218355;
 2.7662861]
Keyframe: 149 Frame: 1037 Frame from vFrameID : 1038
Tcw:
[0.87776756, 0.22361143, 0.42370042, 0.41562569;
 0.30401886, 0.42352521, -0.85334575, -0.47944897;
 -0.37026566, 0.87785208, 0.3037746, 2.7708211;
 0, 0, 0, 1]
Twc:
[0.87776756, 0.30401886, -0.37026566, 0.80687881;
 0.22361143, 0.42352521, 0.87785208, -2.3222513;
 0.42370042, -0.85334575, 0.3037746, -1.4269416;
 0, 0, 0, 1]
Ow:
[0.41562569;
 -0.47944897;
 2.7708211]
Keyframe: 150 Frame: 1040 Frame from vFrameID : 1041
Tcw:
[0.89321703, 0.22411828, 0.38978752, 0.43885142;
 0.29074886, 0.37336892, -0.88094312, -0.46883029;
 -0.34297001, 0.90020365, 0.26833734, 2.7735233;
 0, 0, 0, 1]
Twc:
[0.89321703, 0.29074886, -0.34297001, 0.69555759;
 0.22411828, 0.37336892, 0.90020365, -2.4200439;
 0.38978752, -0.88094312, 0.26833734, -1.3283114;
 0, 0, 0, 1]
Ow:
[0.43885142;
 -0.46883029;
 2.7735233]
Keyframe: 151 Frame: 1042 Frame from vFrameID : 1043
Tcw:
[0.89115524, 0.22790338, 0.39230394, 0.40262383;
 0.28771296, 0.38470295, -0.87705469, -0.43071562;
 -0.35080421, 0.89446282, 0.27725929, 2.7719808;
 0, 0, 0, 1]
Twc:
[0.89115524, 0.28771296, -0.35080421, 0.7375446;
 0.22790338, 0.38470295, 0.89446282, -2.4054954;
 0.39230394, -0.87705469, 0.27725929, -1.3042694;
 0, 0, 0, 1]
Ow:
[0.40262383;
 -0.43071562;
 2.7719808]
Keyframe: 152 Frame: 1044 Frame from vFrameID : 1045
Tcw:
[0.88131148, 0.27157372, 0.38670111, 0.39396858;
 0.24413912, 0.43897873, -0.86469287, -0.4133864;
 -0.40458143, 0.85647261, 0.32057524, 2.7693367;
 0, 0, 0, 1]
Twc:
[0.88131148, 0.24413912, -0.40458143, 0.87413698;
 0.27157372, 0.43897873, 0.85647261, -2.2973847;
 0.38670111, -0.86469287, 0.32057524, -1.3975811;
 0, 0, 0, 1]
Ow:
[0.39396858;
 -0.4133864;
 2.7693367]
Keyframe: 153 Frame: 1047 Frame from vFrameID : 1048
Tcw:
[0.88913572, 0.22908302, 0.39618003, 0.393273;
 0.2828908, 0.4053694, -0.8692804, -0.41538996;
 -0.35973665, 0.88498396, 0.29562294, 2.7771277;
 0, 0, 0, 1]
Twc:
[0.88913572, 0.2828908, -0.35973665, 0.76687151;
 0.22908302, 0.4053694, 0.88498396, -2.3794193;
 0.39618003, -0.8692804, 0.29562294, -1.33788;
 0, 0, 0, 1]
Ow:
[0.393273;
 -0.41538996;
 2.7771277]
Keyframe: 154 Frame: 1051 Frame from vFrameID : 1052
Tcw:
[0.87630451, 0.27343726, 0.39663899, 0.39467305;
 0.24536477, 0.4552125, -0.85590756, -0.41376764;
 -0.41459206, 0.84735686, 0.33181289, 2.7717247;
 0, 0, 0, 1]
Twc:
[0.87630451, 0.24536477, -0.41459206, 0.9048053;
 0.27343726, 0.4552125, 0.84735686, -2.2682061;
 0.39663899, -0.85590756, 0.33181289, -1.4303836;
 0, 0, 0, 1]
Ow:
[0.39467305;
 -0.41376764;
 2.7717247]
Keyframe: 155 Frame: 1054 Frame from vFrameID : 1055
Tcw:
[0.87946618, 0.24236645, 0.40963122, 0.40086955;
 0.29176632, 0.40544799, -0.86630499, -0.45294404;
 -0.37604743, 0.88140255, 0.28586343, 2.8049707;
 0, 0, 0, 1]
Twc:
[0.87946618, 0.29176632, -0.37604743, 0.83440459;
 0.24236645, 0.40544799, 0.88140255, -2.3858204;
 0.40963122, -0.86630499, 0.28586343, -1.3584349;
 0, 0, 0, 1]
Ow:
[0.40086955;
 -0.45294404;
 2.8049707]
Keyframe: 156 Frame: 1056 Frame from vFrameID : 1057
Tcw:
[0.86288583, 0.28318876, 0.41860738, 0.40723825;
 0.28876325, 0.40351325, -0.86821246, -0.42723262;
 -0.41478163, 0.87004668, 0.26641136, 2.791878;
 0, 0, 0, 1]
Twc:
[0.86288583, 0.28876325, -0.41478163, 0.92998874;
 0.28318876, 0.40351325, 0.87004668, -2.3719954;
 0.41860738, -0.86821246, 0.26641136, -1.2851896;
 0, 0, 0, 1]
Ow:
[0.40723825;
 -0.42723262;
 2.791878]
Keyframe: 157 Frame: 1058 Frame from vFrameID : 1059
Tcw:
[0.86809695, 0.27184322, 0.415342, 0.41569412;
 0.31404328, 0.34722528, -0.88363534, -0.42903745;
 -0.38442752, 0.89751649, 0.21605465, 2.8096676;
 0, 0, 0, 1]
Twc:
[0.86809695, 0.31404328, -0.38442752, 0.85398716;
 0.27184322, 0.34722528, 0.89751649, -2.485754;
 0.415342, -0.88363534, 0.21605465, -1.1588097;
 0, 0, 0, 1]
Ow:
[0.41569412;
 -0.42903745;
 2.8096676]
Keyframe: 158 Frame: 1060 Frame from vFrameID : 1061
Tcw:
[0.85830623, 0.28971997, 0.42352426, 0.40579176;
 0.30742586, 0.370509, -0.8764773, -0.46008474;
 -0.41085252, 0.88248819, 0.22894277, 2.7980747;
 0, 0, 0, 1]
Twc:
[0.85830623, 0.30742586, -0.41085252, 0.94274437;
 0.28971997, 0.370509, 0.88248819, -2.4163685;
 0.42352426, -0.8764773, 0.22894277, -1.2157154;
 0, 0, 0, 1]
Ow:
[0.40579176;
 -0.46008474;
 2.7980747]
Keyframe: 159 Frame: 1062 Frame from vFrameID : 1063
Tcw:
[0.85703743, 0.2971136, 0.42096362, 0.41681215;
 0.3108995, 0.35332048, -0.88232994, -0.43907708;
 -0.4108873, 0.88706714, 0.21043639, 2.8255155;
 0, 0, 0, 1]
Twc:
[0.85703743, 0.3108995, -0.4108873, 0.94025373;
 0.2971136, 0.35332048, 0.88706714, -2.4751277;
 0.42096362, -0.88232994, 0.21043639, -1.157465;
 0, 0, 0, 1]
Ow:
[0.41681215;
 -0.43907708;
 2.8255155]
Keyframe: 160 Frame: 1064 Frame from vFrameID : 1065
Tcw:
[0.85084516, 0.2998265, 0.4314703, 0.41455644;
 0.31125194, 0.37397373, -0.87365091, -0.44765675;
 -0.42330226, 0.87763757, 0.22487216, 2.8251293;
 0, 0, 0, 1]
Twc:
[0.85084516, 0.31125194, -0.42330226, 0.98249418;
 0.2998265, 0.37397373, 0.87763757, -2.4363227;
 0.4314703, -0.87365091, 0.22487216, -1.2052574;
 0, 0, 0, 1]
Ow:
[0.41455644;
 -0.44765675;
 2.8251293]
Keyframe: 161 Frame: 1067 Frame from vFrameID : 1068
Tcw:
[0.84340394, 0.31248146, 0.43706426, 0.41791201;
 0.30818769, 0.38497534, -0.86995077, -0.45922148;
 -0.44010246, 0.86841768, 0.22838677, 2.8359015;
 0, 0, 0, 1]
Twc:
[0.84340394, 0.30818769, -0.44010246, 1.037145;
 0.31248146, 0.38497534, 0.86841768, -2.416548;
 0.43706426, -0.86995077, 0.22838677, -1.2298368;
 0, 0, 0, 1]
Ow:
[0.41791201;
 -0.45922148;
 2.8359015]
Keyframe: 162 Frame: 1072 Frame from vFrameID : 1073
Tcw:
[0.86102259, 0.28333744, 0.42232686, 0.42264402;
 0.29978114, 0.38804835, -0.87152153, -0.46669281;
 -0.41081792, 0.87700534, 0.24917917, 2.8272572;
 0, 0, 0, 1]
Twc:
[0.86102259, 0.29978114, -0.41081792, 0.93748754;
 0.28333744, 0.38804835, 0.87700534, -2.4181712;
 0.42232686, -0.87152153, 0.24917917, -1.2897203;
 0, 0, 0, 1]
Ow:
[0.42264402;
 -0.46669281;
 2.8272572]
Keyframe: 163 Frame: 1077 Frame from vFrameID : 1078
Tcw:
[0.87411582, 0.27640602, 0.39940116, 0.42630577;
 0.28773713, 0.36780018, -0.88426828, -0.46729988;
 -0.39131689, 0.88787544, 0.24196766, 2.8266416;
 0, 0, 0, 1]
Twc:
[0.87411582, 0.28773713, -0.39131689, 0.86793149;
 0.27640602, 0.36780018, 0.88787544, -2.4556661;
 0.39940116, -0.88426828, 0.24196766, -1.2674414;
 0, 0, 0, 1]
Ow:
[0.42630577;
 -0.46729988;
 2.8266416]
Keyframe: 164 Frame: 1081 Frame from vFrameID : 1082
Tcw:
[0.87368315, 0.27759215, 0.39952517, 0.42820519;
 0.28379273, 0.37621924, -0.88199818, -0.47079629;
 -0.39514482, 0.88396925, 0.24991778, 2.8306408;
 0, 0, 0, 1]
Twc:
[0.87368315, 0.28379273, -0.39514482, 0.87800586;
 0.27759215, 0.37621924, 0.88396925, -2.443943;
 0.39952517, -0.88199818, 0.24991778, -1.2937475;
 0, 0, 0, 1]
Ow:
[0.42820519;
 -0.47079629;
 2.8306408]
Keyframe: 165 Frame: 1086 Frame from vFrameID : 1087
Tcw:
[0.85977286, 0.28573444, 0.42325699, 0.42121816;
 0.29551041, 0.39758095, -0.86867887, -0.46653497;
 -0.41649038, 0.87194335, 0.25739181, 2.8400364;
 0, 0, 0, 1]
Twc:
[0.85977286, 0.29551041, -0.41649038, 0.9585619;
 0.28573444, 0.39758095, 0.87194335, -2.411222;
 0.42325699, -0.86867887, 0.25739181, -1.3145547;
 0, 0, 0, 1]
Ow:
[0.42121816;
 -0.46653497;
 2.8400364]
Keyframe: 166 Frame: 1091 Frame from vFrameID : 1092
Tcw:
[0.85237372, 0.29642454, 0.4308033, 0.42924672;
 0.30222932, 0.39305031, -0.86842901, -0.46754777;
 -0.42675102, 0.87042743, 0.24543758, 2.8373718;
 0, 0, 0, 1]
Twc:
[0.85237372, 0.30222932, -0.42675102, 0.98627949;
 0.29642454, 0.39305031, 0.87042743, -2.4131958;
 0.4308033, -0.86842901, 0.24543758, -1.2873507;
 0, 0, 0, 1]
Ow:
[0.42924672;
 -0.46754777;
 2.8373718]
Keyframe: 167 Frame: 1097 Frame from vFrameID : 1098
Tcw:
[0.84444904, 0.30915713, 0.43741015, 0.41295767;
 0.30376881, 0.39618492, -0.86646521, -0.45507205;
 -0.4411692, 0.86455733, 0.24064571, 2.8449764;
 0, 0, 0, 1]
Twc:
[0.84444904, 0.30376881, -0.4411692, 1.044631;
 0.30915713, 0.39618492, 0.86455733, -2.4070213;
 0.43741015, -0.86646521, 0.24064571, -1.2595674;
 0, 0, 0, 1]
Ow:
[0.41295767;
 -0.45507205;
 2.8449764]
Keyframe: 168 Frame: 1103 Frame from vFrameID : 1104
Tcw:
[0.85441905, 0.3021684, 0.42268467, 0.42105258;
 0.28483418, 0.40797958, -0.8674227, -0.46220601;
 -0.43455446, 0.86153752, 0.26251763, 2.8431709;
 0, 0, 0, 1]
Twc:
[0.85441905, 0.28483418, -0.43455446, 1.0074093;
 0.3021684, 0.40797958, 0.86153752, -2.3881567;
 0.42268467, -0.8674227, 0.26251763, -1.3252831;
 0, 0, 0, 1]
Ow:
[0.42105258;
 -0.46220601;
 2.8431709]
Keyframe: 169 Frame: 1108 Frame from vFrameID : 1109
Tcw:
[0.85858375, 0.30608329, 0.41127476, 0.41615146;
 0.2737045, 0.40465632, -0.87254751, -0.45825356;
 -0.43349716, 0.86172289, 0.26365495, 2.8446698;
 0, 0, 0, 1]
Twc:
[0.85858375, 0.2737045, -0.43349716, 1.0012813;
 0.30608329, 0.40465632, 0.86172289, -2.3932586;
 0.41127476, -0.87254751, 0.26365495, -1.3210119;
 0, 0, 0, 1]
Ow:
[0.41615146;
 -0.45825356;
 2.8446698]
Keyframe: 170 Frame: 1114 Frame from vFrameID : 1115
Tcw:
[0.85595268, 0.30118948, 0.4202736, 0.41283822;
 0.28015614, 0.41300964, -0.86656541, -0.45685506;
 -0.43457744, 0.85948122, 0.26913664, 2.8468626;
 0, 0, 0, 1]
Twc:
[0.85595268, 0.28015614, -0.43457744, 1.011803;
 0.30118948, 0.41300964, 0.85948122, -2.3824818;
 0.4202736, -0.86656541, 0.26913664, -1.3355948;
 0, 0, 0, 1]
Ow:
[0.41283822;
 -0.45685506;
 2.8468626]
