Keyframe: 0 Frame: 0 Frame from vFrameID : 84
Tcw:
[0.95413643, 0.10177741, 0.28154039, 0.027223799;
 0.20767288, 0.4523482, -0.86732525, 0.0024592718;
 -0.2156284, 0.88601494, 0.41046551, -0.0083425613;
 0, 0, 0, 1]
Twc:
[0.95413643, 0.20767288, -0.2156284, -0.028284837;
 0.10177741, 0.4523482, 0.88601494, 0.0035084193;
 0.28154039, -0.86732525, 0.41046551, -0.002107277;
 0, 0, 0, 1]
Ow:
[0.027223799;
 0.0024592718;
 -0.0083425613]
Keyframe: 1 Frame: 83 Frame from vFrameID : 84
Tcw:
[0.95528412, 0.10253559, 0.27734223, 0.027265608;
 0.20469303, 0.44755536, -0.87051421, 0.0021097185;
 -0.21338469, 0.88835841, 0.40655419, -0.0082417056;
 0, 0, 0, 1]
Twc:
[0.95528412, 0.20469303, -0.21338469, -0.028236903;
 0.10253559, 0.44755536, 0.88835841, 0.0035816771;
 0.27734223, -0.87051421, 0.40655419, -0.0023746653;
 0, 0, 0, 1]
Ow:
[0.027265608;
 0.0021097185;
 -0.0082417056]
Keyframe: 2 Frame: 86 Frame from vFrameID : 87
Tcw:
[0.9566195, 0.10679655, 0.27106011, 0.027471714;
 0.20084335, 0.43223432, -0.87911057, 0.0022628703;
 -0.21104746, 0.89541501, 0.39203441, -0.0082041603;
 0, 0, 0, 1]
Twc:
[0.9566195, 0.20084335, -0.21104746, -0.028465929;
 0.10679655, 0.43223432, 0.89541501, 0.0034341535;
 0.27106011, -0.87911057, 0.39203441, -0.002240859;
 0, 0, 0, 1]
Ow:
[0.027471714;
 0.0022628703;
 -0.0082041603]
Keyframe: 3 Frame: 89 Frame from vFrameID : 90
Tcw:
[0.95663214, 0.11252672, 0.26868701, 0.028464487;
 0.19845127, 0.42346001, -0.88391101, 0.0017814443;
 -0.21324182, 0.89889896, 0.38276437, -0.0083054602;
 0, 0, 0, 1]
Twc:
[0.95663214, 0.19845127, -0.21324182, -0.029354645;
 0.11252672, 0.42346001, 0.89889896, 0.0035083834;
 0.26868701, -0.88391101, 0.38276437, -0.0028943659;
 0, 0, 0, 1]
Ow:
[0.028464487;
 0.0017814443;
 -0.0083054602]
Keyframe: 4 Frame: 91 Frame from vFrameID : 92
Tcw:
[0.95476341, 0.11918055, 0.27243873, 0.028343726;
 0.19999638, 0.42064837, -0.88490474, 0.0015909232;
 -0.22006434, 0.89936143, 0.37778398, -0.0085672708;
 0, 0, 0, 1]
Twc:
[0.95476341, 0.19999638, -0.22006434, -0.029265082;
 0.11918055, 0.42064837, 0.89936143, 0.0036578325;
 0.27243873, -0.88490474, 0.37778398, -0.0030775354;
 0, 0, 0, 1]
Ow:
[0.028343726;
 0.0015909232;
 -0.0085672708]
Keyframe: 5 Frame: 93 Frame from vFrameID : 94
Tcw:
[0.95119792, 0.12642597, 0.28149429, 0.028974924;
 0.20583132, 0.41969359, -0.88401967, 0.0011672378;
 -0.22990438, 0.89881796, 0.37318924, -0.0088090263;
 0, 0, 0, 1]
Twc:
[0.95119792, 0.20583132, -0.22990438, -0.029826373;
 0.12642597, 0.41969359, 0.89881796, 0.0037646461;
 0.28149429, -0.88401967, 0.37318924, -0.0038369806;
 0, 0, 0, 1]
Ow:
[0.028974924;
 0.0011672378;
 -0.0088090263]
Keyframe: 6 Frame: 95 Frame from vFrameID : 96
Tcw:
[0.94808513, 0.13118306, 0.28969905, 0.029616628;
 0.21300755, 0.41447112, -0.88478333, 0.00017157244;
 -0.23614047, 0.90055799, 0.36501092, -0.0083300918;
 0, 0, 0, 1]
Twc:
[0.94808513, 0.21300755, -0.23614047, -0.030082704;
 0.13118306, 0.41447112, 0.90055799, 0.0035454188;
 0.28969905, -0.88478333, 0.36501092, -0.0053875307;
 0, 0, 0, 1]
Ow:
[0.029616628;
 0.00017157244;
 -0.0083300918]
Keyframe: 7 Frame: 97 Frame from vFrameID : 98
Tcw:
[0.94739634, 0.1313142, 0.29188478, 0.029949782;
 0.2155813, 0.41225174, -0.88519669, -0.0002234499;
 -0.23656891, 0.90155703, 0.36225691, -0.0079556778;
 0, 0, 0, 1]
Twc:
[0.94739634, 0.2155813, -0.23656891, -0.03020821;
 0.1313142, 0.41225174, 0.90155703, 0.0033317839;
 0.29188478, -0.88519669, 0.36225691, -0.0060576834;
 0, 0, 0, 1]
Ow:
[0.029949782;
 -0.0002234499;
 -0.0079556778]
Keyframe: 8 Frame: 99 Frame from vFrameID : 100
Tcw:
[0.94195175, 0.13387378, 0.30790368, 0.031044755;
 0.22858267, 0.41600475, -0.88016474, -0.0032351734;
 -0.24592037, 0.89945424, 0.36125517, -0.0049933614;
 0, 0, 0, 1]
Twc:
[0.94195175, 0.22858267, -0.24592037, -0.029731127;
 0.13387378, 0.41600475, 0.89945424, 0.001681069;
 0.30790368, -0.88016474, 0.36125517, -0.010602403;
 0, 0, 0, 1]
Ow:
[0.031044755;
 -0.0032351734;
 -0.0049933614]
Keyframe: 9 Frame: 103 Frame from vFrameID : 104
Tcw:
[0.93710977, 0.14255205, 0.31859723, 0.030281264;
 0.23285367, 0.42463928, -0.87490606, -0.0074922182;
 -0.26000854, 0.89406955, 0.36473987, 0.0025858148;
 0, 0, 0, 1]
Twc:
[0.93710977, 0.23285367, -0.26000854, -0.025959944;
 0.14255205, 0.42463928, 0.89406955, -0.003447064;
 0.31859723, -0.87490606, 0.36473987, -0.017145663;
 0, 0, 0, 1]
Ow:
[0.030281264;
 -0.0074922182;
 0.0025858148]
Keyframe: 10 Frame: 108 Frame from vFrameID : 109
Tcw:
[0.93616647, 0.15535226, 0.31536961, 0.03702382;
 0.22014041, 0.44037032, -0.87040919, -0.012386791;
 -0.27409947, 0.88427353, 0.37806064, 0.0026290771;
 0, 0, 0, 1]
Twc:
[0.93616647, 0.22014041, -0.27409947, -0.031212997;
 0.15535226, 0.44037032, 0.88427353, -0.0026217818;
 0.31536961, -0.87040919, 0.37806064, -0.023451716;
 0, 0, 0, 1]
Ow:
[0.03702382;
 -0.012386791;
 0.0026290771]
Keyframe: 11 Frame: 113 Frame from vFrameID : 114
Tcw:
[0.93305445, 0.19393966, 0.30297986, 0.037327085;
 0.20183735, 0.41493639, -0.88718063, -0.014602235;
 -0.29777688, 0.88894051, 0.348014, 0.010805558;
 0, 0, 0, 1]
Twc:
[0.93305445, 0.20183735, -0.29777688, -0.028663283;
 0.19393966, 0.41493639, 0.88894051, -0.010785703;
 0.30297986, -0.88718063, 0.348014, -0.02802466;
 0, 0, 0, 1]
Ow:
[0.037327085;
 -0.014602235;
 0.010805558]
Keyframe: 12 Frame: 117 Frame from vFrameID : 118
Tcw:
[0.94037199, 0.1893972, 0.28254062, 0.044314109;
 0.18471146, 0.41316253, -0.89172775, -0.017682165;
 -0.28562593, 0.89074433, 0.35354266, 0.020579452;
 0, 0, 0, 1]
Twc:
[0.94037199, 0.18471146, -0.28562593, -0.032527622;
 0.1893972, 0.41316253, 0.89074433, -0.019418389;
 0.28254062, -0.89172775, 0.35354266, -0.035563927;
 0, 0, 0, 1]
Ow:
[0.044314109;
 -0.017682165;
 0.020579452]
Keyframe: 13 Frame: 123 Frame from vFrameID : 124
Tcw:
[0.94090104, 0.19142906, 0.27939236, 0.050582815;
 0.17780951, 0.42290139, -0.88855964, -0.020575458;
 -0.28825155, 0.88572532, 0.36387047, 0.023631323;
 0, 0, 0, 1]
Twc:
[0.94090104, 0.17780951, -0.28825155, -0.037123147;
 0.19142906, 0.42290139, 0.88572532, -0.021912491;
 0.27939236, -0.88855964, 0.36387047, -0.041013714;
 0, 0, 0, 1]
Ow:
[0.050582815;
 -0.020575458;
 0.023631323]
Keyframe: 14 Frame: 129 Frame from vFrameID : 130
Tcw:
[0.9297632, 0.19125536, 0.31458193, 0.052567732;
 0.2041692, 0.44318104, -0.87287199, -0.018684512;
 -0.30635819, 0.87579221, 0.37300494, 0.038002893;
 0, 0, 0, 1]
Twc:
[0.9297632, 0.2041692, -0.30635819, -0.033418242;
 0.19125536, 0.44318104, 0.87579221, -0.035055876;
 0.31458193, -0.87287199, 0.37300494, -0.047021311;
 0, 0, 0, 1]
Ow:
[0.052567732;
 -0.018684512;
 0.038002893]
Keyframe: 15 Frame: 135 Frame from vFrameID : 136
Tcw:
[0.90796733, 0.20052791, 0.36794552, 0.06087897;
 0.24890174, 0.44830313, -0.85852909, -0.028801095;
 -0.33711016, 0.87109864, 0.35713285, 0.050937414;
 0, 0, 0, 1]
Twc:
[0.90796733, 0.24890174, -0.33711016, -0.030935951;
 0.20052791, 0.44830313, 0.87109864, -0.043667827;
 0.36794552, -0.85852909, 0.35713285, -0.065318145;
 0, 0, 0, 1]
Ow:
[0.06087897;
 -0.028801095;
 0.050937414]
Keyframe: 16 Frame: 142 Frame from vFrameID : 143
Tcw:
[0.90026361, 0.22866918, 0.37045348, 0.070436724;
 0.24381325, 0.44014278, -0.8641929, -0.031202391;
 -0.36066672, 0.86832297, 0.34049198, 0.061638206;
 0, 0, 0, 1]
Twc:
[0.90026361, 0.24381325, -0.36066672, -0.033573218;
 0.22866918, 0.44014278, 0.86832297, -0.055895068;
 0.37045348, -0.8641929, 0.34049198, -0.074045733;
 0, 0, 0, 1]
Ow:
[0.070436724;
 -0.031202391;
 0.061638206]
Keyframe: 17 Frame: 149 Frame from vFrameID : 150
Tcw:
[0.9141773, 0.21837246, 0.34145769, 0.079067141;
 0.21637915, 0.44941494, -0.86672157, -0.029792082;
 -0.34272429, 0.86622149, 0.36359367, 0.074242145;
 0, 0, 0, 1]
Twc:
[0.9141773, 0.21637915, -0.34272429, -0.040390413;
 0.21837246, 0.44941494, 0.86622149, -0.068187229;
 0.34145769, -0.86672157, 0.36359367, -0.079813503;
 0, 0, 0, 1]
Ow:
[0.079067141;
 -0.029792082;
 0.074242145]
Keyframe: 18 Frame: 156 Frame from vFrameID : 157
Tcw:
[0.90768647, 0.23328945, 0.34882841, 0.084808409;
 0.21176143, 0.46301728, -0.86068118, -0.032945074;
 -0.36230141, 0.85509712, 0.37087283, 0.094932996;
 0, 0, 0, 1]
Twc:
[0.90768647, 0.21176143, -0.36230141, -0.035608597;
 0.23328945, 0.46301728, 0.85509712, -0.085707694;
 0.34882841, -0.86068118, 0.37087283, -0.093146853;
 0, 0, 0, 1]
Ow:
[0.084808409;
 -0.032945074;
 0.094932996]
Keyframe: 19 Frame: 164 Frame from vFrameID : 165
Tcw:
[0.8827998, 0.24619657, 0.40006471, 0.066359818;
 0.25100893, 0.47264528, -0.84474903, -0.034694709;
 -0.39706302, 0.84616411, 0.35545364, 0.11928373;
 0, 0, 0, 1]
Twc:
[0.8827998, 0.25100893, -0.39706302, -0.0025105956;
 0.24619657, 0.47264528, 0.84616411, -0.10087287;
 0.40006471, -0.84474903, 0.35545364, -0.098256379;
 0, 0, 0, 1]
Ow:
[0.066359818;
 -0.034694709;
 0.11928373]
Keyframe: 20 Frame: 172 Frame from vFrameID : 173
Tcw:
[0.85049951, 0.25989169, 0.45728201, 0.037269209;
 0.30011714, 0.47419193, -0.8276906, -0.062437393;
 -0.43194935, 0.84118861, 0.32530206, 0.1724221;
 0, 0, 0, 1]
Twc:
[0.85049951, 0.30011714, -0.43194935, 0.061518695;
 0.25989169, 0.47419193, 0.84118861, -0.12511815;
 0.45728201, -0.8276906, 0.32530206, -0.12481064;
 0, 0, 0, 1]
Ow:
[0.037269209;
 -0.062437393;
 0.1724221]
Keyframe: 21 Frame: 180 Frame from vFrameID : 181
Tcw:
[0.85608375, 0.25225207, 0.45109817, 0.026292335;
 0.30605793, 0.45588776, -0.83576006, -0.07974989;
 -0.41647232, 0.85354275, 0.31307435, 0.21592592;
 0, 0, 0, 1]
Twc:
[0.85608375, 0.30605793, -0.41647232, 0.091826819;
 0.25225207, 0.45588776, 0.85354275, -0.1545773;
 0.45109817, -0.83576006, 0.31307435, -0.14611307;
 0, 0, 0, 1]
Ow:
[0.026292335;
 -0.07974989;
 0.21592592]
Keyframe: 22 Frame: 188 Frame from vFrameID : 189
Tcw:
[0.87692243, 0.2436671, 0.41428658, 0.0649582;
 0.2730037, 0.45689043, -0.84659326, -0.10702747;
 -0.39557049, 0.85549837, 0.33413544, 0.22923794;
 0, 0, 0, 1]
Twc:
[0.87692243, 0.2730037, -0.39557049, 0.06293536;
 0.2436671, 0.45689043, 0.85549837, -0.16304106;
 0.41428658, -0.84659326, 0.33413544, -0.19411658;
 0, 0, 0, 1]
Ow:
[0.0649582;
 -0.10702747;
 0.22923794]
Keyframe: 23 Frame: 196 Frame from vFrameID : 197
Tcw:
[0.86688924, 0.25115776, 0.4306075, 0.066700011;
 0.27813911, 0.4731575, -0.83591902, -0.12213394;
 -0.41369271, 0.84441799, 0.34031835, 0.26393211;
 0, 0, 0, 1]
Twc:
[0.86688924, 0.27813911, -0.41369271, 0.085335508;
 0.25115776, 0.4731575, 0.84441799, -0.18183269;
 0.4306075, -0.83591902, 0.34031835, -0.22063656;
 0, 0, 0, 1]
Ow:
[0.066700011;
 -0.12213394;
 0.26393211]
Keyframe: 24 Frame: 204 Frame from vFrameID : 205
Tcw:
[0.85678583, 0.2601836, 0.4452219, 0.08740595;
 0.29559425, 0.45965585, -0.83746076, -0.14163268;
 -0.42254239, 0.84912956, 0.31691784, 0.30170342;
 0, 0, 0, 1]
Twc:
[0.85678583, 0.29559425, -0.42254239, 0.094460122;
 0.2601836, 0.45965585, 0.84912956, -0.2138246;
 0.4452219, -0.83746076, 0.31691784, -0.25314206;
 0, 0, 0, 1]
Ow:
[0.08740595;
 -0.14163268;
 0.30170342]
Keyframe: 25 Frame: 211 Frame from vFrameID : 212
Tcw:
[0.86094123, 0.2505461, 0.44272658, 0.10766253;
 0.30572933, 0.44075102, -0.84395981, -0.14620531;
 -0.40658304, 0.86195427, 0.30286142, 0.33683205;
 0, 0, 0, 1]
Twc:
[0.86094123, 0.30572933, -0.40658304, 0.088958323;
 0.2505461, 0.44075102, 0.86195427, -0.25286812;
 0.44272658, -0.84395981, 0.30286142, -0.27306989;
 0, 0, 0, 1]
Ow:
[0.10766253;
 -0.14620531;
 0.33683205]
Keyframe: 26 Frame: 219 Frame from vFrameID : 220
Tcw:
[0.8616932, 0.25066453, 0.441194, 0.11593509;
 0.31100291, 0.42612994, -0.84952366, -0.16510192;
 -0.40095142, 0.86924136, 0.28923586, 0.37204105;
 0, 0, 0, 1]
Twc:
[0.8616932, 0.31100291, -0.40095142, 0.10061708;
 0.25066453, 0.42612994, 0.86924136, -0.28209943;
 0.441194, -0.84952366, 0.28923586, -0.29901546;
 0, 0, 0, 1]
Ow:
[0.11593509;
 -0.16510192;
 0.37204105]
Keyframe: 27 Frame: 227 Frame from vFrameID : 228
Tcw:
[0.8777104, 0.23437844, 0.41796079, 0.11123914;
 0.29325548, 0.4270941, -0.85533142, -0.15998937;
 -0.37897983, 0.87330258, 0.30613217, 0.3794494;
 0, 0, 0, 1]
Twc:
[0.8777104, 0.29325548, -0.37897983, 0.093085691;
 0.23437844, 0.4270941, 0.87330258, -0.28911567;
 0.41796079, -0.85533142, 0.30613217, -0.29949921;
 0, 0, 0, 1]
Ow:
[0.11123914;
 -0.15998937;
 0.3794494]
Keyframe: 28 Frame: 235 Frame from vFrameID : 236
Tcw:
[0.88287735, 0.24374506, 0.40139252, 0.046045676;
 0.28149712, 0.40946677, -0.8678112, -0.092692554;
 -0.37588161, 0.87916172, 0.29289541, 0.4334071;
 0, 0, 0, 1]
Twc:
[0.88287735, 0.28149712, -0.37588161, 0.14834976;
 0.24374506, 0.40946677, 0.87916172, -0.35430384;
 0.40139252, -0.8678112, 0.29289541, -0.22586499;
 0, 0, 0, 1]
Ow:
[0.046045676;
 -0.092692554;
 0.4334071]
Keyframe: 29 Frame: 243 Frame from vFrameID : 244
Tcw:
[0.85327595, 0.29675356, 0.42878607, -0.010144666;
 0.27971709, 0.43349567, -0.85664451, -0.080636322;
 -0.4400892, 0.85089296, 0.28688437, 0.48564917;
 0, 0, 0, 1]
Twc:
[0.85327595, 0.27971709, -0.4400892, 0.24494052;
 0.29675356, 0.43349567, 0.85089296, -0.3752695;
 0.42878607, -0.85664451, 0.28688437, -0.20405194;
 0, 0, 0, 1]
Ow:
[-0.010144666;
 -0.080636322;
 0.48564917]
Keyframe: 30 Frame: 250 Frame from vFrameID : 251
Tcw:
[0.85061884, 0.26338297, 0.45505714, 0.0010879487;
 0.31545058, 0.4367643, -0.84245348, -0.10035532;
 -0.42064062, 0.86015487, 0.28843561, 0.49767199;
 0, 0, 0, 1]
Twc:
[0.85061884, 0.31545058, -0.42064062, 0.24007277;
 0.26338297, 0.4367643, 0.86015487, -0.38452989;
 0.45505714, -0.84245348, 0.28843561, -0.22858611;
 0, 0, 0, 1]
Ow:
[0.0010879487;
 -0.10035532;
 0.49767199]
Keyframe: 31 Frame: 257 Frame from vFrameID : 258
Tcw:
[0.87218869, 0.26162946, 0.41332424, 0.020186245;
 0.28073695, 0.42423049, -0.86093861, -0.1025301;
 -0.40059164, 0.86693627, 0.29655996, 0.49545535;
 0, 0, 0, 1]
Twc:
[0.87218869, 0.28073695, -0.40059164, 0.20965305;
 0.26162946, 0.42423049, 0.86693627, -0.39131317;
 0.41332424, -0.86093861, 0.29655996, -0.24354781;
 0, 0, 0, 1]
Ow:
[0.020186245;
 -0.1025301;
 0.49545535]
Keyframe: 32 Frame: 265 Frame from vFrameID : 266
Tcw:
[0.88111091, 0.25017315, 0.40131897, 0.046383299;
 0.26801711, 0.43500572, -0.85961437, -0.11220673;
 -0.38962847, 0.86497599, 0.31623763, 0.49972183;
 0, 0, 0, 1]
Twc:
[0.88111091, 0.26801711, -0.38962847, 0.18391035;
 0.25017315, 0.43500572, 0.86497599, -0.39504066;
 0.40131897, -0.85961437, 0.31623763, -0.27309984;
 0, 0, 0, 1]
Ow:
[0.046383299;
 -0.11220673;
 0.49972183]
Keyframe: 33 Frame: 273 Frame from vFrameID : 274
Tcw:
[0.8749643, 0.26683903, 0.40402272, 0.072684906;
 0.25881779, 0.44746158, -0.85603243, -0.11075661;
 -0.40920752, 0.85356611, 0.32245022, 0.50768465;
 0, 0, 0, 1]
Twc:
[0.8749643, 0.25881779, -0.40920752, 0.17281745;
 0.26683903, 0.44746158, 0.85356611, -0.40317824;
 0.40402272, -0.85603243, 0.32245022, -0.28788063;
 0, 0, 0, 1]
Ow:
[0.072684906;
 -0.11075661;
 0.50768465]
Keyframe: 34 Frame: 281 Frame from vFrameID : 282
Tcw:
[0.88308948, 0.2589018, 0.39130914, 0.063069455;
 0.26674983, 0.40907082, -0.87264287, -0.092061535;
 -0.38600197, 0.8750034, 0.29218411, 0.57750261;
 0, 0, 0, 1]
Twc:
[0.88308948, 0.26674983, -0.38600197, 0.19177856;
 0.2589018, 0.40907082, 0.8750034, -0.48398581;
 0.39130914, -0.87264287, 0.29218411, -0.27375358;
 0, 0, 0, 1]
Ow:
[0.063069455;
 -0.092061535;
 0.57750261]
Keyframe: 35 Frame: 287 Frame from vFrameID : 288
Tcw:
[0.87806398, 0.25212356, 0.40673992, 0.050272256;
 0.2828086, 0.41225308, -0.86606389, -0.14457709;
 -0.38603491, 0.87548906, 0.29068187, 0.62710774;
 0, 0, 0, 1]
Twc:
[0.87806398, 0.2828086, -0.38603491, 0.23883086;
 0.25212356, 0.41225308, 0.87548906, -0.50209844;
 0.40673992, -0.86606389, 0.29068187, -0.32794958;
 0, 0, 0, 1]
Ow:
[0.050272256;
 -0.14457709;
 0.62710774]
Keyframe: 36 Frame: 295 Frame from vFrameID : 296
Tcw:
[0.89396262, 0.23799343, 0.37972352, 0.088438451;
 0.26141983, 0.41127917, -0.8732177, -0.14273047;
 -0.36399245, 0.87989122, 0.30545202, 0.63881987;
 0, 0, 0, 1]
Twc:
[0.89396262, 0.26141983, -0.36399245, 0.1907775;
 0.23799343, 0.41127917, 0.87989122, -0.52443767;
 0.37972352, -0.8732177, 0.30545202, -0.35334572;
 0, 0, 0, 1]
Ow:
[0.088438451;
 -0.14273047;
 0.63881987]
Keyframe: 37 Frame: 301 Frame from vFrameID : 302
Tcw:
[0.88877118, 0.24206658, 0.38921663, 0.10217711;
 0.26355076, 0.42485684, -0.86604714, -0.16276284;
 -0.37500241, 0.87229609, 0.31380367, 0.6588037;
 0, 0, 0, 1]
Twc:
[0.88877118, 0.26355076, -0.37500241, 0.19913718;
 0.24206658, 0.42485684, 0.87229609, -0.5302546;
 0.38921663, -0.86604714, 0.31380367, -0.38746434;
 0, 0, 0, 1]
Ow:
[0.10217711;
 -0.16276284;
 0.6588037]
Keyframe: 38 Frame: 305 Frame from vFrameID : 306
Tcw:
[0.88003528, 0.25042275, 0.40351751, 0.11698754;
 0.27764609, 0.4180429, -0.86495823, -0.17143835;
 -0.38529283, 0.87322885, 0.2983636, 0.66390729;
 0, 0, 0, 1]
Twc:
[0.88003528, 0.27764609, -0.38529283, 0.20044476;
 0.25042275, 0.4180429, 0.87322885, -0.53737074;
 0.40351751, -0.86495823, 0.2983636, -0.3935793;
 0, 0, 0, 1]
Ow:
[0.11698754;
 -0.17143835;
 0.66390729]
Keyframe: 39 Frame: 310 Frame from vFrameID : 311
Tcw:
[0.86923188, 0.24855351, 0.42738396, 0.12889306;
 0.29993308, 0.42209789, -0.85549605, -0.17155658;
 -0.39303443, 0.87181103, 0.29235154, 0.66675878;
 0, 0, 0, 1]
Twc:
[0.86923188, 0.29993308, -0.39303443, 0.20147669;
 0.24855351, 0.42209789, 0.87181103, -0.54091084;
 0.42738396, -0.85549605, 0.29235154, -0.39678076;
 0, 0, 0, 1]
Ow:
[0.12889306;
 -0.17155658;
 0.66675878]
Keyframe: 40 Frame: 316 Frame from vFrameID : 317
Tcw:
[0.86349607, 0.24739659, 0.43951049, 0.14251867;
 0.3141526, 0.41790718, -0.85244459, -0.1845383;
 -0.39456648, 0.87415588, 0.2831409, 0.68863553;
 0, 0, 0, 1]
Twc:
[0.86349607, 0.3141526, -0.39456648, 0.20662136;
 0.24739659, 0.41790718, 0.87415588, -0.56011355;
 0.43951049, -0.85244459, 0.2831409, -0.41492802;
 0, 0, 0, 1]
Ow:
[0.14251867;
 -0.1845383;
 0.68863553]
Keyframe: 41 Frame: 322 Frame from vFrameID : 323
Tcw:
[0.87856537, 0.22767892, 0.41986325, 0.13532993;
 0.3063879, 0.40570715, -0.86112028, -0.17162974;
 -0.36640045, 0.8851915, 0.28668219, 0.71143705;
 0, 0, 0, 1]
Twc:
[0.87856537, 0.3063879, -0.36640045, 0.19435997;
 0.22767892, 0.40570715, 0.8851915, -0.59093839;
 0.41986325, -0.86112028, 0.28668219, -0.40857026;
 0, 0, 0, 1]
Ow:
[0.13532993;
 -0.17162974;
 0.71143705]
Keyframe: 42 Frame: 328 Frame from vFrameID : 329
Tcw:
[0.88526642, 0.22842869, 0.4051218, 0.15089451;
 0.29430115, 0.39935091, -0.86827743, -0.17990816;
 -0.36012524, 0.88788468, 0.28630513, 0.72177565;
 0, 0, 0, 1]
Twc:
[0.88526642, 0.29430115, -0.36012524, 0.17929494;
 0.22842869, 0.39935091, 0.88788468, -0.60347563;
 0.4051218, -0.86827743, 0.28630513, -0.42398888;
 0, 0, 0, 1]
Ow:
[0.15089451;
 -0.17990816;
 0.72177565]
Keyframe: 43 Frame: 334 Frame from vFrameID : 335
Tcw:
[0.89281768, 0.22152026, 0.39218032, 0.1519836;
 0.28217626, 0.40357742, -0.87034583, -0.17650911;
 -0.35107437, 0.8877241, 0.2978133, 0.72780746;
 0, 0, 0, 1]
Twc:
[0.89281768, 0.28217626, -0.35107437, 0.16962756;
 0.22152026, 0.40357742, 0.8877241, -0.60852456;
 0.39218032, -0.87034583, 0.2978133, -0.42997968;
 0, 0, 0, 1]
Ow:
[0.1519836;
 -0.17650911;
 0.72780746]
Keyframe: 44 Frame: 340 Frame from vFrameID : 341
Tcw:
[0.88799733, 0.21597891, 0.40597272, 0.13267574;
 0.29834729, 0.40121678, -0.86603349, -0.16387483;
 -0.34992802, 0.89015627, 0.29184273, 0.75254154;
 0, 0, 0, 1]
Twc:
[0.88799733, 0.29834729, -0.34992802, 0.19441128;
 0.21597891, 0.40121678, 0.89015627, -0.63278538;
 0.40597272, -0.86603349, 0.29184273, -0.41540757;
 0, 0, 0, 1]
Ow:
[0.13267574;
 -0.16387483;
 0.75254154]
Keyframe: 45 Frame: 346 Frame from vFrameID : 347
Tcw:
[0.88216364, 0.22292478, 0.41483951, 0.16118814;
 0.29847744, 0.41670337, -0.85864401, -0.18117583;
 -0.36427805, 0.88128477, 0.30106255, 0.75229174;
 0, 0, 0, 1]
Twc:
[0.88216364, 0.29847744, -0.36427805, 0.18592595;
 0.22292478, 0.41670337, 0.88128477, -0.62341946;
 0.41483951, -0.85864401, 0.30106255, -0.44891962;
 0, 0, 0, 1]
Ow:
[0.16118814;
 -0.18117583;
 0.75229174]
Keyframe: 46 Frame: 352 Frame from vFrameID : 353
Tcw:
[0.8767091, 0.24180195, 0.41582811, 0.1077619;
 0.28413221, 0.43722203, -0.85329115, -0.14236596;
 -0.38813666, 0.86623824, 0.31461281, 0.77812421;
 0, 0, 0, 1]
Twc:
[0.8767091, 0.28413221, -0.38813666, 0.24799347;
 0.24180195, 0.43722203, 0.86623824, -0.63785249;
 0.41582811, -0.85329115, 0.31461281, -0.41109788;
 0, 0, 0, 1]
Ow:
[0.1077619;
 -0.14236596;
 0.77812421]
Keyframe: 47 Frame: 359 Frame from vFrameID : 360
Tcw:
[0.88773841, 0.22734165, 0.40029526, 0.052182272;
 0.27992672, 0.4237316, -0.86144793, -0.093840122;
 -0.36546075, 0.87679374, 0.31252381, 0.80938935;
 0, 0, 0, 1]
Twc:
[0.88773841, 0.27992672, -0.36546075, 0.2757442;
 0.22734165, 0.4237316, 0.87679374, -0.68176776;
 0.40029526, -0.86144793, 0.31252381, -0.35468018;
 0, 0, 0, 1]
Ow:
[0.052182272;
 -0.093840122;
 0.80938935]
Keyframe: 48 Frame: 366 Frame from vFrameID : 367
Tcw:
[0.90464568, 0.20656979, 0.37275344, 0.049012586;
 0.25749782, 0.43200132, -0.86433196, -0.088127047;
 -0.33957484, 0.87789738, 0.33761683, 0.81821376;
 0, 0, 0, 1]
Twc:
[0.90464568, 0.25749782, -0.33957484, 0.25619832;
 0.20656979, 0.43200132, 0.87789738, -0.6903612;
 0.37275344, -0.86433196, 0.33761683, -0.3706834;
 0, 0, 0, 1]
Ow:
[0.049012586;
 -0.088127047;
 0.81821376]
Keyframe: 49 Frame: 373 Frame from vFrameID : 374
Tcw:
[0.90458512, 0.19671308, 0.37819263, 0.062404498;
 0.26049095, 0.44719633, -0.85566342, -0.11213359;
 -0.33744654, 0.87253618, 0.35328519, 0.81746155;
 0, 0, 0, 1]
Twc:
[0.90458512, 0.26049095, -0.33744654, 0.24860919;
 0.19671308, 0.44719633, 0.87253618, -0.67539489;
 0.37819263, -0.85566342, 0.35328519, -0.40834659;
 0, 0, 0, 1]
Ow:
[0.062404498;
 -0.11213359;
 0.81746155]
Keyframe: 50 Frame: 381 Frame from vFrameID : 382
Tcw:
[0.90186709, 0.20815527, 0.37855935, 0.06674318;
 0.26128456, 0.43502101, -0.86167693, -0.10738875;
 -0.34404385, 0.87602973, 0.33794338, 0.8248868;
 0, 0, 0, 1]
Twc:
[0.90186709, 0.26128456, -0.34404385, 0.25166276;
 0.20815527, 0.43502101, 0.87602973, -0.68980193;
 0.37855935, -0.86167693, 0.33794338, -0.39656568;
 0, 0, 0, 1]
Ow:
[0.06674318;
 -0.10738875;
 0.8248868]
Keyframe: 51 Frame: 388 Frame from vFrameID : 389
Tcw:
[0.89100808, 0.20235428, 0.40639561, 0.05005841;
 0.29035383, 0.43415073, -0.85276479, -0.14023621;
 -0.34899756, 0.87781882, 0.32807747, 0.87991875;
 0, 0, 0, 1]
Twc:
[0.89100808, 0.29035383, -0.34899756, 0.30320519;
 0.20235428, 0.43415073, 0.87781882, -0.72165513;
 0.40639561, -0.85276479, 0.32807747, -0.42861354;
 0, 0, 0, 1]
Ow:
[0.05005841;
 -0.14023621;
 0.87991875]
Keyframe: 52 Frame: 395 Frame from vFrameID : 396
Tcw:
[0.90242398, 0.20855837, 0.37700716, 0.036860242;
 0.26282895, 0.42688233, -0.86527014, -0.099314421;
 -0.34139702, 0.87992889, 0.33041367, 0.90392089;
 0, 0, 0, 1]
Twc:
[0.90242398, 0.26282895, -0.34139702, 0.30143505;
 0.20855837, 0.42688233, 0.87992889, -0.76067811;
 0.37700716, -0.86527014, 0.33041367, -0.39849821;
 0, 0, 0, 1]
Ow:
[0.036860242;
 -0.099314421;
 0.90392089]
Keyframe: 53 Frame: 401 Frame from vFrameID : 402
Tcw:
[0.90957373, 0.1984925, 0.36507031, 0.04550378;
 0.2536563, 0.43065581, -0.86613744, -0.11100557;
 -0.32914144, 0.88041824, 0.34136432, 0.9070853;
 0, 0, 0, 1]
Twc:
[0.90957373, 0.2536563, -0.32914144, 0.28532755;
 0.1984925, 0.43065581, 0.88041824, -0.75984144;
 0.36507031, -0.86613744, 0.34136432, -0.42240474;
 0, 0, 0, 1]
Ow:
[0.04550378;
 -0.11100557;
 0.9070853]
Keyframe: 54 Frame: 407 Frame from vFrameID : 408
Tcw:
[0.91476381, 0.18856527, 0.35728186, 0.050794795;
 0.24929599, 0.4324393, -0.86651474, -0.11219585;
 -0.31789729, 0.88172525, 0.34857124, 0.91730082;
 0, 0, 0, 1]
Twc:
[0.91476381, 0.24929599, -0.31789729, 0.27311218;
 0.18856527, 0.4324393, 0.88172525, -0.76986754;
 0.35728186, -0.86651474, 0.34857124, -0.43511206;
 0, 0, 0, 1]
Ow:
[0.050794795;
 -0.11219585;
 0.91730082]
Keyframe: 55 Frame: 413 Frame from vFrameID : 414
Tcw:
[0.90505302, 0.18805115, 0.38146529, 0.057931945;
 0.27318484, 0.430381, -0.8603152, -0.12034217;
 -0.32595867, 0.88284141, 0.3381449, 0.92657095;
 0, 0, 0, 1]
Twc:
[0.90505302, 0.27318484, -0.32595867, 0.28246802;
 0.18805115, 0.430381, 0.88284141, -0.77711642;
 0.38146529, -0.8603152, 0.3381449, -0.43894646;
 0, 0, 0, 1]
Ow:
[0.057931945;
 -0.12034217;
 0.92657095]
Keyframe: 56 Frame: 421 Frame from vFrameID : 422
Tcw:
[0.8815046, 0.20584969, 0.42494184, 0.053131968;
 0.30339992, 0.44265217, -0.84380537, -0.13322794;
 -0.36179852, 0.87274563, 0.32774514, 0.94885671;
 0, 0, 0, 1]
Twc:
[0.8815046, 0.30339992, -0.36179852, 0.33688021;
 0.20584969, 0.44265217, 0.87274563, -0.78007412;
 0.42494184, -0.84380537, 0.32774514, -0.44597965;
 0, 0, 0, 1]
Ow:
[0.053131968;
 -0.13322794;
 0.94885671]
Keyframe: 57 Frame: 428 Frame from vFrameID : 429
Tcw:
[0.89871782, 0.18606029, 0.39709935, 0.040351719;
 0.30266258, 0.39210203, -0.8687067, -0.13104814;
 -0.31733528, 0.9009093, 0.29607558, 1.0028005;
 0, 0, 0, 1]
Twc:
[0.89871782, 0.30266258, -0.31733528, 0.32162255;
 0.18606029, 0.39210203, 0.9009093, -0.8595559;
 0.39709935, -0.8687067, 0.29607558, -0.42677081;
 0, 0, 0, 1]
Ow:
[0.040351719;
 -0.13104814;
 1.0028005]
Keyframe: 58 Frame: 434 Frame from vFrameID : 435
Tcw:
[0.92481977, 0.16208272, 0.34414762, 0.072121367;
 0.25864896, 0.39546248, -0.8813116, -0.13959715;
 -0.27894285, 0.90406781, 0.323809, 0.98943204;
 0, 0, 0, 1]
Twc:
[0.92481977, 0.25864896, -0.27894285, 0.24540238;
 0.16208272, 0.39546248, 0.90406781, -0.85099787;
 0.34414762, -0.8813116, 0.323809, -0.46823597;
 0, 0, 0, 1]
Ow:
[0.072121367;
 -0.13959715;
 0.98943204]
Keyframe: 59 Frame: 440 Frame from vFrameID : 441
Tcw:
[0.91818279, 0.15176035, 0.36593592, 0.060547039;
 0.27616987, 0.41705421, -0.86590761, -0.15395638;
 -0.28402558, 0.89612198, 0.34102038, 1.0155312;
 0, 0, 0, 1]
Twc:
[0.91818279, 0.27616987, -0.28402558, 0.27536169;
 0.15176035, 0.41705421, 0.89612198, -0.85502028;
 0.36593592, -0.86590761, 0.34102038, -0.50178516;
 0, 0, 0, 1]
Ow:
[0.060547039;
 -0.15395638;
 1.0155312]
Keyframe: 60 Frame: 447 Frame from vFrameID : 448
Tcw:
[0.90984452, 0.16312587, 0.38154018, 0.073631346;
 0.28597736, 0.41973689, -0.86141622, -0.16334879;
 -0.30066577, 0.89286667, 0.33524501, 1.025116;
 0, 0, 0, 1]
Twc:
[0.90984452, 0.28597736, -0.30066577, 0.28793824;
 0.16312587, 0.41973689, 0.89286667, -0.8587395;
 0.38154018, -0.86141622, 0.33524501, -0.51246959;
 0, 0, 0, 1]
Ow:
[0.073631346;
 -0.16334879;
 1.025116]
Keyframe: 61 Frame: 454 Frame from vFrameID : 455
Tcw:
[0.9052822, 0.16765614, 0.39032745, 0.081783831;
 0.29483101, 0.41354418, -0.86142665, -0.15693387;
 -0.30584112, 0.89491487, 0.32494396, 1.0337929;
 0, 0, 0, 1]
Twc:
[0.9052822, 0.29483101, -0.30584112, 0.28840789;
 0.16765614, 0.41354418, 0.89491487, -0.87396908;
 0.39032745, -0.86142665, 0.32494396, -0.50303423;
 0, 0, 0, 1]
Ow:
[0.081783831;
 -0.15693387;
 1.0337929]
Keyframe: 62 Frame: 461 Frame from vFrameID : 462
Tcw:
[0.90293652, 0.18740943, 0.38676, 0.073375732;
 0.27920949, 0.42833424, -0.859402, -0.14154953;
 -0.32672259, 0.88397259, 0.33443213, 1.0475403;
 0, 0, 0, 1]
Twc:
[0.90293652, 0.27920949, -0.32672259, 0.31552345;
 0.18740943, 0.42833424, 0.88397259, -0.87911773;
 0.38676, -0.859402, 0.33443213, -0.50035793;
 0, 0, 0, 1]
Ow:
[0.073375732;
 -0.14154953;
 1.0475403]
Keyframe: 63 Frame: 468 Frame from vFrameID : 469
Tcw:
[0.92291838, 0.16947487, 0.3456876, 0.096742004;
 0.2515848, 0.41417837, -0.87473506, -0.14665467;
 -0.29142192, 0.89427876, 0.33961552, 1.0546104;
 0, 0, 0, 1]
Twc:
[0.92291838, 0.2515848, -0.29142192, 0.25494769;
 0.16947487, 0.41417837, 0.89427876, -0.8987698;
 0.3456876, -0.87473506, 0.33961552, -0.51988852;
 0, 0, 0, 1]
Ow:
[0.096742004;
 -0.14665467;
 1.0546104]
Keyframe: 64 Frame: 475 Frame from vFrameID : 476
Tcw:
[0.92525023, 0.17609115, 0.33601171, 0.099731028;
 0.23589788, 0.4265956, -0.87313712, -0.13702002;
 -0.29709283, 0.88713479, 0.35316816, 1.0660915;
 0, 0, 0, 1]
Twc:
[0.92525023, 0.23589788, -0.29709283, 0.25677472;
 0.17609115, 0.4265956, 0.88713479, -0.90487647;
 0.33601171, -0.87313712, 0.35316816, -0.5296576;
 0, 0, 0, 1]
Ow:
[0.099731028;
 -0.13702002;
 1.0660915]
Keyframe: 65 Frame: 483 Frame from vFrameID : 484
Tcw:
[0.90950477, 0.18631127, 0.37160349, 0.069059029;
 0.2553196, 0.45507935, -0.85306197, -0.1437538;
 -0.32804415, 0.87074155, 0.36632794, 1.0807506;
 0, 0, 0, 1]
Twc:
[0.90950477, 0.2553196, -0.32804415, 0.32842755;
 0.18631127, 0.45507935, 0.87074155, -0.88850158;
 0.37160349, -0.85306197, 0.36632794, -0.54420257;
 0, 0, 0, 1]
Ow:
[0.069059029;
 -0.1437538;
 1.0807506]
Keyframe: 66 Frame: 490 Frame from vFrameID : 491
Tcw:
[0.90036613, 0.18881713, 0.39203185, 0.053220525;
 0.27768689, 0.44431013, -0.85175025, -0.14716163;
 -0.33500874, 0.87574917, 0.34760973, 1.1010767;
 0, 0, 0, 1]
Twc:
[0.90036613, 0.27768689, -0.33500874, 0.36181724;
 0.18881713, 0.44431013, 0.87574917, -0.9089306;
 0.39203185, -0.85175025, 0.34760973, -0.52895409;
 0, 0, 0, 1]
Ow:
[0.053220525;
 -0.14716163;
 1.1010767]
Keyframe: 67 Frame: 497 Frame from vFrameID : 498
Tcw:
[0.91146255, 0.17742632, 0.37115484, 0.042626202;
 0.27113745, 0.4194316, -0.86634958, -0.12728122;
 -0.3093873, 0.89027917, 0.33418927, 1.1247269;
 0, 0, 0, 1]
Twc:
[0.91146255, 0.27113745, -0.3093873, 0.34363472;
 0.17742632, 0.4194316, 0.89027917, -0.95549822;
 0.37115484, -0.86634958, 0.33418927, -0.5019626;
 0, 0, 0, 1]
Ow:
[0.042626202;
 -0.12728122;
 1.1247269]
Keyframe: 68 Frame: 505 Frame from vFrameID : 506
Tcw:
[0.93046612, 0.14707777, 0.33556071, 0.054937243;
 0.24509156, 0.43090686, -0.86847532, -0.12900791;
 -0.27232882, 0.89032996, 0.36489668, 1.1331545;
 0, 0, 0, 1]
Twc:
[0.93046612, 0.24509156, -0.27232882, 0.28909212;
 0.14707777, 0.43090686, 0.89032996, -0.961371;
 0.33556071, -0.86847532, 0.36489668, -0.54395932;
 0, 0, 0, 1]
Ow:
[0.054937243;
 -0.12900791;
 1.1331545]
Keyframe: 69 Frame: 513 Frame from vFrameID : 514
Tcw:
[0.91952211, 0.14693086, 0.36454135, 0.054971471;
 0.26461503, 0.45436978, -0.85060388, -0.12726548;
 -0.29061654, 0.87861222, 0.37892297, 1.1459265;
 0, 0, 0, 1]
Twc:
[0.91952211, 0.26461503, -0.29061654, 0.31615403;
 0.14693086, 0.45436978, 0.87861222, -0.95707637;
 0.36454135, -0.85060388, 0.37892297, -0.56250972;
 0, 0, 0, 1]
Ow:
[0.054971471;
 -0.12726548;
 1.1459265]
Keyframe: 70 Frame: 520 Frame from vFrameID : 521
Tcw:
[0.91154546, 0.15595564, 0.38047695, 0.043137193;
 0.280709, 0.44013023, -0.852929, -0.12017775;
 -0.30047852, 0.88428682, 0.35742056, 1.1900656;
 0, 0, 0, 1]
Twc:
[0.91154546, 0.280709, -0.30047852, 0.35200262;
 0.15595564, 0.44013023, 0.88428682, -1.006193;
 0.38047695, -0.852929, 0.35742056, -0.54426974;
 0, 0, 0, 1]
Ow:
[0.043137193;
 -0.12017775;
 1.1900656]
Keyframe: 71 Frame: 528 Frame from vFrameID : 529
Tcw:
[0.90913635, 0.1881303, 0.37158859, 0.018383101;
 0.249446, 0.4685204, -0.84750533, -0.11607495;
 -0.33353826, 0.86318922, 0.37902057, 1.1979413;
 0, 0, 0, 1]
Twc:
[0.90913635, 0.249446, -0.33353826, 0.41180098;
 0.1881303, 0.4685204, 0.86318922, -0.98312497;
 0.37158859, -0.84750533, 0.37902057, -0.55924952;
 0, 0, 0, 1]
Ow:
[0.018383101;
 -0.11607495;
 1.1979413]
Keyframe: 72 Frame: 535 Frame from vFrameID : 536
Tcw:
[0.92053926, 0.20768918, 0.33086652, 0.040309161;
 0.21249966, 0.44447583, -0.87022132, -0.12759626;
 -0.32779771, 0.87138194, 0.36502358, 1.2094783;
 0, 0, 0, 1]
Twc:
[0.92053926, 0.21249966, -0.32779771, 0.3864722;
 0.20768918, 0.44447583, 0.87138194, -1.0055758;
 0.33086652, -0.87022132, 0.36502358, -0.565862;
 0, 0, 0, 1]
Ow:
[0.040309161;
 -0.12759626;
 1.2094783]
Keyframe: 73 Frame: 541 Frame from vFrameID : 542
Tcw:
[0.9271999, 0.20343044, 0.31450975, 0.045589969;
 0.19712129, 0.44897142, -0.8715319, -0.13072482;
 -0.31850201, 0.87008089, 0.37618577, 1.2135049;
 0, 0, 0, 1]
Twc:
[0.9271999, 0.19712129, -0.31850201, 0.37000141;
 0.20343044, 0.44897142, 0.87008089, -1.0064301;
 0.31450975, -0.8715319, 0.37618577, -0.58477265;
 0, 0, 0, 1]
Ow:
[0.045589969;
 -0.13072482;
 1.2135049]
Keyframe: 74 Frame: 547 Frame from vFrameID : 548
Tcw:
[0.92389703, 0.20218168, 0.32486442, 0.047662884;
 0.2086086, 0.44559449, -0.87059063, -0.13358733;
 -0.32077527, 0.87210554, 0.3695066, 1.2195811;
 0, 0, 0, 1]
Twc:
[0.92389703, 0.2086086, -0.32077527, 0.37504333;
 0.20218168, 0.44559449, 0.87210554, -1.0137143;
 0.32486442, -0.87059063, 0.3695066, -0.58242708;
 0, 0, 0, 1]
Ow:
[0.047662884;
 -0.13358733;
 1.2195811]
Keyframe: 75 Frame: 554 Frame from vFrameID : 555
Tcw:
[0.91081893, 0.20916805, 0.35588986, 0.040286422;
 0.23656154, 0.44205168, -0.86523348, -0.12011382;
 -0.33830091, 0.87226087, 0.35314792, 1.2416763;
 0, 0, 0, 1]
Twc:
[0.91081893, 0.23656154, -0.33830091, 0.41178086;
 0.20916805, 0.44205168, 0.87226087, -1.0383958;
 0.35588986, -0.86523348, 0.35314792, -0.55675942;
 0, 0, 0, 1]
Ow:
[0.040286422;
 -0.12011382;
 1.2416763]
Keyframe: 76 Frame: 561 Frame from vFrameID : 562
Tcw:
[0.90994865, 0.2115771, 0.35669118, 0.047201976;
 0.23301086, 0.45066267, -0.86174768, -0.11918288;
 -0.34307349, 0.86725909, 0.36078012, 1.2442786;
 0, 0, 0, 1]
Twc:
[0.90994865, 0.23301086, -0.34307349, 0.41169849;
 0.2115771, 0.45066267, 0.86725909, -1.0353874;
 0.35669118, -0.86174768, 0.36078012, -0.56845307;
 0, 0, 0, 1]
Ow:
[0.047201976;
 -0.11918288;
 1.2442786]
Keyframe: 77 Frame: 568 Frame from vFrameID : 569
Tcw:
[0.92447853, 0.21012236, 0.31810066, 0.047403499;
 0.20086421, 0.4407225, -0.87488127, -0.12632224;
 -0.32402623, 0.87270403, 0.36523244, 1.2507433;
 0, 0, 0, 1]
Twc:
[0.92447853, 0.20086421, -0.32402623, 0.38682371;
 0.21012236, 0.4407225, 0.87270403, -1.0458161;
 0.31810066, -0.87488127, 0.36523244, -0.58240801;
 0, 0, 0, 1]
Ow:
[0.047403499;
 -0.12632224;
 1.2507433]
Keyframe: 78 Frame: 574 Frame from vFrameID : 575
Tcw:
[0.92643666, 0.20408584, 0.31632903, 0.052221894;
 0.19928461, 0.44701302, -0.87204647, -0.1315136;
 -0.31937551, 0.87093532, 0.37345809, 1.2571998;
 0, 0, 0, 1]
Twc:
[0.92643666, 0.19928461, -0.31937551, 0.37934723;
 0.20408584, 0.44701302, 0.87093532, -1.0468092;
 0.31632903, -0.87204647, 0.37345809, -0.60071671;
 0, 0, 0, 1]
Ow:
[0.052221894;
 -0.1315136;
 1.2571998]
Keyframe: 79 Frame: 581 Frame from vFrameID : 582
Tcw:
[0.92215842, 0.21588309, 0.32096478, 0.056142911;
 0.20215234, 0.43846801, -0.87571698, -0.1311366;
 -0.32978529, 0.87243354, 0.36069569, 1.267478;
 0, 0, 0, 1]
Twc:
[0.92215842, 0.20215234, -0.32978529, 0.3927325;
 0.21588309, 0.43846801, 0.87243354, -1.0604115;
 0.32096478, -0.87571698, 0.36069569, -0.59003228;
 0, 0, 0, 1]
Ow:
[0.056142911;
 -0.1311366;
 1.267478]
Keyframe: 80 Frame: 588 Frame from vFrameID : 589
Tcw:
[0.90225393, 0.2137455, 0.37450057, 0.043758482;
 0.25437921, 0.43743515, -0.86252058, -0.14359286;
 -0.34817961, 0.87347776, 0.34030518, 1.2882236;
 0, 0, 0, 1]
Twc:
[0.90225393, 0.25437921, -0.34817961, 0.44557899;
 0.2137455, 0.43743515, 0.87347776, -1.0717753;
 0.37450057, -0.86252058, 0.34030518, -0.57862854;
 0, 0, 0, 1]
Ow:
[0.043758482;
 -0.14359286;
 1.2882236]
Keyframe: 81 Frame: 594 Frame from vFrameID : 595
Tcw:
[0.9003818, 0.20400482, 0.38431054, 0.038045868;
 0.26102167, 0.4534148, -0.8522222, -0.15510514;
 -0.34810954, 0.86763877, 0.35499677, 1.2968029;
 0, 0, 0, 1]
Twc:
[0.9003818, 0.26102167, -0.34810954, 0.45765945;
 0.20400482, 0.4534148, 0.86763877, -1.0625911;
 0.38431054, -0.8522222, 0.35499677, -0.60716629;
 0, 0, 0, 1]
Ow:
[0.038045868;
 -0.15510514;
 1.2968029]
Keyframe: 82 Frame: 601 Frame from vFrameID : 602
Tcw:
[0.91582394, 0.20415688, 0.34581283, 0.045996338;
 0.23744434, 0.41918379, -0.87630194, -0.15326041;
 -0.3238622, 0.88464963, 0.33542264, 1.3373206;
 0, 0, 0, 1]
Twc:
[0.91582394, 0.23744434, -0.3238622, 0.42737383;
 0.20415688, 0.41918379, 0.88464963, -1.1282063;
 0.34581283, -0.87630194, 0.33542264, -0.5987761;
 0, 0, 0, 1]
Ow:
[0.045996338;
 -0.15326041;
 1.3373206]
Keyframe: 83 Frame: 608 Frame from vFrameID : 609
Tcw:
[0.93239963, 0.19959986, 0.30131516, 0.060524851;
 0.18499103, 0.4526476, -0.87228924, -0.15586638;
 -0.31049839, 0.86906272, 0.38512427, 1.3313419;
 0, 0, 0, 1]
Twc:
[0.93239963, 0.18499103, -0.31049839, 0.38578004;
 0.19959986, 0.4526476, 0.86906272, -1.0985478;
 0.30131516, -0.87228924, 0.38512427, -0.66692966;
 0, 0, 0, 1]
Ow:
[0.060524851;
 -0.15586638;
 1.3313419]
Keyframe: 84 Frame: 613 Frame from vFrameID : 614
Tcw:
[0.92605537, 0.1904707, 0.32579491, 0.0623312;
 0.21300694, 0.44882703, -0.86786079, -0.15947825;
 -0.31152761, 0.87308371, 0.37506711, 1.3397167;
 0, 0, 0, 1]
Twc:
[0.92605537, 0.21300694, -0.31152761, 0.3936066;
 0.1904707, 0.44882703, 0.87308371, -1.109979;
 0.32579491, -0.86786079, 0.37506711, -0.66119581;
 0, 0, 0, 1]
Ow:
[0.0623312;
 -0.15947825;
 1.3397167]
Keyframe: 85 Frame: 619 Frame from vFrameID : 620
Tcw:
[0.91727608, 0.20232958, 0.34302667, 0.065108597;
 0.23363008, 0.42416397, -0.87492967, -0.15785295;
 -0.32252368, 0.88269341, 0.34180519, 1.3557279;
 0, 0, 0, 1]
Twc:
[0.91727608, 0.23363008, -0.32252368, 0.41441104;
 0.20232958, 0.42416397, 0.88269341, -1.14291;
 0.34302667, -0.87492967, 0.34180519, -0.62383908;
 0, 0, 0, 1]
Ow:
[0.065108597;
 -0.15785295;
 1.3557279]
Keyframe: 86 Frame: 625 Frame from vFrameID : 626
Tcw:
[0.92130935, 0.19219969, 0.33800641, 0.076033697;
 0.23331904, 0.42212966, -0.87599587, -0.15326703;
 -0.31104866, 0.88592654, 0.34406817, 1.3641839;
 0, 0, 0, 1]
Twc:
[0.92130935, 0.23331904, -0.31104866, 0.39003718;
 0.19219969, 0.42212966, 0.88592654, -1.1584818;
 0.33800641, -0.87599587, 0.34406817, -0.62933344;
 0, 0, 0, 1]
Ow:
[0.076033697;
 -0.15326703;
 1.3641839]
Keyframe: 87 Frame: 631 Frame from vFrameID : 632
Tcw:
[0.9275251, 0.1724477, 0.33160058, 0.08097364;
 0.23561265, 0.41894874, -0.87690854, -0.17970571;
 -0.2901445, 0.89148402, 0.34795463, 1.379447;
 0, 0, 0, 1]
Twc:
[0.9275251, 0.23561265, -0.2901445, 0.36747479;
 0.1724477, 0.41894874, 0.89148402, -1.168431;
 0.33160058, -0.87690854, 0.34795463, -0.66442132;
 0, 0, 0, 1]
Ow:
[0.08097364;
 -0.17970571;
 1.379447]
Keyframe: 88 Frame: 636 Frame from vFrameID : 637
Tcw:
[0.94284451, 0.16432691, 0.28989798, 0.086421847;
 0.20334634, 0.40548551, -0.89119679, -0.15772033;
 -0.26399705, 0.89920974, 0.34889454, 1.3924962;
 0, 0, 0, 1]
Twc:
[0.94284451, 0.20334634, -0.26399705, 0.31820437;
 0.16432691, 0.40548551, 0.89920974, -1.2023942;
 0.28989798, -0.89119679, 0.34889454, -0.65144765;
 0, 0, 0, 1]
Ow:
[0.086421847;
 -0.15772033;
 1.3924962]
Keyframe: 89 Frame: 641 Frame from vFrameID : 642
Tcw:
[0.94615841, 0.15011474, 0.28679222, 0.083014652;
 0.2041961, 0.41067427, -0.88862288, -0.16596797;
 -0.25117359, 0.89933985, 0.3579101, 1.3921319;
 0, 0, 0, 1]
Twc:
[0.94615841, 0.2041961, -0.25117359, 0.30501178;
 0.15011474, 0.41067427, 0.89933985, -1.1963027;
 0.28679222, -0.88862288, 0.3579101, -0.66954893;
 0, 0, 0, 1]
Ow:
[0.083014652;
 -0.16596797;
 1.3921319]
Keyframe: 90 Frame: 646 Frame from vFrameID : 647
Tcw:
[0.94618154, 0.14192741, 0.29085588, 0.063495785;
 0.21118966, 0.41022453, -0.88719487, -0.14746523;
 -0.24523349, 0.90087318, 0.35817328, 1.3955615;
 0, 0, 0, 1]
Twc:
[0.94618154, 0.21118966, -0.24523349, 0.31330299;
 0.14192741, 0.41022453, 0.90087318, -1.2057418;
 0.29085588, -0.88719487, 0.35817328, -0.64915133;
 0, 0, 0, 1]
Ow:
[0.063495785;
 -0.14746523;
 1.3955615]
Keyframe: 91 Frame: 652 Frame from vFrameID : 653
Tcw:
[0.92716181, 0.15623042, 0.34053347, 0.071604073;
 0.24991296, 0.41927159, -0.87278569, -0.17447621;
 -0.27913168, 0.89431727, 0.34968859, 1.4097791;
 0, 0, 0, 1]
Twc:
[0.92716181, 0.24991296, -0.27913168, 0.3707293;
 0.15623042, 0.41927159, 0.89431727, -1.1988236;
 0.34053347, -0.87278569, 0.34968859, -0.66964757;
 0, 0, 0, 1]
Ow:
[0.071604073;
 -0.17447621;
 1.4097791]
Keyframe: 92 Frame: 656 Frame from vFrameID : 657
Tcw:
[0.92174453, 0.13111025, 0.36496186, 0.062727258;
 0.27475846, 0.44335076, -0.85319865, -0.16826612;
 -0.27366921, 0.88670748, 0.37263247, 1.4024169;
 0, 0, 0, 1]
Twc:
[0.92174453, 0.27475846, -0.27366921, 0.37221241;
 0.13111025, 0.44335076, 0.88670748, -1.177157;
 0.36496186, -0.85319865, 0.37263247, -0.68904364;
 0, 0, 0, 1]
Ow:
[0.062727258;
 -0.16826612;
 1.4024169]
Keyframe: 93 Frame: 660 Frame from vFrameID : 661
Tcw:
[0.93508047, 0.11160172, 0.33640689, -0.038681924;
 0.25958234, 0.43062371, -0.86439586, -0.095723867;
 -0.24133284, 0.89560497, 0.373698, 1.3809885;
 0, 0, 0, 1]
Twc:
[0.93508047, 0.25958234, -0.24133284, 0.3942968;
 0.11160172, 0.43062371, 0.89560497, -1.1912822;
 0.33640689, -0.86439586, 0.373698, -0.58580303;
 0, 0, 0, 1]
Ow:
[-0.038681924;
 -0.095723867;
 1.3809885]
Keyframe: 94 Frame: 662 Frame from vFrameID : 663
Tcw:
[0.94054592, 0.10709567, 0.3223412, -0.016075671;
 0.2655572, 0.35985556, -0.89441788, -0.096547902;
 -0.21178456, 0.92684114, 0.31002066, 1.4457728;
 0, 0, 0, 1]
Twc:
[0.94054592, 0.2655572, -0.21178456, 0.34695128;
 0.10709567, 0.35985556, 0.92684114, -1.3035368;
 0.3223412, -0.89441788, 0.31002066, -0.52939177;
 0, 0, 0, 1]
Ow:
[-0.016075671;
 -0.096547902;
 1.4457728]
Keyframe: 95 Frame: 664 Frame from vFrameID : 665
Tcw:
[0.93682331, 0.16089858, 0.31060222, 0.017405257;
 0.22748001, 0.39431265, -0.89037651, -0.10511255;
 -0.2657347, 0.90478128, 0.33280009, 1.4487522;
 0, 0, 0, 1]
Twc:
[0.93682331, 0.22748001, -0.2657347, 0.39258906;
 0.16089858, 0.39431265, 0.90478128, -1.2721571;
 0.31060222, -0.89037651, 0.33280009, -0.58114064;
 0, 0, 0, 1]
Ow:
[0.017405257;
 -0.10511255;
 1.4487522]
Keyframe: 96 Frame: 668 Frame from vFrameID : 669
Tcw:
[0.95458716, 0.11455346, 0.27502891, 0.013946772;
 0.20161127, 0.43128496, -0.87940103, -0.14118671;
 -0.21935427, 0.89491385, 0.38860384, 1.4043211;
 0, 0, 0, 1]
Twc:
[0.95458716, 0.20161127, -0.21935427, 0.32319525;
 0.11455346, 0.43128496, 0.89491385, -1.1974523;
 0.27502891, -0.87940103, 0.38860384, -0.67372006;
 0, 0, 0, 1]
Ow:
[0.013946772;
 -0.14118671;
 1.4043211]
Keyframe: 97 Frame: 669 Frame from vFrameID : 670
Tcw:
[0.94911921, 0.14976092, 0.27702782, 0.028490409;
 0.19739769, 0.4024924, -0.89388704, -0.15079057;
 -0.24537094, 0.90309, 0.35245082, 1.4322054;
 0, 0, 0, 1]
Twc:
[0.94911921, 0.19739769, -0.24537094, 0.35414651;
 0.14976092, 0.4024924, 0.90309, -1.2369851;
 0.27702782, -0.89388704, 0.35245082, -0.64746433;
 0, 0, 0, 1]
Ow:
[0.028490409;
 -0.15079057;
 1.4322054]
Keyframe: 98 Frame: 671 Frame from vFrameID : 672
Tcw:
[0.97663176, 0.1482169, 0.15563475, 0.022029012;
 0.084171176, 0.40252799, -0.91152972, 0.02548638;
 -0.19775145, 0.90332884, 0.38064602, 1.4416486;
 0, 0, 0, 1]
Twc:
[0.97663176, 0.084171176, -0.19775145, 0.26142865;
 0.1482169, 0.40252799, 0.90332884, -1.3158069;
 0.15563475, -0.91152972, 0.38064602, -0.52895468;
 0, 0, 0, 1]
Ow:
[0.022029012;
 0.02548638;
 1.4416486]
Keyframe: 99 Frame: 673 Frame from vFrameID : 674
Tcw:
[0.95683521, 0.063145891, 0.28368816, -0.017878413;
 0.25016335, 0.31790626, -0.9145239, -0.090562999;
 -0.14793466, 0.94601703, 0.28838712, 1.4460584;
 0, 0, 0, 1]
Twc:
[0.95683521, 0.25016335, -0.14793466, 0.2536844;
 0.063145891, 0.31790626, 0.94601703, -1.3380764;
 0.28368816, -0.9145239, 0.28838712, -0.4947747;
 0, 0, 0, 1]
Ow:
[-0.017878413;
 -0.090562999;
 1.4460584]
Keyframe: 100 Frame: 674 Frame from vFrameID : 675
Tcw:
[0.96319211, 0.022513594, 0.26786965, -0.0059505105;
 0.24711819, 0.31803915, -0.91530526, -0.086970776;
 -0.10579984, 0.94781023, 0.30076927, 1.4464135;
 0, 0, 0, 1]
Twc:
[0.96319211, 0.24711819, -0.10579984, 0.18025388;
 0.022513594, 0.31803915, 0.94781023, -1.3431314;
 0.26786965, -0.91530526, 0.30076927, -0.51304758;
 0, 0, 0, 1]
Ow:
[-0.0059505105;
 -0.086970776;
 1.4464135]
Keyframe: 101 Frame: 676 Frame from vFrameID : 677
Tcw:
[0.95257974, 0.13737927, 0.271512, -0.021450713;
 0.20834485, 0.35585913, -0.91101962, -0.075356603;
 -0.22177522, 0.92438692, 0.31036192, 1.4639683;
 0, 0, 0, 1]
Twc:
[0.95257974, 0.20834485, -0.22177522, 0.3608056;
 0.13737927, 0.35585913, 0.92438692, -1.3235101;
 0.271512, -0.91101962, 0.31036192, -0.5171873;
 0, 0, 0, 1]
Ow:
[-0.021450713;
 -0.075356603;
 1.4639683]
Keyframe: 102 Frame: 678 Frame from vFrameID : 679
Tcw:
[0.96140295, 0.12777667, 0.24367492, 0.027754068;
 0.18829305, 0.34022152, -0.92130071, -0.08073777;
 -0.2006242, 0.93162352, 0.30303052, 1.4465853;
 0, 0, 0, 1]
Twc:
[0.96140295, 0.18829305, -0.2006242, 0.27873951;
 0.12777667, 0.34022152, 0.93162352, -1.3237505;
 0.24367492, -0.92130071, 0.30303052, -0.51950622;
 0, 0, 0, 1]
Ow:
[0.027754068;
 -0.08073777;
 1.4465853]
Keyframe: 103 Frame: 679 Frame from vFrameID : 680
Tcw:
[0.94683325, 0.10993662, 0.30235866, -0.010734633;
 0.25124243, 0.33436558, -0.90833741, -0.12799442;
 -0.20095786, 0.93600941, 0.2889677, 1.4615989;
 0, 0, 0, 1]
Twc:
[0.94683325, 0.25124243, -0.20095786, 0.33604133;
 0.10993662, 0.33436558, 0.93600941, -1.3240932;
 0.30235866, -0.90833741, 0.2889677, -0.5353713;
 0, 0, 0, 1]
Ow:
[-0.010734633;
 -0.12799442;
 1.4615989]
Keyframe: 104 Frame: 680 Frame from vFrameID : 681
Tcw:
[0.95108879, 0.10958166, 0.28882864, -0.021930307;
 0.23953885, 0.32878333, -0.91352212, -0.093350291;
 -0.1950673, 0.93802631, 0.28645307, 1.4754281;
 0, 0, 0, 1]
Twc:
[0.95108879, 0.23953885, -0.1950673, 0.33102652;
 0.10958166, 0.32878333, 0.93802631, -1.3508953;
 0.28882864, -0.91352212, 0.28645307, -0.50158441;
 0, 0, 0, 1]
Ow:
[-0.021930307;
 -0.093350291;
 1.4754281]
Keyframe: 105 Frame: 682 Frame from vFrameID : 683
Tcw:
[0.93487316, 0.1365736, 0.32765809, -0.01874198;
 0.25480902, 0.38446978, -0.88727409, -0.10791343;
 -0.24715285, 0.91297901, 0.32463029, 1.4715495;
 0, 0, 0, 1]
Twc:
[0.93487316, 0.25480902, -0.24715285, 0.40871632;
 0.1365736, 0.38446978, 0.91297901, -1.2994446;
 0.32765809, -0.88727409, 0.32463029, -0.56731737;
 0, 0, 0, 1]
Ow:
[-0.01874198;
 -0.10791343;
 1.4715495]
Keyframe: 106 Frame: 683 Frame from vFrameID : 684
Tcw:
[0.93250978, 0.13374302, 0.33546737, 0.020069301;
 0.26463622, 0.37904125, -0.886733, -0.15367746;
 -0.24575032, 0.91566396, 0.31806642, 1.4851532;
 0, 0, 0, 1]
Twc:
[0.93250978, 0.26463622, -0.24575032, 0.38693067;
 0.13374302, 0.37904125, 0.91566396, -1.3043354;
 0.33546737, -0.886733, 0.31806642, -0.61538082;
 0, 0, 0, 1]
Ow:
[0.020069301;
 -0.15367746;
 1.4851532]
Keyframe: 107 Frame: 684 Frame from vFrameID : 685
Tcw:
[0.92208087, 0.1601976, 0.35228336, 0.026226178;
 0.25389856, 0.43658006, -0.86309522, -0.15649414;
 -0.29206568, 0.88528788, 0.36188817, 1.4602283;
 0, 0, 0, 1]
Twc:
[0.92208087, 0.25389856, -0.29206568, 0.44203353;
 0.1601976, 0.43658006, 0.88528788, -1.2286015;
 0.35228336, -0.86309522, 0.36188817, -0.67274773;
 0, 0, 0, 1]
Ow:
[0.026226178;
 -0.15649414;
 1.4602283]
Keyframe: 108 Frame: 685 Frame from vFrameID : 686
Tcw:
[0.92911768, 0.19009201, 0.31718352, 0.063321978;
 0.22791417, 0.38108036, -0.89600945, -0.13730165;
 -0.29119664, 0.90478879, 0.31074384, 1.4979963;
 0, 0, 0, 1]
Twc:
[0.92911768, 0.22791417, -0.29119664, 0.4086709;
 0.19009201, 0.38108036, 0.90478879, -1.3150843;
 0.31718352, -0.89600945, 0.31074384, -0.60860139;
 0, 0, 0, 1]
Ow:
[0.063321978;
 -0.13730165;
 1.4979963]
Keyframe: 109 Frame: 687 Frame from vFrameID : 688
Tcw:
[0.91354066, 0.20579828, 0.35084265, 0.073349565;
 0.25161144, 0.39179635, -0.88497871, -0.15442231;
 -0.31958598, 0.89674002, 0.30614069, 1.50789;
 0, 0, 0, 1]
Twc:
[0.91354066, 0.25161144, -0.31958598, 0.45374709;
 0.20579828, 0.39179635, 0.89674002, -1.3067784;
 0.35084265, -0.88497871, 0.30614069, -0.62402111;
 0, 0, 0, 1]
Ow:
[0.073349565;
 -0.15442231;
 1.50789]
Keyframe: 110 Frame: 689 Frame from vFrameID : 690
Tcw:
[0.89167517, 0.15678108, 0.42465872, 0.059316367;
 0.32553384, 0.42977944, -0.84220982, -0.25404698;
 -0.31455213, 0.88921839, 0.3321861, 1.4852067;
 0, 0, 0, 1]
Twc:
[0.89167517, 0.32553384, -0.31455213, 0.49698493;
 0.15678108, 0.42977944, 0.88921839, -1.2207886;
 0.42465872, -0.84220982, 0.3321861, -0.7325151;
 0, 0, 0, 1]
Ow:
[0.059316367;
 -0.25404698;
 1.4852067]
Keyframe: 111 Frame: 691 Frame from vFrameID : 692
Tcw:
[0.91312218, 0.21392295, 0.34705162, 0.021094829;
 0.24041039, 0.40496415, -0.88216037, -0.12025282;
 -0.32925782, 0.888955, 0.31835246, 1.480153;
 0, 0, 0, 1]
Twc:
[0.91312218, 0.24041039, -0.32925782, 0.4969998;
 0.21392295, 0.40496415, 0.888955, -1.2716041;
 0.34705162, -0.88216037, 0.31835246, -0.58461356;
 0, 0, 0, 1]
Ow:
[0.021094829;
 -0.12025282;
 1.480153]
Keyframe: 112 Frame: 694 Frame from vFrameID : 695
Tcw:
[0.91382354, 0.2193227, 0.34179533, 0.068834528;
 0.2358181, 0.39863008, -0.88627529, -0.14699459;
 -0.33063018, 0.89050078, 0.31255731, 1.5032631;
 0, 0, 0, 1]
Twc:
[0.91382354, 0.2358181, -0.33063018, 0.46878555;
 0.2193227, 0.39863008, 0.89050078, -1.2951576;
 0.34179533, -0.88627529, 0.31255731, -0.62366086;
 0, 0, 0, 1]
Ow:
[0.068834528;
 -0.14699459;
 1.5032631]
Keyframe: 113 Frame: 696 Frame from vFrameID : 697
Tcw:
[0.91715467, 0.20831841, 0.33975103, 0.074446201;
 0.23502448, 0.40576667, -0.88324225, -0.15350974;
 -0.32185528, 0.88991958, 0.32319087, 1.504265;
 0, 0, 0, 1]
Twc:
[0.91715467, 0.23502448, -0.32185528, 0.45195544;
 0.20831841, 0.40576667, 0.88991958, -1.2918942;
 0.33975103, -0.88324225, 0.32319087, -0.64704412;
 0, 0, 0, 1]
Ow:
[0.074446201;
 -0.15350974;
 1.504265]
Keyframe: 114 Frame: 699 Frame from vFrameID : 700
Tcw:
[0.9207778, 0.19987743, 0.33498839, 0.075155318;
 0.23177631, 0.41040513, -0.88195658, -0.17360371;
 -0.31376415, 0.88972843, 0.33156511, 1.5052471;
 0, 0, 0, 1]
Twc:
[0.9207778, 0.23177631, -0.31376415, 0.44332847;
 0.19987743, 0.41040513, 0.88972843, -1.283035;
 0.33498839, -0.88195658, 0.33156511, -0.67737448;
 0, 0, 0, 1]
Ow:
[0.075155318;
 -0.17360371;
 1.5052471]
Keyframe: 115 Frame: 703 Frame from vFrameID : 704
Tcw:
[0.93168646, 0.18536739, 0.31240878, 0.081954792;
 0.21712795, 0.40530625, -0.88802159, -0.1815924;
 -0.29123148, 0.89519036, 0.33736992, 1.5046365;
 0, 0, 0, 1]
Twc:
[0.93168646, 0.21712795, -0.29123148, 0.40127009;
 0.18536739, 0.40530625, 0.89519036, -1.2885273;
 0.31240878, -0.88802159, 0.33736992, -0.69448042;
 0, 0, 0, 1]
Ow:
[0.081954792;
 -0.1815924;
 1.5046365]
Keyframe: 116 Frame: 707 Frame from vFrameID : 708
Tcw:
[0.93200207, 0.18379667, 0.31239539, 0.085136607;
 0.21346833, 0.41820627, -0.8829127, -0.18479747;
 -0.29292211, 0.88956296, 0.35053435, 1.5106428;
 0, 0, 0, 1]
Twc:
[0.93200207, 0.21346833, -0.29292211, 0.40260163;
 0.18379667, 0.41820627, 0.88956296, -1.2821763;
 0.31239539, -0.8829127, 0.35053435, -0.71928853;
 0, 0, 0, 1]
Ow:
[0.085136607;
 -0.18479747;
 1.5106428]
Keyframe: 117 Frame: 710 Frame from vFrameID : 711
Tcw:
[0.93169457, 0.17752878, 0.31690496, 0.085992709;
 0.21503419, 0.43357629, -0.87508392, -0.18760702;
 -0.29275507, 0.88345635, 0.36578593, 1.5054861;
 0, 0, 0, 1]
Twc:
[0.93169457, 0.21503419, -0.29275507, 0.40096167;
 0.17752878, 0.43357629, 0.88345635, -1.2639555;
 0.31690496, -0.87508392, 0.36578593, -0.74210906;
 0, 0, 0, 1]
Ow:
[0.085992709;
 -0.18760702;
 1.5054861]
Keyframe: 118 Frame: 714 Frame from vFrameID : 715
Tcw:
[0.92065984, 0.18198182, 0.34535217, 0.083772928;
 0.23757756, 0.44076908, -0.86560935, -0.19628155;
 -0.3097457, 0.87897968, 0.36256358, 1.5136291;
 0, 0, 0, 1]
Twc:
[0.92065984, 0.23757756, -0.3097457, 0.43834582;
 0.18198182, 0.44076908, 0.87897968, -1.2591795;
 0.34535217, -0.86560935, 0.36256358, -0.74762112;
 0, 0, 0, 1]
Ow:
[0.083772928;
 -0.19628155;
 1.5136291]
Keyframe: 119 Frame: 719 Frame from vFrameID : 720
Tcw:
[0.90259773, 0.20336847, 0.37941885, 0.069830149;
 0.26007855, 0.4447284, -0.85707396, -0.1979441;
 -0.34304017, 0.87227172, 0.34851906, 1.5168915;
 0, 0, 0, 1]
Twc:
[0.90259773, 0.26007855, -0.34304017, 0.50880718;
 0.20336847, 0.4447284, 0.87227172, -1.2493114;
 0.37941885, -0.85707396, 0.34851906, -0.72481322;
 0, 0, 0, 1]
Ow:
[0.069830149;
 -0.1979441;
 1.5168915]
Keyframe: 120 Frame: 723 Frame from vFrameID : 724
Tcw:
[0.89570504, 0.20486844, 0.39464077, 0.075684458;
 0.27265832, 0.44802719, -0.85142767, -0.19514671;
 -0.35124046, 0.8702302, 0.34544116, 1.5211345;
 0, 0, 0, 1]
Twc:
[0.89570504, 0.27265832, -0.35124046, 0.51970136;
 0.20486844, 0.44802719, 0.8702302, -1.2518114;
 0.39464077, -0.85142767, 0.34544116, -0.72148389;
 0, 0, 0, 1]
Ow:
[0.075684458;
 -0.19514671;
 1.5211345]
Keyframe: 121 Frame: 728 Frame from vFrameID : 729
Tcw:
[0.88945597, 0.20796648, 0.40696195, 0.021257341;
 0.28740832, 0.43781126, -0.85189068, -0.1565406;
 -0.35533723, 0.8746835, 0.32964253, 1.5297307;
 0, 0, 0, 1]
Twc:
[0.88945597, 0.28740832, -0.35533723, 0.56965387;
 0.20796648, 0.43781126, 0.8746835, -1.2739158;
 0.40696195, -0.85189068, 0.32964253, -0.64627075;
 0, 0, 0, 1]
Ow:
[0.021257341;
 -0.1565406;
 1.5297307]
Keyframe: 122 Frame: 732 Frame from vFrameID : 733
Tcw:
[0.89749271, 0.20464316, 0.39067632, 0.056819767;
 0.26990211, 0.44571775, -0.85351539, -0.180884;
 -0.34879747, 0.87146825, 0.34479481, 1.5335484;
 0, 0, 0, 1]
Twc:
[0.89749271, 0.26990211, -0.34879747, 0.53272337;
 0.20464316, 0.44571775, 0.87146825, -1.2674432;
 0.39067632, -0.85351539, 0.34479481, -0.70534492;
 0, 0, 0, 1]
Ow:
[0.056819767;
 -0.180884;
 1.5335484]
Keyframe: 123 Frame: 738 Frame from vFrameID : 739
Tcw:
[0.91517925, 0.19200167, 0.35437596, 0.051725268;
 0.24358574, 0.43701953, -0.86584061, -0.17732167;
 -0.32111204, 0.87872028, 0.35318232, 1.5349274;
 0, 0, 0, 1]
Twc:
[0.91517925, 0.24358574, -0.32111204, 0.48873881;
 0.19200167, 0.43701953, 0.87872028, -1.2812101;
 0.35437596, -0.86584061, 0.35318232, -0.71397173;
 0, 0, 0, 1]
Ow:
[0.051725268;
 -0.17732167;
 1.5349274]
Keyframe: 124 Frame: 743 Frame from vFrameID : 744
Tcw:
[0.92119616, 0.17618866, 0.34692243, 0.063148513;
 0.23929614, 0.4465192, -0.86218208, -0.18474761;
 -0.30681422, 0.87725604, 0.36917052, 1.5404723;
 0, 0, 0, 1]
Twc:
[0.92119616, 0.23929614, -0.30681422, 0.45867607;
 0.17618866, 0.4465192, 0.87725604, -1.2800213;
 0.34692243, -0.86218208, 0.36917052, -0.74989063;
 0, 0, 0, 1]
Ow:
[0.063148513;
 -0.18474761;
 1.5404723]
Keyframe: 125 Frame: 749 Frame from vFrameID : 750
Tcw:
[0.91250986, 0.19172342, 0.36134171, 0.038381785;
 0.25953832, 0.4114162, -0.87371421, -0.16327417;
 -0.31617332, 0.89105493, 0.32566178, 1.5549984;
 0, 0, 0, 1]
Twc:
[0.91250986, 0.25953832, -0.31617332, 0.49900118;
 0.19172342, 0.4114162, 0.89105493, -1.325774;
 0.36134171, -0.87371421, 0.32566178, -0.66292745;
 0, 0, 0, 1]
Ow:
[0.038381785;
 -0.16327417;
 1.5549984]
Keyframe: 126 Frame: 754 Frame from vFrameID : 755
Tcw:
[0.89160061, 0.21475646, 0.39865777, 0.032227576;
 0.28227329, 0.42480949, -0.8601504, -0.16335821;
 -0.35407645, 0.87944108, 0.31814039, 1.5608913;
 0, 0, 0, 1]
Twc:
[0.89160061, 0.28227329, -0.35407645, 0.57005239;
 0.21475646, 0.42480949, 0.87944108, -1.3102368;
 0.39865777, -0.8601504, 0.31814039, -0.64994299;
 0, 0, 0, 1]
Ow:
[0.032227576;
 -0.16335821;
 1.5608913]
Keyframe: 127 Frame: 760 Frame from vFrameID : 761
Tcw:
[0.87779272, 0.23165156, 0.41930595, 0.037324011;
 0.28707916, 0.44633475, -0.84756762, -0.1712952;
 -0.38349116, 0.86436266, 0.32528707, 1.5642638;
 0, 0, 0, 1]
Twc:
[0.87779272, 0.28707916, -0.38349116, 0.61629397;
 0.23165156, 0.44633475, 0.86436266, -1.2842826;
 0.41930595, -0.84756762, 0.32528707, -0.66966927;
 0, 0, 0, 1]
Ow:
[0.037324011;
 -0.1712952;
 1.5642638]
Keyframe: 128 Frame: 767 Frame from vFrameID : 768
Tcw:
[0.88894939, 0.21495472, 0.40442982, 0.038718909;
 0.27942631, 0.44510922, -0.85076362, -0.17713097;
 -0.36289111, 0.86929411, 0.33561558, 1.5697526;
 0, 0, 0, 1]
Twc:
[0.88894939, 0.27942631, -0.36289111, 0.58472508;
 0.21495472, 0.44510922, 0.86929411, -1.2940568;
 0.40442982, -0.85076362, 0.33561558, -0.69318897;
 0, 0, 0, 1]
Ow:
[0.038718909;
 -0.17713097;
 1.5697526]
Keyframe: 129 Frame: 774 Frame from vFrameID : 775
Tcw:
[0.90502584, 0.20470981, 0.37285665, 0.042984813;
 0.25224489, 0.44751209, -0.85796589, -0.17864731;
 -0.34249189, 0.87053251, 0.35337302, 1.5773201;
 0, 0, 0, 1]
Twc:
[0.90502584, 0.25224489, -0.34249189, 0.54637986;
 0.20470981, 0.44751209, 0.87053251, -1.3019609;
 0.37285665, -0.85796589, 0.35337302, -0.72668278;
 0, 0, 0, 1]
Ow:
[0.042984813;
 -0.17864731;
 1.5773201]
Keyframe: 130 Frame: 781 Frame from vFrameID : 782
Tcw:
[0.90968418, 0.1935294, 0.36745206, 0.047813892;
 0.24389586, 0.46718144, -0.84985662, -0.18597603;
 -0.33613902, 0.8627212, 0.37778658, 1.5813222;
 0, 0, 0, 1]
Twc:
[0.90968418, 0.24389586, -0.33613902, 0.53340739;
 0.1935294, 0.46718144, 0.8627212, -1.2866091;
 0.36745206, -0.84985662, 0.37778658, -0.77302462;
 0, 0, 0, 1]
Ow:
[0.047813892;
 -0.18597603;
 1.5813222]
Keyframe: 131 Frame: 787 Frame from vFrameID : 788
Tcw:
[0.9025318, 0.18984613, 0.38651621, 0.044832945;
 0.27719977, 0.43074918, -0.85884541, -0.18292233;
 -0.32954001, 0.88227749, 0.33613953, 1.5846194;
 0, 0, 0, 1]
Twc:
[0.9025318, 0.27719977, -0.32954001, 0.5324384;
 0.18984613, 0.43074918, 0.88227749, -1.3277918;
 0.38651621, -0.85884541, 0.33613953, -0.70708394;
 0, 0, 0, 1]
Ow:
[0.044832945;
 -0.18292233;
 1.5846194]
Keyframe: 132 Frame: 794 Frame from vFrameID : 795
Tcw:
[0.89609247, 0.18522288, 0.4033742, 0.032858789;
 0.28082505, 0.46718735, -0.83837539, -0.17284578;
 -0.34373763, 0.86453944, 0.36662787, 1.5960567;
 0, 0, 0, 1]
Twc:
[0.89609247, 0.28082505, -0.34373763, 0.56771964;
 0.18522288, 0.46718735, 0.86453944, -1.3051888;
 0.4033742, -0.83837539, 0.36662787, -0.74332279;
 0, 0, 0, 1]
Ow:
[0.032858789;
 -0.17284578;
 1.5960567]
Keyframe: 133 Frame: 801 Frame from vFrameID : 802
Tcw:
[0.91096061, 0.17932715, 0.37147343, 0.057185963;
 0.25076649, 0.47427589, -0.8439067, -0.19883513;
 -0.32751629, 0.86191887, 0.38707742, 1.6133797;
 0, 0, 0, 1]
Twc:
[0.91096061, 0.25076649, -0.32751629, 0.52617514;
 0.17932715, 0.47427589, 0.86191887, -1.3065547;
 0.37147343, -0.8439067, 0.38707742, -0.81354421;
 0, 0, 0, 1]
Ow:
[0.057185963;
 -0.19883513;
 1.6133797]
Keyframe: 134 Frame: 808 Frame from vFrameID : 809
Tcw:
[0.93233365, 0.14986861, 0.32907951, 0.065588459;
 0.221637, 0.48222601, -0.84754652, -0.20540279;
 -0.28571132, 0.86313236, 0.41637912, 1.6144443;
 0, 0, 0, 1]
Twc:
[0.93233365, 0.221637, -0.28571132, 0.44563955;
 0.14986861, 0.48222601, 0.86313236, -1.3042582;
 0.32907951, -0.84754652, 0.41637912, -0.86789316;
 0, 0, 0, 1]
Ow:
[0.065588459;
 -0.20540279;
 1.6144443]
Keyframe: 135 Frame: 816 Frame from vFrameID : 817
Tcw:
[0.93194765, 0.13621338, 0.33603498, 0.016808435;
 0.2470766, 0.43972534, -0.8634783, -0.17283881;
 -0.26538041, 0.88774294, 0.37614587, 1.6251466;
 0, 0, 0, 1]
Twc:
[0.93194765, 0.2470766, -0.26538041, 0.4583219;
 0.13621338, 0.43972534, 0.88774294, -1.3690003;
 0.33603498, -0.8634783, 0.37614587, -0.76618296;
 0, 0, 0, 1]
Ow:
[0.016808435;
 -0.17283881;
 1.6251466]
Keyframe: 136 Frame: 824 Frame from vFrameID : 825
Tcw:
[0.91537315, 0.16585802, 0.36685571, 0.017164528;
 0.25089949, 0.47762272, -0.84197742, -0.17148018;
 -0.31486732, 0.86276746, 0.39558932, 1.6254512;
 0, 0, 0, 1]
Twc:
[0.91537315, 0.25089949, -0.31486732, 0.53911382;
 0.16585802, 0.47762272, 0.86276746, -1.3233304;
 0.36685571, -0.84197742, 0.39558932, -0.7936905;
 0, 0, 0, 1]
Ow:
[0.017164528;
 -0.17148018;
 1.6254512]
Keyframe: 137 Frame: 830 Frame from vFrameID : 831
Tcw:
[0.91552109, 0.17740828, 0.36103657, 0.023592412;
 0.24138166, 0.47568914, -0.84584558, -0.17399174;
 -0.32180119, 0.8615371, 0.39268035, 1.6277924;
 0, 0, 0, 1]
Twc:
[0.91552109, 0.24138166, -0.32180119, 0.54422456;
 0.17740828, 0.47568914, 0.8615371, -1.323823;
 0.36103657, -0.84584558, 0.39268035, -0.79488987;
 0, 0, 0, 1]
Ow:
[0.023592412;
 -0.17399174;
 1.6277924]
Keyframe: 138 Frame: 838 Frame from vFrameID : 839
Tcw:
[0.92877895, 0.18541272, 0.3209233, 0.030845821;
 0.20223966, 0.47208202, -0.85804296, -0.17788613;
 -0.3105942, 0.86183566, 0.40096205, 1.6334583;
 0, 0, 0, 1]
Twc:
[0.92877895, 0.20223966, -0.3105942, 0.51466936;
 0.18541272, 0.47208202, 0.86183566, -1.329515;
 0.3209233, -0.85804296, 0.40096205, -0.81748784;
 0, 0, 0, 1]
Ow:
[0.030845821;
 -0.17788613;
 1.6334583]
Keyframe: 139 Frame: 842 Frame from vFrameID : 843
Tcw:
[0.93480861, 0.16997233, 0.31183684, 0.033991113;
 0.19502939, 0.48811921, -0.85070747, -0.17922622;
 -0.2968103, 0.85606605, 0.42314845, 1.6344743;
 0, 0, 0, 1]
Twc:
[0.93480861, 0.19502939, -0.2968103, 0.48830798;
 0.16997233, 0.48811921, 0.85606605, -1.3175117;
 0.31183684, -0.85070747, 0.42314845, -0.85469401;
 0, 0, 0, 1]
Ow:
[0.033991113;
 -0.17922622;
 1.6344743]
Keyframe: 140 Frame: 846 Frame from vFrameID : 847
Tcw:
[0.93327242, 0.17994362, 0.31084222, 0.035268858;
 0.19354552, 0.47708467, -0.85728079, -0.17959791;
 -0.30256027, 0.86023861, 0.41042268, 1.6373527;
 0, 0, 0, 1]
Twc:
[0.93327242, 0.19354552, -0.30256027, 0.49724281;
 0.17994362, 0.47708467, 0.86023861, -1.3291771;
 0.31084222, -0.85728079, 0.41042268, -0.83693558;
 0, 0, 0, 1]
Ow:
[0.035268858;
 -0.17959791;
 1.6373527]
Keyframe: 141 Frame: 851 Frame from vFrameID : 852
Tcw:
[0.91774535, 0.18421191, 0.35186562, 0.024514228;
 0.23864652, 0.45240259, -0.85929024, -0.18714577;
 -0.31747642, 0.87258112, 0.37122887, 1.6678152;
 0, 0, 0, 1]
Twc:
[0.91774535, 0.23864652, -0.31747642, 0.55165589;
 0.18421191, 0.45240259, 0.87258112, -1.3751547;
 0.35186562, -0.85929024, 0.37122887, -0.7885794;
 0, 0, 0, 1]
Ow:
[0.024514228;
 -0.18714577;
 1.6678152]
Keyframe: 142 Frame: 857 Frame from vFrameID : 858
Tcw:
[0.90879285, 0.17120561, 0.38050511, 0.029628187;
 0.27090207, 0.45148471, -0.85016096, -0.19209614;
 -0.31734458, 0.87569982, 0.36392614, 1.6777036;
 0, 0, 0, 1]
Twc:
[0.90879285, 0.27090207, -0.31734458, 0.55752349;
 0.17120561, 0.45148471, 0.87569982, -1.3875087;
 0.38050511, -0.85016096, 0.36392614, -0.78514647;
 0, 0, 0, 1]
Ow:
[0.029628187;
 -0.19209614;
 1.6777036]
Keyframe: 143 Frame: 863 Frame from vFrameID : 864
Tcw:
[0.91013908, 0.16968545, 0.37795988, 0.030047596;
 0.2693854, 0.4507288, -0.85104352, -0.19027475;
 -0.31476709, 0.87638485, 0.36451513, 1.6808183;
 0, 0, 0, 1]
Twc:
[0.91013908, 0.2693854, -0.31476709, 0.55297601;
 0.16968545, 0.4507288, 0.87638485, -1.39238;
 0.37795988, -0.85104352, 0.36451513, -0.78597254;
 0, 0, 0, 1]
Ow:
[0.030047596;
 -0.19027475;
 1.6808183]
Keyframe: 144 Frame: 871 Frame from vFrameID : 872
Tcw:
[0.9202376, 0.15809086, 0.35800847, 0.038424045;
 0.2545304, 0.45311517, -0.8543424, -0.19506466;
 -0.29728279, 0.87732202, 0.37673467, 1.6905136;
 0, 0, 0, 1]
Twc:
[0.9202376, 0.2545304, -0.29728279, 0.51685131;
 0.15809086, 0.45311517, 0.87732202, -1.4008126;
 0.35800847, -0.8543424, 0.37673467, -0.81728327;
 0, 0, 0, 1]
Ow:
[0.038424045;
 -0.19506466;
 1.6905136]
Keyframe: 145 Frame: 878 Frame from vFrameID : 879
Tcw:
[0.92635441, 0.15854464, 0.34165937, 0.04051654;
 0.2369439, 0.45982569, -0.85581416, -0.1915887;
 -0.29278851, 0.87374133, 0.38839537, 1.6946909;
 0, 0, 0, 1]
Twc:
[0.92635441, 0.2369439, -0.29278851, 0.50404918;
 0.15854464, 0.45982569, 0.87374133, -1.3990479;
 0.34165937, -0.85581416, 0.38839537, -0.83601737;
 0, 0, 0, 1]
Ow:
[0.04051654;
 -0.1915887;
 1.6946909]
Keyframe: 146 Frame: 886 Frame from vFrameID : 887
Tcw:
[0.92036933, 0.15617657, 0.35850966, 0.034448892;
 0.25871971, 0.44426894, -0.8577233, -0.18543527;
 -0.29323098, 0.88217568, 0.36848554, 1.7034423;
 0, 0, 0, 1]
Twc:
[0.92036933, 0.25871971, -0.29323098, 0.5157721;
 0.15617657, 0.44426894, 0.88217568, -1.4257325;
 0.35850966, -0.8577233, 0.36848554, -0.79909629;
 0, 0, 0, 1]
Ow:
[0.034448892;
 -0.18543527;
 1.7034423]
Keyframe: 147 Frame: 892 Frame from vFrameID : 893
Tcw:
[0.90230614, 0.20876454, 0.37717503, 0.013813913;
 0.24653132, 0.46785399, -0.8487255, -0.16745102;
 -0.35364664, 0.85879564, 0.37068054, 1.7218394;
 0, 0, 0, 1]
Twc:
[0.90230614, 0.24653132, -0.35364664, 0.63774025;
 0.20876454, 0.46785399, 0.85879564, -1.4032495;
 0.37717503, -0.8487255, 0.37068054, -0.7855826;
 0, 0, 0, 1]
Ow:
[0.013813913;
 -0.16745102;
 1.7218394]
Keyframe: 148 Frame: 899 Frame from vFrameID : 900
Tcw:
[0.92311484, 0.19764893, 0.32983914, 0.00761199;
 0.21959926, 0.43316525, -0.87415332, -0.17228758;
 -0.31565031, 0.87937635, 0.35645774, 1.7437202;
 0, 0, 0, 1]
Twc:
[0.92311484, 0.21959926, -0.31565031, 0.58121336;
 0.19764893, 0.43316525, 0.87937635, -1.4602618;
 0.32983914, -0.87415332, 0.35645774, -0.77467906;
 0, 0, 0, 1]
Ow:
[0.00761199;
 -0.17228758;
 1.7437202]
Keyframe: 149 Frame: 906 Frame from vFrameID : 907
Tcw:
[0.94003373, 0.1746325, 0.29298475, 0.016668051;
 0.19400714, 0.43273658, -0.8803978, -0.16795361;
 -0.28053129, 0.88444477, 0.37290704, 1.7457933;
 0, 0, 0, 1]
Twc:
[0.94003373, 0.19400714, -0.28053129, 0.50666529;
 0.1746325, 0.43273658, 0.88444477, -1.4742888;
 0.29298475, -0.8803978, 0.37290704, -0.80376804;
 0, 0, 0, 1]
Ow:
[0.016668051;
 -0.16795361;
 1.7457933]
Keyframe: 150 Frame: 914 Frame from vFrameID : 915
Tcw:
[0.93998682, 0.14820209, 0.30734488, 0.021696225;
 0.21122411, 0.4546687, -0.86525184, -0.1713956;
 -0.26797223, 0.87824398, 0.39607874, 1.7498115;
 0, 0, 0, 1]
Twc:
[0.93998682, 0.21122411, -0.26797223, 0.48470962;
 0.14820209, 0.4546687, 0.87824398, -1.4620486;
 0.30734488, -0.86525184, 0.39607874, -0.8480317;
 0, 0, 0, 1]
Ow:
[0.021696225;
 -0.1713956;
 1.7498115]
Keyframe: 151 Frame: 921 Frame from vFrameID : 922
Tcw:
[0.93029386, 0.18161118, 0.31870168, 0.025133401;
 0.20566209, 0.46119013, -0.86313772, -0.17328781;
 -0.30373755, 0.86851656, 0.3916918, 1.7529677;
 0, 0, 0, 1]
Twc:
[0.93029386, 0.20566209, -0.30373755, 0.54469931;
 0.18161118, 0.46119013, 0.86851656, -1.4471273;
 0.31870168, -0.86313772, 0.3916918, -0.84420437;
 0, 0, 0, 1]
Ow:
[0.025133401;
 -0.17328781;
 1.7529677]
Keyframe: 152 Frame: 928 Frame from vFrameID : 929
Tcw:
[0.92097467, 0.17526279, 0.34797782, 0.023927331;
 0.23017246, 0.47587046, -0.84886271, -0.17714;
 -0.31436643, 0.86187601, 0.39792401, 1.7627416;
 0, 0, 0, 1]
Twc:
[0.92097467, 0.23017246, -0.31436643, 0.57288307;
 0.17526279, 0.47587046, 0.86187601, -1.4391625;
 0.34797782, -0.84886271, 0.39792401, -0.86013091;
 0, 0, 0, 1]
Ow:
[0.023927331;
 -0.17714;
 1.7627416]
Keyframe: 153 Frame: 934 Frame from vFrameID : 935
Tcw:
[0.92583126, 0.16661602, 0.33922794, 0.022249192;
 0.23520085, 0.44857639, -0.86224115, -0.1769954;
 -0.29583284, 0.87807649, 0.3761178, 1.7775664;
 0, 0, 0, 1]
Twc:
[0.92583126, 0.23520085, -0.29583284, 0.546893;
 0.16661602, 0.44857639, 0.87807649, -1.4851503;
 0.33922794, -0.86224115, 0.3761178, -0.82873464;
 0, 0, 0, 1]
Ow:
[0.022249192;
 -0.1769954;
 1.7775664]
Keyframe: 154 Frame: 940 Frame from vFrameID : 941
Tcw:
[0.94034982, 0.13795047, 0.31098536, 0.028686196;
 0.22813813, 0.42241922, -0.87722003, -0.17476827;
 -0.25237909, 0.8958413, 0.36575007, 1.7811284;
 0, 0, 0, 1]
Twc:
[0.94034982, 0.22813813, -0.25237909, 0.46241584;
 0.13795047, 0.42241922, 0.8958413, -1.5257403;
 0.31098536, -0.87722003, 0.36575007, -0.81367904;
 0, 0, 0, 1]
Ow:
[0.028686196;
 -0.17476827;
 1.7811284]
Keyframe: 155 Frame: 948 Frame from vFrameID : 949
Tcw:
[0.92654264, 0.16176726, 0.3396323, 0.02877903;
 0.23397948, 0.45913458, -0.85700005, -0.18100464;
 -0.29457149, 0.87351406, 0.38755754, 1.7915223;
 0, 0, 0, 1]
Twc:
[0.92654264, 0.23397948, -0.29457149, 0.54341769;
 0.16176726, 0.45913458, 0.87351406, -1.4864699;
 0.3396323, -0.85700005, 0.38755754, -0.85921323;
 0, 0, 0, 1]
Ow:
[0.02877903;
 -0.18100464;
 1.7915223]
Keyframe: 156 Frame: 955 Frame from vFrameID : 956
Tcw:
[0.92404526, 0.18046562, 0.33700517, 0.032880157;
 0.22714597, 0.44987199, -0.86372441, -0.18331712;
 -0.30748174, 0.87466985, 0.37471005, 1.7946994;
 0, 0, 0, 1]
Twc:
[0.92404526, 0.22714597, -0.30748174, 0.56309432;
 0.18046562, 0.44987199, 0.87466985, -1.4932339;
 0.33700517, -0.86372441, 0.37471005, -0.84190822;
 0, 0, 0, 1]
Ow:
[0.032880157;
 -0.18331712;
 1.7946994]
Keyframe: 157 Frame: 962 Frame from vFrameID : 963
Tcw:
[0.91842192, 0.18654667, 0.34885752, 0.031377852;
 0.22867763, 0.46923903, -0.85294861, -0.19496465;
 -0.32281226, 0.86314255, 0.38830033, 1.8026007;
 0, 0, 0, 1]
Twc:
[0.91842192, 0.22867763, -0.32281226, 0.59766763;
 0.18654667, 0.46923903, 0.86314255, -1.4702699;
 0.34885752, -0.85294861, 0.38830033, -0.87719172;
 0, 0, 0, 1]
Ow:
[0.031377852;
 -0.19496465;
 1.8026007]
Keyframe: 158 Frame: 968 Frame from vFrameID : 969
Tcw:
[0.93850374, 0.14985932, 0.31105134, 0.022407383;
 0.21751368, 0.44302312, -0.86972314, -0.19141144;
 -0.26813906, 0.88389635, 0.38318238, 1.8182306;
 0, 0, 0, 1]
Twc:
[0.93850374, 0.21751368, -0.26813906, 0.50814378;
 0.14985932, 0.44302312, 0.88389635, -1.5256855;
 0.31105134, -0.86972314, 0.38318238, -0.87015873;
 0, 0, 0, 1]
Ow:
[0.022407383;
 -0.19141144;
 1.8182306]
Keyframe: 159 Frame: 975 Frame from vFrameID : 976
Tcw:
[0.94112569, 0.13366097, 0.3105112, 0.01844117;
 0.22234161, 0.44716364, -0.86637688, -0.19051546;
 -0.25465009, 0.88440907, 0.39111879, 1.8238472;
 0, 0, 0, 1]
Twc:
[0.94112569, 0.22234161, -0.25465009, 0.48944688;
 0.13366097, 0.44716364, 0.88440907, -1.5303003;
 0.3105112, -0.86637688, 0.39111879, -0.88412523;
 0, 0, 0, 1]
Ow:
[0.01844117;
 -0.19051546;
 1.8238472]
Keyframe: 160 Frame: 981 Frame from vFrameID : 982
Tcw:
[0.9337483, 0.15537597, 0.3224476, 0.027604729;
 0.22022499, 0.46077344, -0.85976088, -0.19182456;
 -0.28216147, 0.8738113, 0.39602873, 1.8261266;
 0, 0, 0, 1]
Twc:
[0.9337483, 0.22022499, -0.28216147, 0.53173125;
 0.15537597, 0.46077344, 0.8738113, -1.5115914;
 0.3224476, -0.85976088, 0.39602873, -0.8970229;
 0, 0, 0, 1]
Ow:
[0.027604729;
 -0.19182456;
 1.8261266]
Keyframe: 161 Frame: 987 Frame from vFrameID : 988
Tcw:
[0.91395271, 0.18689601, 0.36022258, 0.030082315;
 0.24599847, 0.45082206, -0.85804677, -0.19238597;
 -0.3227618, 0.87282836, 0.36605391, 1.8314838;
 0, 0, 0, 1]
Twc:
[0.91395271, 0.24599847, -0.3227618, 0.61096585;
 0.18689601, 0.45082206, 0.87282836, -1.5174614;
 0.36022258, -0.85804677, 0.36605391, -0.84633434;
 0, 0, 0, 1]
Ow:
[0.030082315;
 -0.19238597;
 1.8314838]
Keyframe: 162 Frame: 992 Frame from vFrameID : 993
Tcw:
[0.89056504, 0.19429418, 0.41127083, 0.027732074;
 0.28196412, 0.47367796, -0.83434129, -0.19703841;
 -0.35691759, 0.85899884, 0.36705706, 1.8326731;
 0, 0, 0, 1]
Twc:
[0.89056504, 0.28196412, -0.35691759, 0.68497384;
 0.19429418, 0.47367796, 0.85899884, -1.4863194;
 0.41127083, -0.83434129, 0.36705706, -0.84849823;
 0, 0, 0, 1]
Ow:
[0.027732074;
 -0.19703841;
 1.8326731]
Keyframe: 163 Frame: 998 Frame from vFrameID : 999
Tcw:
[0.89901644, 0.20933041, 0.38464296, 0.035898328;
 0.25614393, 0.46105942, -0.84959668, -0.1960336;
 -0.35518968, 0.86232531, 0.3608813, 1.8405567;
 0, 0, 0, 1]
Twc:
[0.89901644, 0.25614393, -0.35518968, 0.67168635;
 0.20933041, 0.46105942, 0.86232531, -1.5042902;
 0.38464296, -0.84959668, 0.3608813, -0.84457999;
 0, 0, 0, 1]
Ow:
[0.035898328;
 -0.1960336;
 1.8405567]
Keyframe: 164 Frame: 1002 Frame from vFrameID : 1003
Tcw:
[0.91170746, 0.18222916, 0.36821467, 0.031997472;
 0.25862116, 0.441829, -0.85901237, -0.19847965;
 -0.31922501, 0.87839609, 0.35569048, 1.8402097;
 0, 0, 0, 1]
Twc:
[0.91170746, 0.25862116, -0.31922501, 0.60959965;
 0.18222916, 0.441829, 0.87839609, -1.5345697;
 0.36821467, -0.85901237, 0.35569048, -0.8368234;
 0, 0, 0, 1]
Ow:
[0.031997472;
 -0.19847965;
 1.8402097]
Keyframe: 165 Frame: 1007 Frame from vFrameID : 1008
Tcw:
[0.92203391, 0.17396449, 0.3458176, 0.037658751;
 0.24465182, 0.43043533, -0.86883307, -0.20346177;
 -0.29999822, 0.88569844, 0.35431525, 1.8458297;
 0, 0, 0, 1]
Twc:
[0.92203391, 0.24465182, -0.29999822, 0.56880027;
 0.17396449, 0.43043533, 0.88569844, -1.5538229;
 0.3458176, -0.86883307, 0.35431525, -0.84380305;
 0, 0, 0, 1]
Ow:
[0.037658751;
 -0.20346177;
 1.8458297]
Keyframe: 166 Frame: 1013 Frame from vFrameID : 1014
Tcw:
[0.93124193, 0.16907667, 0.32280263, 0.038232923;
 0.22674868, 0.42459211, -0.876531, -0.19886804;
 -0.28526038, 0.88945746, 0.35706007, 1.8530917;
 0, 0, 0, 1]
Twc:
[0.93124193, 0.22674868, -0.28526038, 0.53810269;
 0.16907667, 0.42459211, 0.88945746, -1.5702728;
 0.32280263, -0.876531, 0.35706007, -0.84832078;
 0, 0, 0, 1]
Ow:
[0.038232923;
 -0.19886804;
 1.8530917]
Keyframe: 167 Frame: 1019 Frame from vFrameID : 1020
Tcw:
[0.91594785, 0.18612812, 0.35552195, 0.040813953;
 0.24994092, 0.42851469, -0.86827683, -0.20673954;
 -0.31395712, 0.88415581, 0.34597608, 1.8555119;
 0, 0, 0, 1]
Twc:
[0.91594785, 0.24994092, -0.31395712, 0.59684038;
 0.18612812, 0.42851469, 0.88415581, -1.5595672;
 0.35552195, -0.86827683, 0.34597608, -0.83598012;
 0, 0, 0, 1]
Ow:
[0.040813953;
 -0.20673954;
 1.8555119]
Keyframe: 168 Frame: 1026 Frame from vFrameID : 1027
Tcw:
[0.89303058, 0.20435794, 0.40091676, 0.03229025;
 0.28284621, 0.43802676, -0.8533057, -0.20503494;
 -0.34999207, 0.87542582, 0.3333694, 1.8669157;
 0, 0, 0, 1]
Twc:
[0.89303058, 0.28284621, -0.34999207, 0.68256283;
 0.20435794, 0.43802676, 0.87542582, -1.5511342;
 0.40091676, -0.8533057, 0.3333694, -0.81027573;
 0, 0, 0, 1]
Ow:
[0.03229025;
 -0.20503494;
 1.8669157]
Keyframe: 169 Frame: 1031 Frame from vFrameID : 1032
Tcw:
[0.90240067, 0.20602436, 0.37845334, 0.027951717;
 0.26035804, 0.43913603, -0.85986817, -0.19955623;
 -0.3433463, 0.874479, 0.34263656, 1.871083;
 0, 0, 0, 1]
Twc:
[0.90240067, 0.26035804, -0.3433463, 0.66916186;
 0.20602436, 0.43913603, 0.874479, -1.5543493;
 0.37845334, -0.85986817, 0.34263656, -0.82327187;
 0, 0, 0, 1]
Ow:
[0.027951717;
 -0.19955623;
 1.871083]
Keyframe: 170 Frame: 1038 Frame from vFrameID : 1039
Tcw:
[0.91178179, 0.20461549, 0.35607091, 0.034402609;
 0.24278085, 0.43074009, -0.86920679, -0.20695561;
 -0.33122718, 0.87897414, 0.34306425, 1.8783271;
 0, 0, 0, 1]
Twc:
[0.91178179, 0.24278085, -0.33122718, 0.64103013;
 0.20461549, 0.43074009, 0.87897414, -1.5688961;
 0.35607091, -0.86920679, 0.34306425, -0.83652389;
 0, 0, 0, 1]
Ow:
[0.034402609;
 -0.20695561;
 1.8783271]
Keyframe: 171 Frame: 1045 Frame from vFrameID : 1046
Tcw:
[0.92709035, 0.18610314, 0.32537532, 0.037556559;
 0.21850829, 0.43697521, -0.87252897, -0.21017635;
 -0.30456132, 0.88001037, 0.36445042, 1.8781515;
 0, 0, 0, 1]
Twc:
[0.92709035, 0.21850829, -0.30456132, 0.58311927;
 0.18610314, 0.43697521, 0.88001037, -1.5679404;
 0.32537532, -0.87252897, 0.36445042, -0.88009804;
 0, 0, 0, 1]
Ow:
[0.037556559;
 -0.21017635;
 1.8781515]
Keyframe: 172 Frame: 1052 Frame from vFrameID : 1053
Tcw:
[0.91549605, 0.18865243, 0.35535514, 0.03410238;
 0.24703218, 0.43356743, -0.86659932, -0.21124047;
 -0.3175565, 0.88115239, 0.35032603, 1.8811555;
 0, 0, 0, 1]
Twc:
[0.91549605, 0.24703218, -0.3175565, 0.61833566;
 0.18865243, 0.43356743, 0.88115239, -1.5724311;
 0.35535514, -0.86659932, 0.35032603, -0.85419703;
 0, 0, 0, 1]
Ow:
[0.03410238;
 -0.21124047;
 1.8811555]
Keyframe: 173 Frame: 1059 Frame from vFrameID : 1060
Tcw:
[0.90162086, 0.21402374, 0.37586391, 0.027175486;
 0.25867394, 0.42964616, -0.86515433, -0.20488197;
 -0.34665206, 0.87726736, 0.33201557, 1.8903188;
 0, 0, 0, 1]
Twc:
[0.90162086, 0.25867394, -0.34665206, 0.68377852;
 0.21402374, 0.42964616, 0.87726736, -1.5761044;
 0.37586391, -0.86515433, 0.33201557, -0.8150841;
 0, 0, 0, 1]
Ow:
[0.027175486;
 -0.20488197;
 1.8903188]
Keyframe: 174 Frame: 1065 Frame from vFrameID : 1066
Tcw:
[0.90894437, 0.22003318, 0.35412639, 0.032384306;
 0.23572119, 0.42937696, -0.87182045, -0.20578241;
 -0.34388316, 0.87591141, 0.3384133, 1.8905598;
 0, 0, 0, 1]
Twc:
[0.90894437, 0.23572119, -0.34388316, 0.6692034;
 0.22003318, 0.42937696, 0.87591141, -1.5747303;
 0.35412639, -0.87182045, 0.3384133, -0.83066404;
 0, 0, 0, 1]
Ow:
[0.032384306;
 -0.20578241;
 1.8905598]
Keyframe: 175 Frame: 1073 Frame from vFrameID : 1074
Tcw:
[0.92320424, 0.19436243, 0.3315376, 0.029962838;
 0.22503576, 0.425917, -0.8763296, -0.20479232;
 -0.31153306, 0.88363904, 0.3494699, 1.8921642;
 0, 0, 0, 1]
Twc:
[0.92320424, 0.22503576, -0.31153306, 0.60789549;
 0.19436243, 0.425917, 0.88363904, -1.5905893;
 0.3315376, -0.8763296, 0.3494699, -0.85065383;
 0, 0, 0, 1]
Ow:
[0.029962838;
 -0.20479232;
 1.8921642]
Keyframe: 176 Frame: 1080 Frame from vFrameID : 1081
Tcw:
[0.92611688, 0.21053302, 0.313023, 0.017308027;
 0.20094208, 0.42694724, -0.88166791, -0.19325364;
 -0.31926453, 0.87942702, 0.35309806, 1.9014348;
 0, 0, 0, 1]
Twc:
[0.92611688, 0.20094208, -0.31926453, 0.62986422;
 0.21053302, 0.42694724, 0.87942702, -1.593308;
 0.313023, -0.88166791, 0.35309806, -0.8471964;
 0, 0, 0, 1]
Ow:
[0.017308027;
 -0.19325364;
 1.9014348]
Keyframe: 177 Frame: 1087 Frame from vFrameID : 1088
Tcw:
[0.92515618, 0.20083801, 0.32210276, 0.018231779;
 0.22106263, 0.40473989, -0.88730884, -0.19370574;
 -0.30857319, 0.89210409, 0.33004981, 1.9033904;
 0, 0, 0, 1]
Twc:
[0.92515618, 0.22106263, -0.30857319, 0.61328906;
 0.20083801, 0.40473989, 0.89210409, -1.6232836;
 0.32210276, -0.88730884, 0.33004981, -0.80596298;
 0, 0, 0, 1]
Ow:
[0.018231779;
 -0.19370574;
 1.9033904]
Keyframe: 178 Frame: 1095 Frame from vFrameID : 1096
Tcw:
[0.91388583, 0.21746598, 0.34281364, 0.018989354;
 0.2328912, 0.41083178, -0.88146406, -0.1944524;
 -0.33252719, 0.88539582, 0.32480744, 1.9042841;
 0, 0, 0, 1]
Twc:
[0.91388583, 0.2328912, -0.33252719, 0.66115844;
 0.21746598, 0.41083178, 0.88539582, -1.6102875;
 0.34281364, -0.88146406, 0.32480744, -0.79643828;
 0, 0, 0, 1]
Ow:
[0.018989354;
 -0.1944524;
 1.9042841]
Keyframe: 179 Frame: 1102 Frame from vFrameID : 1103
Tcw:
[0.90530211, 0.22452399, 0.36057886, 0.019232064;
 0.24180442, 0.42550921, -0.87205076, -0.19593602;
 -0.34922594, 0.87665892, 0.33092347, 1.9051573;
 0, 0, 0, 1]
Twc:
[0.90530211, 0.24180442, -0.34922594, 0.69529772;
 0.22452399, 0.42550921, 0.87665892, -1.5911187;
 0.36057886, -0.87205076, 0.33092347, -0.80826217;
 0, 0, 0, 1]
Ow:
[0.019232064;
 -0.19593602;
 1.9051573]
Keyframe: 180 Frame: 1108 Frame from vFrameID : 1109
Tcw:
[0.90603048, 0.22463554, 0.35867491, 0.018915415;
 0.24463014, 0.41359627, -0.87698019, -0.19559914;
 -0.34534752, 0.88231343, 0.3197782, 1.9054363;
 0, 0, 0, 1]
Twc:
[0.90603048, 0.24463014, -0.34534752, 0.68874919;
 0.22463554, 0.41359627, 0.88231343, -1.6045421;
 0.35867491, -0.87698019, 0.3197782, -0.78763807;
 0, 0, 0, 1]
Ow:
[0.018915415;
 -0.19559914;
 1.9054363]
Keyframe: 181 Frame: 1114 Frame from vFrameID : 1115
Tcw:
[0.90509647, 0.22279963, 0.36216119, 0.01929158;
 0.24379179, 0.42591974, -0.8712967, -0.19544691;
 -0.34837618, 0.87689948, 0.33118173, 1.905497;
 0, 0, 0, 1]
Twc:
[0.90509647, 0.24379179, -0.34837618, 0.69401735;
 0.22279963, 0.42591974, 0.87689948, -1.5919827;
 0.36216119, -0.8712967, 0.33118173, -0.80834472;
 0, 0, 0, 1]
Ow:
[0.01929158;
 -0.19544691;
 1.905497]
Keyframe: 182 Frame: 1120 Frame from vFrameID : 1121
Tcw:
[0.90718633, 0.21563813, 0.36126602, 0.019229859;
 0.24314205, 0.43205452, -0.86845315, -0.19597369;
 -0.34335822, 0.87568778, 0.33952326, 1.9053136;
 0, 0, 0, 1]
Twc:
[0.90718633, 0.24314205, -0.34335822, 0.6844095;
 0.21563813, 0.43205452, 0.87568778, -1.5879352;
 0.36126602, -0.86845315, 0.33952326, -0.82403928;
 0, 0, 0, 1]
Ow:
[0.019229859;
 -0.19597369;
 1.9053136]
Keyframe: 183 Frame: 1126 Frame from vFrameID : 1127
Tcw:
[0.90945786, 0.20994815, 0.35889855, 0.019239157;
 0.24044372, 0.4386526, -0.86589301, -0.19576883;
 -0.33922443, 0.87378812, 0.34845534, 1.9055724;
 0, 0, 0, 1]
Twc:
[0.90945786, 0.24044372, -0.33922443, 0.67599082;
 0.20994815, 0.4386526, 0.87378812, -1.5832311;
 0.35889855, -0.86589301, 0.34845534, -0.84042662;
 0, 0, 0, 1]
Ow:
[0.019239157;
 -0.19576883;
 1.9055724]
Keyframe: 184 Frame: 1131 Frame from vFrameID : 1132
Tcw:
[0.91079718, 0.20535043, 0.35816163, 0.019415915;
 0.24340726, 0.43362436, -0.86759603, -0.19557673;
 -0.33346882, 0.87738311, 0.34496003, 1.905514;
 0, 0, 0, 1]
Twc:
[0.91079718, 0.24340726, -0.33346882, 0.66535032;
 0.20535043, 0.43362436, 0.87738311, -1.591046;
 0.35816163, -0.86759603, 0.34496003, -0.83396178;
 0, 0, 0, 1]
Ow:
[0.019415915;
 -0.19557673;
 1.905514]
Keyframe: 185 Frame: 1137 Frame from vFrameID : 1138
Tcw:
[0.91184324, 0.20204164, 0.35738081, 0.018915802;
 0.24679203, 0.42590258, -0.87046003, -0.19496274;
 -0.32807857, 0.88192189, 0.33849412, 1.9062581;
 0, 0, 0, 1]
Twc:
[0.91184324, 0.24679203, -0.32807857, 0.65626943;
 0.20204164, 0.42590258, 0.88192189, -1.6019573;
 0.35738081, -0.87046003, 0.33849412, -0.82172453;
 0, 0, 0, 1]
Ow:
[0.018915802;
 -0.19496274;
 1.9062581]
Keyframe: 186 Frame: 1142 Frame from vFrameID : 1143
Tcw:
[0.91212463, 0.20536992, 0.35475603, 0.019268274;
 0.24087127, 0.43173423, -0.86924481, -0.19537443;
 -0.33167705, 0.87831014, 0.34432772, 1.905647;
 0, 0, 0, 1]
Twc:
[0.91212463, 0.24087127, -0.33167705, 0.6615445;
 0.20536992, 0.43173423, 0.87831014, -1.5933565;
 0.35475603, -0.86924481, 0.34432772, -0.83283091;
 0, 0, 0, 1]
Ow:
[0.019268274;
 -0.19537443;
 1.905647]
Keyframe: 187 Frame: 1147 Frame from vFrameID : 1148
Tcw:
[0.9063645, 0.20598079, 0.36888391, 0.019755036;
 0.24408503, 0.45737407, -0.85512072, -0.19749546;
 -0.34485638, 0.86509007, 0.36427078, 1.9053397;
 0, 0, 0, 1]
Twc:
[0.9063645, 0.24408503, -0.34485638, 0.68736893;
 0.20598079, 0.45737407, 0.86509007, -1.5620303;
 0.36888391, -0.85512072, 0.36427078, -0.87022936;
 0, 0, 0, 1]
Ow:
[0.019755036;
 -0.19749546;
 1.9053397]
Keyframe: 188 Frame: 1154 Frame from vFrameID : 1155
Tcw:
[0.8897993, 0.23162462, 0.39320132, 0.017947942;
 0.26349515, 0.44271654, -0.857072, -0.19714412;
 -0.3725957, 0.86622864, 0.33289689, 1.9071559;
 0, 0, 0, 1]
Twc:
[0.8897993, 0.26349515, -0.3725957, 0.74657458;
 0.23162462, 0.44271654, 0.86622864, -1.5689114;
 0.39320132, -0.857072, 0.33289689, -0.81091017;
 0, 0, 0, 1]
Ow:
[0.017947942;
 -0.19714412;
 1.9071559]
Keyframe: 189 Frame: 1160 Frame from vFrameID : 1161
Tcw:
[0.87117702, 0.27358529, 0.40767837, 0.019545227;
 0.2731171, 0.41997218, -0.86546546, -0.19765088;
 -0.40799218, 0.86531758, 0.29114929, 1.909001;
 0, 0, 0, 1]
Twc:
[0.87117702, 0.2731171, -0.40799218, 0.81581199;
 0.27358529, 0.41997218, 0.86531758, -1.5742315;
 0.40767837, -0.86546546, 0.29114929, -0.73483247;
 0, 0, 0, 1]
Ow:
[0.019545227;
 -0.19765088;
 1.909001]
Keyframe: 190 Frame: 1167 Frame from vFrameID : 1168
Tcw:
[0.86455607, 0.24903761, 0.43648952, 0.015103966;
 0.31108114, 0.41694009, -0.85404301, -0.19497883;
 -0.3946788, 0.87415171, 0.28299716, 1.9089392;
 0, 0, 0, 1]
Twc:
[0.86455607, 0.31108114, -0.3946788, 0.80101389;
 0.24903761, 0.41694009, 0.87415171, -1.5911695;
 0.43648952, -0.85404301, 0.28299716, -0.71333748;
 0, 0, 0, 1]
Ow:
[0.015103966;
 -0.19497883;
 1.9089392]
