Keyframe: 0 Frame: 0 Frame from vFrameID : 86
Tcw:
[0.99849415, 0.015636826, -0.052582555, 0.051578145;
 -0.054292038, 0.41904104, -0.90634263, -0.049914718;
 0.0078619272, 0.90783262, 0.41925898, -0.077078663;
 0, 0, 0, 1]
Twc:
[0.99849415, -0.054292038, 0.0078619272, -0.053604461;
 0.015636826, 0.41904104, 0.90783262, 0.090084329;
 -0.052582555, -0.90634263, 0.41925898, -0.010211807;
 0, 0, 0, 1]
Ow:
[0.051578145;
 -0.049914718;
 -0.077078663]
Keyframe: 1 Frame: 85 Frame from vFrameID : 86
Tcw:
[0.99834466, 0.023500254, -0.052494474, 0.055782609;
 -0.057509862, 0.41963044, -0.90587133, -0.047348555;
 0.00074007106, 0.90739077, 0.42028731, -0.078171551;
 0, 0, 0, 1]
Twc:
[0.99834466, -0.057509862, 0.00074007106, -0.058355425;
 0.023500254, 0.41963044, 0.90739077, 0.089490131;
 -0.052494474, -0.90587133, 0.42028731, -0.0071089123;
 0, 0, 0, 1]
Ow:
[0.055782609;
 -0.047348555;
 -0.078171551]
Keyframe: 2 Frame: 88 Frame from vFrameID : 89
Tcw:
[0.99791056, 0.036492921, -0.0533172, 0.064198971;
 -0.063797623, 0.4260985, -0.90242445, -0.044916268;
 -0.010213726, 0.90394044, 0.42753637, -0.081331037;
 0, 0, 0, 1]
Twc:
[0.99791056, -0.063797623, -0.010213726, -0.067761078;
 0.036492921, 0.4260985, 0.90394044, 0.090314366;
 -0.0533172, -0.90242445, 0.42753637, -0.0023386546;
 0, 0, 0, 1]
Ow:
[0.064198971;
 -0.044916268;
 -0.081331037]
Keyframe: 3 Frame: 92 Frame from vFrameID : 93
Tcw:
[0.99820834, 0.039146651, -0.045250516, 0.062237129;
 -0.057687029, 0.42889795, -0.90150917, -0.043167114;
 -0.015883211, 0.90250432, 0.43038777, -0.081392191;
 0, 0, 0, 1]
Twc:
[0.99820834, -0.057687029, -0.015883211, -0.065908574;
 0.039146651, 0.42889795, 0.90250432, 0.089534722;
 -0.045250516, -0.90150917, 0.43038777, -0.0010690836;
 0, 0, 0, 1]
Ow:
[0.062237129;
 -0.043167114;
 -0.081392191]
Keyframe: 4 Frame: 94 Frame from vFrameID : 95
Tcw:
[0.99822032, 0.039432254, -0.044735834, 0.062487375;
 -0.057330642, 0.42809543, -0.90191323, -0.042838734;
 -0.016413266, 0.90287286, 0.42959425, -0.081550382;
 0, 0, 0, 1]
Twc:
[0.99822032, -0.057330642, -0.016413266, -0.066170648;
 0.039432254, 0.42809543, 0.90287286, 0.089504674;
 -0.044735834, -0.90191323, 0.42959425, -0.00080782606;
 0, 0, 0, 1]
Ow:
[0.062487375;
 -0.042838734;
 -0.081550382]
Keyframe: 5 Frame: 96 Frame from vFrameID : 97
Tcw:
[0.9985413, 0.034994159, -0.041117605, 0.059312344;
 -0.052115168, 0.42557451, -0.90342146, -0.042916115;
 -0.014115867, 0.90424651, 0.42677748, -0.080034502;
 0, 0, 0, 1]
Twc:
[0.9985413, -0.052115168, -0.014115867, -0.062592164;
 0.034994159, 0.42557451, 0.90424651, 0.088559337;
 -0.041117605, -0.90342146, 0.42677748, -0.0021756361;
 0, 0, 0, 1]
Ow:
[0.059312344;
 -0.042916115;
 -0.080034502]
Keyframe: 6 Frame: 98 Frame from vFrameID : 99
Tcw:
[0.99887568, 0.02731117, -0.038748786, 0.055662923;
 -0.046694994, 0.42575002, -0.90363514, -0.043071274;
 -0.0081820367, 0.90442854, 0.42654663, -0.078424983;
 0, 0, 0, 1]
Twc:
[0.99887568, -0.046694994, -0.0081820367, -0.058253229;
 0.02731117, 0.42575002, 0.90442854, 0.087747179;
 -0.038748786, -0.90363514, 0.42654663, -0.0033119335;
 0, 0, 0, 1]
Ow:
[0.055662923;
 -0.043071274;
 -0.078424983]
Keyframe: 7 Frame: 100 Frame from vFrameID : 101
Tcw:
[0.99900204, 0.022904348, -0.038344514, 0.053767901;
 -0.044452164, 0.4262653, -0.90350533, -0.044757605;
 -0.0043492648, 0.9043082, 0.42685807, -0.078873307;
 0, 0, 0, 1]
Twc:
[0.99900204, -0.044452164, -0.0043492648, -0.056046855;
 0.022904348, 0.4262653, 0.9043082, 0.08917287;
 -0.038344514, -0.90350533, 0.42685807, -0.0047093229;
 0, 0, 0, 1]
Ow:
[0.053767901;
 -0.044757605;
 -0.078873307]
Keyframe: 8 Frame: 102 Frame from vFrameID : 103
Tcw:
[0.99942952, 0.0039907792, -0.033537038, 0.042093191;
 -0.032151502, 0.41646883, -0.90858132, -0.050036281;
 0.010341184, 0.90914124, 0.41635954, -0.074289985;
 0, 0, 0, 1]
Twc:
[0.99942952, -0.032151502, 0.010341184, -0.042909671;
 0.0039907792, 0.41646883, 0.90914124, 0.08821065;
 -0.033537038, -0.90858132, 0.41635954, -0.013119005;
 0, 0, 0, 1]
Ow:
[0.042093191;
 -0.050036281;
 -0.074289985]
Keyframe: 9 Frame: 105 Frame from vFrameID : 106
Tcw:
[0.99914926, -0.0056188176, -0.040855415, 0.036863983;
 -0.034993399, 0.40870026, -0.91199756, -0.051458478;
 0.021821966, 0.91265136, 0.40815595, -0.072913796;
 0, 0, 0, 1]
Twc:
[0.99914926, -0.034993399, 0.021821966, -0.037042208;
 -0.0056188176, 0.40870026, 0.91265136, 0.087783106;
 -0.040855415, -0.91199756, 0.40815595, -0.015663709;
 0, 0, 0, 1]
Ow:
[0.036863983;
 -0.051458478;
 -0.072913796]
Keyframe: 10 Frame: 108 Frame from vFrameID : 109
Tcw:
[0.9985286, -0.023923038, -0.048665252, 0.028963396;
 -0.034975708, 0.40169111, -0.91510707, -0.05377008;
 0.041440539, 0.91546267, 0.40026334, -0.069692254;
 0, 0, 0, 1]
Twc:
[0.9985286, -0.034975708, 0.041440539, -0.027913341;
 -0.023923038, 0.40169111, 0.91546267, 0.086092517;
 -0.048665252, -0.91510707, 0.40026334, -0.019900609;
 0, 0, 0, 1]
Ow:
[0.028963396;
 -0.05377008;
 -0.069692254]
Keyframe: 11 Frame: 113 Frame from vFrameID : 114
Tcw:
[0.99731255, -0.037023876, -0.063221619, 0.026745157;
 -0.042973373, 0.4032788, -0.91406757, -0.05716686;
 0.05933826, 0.91432786, 0.40060395, -0.069998205;
 0, 0, 0, 1]
Twc:
[0.99731255, -0.042973373, 0.05933826, -0.02497636;
 -0.037023876, 0.4032788, 0.91432786, 0.088045701;
 -0.063221619, -0.91406757, 0.40060395, -0.022521941;
 0, 0, 0, 1]
Ow:
[0.026745157;
 -0.05716686;
 -0.069998205]
Keyframe: 12 Frame: 118 Frame from vFrameID : 119
Tcw:
[0.99697685, -0.034790274, -0.069475293, 0.030382797;
 -0.049574494, 0.40369257, -0.91355062, -0.057264864;
 0.059829336, 0.91423297, 0.40074742, -0.070163034;
 0, 0, 0, 1]
Twc:
[0.99697685, -0.049574494, 0.059829336, -0.028932014;
 -0.034790274, 0.40369257, 0.91423297, 0.088319786;
 -0.069475293, -0.91355062, 0.40074742, -0.022085838;
 0, 0, 0, 1]
Ow:
[0.030382797;
 -0.057264864;
 -0.070163034]
Keyframe: 13 Frame: 123 Frame from vFrameID : 124
Tcw:
[0.99750483, -0.0091037219, -0.070009023, 0.041536946;
 -0.06001205, 0.41296747, -0.90876645, -0.055898938;
 0.037184604, 0.91070026, 0.41139069, -0.072140411;
 0, 0, 0, 1]
Twc:
[0.99750483, -0.06001205, 0.037184604, -0.042105399;
 -0.0091037219, 0.41296747, 0.91070026, 0.089160874;
 -0.070009023, -0.90876645, 0.41139069, -0.018213222;
 0, 0, 0, 1]
Ow:
[0.041536946;
 -0.055898938;
 -0.072140411]
Keyframe: 14 Frame: 128 Frame from vFrameID : 129
Tcw:
[0.99806225, 0.010364307, -0.061354335, 0.05019331;
 -0.060250599, 0.40730238, -0.91130382, -0.059317715;
 0.015544735, 0.91323453, 0.4071376, -0.075355649;
 0, 0, 0, 1]
Twc:
[0.99806225, -0.060250599, 0.015544735, -0.05249859;
 0.010364307, 0.40730238, 0.91323453, 0.092457406;
 -0.061354335, -0.91130382, 0.4071376, -0.020296767;
 0, 0, 0, 1]
Ow:
[0.05019331;
 -0.059317715;
 -0.075355649]
Keyframe: 15 Frame: 133 Frame from vFrameID : 134
Tcw:
[0.99796271, 0.03093693, -0.055797737, 0.052810125;
 -0.063605264, 0.41409951, -0.90800661, -0.063640237;
 -0.0049851206, 0.9097057, 0.41522363, -0.07432086;
 0, 0, 0, 1]
Twc:
[0.99796271, -0.063605264, -0.0049851206, -0.057120886;
 0.03093693, 0.41409951, 0.9097057, 0.092329726;
 -0.055797737, -0.90800661, 0.41522363, -0.023979291;
 0, 0, 0, 1]
Ow:
[0.052810125;
 -0.063640237;
 -0.07432086]
Keyframe: 16 Frame: 139 Frame from vFrameID : 140
Tcw:
[0.99811482, 0.016497662, -0.059115808, 0.040767033;
 -0.0606317, 0.41446653, -0.90804255, -0.07783071;
 0.0095209433, 0.90991503, 0.41468546, -0.065433383;
 0, 0, 0, 1]
Twc:
[0.99811482, -0.0606317, 0.0095209433, -0.0447862;
 0.016497662, 0.41446653, 0.90991503, 0.091124475;
 -0.059115808, -0.90804255, 0.41468546, -0.041129351;
 0, 0, 0, 1]
Ow:
[0.040767033;
 -0.07783071;
 -0.065433383]
Keyframe: 17 Frame: 147 Frame from vFrameID : 148
Tcw:
[0.9947111, -0.020850038, -0.10057364, 0.03387481;
 -0.082749799, 0.4173837, -0.90495485, -0.10245374;
 0.060846142, 0.90849113, 0.41345087, -0.054608691;
 0, 0, 0, 1]
Twc:
[0.9947111, -0.082749799, 0.060846142, -0.038850952;
 -0.020850038, 0.4173837, 0.90849113, 0.093080319;
 -0.10057364, -0.90495485, 0.41345087, -0.066731088;
 0, 0, 0, 1]
Ow:
[0.03387481;
 -0.10245374;
 -0.054608691]
Keyframe: 18 Frame: 156 Frame from vFrameID : 157
Tcw:
[0.99702471, 0.035987314, -0.068165928, 0.057972595;
 -0.076904267, 0.40433705, -0.91137111, -0.11747246;
 -0.0052357903, 0.91390181, 0.40590161, -0.04404391;
 0, 0, 0, 1]
Twc:
[0.99702471, -0.076904267, -0.0052357903, -0.067064852;
 0.035987314, 0.40433705, 0.91390181, 0.085663997;
 -0.068165928, -0.91137111, 0.40590161, -0.085231759;
 0, 0, 0, 1]
Ow:
[0.057972595;
 -0.11747246;
 -0.04404391]
Keyframe: 19 Frame: 165 Frame from vFrameID : 166
Tcw:
[0.99416023, 0.10770063, 0.0067840992, 0.11045173;
 -0.037807785, 0.40649709, -0.91286945, -0.11649077;
 -0.10107434, 0.90728205, 0.40819517, -0.0088652968;
 0, 0, 0, 1]
Twc:
[0.99416023, -0.037807785, -0.10107434, -0.11510702;
 0.10770063, 0.40649709, 0.90728205, 0.043500762;
 0.0067840992, -0.91286945, 0.40819517, -0.10347141;
 0, 0, 0, 1]
Ow:
[0.11045173;
 -0.11649077;
 -0.0088652968]
Keyframe: 20 Frame: 174 Frame from vFrameID : 175
Tcw:
[0.98948675, 0.13504204, 0.051765285, 0.12007925;
 -0.0099423733, 0.42060128, -0.9071911, -0.13080192;
 -0.14428148, 0.89713889, 0.41752204, 0.033122111;
 0, 0, 0, 1]
Twc:
[0.98948675, -0.0099423733, -0.14428148, -0.1153384;
 0.13504204, 0.42060128, 0.89713889, 0.0090845777;
 0.051765285, -0.9071911, 0.41752204, -0.13870749;
 0, 0, 0, 1]
Ow:
[0.12007925;
 -0.13080192;
 0.033122111]
Keyframe: 21 Frame: 183 Frame from vFrameID : 184
Tcw:
[0.99375814, 0.1095151, 0.021241065, 0.13570608;
 -0.019920109, 0.36155194, -0.93213916, -0.14541569;
 -0.10976306, 0.92589772, 0.36147675, 0.084900506;
 0, 0, 0, 1]
Twc:
[0.99375814, -0.019920109, -0.10976306, -0.12843679;
 0.1095151, 0.36155194, 0.92589772, -0.04089573;
 0.021241065, -0.93213916, 0.36147675, -0.16911976;
 0, 0, 0, 1]
Ow:
[0.13570608;
 -0.14541569;
 0.084900506]
Keyframe: 22 Frame: 193 Frame from vFrameID : 194
Tcw:
[0.99521875, 0.095410831, 0.020890499, 0.14644569;
 -0.019216795, 0.4009836, -0.91588366, -0.16272256;
 -0.09576197, 0.91110313, 0.40089989, 0.11418725;
 0, 0, 0, 1]
Twc:
[0.99521875, -0.019216795, -0.09576197, -0.13793771;
 0.095410831, 0.4009836, 0.91110313, -0.052759793;
 0.020890499, -0.91588366, 0.40089989, -0.19787191;
 0, 0, 0, 1]
Ow:
[0.14644569;
 -0.16272256;
 0.11418725]
Keyframe: 23 Frame: 204 Frame from vFrameID : 205
Tcw:
[0.99301338, 0.11517537, 0.025672, 0.17069384;
 -0.02047093, 0.38239899, -0.92377049, -0.17005703;
 -0.11621255, 0.91679096, 0.38208506, 0.188052;
 0, 0, 0, 1]
Twc:
[0.99301338, -0.02047093, -0.11621255, -0.1511285;
 0.11517537, 0.38239899, 0.91679096, -0.12703447;
 0.025672, -0.92377049, 0.38208506, -0.23332758;
 0, 0, 0, 1]
Ow:
[0.17069384;
 -0.17005703;
 0.188052]
Keyframe: 24 Frame: 213 Frame from vFrameID : 214
Tcw:
[0.98990434, 0.11906078, 0.076901756, 0.18420017;
 0.025460538, 0.38437131, -0.92282742, -0.176522;
 -0.13943139, 0.91546887, 0.3774595, 0.24153326;
 0, 0, 0, 1]
Twc:
[0.98990434, 0.025460538, -0.13943139, -0.14416888;
 0.11906078, 0.38437131, 0.91546887, -0.1751972;
 0.076901756, -0.92282742, 0.3774595, -0.26823369;
 0, 0, 0, 1]
Ow:
[0.18420017;
 -0.176522;
 0.24153326]
Keyframe: 25 Frame: 223 Frame from vFrameID : 224
Tcw:
[0.99580765, 0.090323426, 0.014450347, 0.24351841;
 -0.019559745, 0.36458436, -0.93096489, -0.16643369;
 -0.089356311, 0.92677933, 0.3648226, 0.32192022;
 0, 0, 0, 1]
Twc:
[0.99580765, -0.019559745, -0.089356311, -0.2169873;
 0.090323426, 0.36458436, 0.92677933, -0.25966531;
 0.014450347, -0.93096489, 0.3648226, -0.27590662;
 0, 0, 0, 1]
Ow:
[0.24351841;
 -0.16643369;
 0.32192022]
Keyframe: 26 Frame: 232 Frame from vFrameID : 233
Tcw:
[0.99917644, 0.036862001, -0.01695901, 0.2693345;
 -0.029100612, 0.35973871, -0.93259919, -0.15949109;
 -0.028276658, 0.93232465, 0.36051515, 0.40911436;
 0, 0, 0, 1]
Twc:
[0.99917644, -0.029100612, -0.028276658, -0.26218557;
 0.036862001, 0.35973871, 0.93232465, -0.3339805;
 -0.01695901, -0.93259919, 0.36051515, -0.29166555;
 0, 0, 0, 1]
Ow:
[0.2693345;
 -0.15949109;
 0.40911436]
Keyframe: 27 Frame: 242 Frame from vFrameID : 243
Tcw:
[0.99940187, 0.0071412865, -0.033837046, 0.3133845;
 -0.034169741, 0.35462043, -0.93438578, -0.17097494;
 0.0053265914, 0.93498307, 0.35465232, 0.47773525;
 0, 0, 0, 1]
Twc:
[0.99940187, -0.034169741, 0.0053265914, -0.3215839;
 0.0071412865, 0.35462043, 0.93498307, -0.38828114;
 -0.033837046, -0.93438578, 0.35465232, -0.31858245;
 0, 0, 0, 1]
Ow:
[0.3133845;
 -0.17097494;
 0.47773525]
Keyframe: 28 Frame: 253 Frame from vFrameID : 254
Tcw:
[0.99989605, 0.011556427, -0.0086193765, 0.34318206;
 -0.012415988, 0.38641182, -0.92224276, -0.19968382;
 -0.0073272032, 0.92225397, 0.38651514, 0.52736998;
 0, 0, 0, 1]
Twc:
[0.99989605, -0.012415988, -0.0073272032, -0.3417615;
 0.011556427, 0.38641182, 0.92225397, -0.41317484;
 -0.0086193765, -0.92224276, 0.38651514, -0.38503546;
 0, 0, 0, 1]
Ow:
[0.34318206;
 -0.19968382;
 0.52736998]
Keyframe: 29 Frame: 263 Frame from vFrameID : 264
Tcw:
[0.99608701, -0.018496502, -0.086420521, 0.3964026;
 -0.072837852, 0.38199338, -0.92129022, -0.2157196;
 0.050052714, 0.92397994, 0.3791514, 0.60152173;
 0, 0, 0, 1]
Twc:
[0.99608701, -0.072837852, 0.050052714, -0.44067183;
 -0.018496502, 0.38199338, 0.92397994, -0.46605849;
 -0.086420521, -0.92129022, 0.3791514, -0.39255086;
 0, 0, 0, 1]
Ow:
[0.3964026;
 -0.2157196;
 0.60152173]
Keyframe: 30 Frame: 274 Frame from vFrameID : 275
Tcw:
[0.9990949, 0.0036692442, -0.042377979, 0.39959776;
 -0.040642548, 0.3763209, -0.92559749, -0.25914061;
 0.012551476, 0.92648214, 0.37612945, 0.68877703;
 0, 0, 0, 1]
Twc:
[0.9990949, -0.040642548, 0.012551476, -0.4184134;
 0.0036692442, 0.3763209, 0.92648214, -0.54208577;
 -0.042377979, -0.92559749, 0.37612945, -0.48199508;
 0, 0, 0, 1]
Ow:
[0.39959776;
 -0.25914061;
 0.68877703]
Keyframe: 31 Frame: 284 Frame from vFrameID : 285
Tcw:
[0.99993849, 0.010459877, -0.0036845154, 0.41032299;
 -0.0073441793, 0.37564051, -0.92673635, -0.29687178;
 -0.0083094947, 0.92670643, 0.37569425, 0.74190158;
 0, 0, 0, 1]
Twc:
[0.99993849, -0.0073441793, -0.0083094947, -0.40631324;
 0.010459877, 0.37564051, 0.92670643, -0.58029979;
 -0.0036845154, -0.92673635, 0.37569425, -0.55233818;
 0, 0, 0, 1]
Ow:
[0.41032299;
 -0.29687178;
 0.74190158]
Keyframe: 32 Frame: 295 Frame from vFrameID : 296
Tcw:
[0.99476254, -0.033060256, -0.0967189, 0.49827531;
 -0.078865781, 0.35367996, -0.9320358, -0.3297618;
 0.065020882, 0.93478209, 0.34922022, 0.81203264;
 0, 0, 0, 1]
Twc:
[0.99476254, -0.078865781, 0.065020882, -0.57447159;
 -0.033060256, 0.35367996, 0.93478209, -0.6259703;
 -0.0967189, -0.9320358, 0.34922022, -0.5427354;
 0, 0, 0, 1]
Ow:
[0.49827531;
 -0.3297618;
 0.81203264]
Keyframe: 33 Frame: 305 Frame from vFrameID : 306
Tcw:
[0.99804354, -0.018207286, -0.059813432, 0.47920215;
 -0.049233608, 0.36080816, -0.93133962, -0.35724586;
 0.03853834, 0.93246233, 0.35920584, 0.88550115;
 0, 0, 0, 1]
Twc:
[0.99804354, -0.049233608, 0.03853834, -0.52997881;
 -0.018207286, 0.36080816, 0.93246233, -0.68807429;
 -0.059813432, -0.93133962, 0.35920584, -0.62213171;
 0, 0, 0, 1]
Ow:
[0.47920215;
 -0.35724586;
 0.88550115]
Keyframe: 34 Frame: 315 Frame from vFrameID : 316
Tcw:
[0.99975115, 0.014052249, 0.017326742, 0.51453316;
 0.010699507, 0.37949124, -0.92513347, -0.38596785;
 -0.019575553, 0.92508858, 0.37924644, 0.94251007;
 0, 0, 0, 1]
Twc:
[0.99975115, 0.010699507, -0.019575553, -0.49182531;
 0.014052249, 0.37949124, 0.92508858, -0.73266429;
 0.017326742, -0.92513347, 0.37924644, -0.72343051;
 0, 0, 0, 1]
Ow:
[0.51453316;
 -0.38596785;
 0.94251007]
Keyframe: 35 Frame: 325 Frame from vFrameID : 326
Tcw:
[0.99914789, 0.0022018494, -0.041214213, 0.56477588;
 -0.039326169, 0.35385889, -0.93447167, -0.40637541;
 0.01252645, 0.93529624, 0.35364395, 1.0020517;
 0, 0, 0, 1]
Twc:
[0.99914789, -0.039326169, 0.01252645, -0.59282804;
 0.0022018494, 0.35385889, 0.93529624, -0.79465914;
 -0.041214213, -0.93447167, 0.35364395, -0.71083903;
 0, 0, 0, 1]
Ow:
[0.56477588;
 -0.40637541;
 1.0020517]
Keyframe: 36 Frame: 336 Frame from vFrameID : 337
Tcw:
[0.99749255, -0.0069380347, -0.070431024, 0.60298657;
 -0.063106611, 0.36326987, -0.92954427, -0.44262171;
 0.032034677, 0.93165815, 0.36192113, 1.0756559;
 0, 0, 0, 1]
Twc:
[0.99749255, -0.063106611, 0.032034677, -0.66386521;
 -0.0069380347, 0.36326987, 0.93165815, -0.83716893;
 -0.070431024, -0.92954427, 0.36192113, -0.75827014;
 0, 0, 0, 1]
Ow:
[0.60298657;
 -0.44262171;
 1.0756559]
Keyframe: 37 Frame: 346 Frame from vFrameID : 347
Tcw:
[0.99991947, 0.002081404, 0.01251934, 0.63087654;
 0.01088143, 0.36707509, -0.93012768, -0.45991048;
 -0.0065315091, 0.93018901, 0.36702287, 1.1430651;
 0, 0, 0, 1]
Twc:
[0.99991947, 0.01088143, -0.0065315091, -0.61835527;
 0.002081404, 0.36707509, 0.93018901, -0.89575797;
 0.01251934, -0.93012768, 0.36702287, -0.85520464;
 0, 0, 0, 1]
Ow:
[0.63087654;
 -0.45991048;
 1.1430651]
Keyframe: 38 Frame: 355 Frame from vFrameID : 356
Tcw:
[0.99884802, -0.0072215456, -0.047439564, 0.69180882;
 -0.041622307, 0.36158898, -0.93140805, -0.46145171;
 0.02387983, 0.93230963, 0.36087185, 1.2017415;
 0, 0, 0, 1]
Twc:
[0.99884802, -0.041622307, 0.02387983, -0.73891592;
 -0.0072215456, 0.36158898, 0.93230963, -0.94854343;
 -0.047439564, -0.93140805, 0.36087185, -0.83065546;
 0, 0, 0, 1]
Ow:
[0.69180882;
 -0.46145171;
 1.2017415]
Keyframe: 39 Frame: 366 Frame from vFrameID : 367
Tcw:
[0.99581575, -0.011257177, -0.090687968, 0.71886188;
 -0.080494277, 0.36176401, -0.92878819, -0.51571929;
 0.043263178, 0.93220174, 0.35934415, 1.2702485;
 0, 0, 0, 1]
Twc:
[0.99581575, -0.080494277, 0.043263178, -0.81232142;
 -0.011257177, 0.36176401, 0.93220174, -0.98946685;
 -0.090687968, -0.92878819, 0.35934415, -0.87025827;
 0, 0, 0, 1]
Ow:
[0.71886188;
 -0.51571929;
 1.2702485]
Keyframe: 40 Frame: 374 Frame from vFrameID : 375
Tcw:
[0.99978197, 0.0046379068, -0.020358972, 0.72109431;
 -0.020674862, 0.35640207, -0.93410391, -0.51980984;
 0.0029236926, 0.93432117, 0.35642025, 1.3167346;
 0, 0, 0, 1]
Twc:
[0.99978197, -0.020674862, 0.0029236926, -0.73553389;
 0.0046379068, 0.35640207, 0.93432117, -1.048336;
 -0.020358972, -0.93410391, 0.35642025, -0.9401865;
 0, 0, 0, 1]
Ow:
[0.72109431;
 -0.51980984;
 1.3167346]
Keyframe: 41 Frame: 383 Frame from vFrameID : 384
Tcw:
[0.99957079, 0.01320755, -0.026150394, 0.75715315;
 -0.029183449, 0.37056589, -0.92834759, -0.54073584;
 -0.002570753, 0.92871225, 0.37079227, 1.3509387;
 0, 0, 0, 1]
Twc:
[0.99957079, -0.029183449, -0.002570753, -0.76913577;
 0.01320755, 0.37056589, 0.92871225, -1.0642552;
 -0.026150394, -0.92834759, 0.37079227, -0.98310858;
 0, 0, 0, 1]
Ow:
[0.75715315;
 -0.54073584;
 1.3509387]
Keyframe: 42 Frame: 392 Frame from vFrameID : 393
Tcw:
[0.99648905, -0.0096998103, -0.083159745, 0.80525082;
 -0.073184967, 0.38151082, -0.92146266, -0.5470354;
 0.040664356, 0.92431349, 0.37946147, 1.4065946;
 0, 0, 0, 1]
Twc:
[0.99648905, -0.073184967, 0.040664356, -0.89965659;
 -0.0096998103, 0.38151082, 0.92431349, -1.0836238;
 -0.083159745, -0.92146266, 0.37946147, -0.97085679;
 0, 0, 0, 1]
Ow:
[0.80525082;
 -0.5470354;
 1.4065946]
Keyframe: 43 Frame: 401 Frame from vFrameID : 402
Tcw:
[0.9994753, 0.012607115, -0.029835792, 0.79674721;
 -0.032374911, 0.36070383, -0.93211836, -0.54402465;
 -0.00098943932, 0.93259519, 0.36092272, 1.4914114;
 0, 0, 0, 1]
Twc:
[0.9994753, -0.032374911, -0.00098943932, -0.81246626;
 0.012607115, 0.36070383, 0.93259519, -1.2046959;
 -0.029835792, -0.93211836, 0.36092272, -1.021608;
 0, 0, 0, 1]
Ow:
[0.79674721;
 -0.54402465;
 1.4914114]
Keyframe: 44 Frame: 410 Frame from vFrameID : 411
Tcw:
[0.99892837, 0.039557591, 0.024027588, 0.83254302;
 0.0069972621, 0.38409993, -0.92326504, -0.58216769;
 -0.045751136, 0.92244375, 0.38341153, 1.5400896;
 0, 0, 0, 1]
Twc:
[0.99892837, 0.0069972621, -0.045751136, -0.75711638;
 0.039557591, 0.38409993, 0.92244375, -1.2299688;
 0.024027588, -0.92326504, 0.38341153, -1.1479871;
 0, 0, 0, 1]
Ow:
[0.83254302;
 -0.58216769;
 1.5400896]
Keyframe: 45 Frame: 418 Frame from vFrameID : 419
Tcw:
[0.99662781, -0.019748459, -0.079643384, 0.89185482;
 -0.067379884, 0.35697147, -0.93168199, -0.55796766;
 0.046829697, 0.9339065, 0.35443702, 1.5997849;
 0, 0, 0, 1]
Twc:
[0.99662781, -0.067379884, 0.046829697, -1.0013605;
 -0.019748459, 0.35697147, 0.9339065, -1.2772584;
 -0.079643384, -0.93168199, 0.35443702, -1.0158411;
 0, 0, 0, 1]
Ow:
[0.89185482;
 -0.55796766;
 1.5997849]
Keyframe: 46 Frame: 427 Frame from vFrameID : 428
Tcw:
[0.99423242, -0.039141256, -0.099848948, 0.92653102;
 -0.077018797, 0.38730416, -0.91872936, -0.55242527;
 0.074632131, 0.92112076, 0.38205573, 1.6620193;
 0, 0, 0, 1]
Twc:
[0.99423242, -0.077018797, 0.074632131, -1.0877744;
 -0.039141256, 0.38730416, 0.92112076, -1.2806982;
 -0.099848948, -0.91872936, 0.38205573, -1.0500001;
 0, 0, 0, 1]
Ow:
[0.92653102;
 -0.55242527;
 1.6620193]
Keyframe: 47 Frame: 436 Frame from vFrameID : 437
Tcw:
[0.99863654, -0.020748463, -0.047901221, 0.93444574;
 -0.036823694, 0.37041059, -0.9281379, -0.59408659;
 0.037000556, 0.92863637, 0.36914152, 1.7381108;
 0, 0, 0, 1]
Twc:
[0.99863654, -0.036823694, 0.037000556, -1.0193592;
 -0.020748463, 0.37041059, 0.92863637, -1.3746285;
 -0.047901221, -0.9281379, 0.36914152, -1.1482421;
 0, 0, 0, 1]
Ow:
[0.93444574;
 -0.59408659;
 1.7381108]
Keyframe: 48 Frame: 445 Frame from vFrameID : 446
Tcw:
[0.9993403, -0.028087905, -0.02302316, 0.97875977;
 -0.010296028, 0.38881618, -0.92125779, -0.59378433;
 0.034827981, 0.92088711, 0.38827047, 1.8126502;
 0, 0, 0, 1]
Twc:
[0.9993403, -0.010296028, 0.034827981, -1.0473586;
 -0.028087905, 0.38881618, 0.92088711, -1.4108819;
 -0.02302316, -0.92125779, 0.38827047, -1.2282929;
 0, 0, 0, 1]
Ow:
[0.97875977;
 -0.59378433;
 1.8126502]
Keyframe: 49 Frame: 454 Frame from vFrameID : 455
Tcw:
[0.98890781, -0.073785461, -0.12890705, 1.0266277;
 -0.096320115, 0.34207922, -0.93472147, -0.58591717;
 0.11306528, 0.93676972, 0.3311778, 1.8737774;
 0, 0, 0, 1]
Twc:
[0.98890781, -0.096320115, 0.11306528, -1.2835349;
 -0.073785461, 0.34207922, 0.93676972, -1.4791176;
 -0.12890705, -0.93472147, 0.3311778, -1.0358833;
 0, 0, 0, 1]
Ow:
[1.0266277;
 -0.58591717;
 1.8737774]
Keyframe: 50 Frame: 463 Frame from vFrameID : 464
Tcw:
[0.98711514, -0.096781492, -0.12742458, 1.0480133;
 -0.085249647, 0.35582489, -0.93065631, -0.59811664;
 0.13541114, 0.92952782, 0.34298956, 1.9360076;
 0, 0, 0, 1]
Twc:
[0.98711514, -0.085249647, 0.13541114, -1.3476561;
 -0.096781492, 0.35582489, 0.92952782, -1.48532;
 -0.12742458, -0.93065631, 0.34298956, -1.0871286;
 0, 0, 0, 1]
Ow:
[1.0480133;
 -0.59811664;
 1.9360076]
Keyframe: 51 Frame: 472 Frame from vFrameID : 473
Tcw:
[0.99640048, -0.060576238, -0.059301149, 1.0405637;
 -0.033755206, 0.35817489, -0.93304414, -0.63226187;
 0.077760488, 0.93168736, 0.35484084, 1.9860573;
 0, 0, 0, 1]
Twc:
[0.99640048, -0.033755206, 0.077760488, -1.212597;
 -0.060576238, 0.35817489, 0.93168736, -1.5608906;
 -0.059301149, -0.93304414, 0.35484084, -1.2329558;
 0, 0, 0, 1]
Ow:
[1.0405637;
 -0.63226187;
 1.9860573]
Keyframe: 52 Frame: 482 Frame from vFrameID : 483
Tcw:
[0.99778432, -0.054821778, -0.037696309, 1.0766109;
 -0.014302781, 0.37659743, -0.92626661, -0.64770204;
 0.064975917, 0.92475343, 0.37497893, 2.0652761;
 0, 0, 0, 1]
Twc:
[0.99778432, -0.014302781, 0.064975917, -1.2176826;
 -0.054821778, 0.37659743, 0.92475343, -1.6069267;
 -0.037696309, -0.92626661, 0.37497893, -1.3337955;
 0, 0, 0, 1]
Ow:
[1.0766109;
 -0.64770204;
 2.0652761]
Keyframe: 53 Frame: 491 Frame from vFrameID : 492
Tcw:
[0.98957497, -0.085487589, -0.11590191, 1.101034;
 -0.076009311, 0.37354571, -0.92449242, -0.63887459;
 0.12232728, 0.92366415, 0.36315364, 2.1405544;
 0, 0, 0, 1]
Twc:
[0.98957497, -0.076009311, 0.12232728, -1.3999645;
 -0.085487589, 0.37354571, 0.92366415, -1.6443797;
 -0.11590191, -0.92449242, 0.36315364, -1.2403729;
 0, 0, 0, 1]
Ow:
[1.101034;
 -0.63887459;
 2.1405544]
Keyframe: 54 Frame: 500 Frame from vFrameID : 501
Tcw:
[0.98858124, -0.098019376, -0.11445215, 1.1220474;
 -0.070320182, 0.37167022, -0.92569774, -0.67379093;
 0.13327476, 0.92317575, 0.36053348, 2.196496;
 0, 0, 0, 1]
Twc:
[0.98858124, -0.070320182, 0.13327476, -1.4493537;
 -0.098019376, 0.37167022, 0.92317575, -1.6673414;
 -0.11445215, -0.92569774, 0.36053348, -1.2872163;
 0, 0, 0, 1]
Ow:
[1.1220474;
 -0.67379093;
 2.196496]
Keyframe: 55 Frame: 509 Frame from vFrameID : 510
Tcw:
[0.99638563, -0.071246147, -0.046255991, 1.1358442;
 -0.015610686, 0.3816863, -0.92416006, -0.69149774;
 0.08349812, 0.92154193, 0.37919456, 2.2553554;
 0, 0, 0, 1]
Twc:
[0.99638563, -0.015610686, 0.08349812, -1.3308517;
 -0.071246147, 0.3816863, 0.92154193, -1.7335449;
 -0.046255991, -0.92416006, 0.37919456, -1.4417336;
 0, 0, 0, 1]
Ow:
[1.1358442;
 -0.69149774;
 2.2553554]
Keyframe: 56 Frame: 518 Frame from vFrameID : 519
Tcw:
[0.99382639, -0.081111096, -0.075697698, 1.1548585;
 -0.042092457, 0.35562253, -0.93368137, -0.69165635;
 0.10265172, 0.93110347, 0.35001287, 2.3289449;
 0, 0, 0, 1]
Twc:
[0.99382639, -0.042092457, 0.10265172, -1.4159124;
 -0.081111096, 0.35562253, 0.93110347, -1.8288481;
 -0.075697698, -0.93368137, 0.35001287, -1.3735272;
 0, 0, 0, 1]
Ow:
[1.1548585;
 -0.69165635;
 2.3289449]
Keyframe: 57 Frame: 527 Frame from vFrameID : 528
Tcw:
[0.98702449, -0.097830914, -0.12732549, 1.1934636;
 -0.082558692, 0.37091756, -0.92498875, -0.71341377;
 0.13771977, 0.92349839, 0.35802791, 2.3651652;
 0, 0, 0, 1]
Twc:
[0.98702449, -0.082558692, 0.13771977, -1.5626062;
 -0.097830914, 0.37091756, 0.92349839, -1.802851;
 -0.12732549, -0.92498875, 0.35802791, -1.3547366;
 0, 0, 0, 1]
Ow:
[1.1934636;
 -0.71341377;
 2.3651652]
Keyframe: 58 Frame: 536 Frame from vFrameID : 537
Tcw:
[0.98574996, -0.090639509, -0.14170931, 1.209199;
 -0.098121054, 0.37444323, -0.92204368, -0.71659899;
 0.13663568, 0.92280918, 0.36021376, 2.4234443;
 0, 0, 0, 1]
Twc:
[0.98574996, -0.098121054, 0.13663568, -1.5934101;
 -0.090639509, 0.37444323, 0.92280918, -1.8584497;
 -0.14170931, -0.92204368, 0.36021376, -1.3623388;
 0, 0, 0, 1]
Ow:
[1.209199;
 -0.71659899;
 2.4234443]
Keyframe: 59 Frame: 545 Frame from vFrameID : 546
Tcw:
[0.99416137, -0.065071575, -0.086074449, 1.2142462;
 -0.056446753, 0.36621514, -0.92881656, -0.72632176;
 0.091961324, 0.92825222, 0.36040387, 2.4818161;
 0, 0, 0, 1]
Twc:
[0.99416137, -0.056446753, 0.091961324, -1.4763862;
 -0.065071575, 0.36621514, 0.92825222, -1.9587482;
 -0.086074449, -0.92881656, 0.36040387, -1.4645603;
 0, 0, 0, 1]
Ow:
[1.2142462;
 -0.72632176;
 2.4818161]
Keyframe: 60 Frame: 554 Frame from vFrameID : 555
Tcw:
[0.99508667, -0.0614191, -0.077654146, 1.2158165;
 -0.050525136, 0.35949159, -0.9317795, -0.74570078;
 0.085145071, 0.93112487, 0.3546221, 2.5466959;
 0, 0, 0, 1]
Twc:
[0.99508667, -0.050525136, 0.085145071, -1.4643581;
 -0.0614191, 0.35949159, 0.93112487, -2.0285444;
 -0.077654146, -0.9317795, 0.3546221, -1.5035301;
 0, 0, 0, 1]
Ow:
[1.2158165;
 -0.74570078;
 2.5466959]
Keyframe: 61 Frame: 563 Frame from vFrameID : 564
Tcw:
[0.98259926, -0.099947728, -0.15655412, 1.2397635;
 -0.11024021, 0.36453494, -0.92464119, -0.75962639;
 0.14948523, 0.92581034, 0.34717348, 2.5793786;
 0, 0, 0, 1]
Twc:
[0.98259926, -0.11024021, 0.14948523, -1.6875111;
 -0.099947728, 0.36453494, 0.92581034, -1.9871935;
 -0.15655412, -0.92464119, 0.34717348, -1.4037838;
 0, 0, 0, 1]
Ow:
[1.2397635;
 -0.75962639;
 2.5793786]
Keyframe: 62 Frame: 573 Frame from vFrameID : 574
Tcw:
[0.98244905, -0.12978163, -0.1339798, 1.2541237;
 -0.076822162, 0.37300766, -0.92464244, -0.75385553;
 0.1699771, 0.91870672, 0.35649091, 2.6324594;
 0, 0, 0, 1]
Twc:
[0.98244905, -0.076822162, 0.1699771, -1.7374831;
 -0.12978163, 0.37300766, 0.91870672, -1.974502;
 -0.1339798, -0.92464244, 0.35649091, -1.4674674;
 0, 0, 0, 1]
Ow:
[1.2541237;
 -0.75385553;
 2.6324594]
Keyframe: 63 Frame: 582 Frame from vFrameID : 583
Tcw:
[0.98960066, -0.092491418, -0.11016291, 1.2681162;
 -0.071439289, 0.34869981, -0.93450785, -0.77788001;
 0.12484774, 0.93265951, 0.33846605, 2.6638942;
 0, 0, 0, 1]
Twc:
[0.98960066, -0.071439289, 0.12484774, -1.6430811;
 -0.092491418, 0.34869981, 0.93265951, -2.0959699;
 -0.11016291, -0.93450785, 0.33846605, -1.4888732;
 0, 0, 0, 1]
Ow:
[1.2681162;
 -0.77788001;
 2.6638942]
Keyframe: 64 Frame: 591 Frame from vFrameID : 592
Tcw:
[0.9955408, -0.058858059, -0.073717088, 1.2663302;
 -0.047059979, 0.36739019, -0.92887557, -0.79539216;
 0.081754752, 0.92820269, 0.36298206, 2.7012815;
 0, 0, 0, 1]
Twc:
[0.9955408, -0.047059979, 0.081754752, -1.5189573;
 -0.058858059, 0.36739019, 0.92820269, -2.1405838;
 -0.073717088, -0.92887557, 0.36298206, -1.6259869;
 0, 0, 0, 1]
Ow:
[1.2663302;
 -0.79539216;
 2.7012815]
Keyframe: 65 Frame: 600 Frame from vFrameID : 601
Tcw:
[0.98839492, -0.093683727, -0.11957763, 1.2969199;
 -0.07765016, 0.36497304, -0.92777431, -0.77641594;
 0.13055997, 0.92629266, 0.35346293, 2.7718737;
 0, 0, 0, 1]
Twc:
[0.98839492, -0.07765016, 0.13055997, -1.7040536;
 -0.093683727, 0.36497304, 0.92629266, -2.1626949;
 -0.11957763, -0.92777431, 0.35346293, -1.5450107;
 0, 0, 0, 1]
Ow:
[1.2969199;
 -0.77641594;
 2.7718737]
Keyframe: 66 Frame: 609 Frame from vFrameID : 610
Tcw:
[0.98823571, -0.097434491, -0.1178843, 1.2739801;
 -0.069248691, 0.40218553, -0.91293561, -0.78021395;
 0.13636278, 0.91035891, 0.3907069, 2.8079686;
 0, 0, 0, 1]
Twc:
[0.98823571, -0.069248691, 0.13636278, -1.6959239;
 -0.097434491, 0.40218553, 0.91035891, -2.1183388;
 -0.1178843, -0.91293561, 0.3907069, -1.6591955;
 0, 0, 0, 1]
Ow:
[1.2739801;
 -0.78021395;
 2.8079686]
Keyframe: 67 Frame: 617 Frame from vFrameID : 618
Tcw:
[0.99582738, -0.065213569, -0.063835494, 1.2758747;
 -0.034963124, 0.37349066, -0.92697483, -0.81217945;
 0.084293298, 0.9253388, 0.36965218, 2.8786993;
 0, 0, 0, 1]
Twc:
[0.99582738, -0.034963124, 0.084293298, -1.5416025;
 -0.065213569, 0.37349066, 0.9253388, -2.2772264;
 -0.063835494, -0.92697483, 0.36965218, -1.7355412;
 0, 0, 0, 1]
Ow:
[1.2758747;
 -0.81217945;
 2.8786993]
Keyframe: 68 Frame: 626 Frame from vFrameID : 627
Tcw:
[0.99947023, -0.014883067, -0.02894468, 1.2753699;
 -0.020771421, 0.39298141, -0.91931176, -0.78664702;
 0.0250569, 0.91942596, 0.39246407, 2.9149404;
 0, 0, 0, 1]
Twc:
[0.99947023, -0.020771421, 0.0250569, -1.3640733;
 -0.014883067, 0.39298141, 0.91942596, -2.3519528;
 -0.02894468, -0.91931176, 0.39246407, -1.8302681;
 0, 0, 0, 1]
Ow:
[1.2753699;
 -0.78664702;
 2.9149404]
Keyframe: 69 Frame: 635 Frame from vFrameID : 636
Tcw:
[0.99471194, -0.041593947, -0.093904495, 1.2792317;
 -0.072205305, 0.366999, -0.92741477, -0.68003356;
 0.073037691, 0.92929095, 0.36205497, 2.9935825;
 0, 0, 0, 1]
Twc:
[0.99471194, -0.072205305, 0.073037691, -1.5402135;
 -0.041593947, 0.366999, 0.92929095, -2.4791291;
 -0.093904495, -0.92741477, 0.36205497, -1.594389;
 0, 0, 0, 1]
Ow:
[1.2792317;
 -0.68003356;
 2.9935825]
Keyframe: 70 Frame: 644 Frame from vFrameID : 645
Tcw:
[0.9932946, -0.057085149, -0.10053444, 1.2710862;
 -0.072306231, 0.37178183, -0.92549992, -0.70570743;
 0.090209179, 0.92656332, 0.36516127, 3.0387266;
 0, 0, 0, 1]
Twc:
[0.9932946, -0.072306231, 0.090209179, -1.5877111;
 -0.057085149, 0.37178183, 0.92656332, -2.480643;
 -0.10053444, -0.92549992, 0.36516127, -1.6349694;
 0, 0, 0, 1]
Ow:
[1.2710862;
 -0.70570743;
 3.0387266]
Keyframe: 71 Frame: 653 Frame from vFrameID : 654
Tcw:
[0.99897492, -0.009870952, -0.044177689, 1.2970846;
 -0.038180381, 0.34054884, -0.93945128, -0.74725091;
 0.024317939, 0.940175, 0.33982289, 3.0882659;
 0, 0, 0, 1]
Twc:
[0.99897492, -0.038180381, 0.024317939, -1.3993855;
 -0.009870952, 0.34054884, 0.940175, -2.6362314;
 -0.044177689, -0.93945128, 0.33982289, -1.6941671;
 0, 0, 0, 1]
Ow:
[1.2970846;
 -0.74725091;
 3.0882659]
Keyframe: 72 Frame: 662 Frame from vFrameID : 663
Tcw:
[0.99991405, -0.0072772377, -0.010906193, 1.2657769;
 -0.0075266501, 0.36250535, -0.93195128, -0.72600514;
 0.010735584, 0.93195325, 0.36241943, 3.1585815;
 0, 0, 0, 1]
Twc:
[0.99991405, -0.0075266501, 0.010735584, -1.3050417;
 -0.0072772377, 0.36250535, 0.93195325, -2.6712584;
 -0.010906193, -0.93195128, 0.36241943, -1.8075279;
 0, 0, 0, 1]
Ow:
[1.2657769;
 -0.72600514;
 3.1585815]
Keyframe: 73 Frame: 671 Frame from vFrameID : 672
Tcw:
[0.99421871, -0.046057902, -0.09699405, 1.2702292;
 -0.074470498, 0.35497347, -0.93190557, -0.73793435;
 0.077351928, 0.93374115, 0.3494913, 3.2176728;
 0, 0, 0, 1]
Twc:
[0.99421871, -0.074470498, 0.077351928, -1.5667331;
 -0.046057902, 0.35497347, 0.93374115, -2.6840222;
 -0.09699405, -0.93190557, 0.3494913, -1.6890291;
 0, 0, 0, 1]
Ow:
[1.2702292;
 -0.73793435;
 3.2176728]
Keyframe: 74 Frame: 679 Frame from vFrameID : 680
Tcw:
[0.99435848, -0.050074387, -0.093508109, 1.2959917;
 -0.070173889, 0.35051131, -0.93392581, -0.74730313;
 0.079541415, 0.93521887, 0.34502, 3.2866805;
 0, 0, 0, 1]
Twc:
[0.99435848, -0.070173889, 0.079541415, -1.6025487;
 -0.050074387, 0.35051131, 0.93521887, -2.7469316;
 -0.093508109, -0.93392581, 0.34502, -1.7107104;
 0, 0, 0, 1]
Ow:
[1.2959917;
 -0.74730313;
 3.2866805]
Keyframe: 75 Frame: 688 Frame from vFrameID : 689
Tcw:
[0.99997914, -0.0051909531, -0.0038403354, 1.2897787;
 -0.0018495867, 0.33955458, -0.94058454, -0.76784039;
 0.0061865337, 0.94057202, 0.33953792, 3.3239331;
 0, 0, 0, 1]
Twc:
[0.99997914, -0.0018495867, 0.0061865337, -1.3117357;
 -0.0051909531, 0.33955458, 0.94057202, -2.8589795;
 -0.0038403354, -0.94058454, 0.33953792, -1.8458668;
 0, 0, 0, 1]
Ow:
[1.2897787;
 -0.76784039;
 3.3239331]
Keyframe: 76 Frame: 697 Frame from vFrameID : 698
Tcw:
[0.99943036, 0.0090697045, 0.03250641, 1.2130202;
 0.0277244, 0.3285588, -0.94407654, -0.80659759;
 -0.019242762, 0.94443995, 0.3281202, 3.3919339;
 0, 0, 0, 1]
Twc:
[0.99943036, 0.0277244, -0.019242762, -1.1246966;
 0.0090697045, 0.3285588, 0.94443995, -2.949465;
 0.03250641, -0.94407654, 0.3281202, -1.9138829;
 0, 0, 0, 1]
Ow:
[1.2130202;
 -0.80659759;
 3.3919339]
Keyframe: 77 Frame: 706 Frame from vFrameID : 707
Tcw:
[0.9979713, -0.018924654, -0.060787253, 1.2916209;
 -0.050922967, 0.33578131, -0.94056249, -0.83844793;
 0.03821104, 0.94174981, 0.33413643, 3.4221983;
 0, 0, 0, 1]
Twc:
[0.9979713, -0.050922967, 0.03821104, -1.4624625;
 -0.018924654, 0.33578131, 0.94174981, -2.9168761;
 -0.060787253, -0.94056249, 0.33413643, -1.8535796;
 0, 0, 0, 1]
Ow:
[1.2916209;
 -0.83844793;
 3.4221983]
Keyframe: 78 Frame: 714 Frame from vFrameID : 715
Tcw:
[0.99818057, -0.029451253, -0.052614007, 1.3262286;
 -0.039138652, 0.34730303, -0.93693584, -0.85625768;
 0.04586694, 0.93729037, 0.34551844, 3.4692142;
 0, 0, 0, 1]
Twc:
[0.99818057, -0.039138652, 0.04586694, -1.5164505;
 -0.029451253, 0.34730303, 0.93729037, -2.915221;
 -0.052614007, -0.93693584, 0.34551844, -1.9311578;
 0, 0, 0, 1]
Ow:
[1.3262286;
 -0.85625768;
 3.4692142]
Keyframe: 79 Frame: 723 Frame from vFrameID : 724
Tcw:
[0.99998647, -0.0051827058, -0.0004987744, 1.3320931;
 0.0013254852, 0.34604058, -0.93821859, -0.85755551;
 0.0050351075, 0.93820524, 0.34604275, 3.5125704;
 0, 0, 0, 1]
Twc:
[0.99998647, 0.0013254852, 0.0050351075, -1.3486245;
 -0.0051827058, 0.34604058, 0.93820524, -2.9918592;
 -0.0004987744, -0.93821859, 0.34604275, -2.0194097;
 0, 0, 0, 1]
Ow:
[1.3320931;
 -0.85755551;
 3.5125704]
Keyframe: 80 Frame: 732 Frame from vFrameID : 733
Tcw:
[0.99882925, -0.017965246, -0.044914801, 1.3773414;
 -0.036102232, 0.34116027, -0.93931162, -0.86853236;
 0.032198109, 0.93983346, 0.3401123, 3.5578725;
 0, 0, 0, 1]
Twc:
[0.99882925, -0.036102232, 0.032198109, -1.5216416;
 -0.017965246, 0.34116027, 0.93983346, -3.0227547;
 -0.044914801, -0.93931162, 0.3401123, -1.9640356;
 0, 0, 0, 1]
Ow:
[1.3773414;
 -0.86853236;
 3.5578725]
Keyframe: 81 Frame: 741 Frame from vFrameID : 742
Tcw:
[0.99273443, -0.073675044, -0.095133446, 1.3916612;
 -0.064904906, 0.33786848, -0.93895274, -0.86632609;
 0.10131998, 0.93830532, 0.33063179, 3.5952151;
 0, 0, 0, 1]
Twc:
[0.99273443, -0.064904906, 0.10131998, -1.8020458;
 -0.073675044, 0.33786848, 0.93830532, -2.9781744;
 -0.095133446, -0.93895274, 0.33063179, -1.8697382;
 0, 0, 0, 1]
Ow:
[1.3916612;
 -0.86632609;
 3.5952151]
Keyframe: 82 Frame: 748 Frame from vFrameID : 749
Tcw:
[0.99642283, -0.041593965, -0.073563196, 1.4082626;
 -0.054817088, 0.34438589, -0.93722647, -0.8949002;
 0.064317092, 0.93790632, 0.3408739, 3.638103;
 0, 0, 0, 1]
Twc:
[0.99642283, -0.054817088, 0.064317092, -1.686273;
 -0.041593965, 0.34438589, 0.93790632, -3.0454338;
 -0.073563196, -0.93722647, 0.3408739, -1.9752623;
 0, 0, 0, 1]
Ow:
[1.4082626;
 -0.8949002;
 3.638103]
Keyframe: 83 Frame: 756 Frame from vFrameID : 757
Tcw:
[0.99967474, 0.024805333, 0.0059227636, 1.4055512;
 -0.0025959881, 0.33001259, -0.94397295, -0.9294796;
 -0.025370151, 0.94365054, 0.32996964, 3.6558499;
 0, 0, 0, 1]
Twc:
[0.99967474, -0.0025959881, -0.025370151, -1.3147575;
 0.024805333, 0.33001259, 0.94365054, -3.1779699;
 0.0059227636, -0.94397295, 0.32996964, -2.0920479;
 0, 0, 0, 1]
Ow:
[1.4055512;
 -0.9294796;
 3.6558499]
Keyframe: 84 Frame: 764 Frame from vFrameID : 765
Tcw:
[0.99915504, 0.033667888, 0.023572294, 1.4173248;
 0.0095023848, 0.36876363, -0.92947465, -0.94515097;
 -0.039986052, 0.92891324, 0.36813211, 3.6950338;
 0, 0, 0, 1]
Twc:
[0.99915504, 0.0095023848, -0.039986052, -1.2593962;
 0.033667888, 0.36876363, 0.92891324, -3.131547;
 0.023572294, -0.92947465, 0.36813211, -2.2721641;
 0, 0, 0, 1]
Ow:
[1.4173248;
 -0.94515097;
 3.6950338]
Keyframe: 85 Frame: 772 Frame from vFrameID : 773
Tcw:
[0.99999243, -0.0035793909, -0.0015412279, 1.4671229;
 -0.00022831983, 0.34099066, -0.94006664, -0.94418478;
 0.0038904103, 0.94005984, 0.34098727, 3.7439098;
 0, 0, 0, 1]
Twc:
[0.99999243, -0.00022831983, 0.0038904103, -1.4818926;
 -0.0035793909, 0.34099066, 0.94005984, -3.1922898;
 -0.0015412279, -0.94006664, 0.34098727, -2.1619611;
 0, 0, 0, 1]
Ow:
[1.4671229;
 -0.94418478;
 3.7439098]
Keyframe: 86 Frame: 781 Frame from vFrameID : 782
Tcw:
[0.99906743, -0.0058676084, -0.042776354, 1.4796474;
 -0.038008891, 0.35048589, -0.93579644, -0.96407199;
 0.020483395, 0.9365496, 0.34993601, 3.7740092;
 0, 0, 0, 1]
Twc:
[0.99906743, -0.038008891, 0.020483395, -1.5922154;
 -0.0058676084, 0.35048589, 0.9365496, -3.1879714;
 -0.042776354, -0.93579644, 0.34993601, -2.159543;
 0, 0, 0, 1]
Ow:
[1.4796474;
 -0.96407199;
 3.7740092]
Keyframe: 87 Frame: 790 Frame from vFrameID : 791
Tcw:
[0.9997263, 0.023178112, 0.0031803942, 1.4792758;
 -0.0046138121, 0.32859877, -0.94445837, -0.99279881;
 -0.022935834, 0.94418514, 0.32861578, 3.8275151;
 0, 0, 0, 1]
Twc:
[0.9997263, -0.0046138121, -0.022935834, -1.3956642;
 0.023178112, 0.32859877, 0.94418514, -3.3219376;
 0.0031803942, -0.94445837, 0.32861578, -2.2001436;
 0, 0, 0, 1]
Ow:
[1.4792758;
 -0.99279881;
 3.8275151]
Keyframe: 88 Frame: 799 Frame from vFrameID : 800
Tcw:
[0.9984026, 0.045203548, 0.033895306, 1.4891547;
 0.014892898, 0.36814797, -0.92964792, -1.0024186;
 -0.054501873, 0.92866772, 0.36688668, 3.8479571;
 0, 0, 0, 1]
Twc:
[0.9984026, 0.014892898, -0.054501873, -1.2621261;
 0.045203548, 0.36814797, 0.92866772, -3.27175;
 0.033895306, -0.92964792, 0.36688668, -2.394136;
 0, 0, 0, 1]
Ow:
[1.4891547;
 -1.0024186;
 3.8479571]
Keyframe: 89 Frame: 807 Frame from vFrameID : 808
Tcw:
[0.99983585, 0.0086395424, -0.015925644, 1.5037522;
 -0.017905718, 0.33696452, -0.94134706, -0.94578743;
 -0.0027664308, 0.94147772, 0.33706391, 3.8929563;
 0, 0, 0, 1]
Twc:
[0.99983585, -0.017905718, -0.0027664308, -1.5096709;
 0.0086395424, 0.33696452, 0.94147772, -3.3594265;
 -0.015925644, -0.94134706, 0.33706391, -2.1785409;
 0, 0, 0, 1]
Ow:
[1.5037522;
 -0.94578743;
 3.8929563]
Keyframe: 90 Frame: 815 Frame from vFrameID : 816
Tcw:
[0.99815112, -0.0078915535, -0.060266469, 1.537077;
 -0.053410545, 0.35938296, -0.93166047, -0.96269023;
 0.029010991, 0.93315679, 0.35829702, 3.911195;
 0, 0, 0, 1]
Twc:
[0.99815112, -0.053410545, 0.029010991, -1.6991206;
 -0.0078915535, 0.35938296, 0.93315679, -3.2916536;
 -0.060266469, -0.93166047, 0.35829702, -2.2056355;
 0, 0, 0, 1]
Ow:
[1.537077;
 -0.96269023;
 3.911195]
Keyframe: 91 Frame: 823 Frame from vFrameID : 824
Tcw:
[0.9986034, -0.0051235985, -0.052583497, 1.5573138;
 -0.047337826, 0.35519442, -0.93359309, -0.96482635;
 0.023460722, 0.93477839, 0.35445583, 3.945343;
 0, 0, 0, 1]
Twc:
[0.9986034, -0.047337826, 0.023460722, -1.6933721;
 -0.0051235985, 0.35519442, 0.93477839, -3.3373415;
 -0.052583497, -0.93359309, 0.35445583, -2.2173162;
 0, 0, 0, 1]
Ow:
[1.5573138;
 -0.96482635;
 3.945343]
Keyframe: 92 Frame: 832 Frame from vFrameID : 833
Tcw:
[0.99936432, 0.035065725, 0.0064325221, 1.5622169;
 -0.0078983698, 0.3937206, -0.91919625, -0.97290909;
 -0.034764901, 0.9185611, 0.3937473, 3.9799972;
 0, 0, 0, 1]
Twc:
[0.99936432, -0.0078983698, -0.034764901, -1.4305439;
 0.035065725, 0.3937206, 0.9185611, -3.3275964;
 0.0064325221, -0.91919625, 0.3937473, -2.4714563;
 0, 0, 0, 1]
Ow:
[1.5622169;
 -0.97290909;
 3.9799972]
Keyframe: 93 Frame: 840 Frame from vFrameID : 841
Tcw:
[0.99979872, 0.019704042, -0.0037814945, 1.5827631;
 -0.010959744, 0.37848058, -0.92554432, -0.97672629;
 -0.016805742, 0.92539948, 0.37862033, 4.0105133;
 0, 0, 0, 1]
Twc:
[0.99979872, -0.010959744, -0.016805742, -1.5257494;
 0.019704042, 0.37848058, 0.92539948, -3.3728421;
 -0.0037814945, -0.92554432, 0.37862033, -2.4164803;
 0, 0, 0, 1]
Ow:
[1.5827631;
 -0.97672629;
 4.0105133]
Keyframe: 94 Frame: 848 Frame from vFrameID : 849
Tcw:
[0.99472898, -0.0282782, -0.098562695, 1.5984211;
 -0.083159059, 0.33988208, -0.93678427, -0.93631124;
 0.059990264, 0.94004285, 0.33573896, 4.051363;
 0, 0, 0, 1]
Twc:
[0.99472898, -0.083159059, 0.059990264, -1.9109008;
 -0.0282782, 0.33988208, 0.94004285, -3.4450188;
 -0.098562695, -0.93678427, 0.33573896, -2.0797772;
 0, 0, 0, 1]
Ow:
[1.5984211;
 -0.93631124;
 4.051363]
Keyframe: 95 Frame: 856 Frame from vFrameID : 857
Tcw:
[0.99052751, -0.053610537, -0.1264165, 1.6267394;
 -0.10092516, 0.34001976, -0.93498701, -0.93670428;
 0.093109265, 0.93888897, 0.33138826, 4.078619;
 0, 0, 0, 1]
Twc:
[0.99052751, -0.10092516, 0.093109265, -2.0856245;
 -0.053610537, 0.34001976, 0.93888897, -3.4236619;
 -0.1264165, -0.93498701, 0.33138826, -2.0217659;
 0, 0, 0, 1]
Ow:
[1.6267394;
 -0.93670428;
 4.078619]
Keyframe: 96 Frame: 865 Frame from vFrameID : 866
Tcw:
[0.99961823, 0.0039564711, -0.027344648, 1.5992699;
 -0.027134042, 0.32714283, -0.94458526, -0.98190975;
 0.0052083815, 0.94496661, 0.32712531, 4.1124625;
 0, 0, 0, 1]
Twc:
[0.99961823, -0.027134042, 0.0052083815, -1.6467218;
 0.0039564711, 0.32714283, 0.94496661, -3.5712423;
 -0.027344648, -0.94458526, 0.32712531, -2.2290564;
 0, 0, 0, 1]
Ow:
[1.5992699;
 -0.98190975;
 4.1124625]
Keyframe: 97 Frame: 874 Frame from vFrameID : 875
Tcw:
[0.99965256, 0.026120063, -0.0035372619, 1.6087754;
 -0.013596384, 0.39601538, -0.91814321, -0.97534871;
 -0.022581147, 0.91787231, 0.39623293, 4.1417556;
 0, 0, 0, 1]
Twc:
[0.99965256, -0.013596384, -0.022581147, -1.527952;
 0.026120063, 0.39601538, 0.91787231, -3.457371;
 -0.0035372619, -0.91814321, 0.39623293, -2.5309191;
 0, 0, 0, 1]
Ow:
[1.6087754;
 -0.97534871;
 4.1417556]
Keyframe: 98 Frame: 884 Frame from vFrameID : 885
Tcw:
[0.99675298, -0.015186461, -0.0790748, 1.6471555;
 -0.068381995, 0.35885164, -0.93088633, -0.95996869;
 0.042512991, 0.93327105, 0.356648, 4.1636815;
 0, 0, 0, 1]
Twc:
[0.99675298, -0.068381995, 0.042512991, -1.8844624;
 -0.015186461, 0.35885164, 0.93327105, -3.5163424;
 -0.0790748, -0.93088633, 0.356648, -2.2483418;
 0, 0, 0, 1]
Ow:
[1.6471555;
 -0.95996869;
 4.1636815]
Keyframe: 99 Frame: 893 Frame from vFrameID : 894
Tcw:
[0.99783486, -0.034386184, -0.056064252, 1.6050438;
 -0.037378632, 0.40489066, -0.9136008, -0.94898832;
 0.054115139, 0.91371828, 0.40272871, 4.1841078;
 0, 0, 0, 1]
Twc:
[0.99783486, -0.037378632, 0.054115139, -1.8634641;
 -0.034386184, 0.40489066, 0.91371828, -3.3836684;
 -0.056064252, -0.9136008, 0.40272871, -2.4620712;
 0, 0, 0, 1]
Ow:
[1.6050438;
 -0.94898832;
 4.1841078]
Keyframe: 100 Frame: 903 Frame from vFrameID : 904
Tcw:
[0.99671221, -0.033236697, 0.073892809, 1.5690376;
 0.081005506, 0.42804599, -0.9001193, -0.95206189;
 -0.0017125267, 0.90314561, 0.429331, 4.2070255;
 0, 0, 0, 1]
Twc:
[0.99671221, 0.081005506, -0.0017125267, -1.4795519;
 -0.033236697, 0.42804599, 0.90314561, -3.3398805;
 0.073892809, -0.9001193, 0.429331, -2.7791162;
 0, 0, 0, 1]
Ow:
[1.5690376;
 -0.95206189;
 4.2070255]
Keyframe: 101 Frame: 913 Frame from vFrameID : 914
Tcw:
[0.9989987, 0.013093445, 0.042780105, 1.5106075;
 0.031827576, 0.46401653, -0.88525456, -0.92235231;
 -0.031441711, 0.88572979, 0.46313518, 4.2598267;
 0, 0, 0, 1]
Twc:
[0.9989987, 0.031827576, -0.031441711, -1.3458024;
 0.013093445, 0.46401653, 0.88572979, -3.3648472;
 0.042780105, -0.88525456, 0.46313518, -2.8540161;
 0, 0, 0, 1]
Ow:
[1.5106075;
 -0.92235231;
 4.2598267]
Keyframe: 102 Frame: 921 Frame from vFrameID : 922
Tcw:
[0.99799305, -0.053023953, -0.034617253, 1.5685331;
 -0.0086615765, 0.42722845, -0.90410221, -0.92768252;
 0.062728547, 0.90258759, 0.42591172, 4.2596149;
 0, 0, 0, 1]
Twc:
[0.99799305, -0.0086615765, 0.062728547, -1.8406197;
 -0.053023953, 0.42722845, 0.90258759, -3.3651731;
 -0.034617253, -0.90410221, 0.42591172, -2.5986414;
 0, 0, 0, 1]
Ow:
[1.5685331;
 -0.92768252;
 4.2596149]
Keyframe: 103 Frame: 929 Frame from vFrameID : 930
Tcw:
[0.99771667, -0.054395337, 0.04003315, 1.5801885;
 0.061350379, 0.4820601, -0.8739875, -0.95809937;
 0.028242461, 0.87444794, 0.48429656, 4.2940187;
 0, 0, 0, 1]
Twc:
[0.99771667, 0.061350379, 0.028242461, -1.6390742;
 -0.054395337, 0.4820601, 0.87444794, -3.2070794;
 0.04003315, -0.8739875, 0.48429656, -2.9802053;
 0, 0, 0, 1]
Ow:
[1.5801885;
 -0.95809937;
 4.2940187]
Keyframe: 104 Frame: 938 Frame from vFrameID : 939
Tcw:
[0.98695332, -0.0057224692, 0.16090491, 1.5456467;
 0.14298438, 0.49057889, -0.85958582, -0.99307311;
 -0.074017599, 0.871378, 0.48499671, 4.313138;
 0, 0, 0, 1]
Twc:
[0.98695332, 0.14298438, -0.074017599, -1.064239;
 -0.0057224692, 0.49057889, 0.871378, -3.2623479;
 0.16090491, -0.85958582, 0.48499671, -3.1941915;
 0, 0, 0, 1]
Ow:
[1.5456467;
 -0.99307311;
 4.313138]
Keyframe: 105 Frame: 948 Frame from vFrameID : 949
Tcw:
[0.98965579, 0.00050039549, 0.14346115, 1.5635529;
 0.12523051, 0.48485178, -0.86558425, -1.0011095;
 -0.069990531, 0.87459618, 0.4797737, 4.3414354;
 0, 0, 0, 1]
Twc:
[0.98965579, 0.12523051, -0.069990531, -1.1181505;
 0.00050039549, 0.48485178, 0.87459618, -3.3123953;
 0.14346115, -0.86558425, 0.4797737, -3.1737602;
 0, 0, 0, 1]
Ow:
[1.5635529;
 -1.0011095;
 4.3414354]
Keyframe: 106 Frame: 958 Frame from vFrameID : 959
Tcw:
[0.98821813, 0.025508972, 0.1509112, 1.5398183;
 0.11969864, 0.48565105, -0.86591876, -1.0260465;
 -0.095378876, 0.87378049, 0.47687581, 4.4090767;
 0, 0, 0, 1]
Twc:
[0.98821813, 0.11969864, -0.095378876, -0.97832727;
 0.025508972, 0.48565105, 0.87378049, -3.3935437;
 0.1509112, -0.86591876, 0.47687581, -3.2234306;
 0, 0, 0, 1]
Ow:
[1.5398183;
 -1.0260465;
 4.4090767]
Keyframe: 107 Frame: 968 Frame from vFrameID : 969
Tcw:
[0.97644901, 0.10337656, 0.18936908, 1.5520792;
 0.11328754, 0.50131595, -0.85781598, -1.0491081;
 -0.18361181, 0.85906672, 0.47779816, 4.4456587;
 0, 0, 0, 1]
Twc:
[0.97644901, 0.11328754, -0.18361181, -0.58039993;
 0.10337656, 0.50131595, 0.85906672, -3.4536314;
 0.18936908, -0.85781598, 0.47779816, -3.3179853;
 0, 0, 0, 1]
Ow:
[1.5520792;
 -1.0491081;
 4.4456587]
Keyframe: 108 Frame: 978 Frame from vFrameID : 979
Tcw:
[0.98858839, 0.070004895, 0.13338767, 1.5798116;
 0.087308027, 0.45532027, -0.88603652, -1.0073428;
 -0.122761, 0.88757128, 0.44401234, 4.4780202;
 0, 0, 0, 1]
Twc:
[0.98858839, 0.087308027, -0.122761, -0.92410791;
 0.070004895, 0.45532027, 0.88757128, -3.626493;
 0.13338767, -0.88603652, 0.44401234, -3.0915663;
 0, 0, 0, 1]
Ow:
[1.5798116;
 -1.0073428;
 4.4780202]
Keyframe: 109 Frame: 987 Frame from vFrameID : 988
Tcw:
[0.99740213, 0.020575125, 0.069034018, 1.6086425;
 0.050082639, 0.49075249, -0.86985844, -1.007414;
 -0.051776063, 0.87105608, 0.48844713, 4.5207853;
 0, 0, 0, 1]
Twc:
[0.99740213, 0.050082639, -0.051776063, -1.319941;
 0.020575125, 0.49075249, 0.87105608, -3.4765642;
 0.069034018, -0.86985844, 0.48844713, -3.195523;
 0, 0, 0, 1]
Ow:
[1.6086425;
 -1.007414;
 4.5207853]
Keyframe: 110 Frame: 998 Frame from vFrameID : 999
Tcw:
[0.99958295, -0.0096523594, 0.027216779, 1.6137389;
 0.028666878, 0.44534597, -0.89489955, -1.002879;
 -0.0034829902, 0.89530653, 0.44543692, 4.5635834;
 0, 0, 0, 1]
Twc:
[0.99958295, 0.028666878, -0.0034829902, -1.5684215;
 -0.0096523594, 0.44534597, 0.89530653, -3.6236014;
 0.027216779, -0.89489955, 0.44543692, -2.9741852;
 0, 0, 0, 1]
Ow:
[1.6137389;
 -1.002879;
 4.5635834]
Keyframe: 111 Frame: 1007 Frame from vFrameID : 1008
Tcw:
[0.99922282, 0.0090769725, 0.038359214, 1.6260619;
 0.031364854, 0.40634716, -0.91318029, -1.0107801;
 -0.023876069, 0.9136737, 0.40574664, 4.6309361;
 0, 0, 0, 1]
Twc:
[0.99922282, 0.031364854, -0.023876069, -1.4825265;
 0.0090769725, 0.40634716, 0.9136737, -3.8351963;
 0.038359214, -0.91318029, 0.40574664, -2.8643856;
 0, 0, 0, 1]
Ow:
[1.6260619;
 -1.0107801;
 4.6309361]
Keyframe: 112 Frame: 1018 Frame from vFrameID : 1019
Tcw:
[0.99986434, -0.011956926, -0.011329463, 1.6378682;
 -0.0064283651, 0.35001257, -0.93672293, -0.99157047;
 0.015165782, 0.93666869, 0.34988824, 4.7009249;
 0, 0, 0, 1]
Twc:
[0.99986434, -0.0064283651, 0.015165782, -1.7153133;
 -0.011956926, 0.35001257, 0.93666869, -4.0365629;
 -0.011329463, -0.93672293, 0.34988824, -2.555069;
 0, 0, 0, 1]
Ow:
[1.6378682;
 -0.99157047;
 4.7009249]
Keyframe: 113 Frame: 1027 Frame from vFrameID : 1028
Tcw:
[0.99966049, -0.024021897, 0.010091604, 1.6407336;
 0.018015454, 0.35742959, -0.93376631, -1.0010829;
 0.018823801, 0.93363112, 0.357741, 4.746562;
 0, 0, 0, 1]
Twc:
[0.99966049, 0.018015454, 0.018823801, -1.7114898;
 -0.024021897, 0.35742959, 0.93363112, -4.0343075;
 0.010091604, -0.93376631, 0.357741, -2.649375;
 0, 0, 0, 1]
Ow:
[1.6407336;
 -1.0010829;
 4.746562]
Keyframe: 114 Frame: 1037 Frame from vFrameID : 1038
Tcw:
[0.99868, 0.010478205, 0.050284214, 1.6491507;
 0.043748576, 0.33943963, -0.93960994, -1.0196067;
 -0.026913879, 0.94056946, 0.33853316, 4.7862558;
 0, 0, 0, 1]
Twc:
[0.99868, 0.043748576, -0.026913879, -1.4735508;
 0.010478205, 0.33943963, 0.94056946, -4.1729918;
 0.050284214, -0.93960994, 0.33853316, -2.6612651;
 0, 0, 0, 1]
Ow:
[1.6491507;
 -1.0196067;
 4.7862558]
Keyframe: 115 Frame: 1045 Frame from vFrameID : 1046
Tcw:
[0.99771076, 0.038876932, 0.055333424, 1.6607624;
 0.038278524, 0.3498733, -0.93601465, -1.0333905;
 -0.055749066, 0.93598998, 0.34758422, 4.8199654;
 0, 0, 0, 1]
Twc:
[0.99771076, 0.038278524, -0.055749066, -1.3486954;
 0.038876932, 0.3498733, 0.93598998, -4.2144489;
 0.055333424, -0.93601465, 0.34758422, -2.7345083;
 0, 0, 0, 1]
Ow:
[1.6607624;
 -1.0333905;
 4.8199654]
Keyframe: 116 Frame: 1053 Frame from vFrameID : 1054
Tcw:
[0.99981898, 0.014818753, 0.011934537, 1.6614536;
 0.0061231493, 0.34328267, -0.9392122, -1.0369995;
 -0.018014872, 0.93911523, 0.34312978, 4.8432422;
 0, 0, 0, 1]
Twc:
[0.99981898, 0.0061231493, -0.018014872, -1.5675527;
 0.014818753, 0.34328267, 0.93911523, -4.2169991;
 0.011934537, -0.9392122, 0.34312978, -2.6556518;
 0, 0, 0, 1]
Ow:
[1.6614536;
 -1.0369995;
 4.8432422]
Keyframe: 117 Frame: 1061 Frame from vFrameID : 1062
Tcw:
[0.99988216, 0.0084160613, 0.012838976, 1.6748126;
 0.0089270938, 0.36162734, -0.93228, -1.0400511;
 -0.012489051, 0.93228471, 0.36150959, 4.8793917;
 0, 0, 0, 1]
Twc:
[0.99988216, 0.0089270938, -0.012489051, -1.6043916;
 0.0084160613, 0.36162734, 0.93228471, -4.1869669;
 0.012838976, -0.93228, 0.36150959, -2.7550685;
 0, 0, 0, 1]
Ow:
[1.6748126;
 -1.0400511;
 4.8793917]
Keyframe: 118 Frame: 1070 Frame from vFrameID : 1071
Tcw:
[0.99757177, 0.045479361, 0.05274605, 1.6938972;
 0.032717712, 0.36255494, -0.9313879, -1.033592;
 -0.061482269, 0.93085206, 0.36018661, 4.90938;
 0, 0, 0, 1]
Twc:
[0.99757177, 0.032717712, -0.061482269, -1.3541276;
 0.045479361, 0.36255494, 0.93085206, -4.2722096;
 0.05274605, -0.9313879, 0.36018661, -2.8203144;
 0, 0, 0, 1]
Ow:
[1.6938972;
 -1.033592;
 4.90938]
Keyframe: 119 Frame: 1080 Frame from vFrameID : 1081
Tcw:
[0.99991632, 0.011437294, 0.0060501881, 1.7018517;
 0.0022342703, 0.30794629, -0.95140111, -1.0449991;
 -0.012744587, 0.95133501, 0.30789497, 4.961422;
 0, 0, 0, 1]
Twc:
[0.99991632, 0.0022342703, -0.012744587, -1.6361432;
 0.011437294, 0.30794629, 0.95133501, -4.417635;
 0.0060501881, -0.95140111, 0.30789497, -2.5321066;
 0, 0, 0, 1]
Ow:
[1.7018517;
 -1.0449991;
 4.961422]
Keyframe: 120 Frame: 1089 Frame from vFrameID : 1090
Tcw:
[0.99998236, -0.0055646347, -0.002090507, 1.7121062;
 3.3880349e-06, 0.35221273, -0.93592, -1.0661194;
 0.0059443559, 0.93590343, 0.35220653, 4.9845753;
 0, 0, 0, 1]
Twc:
[0.99998236, 3.3880349e-06, 0.0059443559, -1.7417024;
 -0.0055646347, 0.35221273, 0.93590343, -4.2800531;
 -0.002090507, -0.93592, 0.35220653, -2.7498233;
 0, 0, 0, 1]
Ow:
[1.7121062;
 -1.0661194;
 4.9845753]
Keyframe: 121 Frame: 1098 Frame from vFrameID : 1099
Tcw:
[0.99571449, 0.046558358, 0.079906285, 1.7043908;
 0.05990003, 0.33361888, -0.94080305, -1.0487278;
 -0.070460491, 0.94155765, 0.3294003, 5.0233436;
 0, 0, 0, 1]
Twc:
[0.99571449, 0.05990003, -0.070460491, -1.2803205;
 0.046558358, 0.33361888, 0.94155765, -4.4592452;
 0.079906285, -0.94080305, 0.3294003, -2.7775288;
 0, 0, 0, 1]
Ow:
[1.7043908;
 -1.0487278;
 5.0233436]
Keyframe: 122 Frame: 1108 Frame from vFrameID : 1109
Tcw:
[0.99642819, 0.048550792, 0.069092132, 1.7374121;
 0.04806697, 0.34661606, -0.93677473, -1.0743119;
 -0.069429599, 0.93674976, 0.34304431, 5.0514307;
 0, 0, 0, 1]
Twc:
[0.99642819, 0.04806697, -0.069429599, -1.3288487;
 0.048550792, 0.34661606, 0.93674976, -4.4439058;
 0.069092132, -0.93677473, 0.34304431, -2.8592944;
 0, 0, 0, 1]
Ow:
[1.7374121;
 -1.0743119;
 5.0514307]
Keyframe: 123 Frame: 1117 Frame from vFrameID : 1118
Tcw:
[0.99976426, 0.019043183, 0.010427811, 1.7574871;
 0.0032737253, 0.34257928, -0.93948323, -1.0797243;
 -0.021463104, 0.93929589, 0.34243619, 5.0781455;
 0, 0, 0, 1]
Twc:
[0.99976426, 0.0032737253, -0.021463104, -1.6445453;
 0.019043183, 0.34257928, 0.93929589, -4.4334583;
 0.010427811, -0.93948323, 0.34243619, -2.7716503;
 0, 0, 0, 1]
Ow:
[1.7574871;
 -1.0797243;
 5.0781455]
Keyframe: 124 Frame: 1125 Frame from vFrameID : 1126
Tcw:
[0.99985719, 0.016444284, -0.003904687, 1.770889;
 -0.009138532, 0.33164743, -0.94335914, -1.0901822;
 -0.014217887, 0.94326007, 0.33175033, 5.1001534;
 0, 0, 0, 1]
Twc:
[0.99985719, -0.009138532, -0.014217887, -1.7080852;
 0.016444284, 0.33164743, 0.94326007, -4.4783359;
 -0.003904687, -0.94335914, 0.33175033, -2.7134962;
 0, 0, 0, 1]
Ow:
[1.770889;
 -1.0901822;
 5.1001534]
Keyframe: 125 Frame: 1134 Frame from vFrameID : 1135
Tcw:
[0.99804211, 0.036735155, 0.05062113, 1.7669144;
 0.034241755, 0.35636646, -0.93371862, -1.0887095;
 -0.052339971, 0.93362385, 0.35441086, 5.1210537;
 0, 0, 0, 1]
Twc:
[0.99804211, 0.034241755, -0.052339971, -1.4581398;
 0.036735155, 0.35636646, 0.93362385, -4.4580665;
 0.05062113, -0.93371862, 0.35441086, -2.9209485;
 0, 0, 0, 1]
Ow:
[1.7669144;
 -1.0887095;
 5.1210537]
Keyframe: 126 Frame: 1142 Frame from vFrameID : 1143
Tcw:
[0.99907053, 0.0343877, 0.025992069, 1.7986476;
 0.012576998, 0.34420264, -0.93881112, -1.0751107;
 -0.041230094, 0.93826544, 0.34345022, 5.1505957;
 0, 0, 0, 1]
Twc:
[0.99907053, 0.012576998, -0.041230094, -1.5710946;
 0.0343877, 0.34420264, 0.93826544, -4.5244212;
 0.025992069, -0.93881112, 0.34345022, -2.8250496;
 0, 0, 0, 1]
Ow:
[1.7986476;
 -1.0751107;
 5.1505957]
Keyframe: 127 Frame: 1150 Frame from vFrameID : 1151
Tcw:
[0.9999994, 0.00014112685, 0.0010758557, 1.7920628;
 0.00095261028, 0.3605499, -0.93273944, -1.0940876;
 -0.00051953422, 0.93273991, 0.36054954, 5.173296;
 0, 0, 0, 1]
Twc:
[0.9999994, 0.00095261028, -0.00051953422, -1.7883317;
 0.00014112685, 0.3605499, 0.93273991, -4.4311194;
 0.0010758557, -0.93273944, 0.36054954, -2.8876562;
 0, 0, 0, 1]
Ow:
[1.7920628;
 -1.0940876;
 5.173296]
Keyframe: 128 Frame: 1159 Frame from vFrameID : 1160
Tcw:
[0.99921638, 0.02272371, 0.032408562, 1.7934319;
 0.022987099, 0.33340195, -0.94250453, -1.0957848;
 -0.032222275, 0.9425109, 0.33261833, 5.2041321;
 0, 0, 0, 1]
Twc:
[0.99921638, 0.022987099, -0.032222275, -1.5991485;
 0.02272371, 0.33340195, 0.9425109, -4.5803676;
 0.032408562, -0.94250453, 0.33261833, -2.8218942;
 0, 0, 0, 1]
Ow:
[1.7934319;
 -1.0957848;
 5.2041321]
